0 0.074128 0.100911 0.005814 0.009115
0 0.424782 0.254557 0.006541 0.011719
0 0.448765 0.143880 0.005087 0.011719
0 0.048692 0.310547 0.004360 0.009115
0 0.423328 0.116536 0.005087 0.009115
0 0.135538 0.921875 0.005087 0.010417
0 0.524346 0.395182 0.005087 0.009115
0 0.378997 0.175781 0.005087 0.007812
0 0.994186 0.875651 0.004360 0.009115
0 0.488009 0.293620 0.005087 0.009115
0 0.148983 0.089193 0.004360 0.009115
0 0.954215 0.777344 0.005814 0.010417
0 0.451308 0.050781 0.005814 0.007812
0 0.503997 0.297526 0.003634 0.003906
0 0.425509 0.085938 0.005087 0.007812
0 0.956395 0.403646 0.004360 0.010417
0 0.075945 0.945312 0.005087 0.010417
0 0.063953 0.964193 0.005814 0.009115
0 0.091206 0.503255 0.005087 0.009115
0 0.171148 0.922526 0.003634 0.009115
0 0.412064 0.770833 0.002907 0.007812
0 0.864826 0.229167 0.002907 0.005208
0 0.464753 0.704427 0.005087 0.007812
0 0.785247 0.817708 0.003634 0.007812
0 0.784520 0.992839 0.005087 0.011719
0 0.058866 0.592448 0.007267 0.010417
0 0.457122 0.313151 0.005814 0.009115
0 0.158430 0.965495 0.005814 0.009115
0 0.402980 0.495443 0.006541 0.011719
0 0.491279 0.393880 0.005814 0.011719
0 0.312863 0.969401 0.005087 0.009115
0 0.774346 0.840495 0.005087 0.009115
0 0.462936 0.166667 0.005814 0.010417
0 0.051235 0.493490 0.005087 0.007812
0 0.003270 0.961589 0.005087 0.009115
0 0.923328 0.675130 0.005087 0.006510
0 0.419331 0.345052 0.005814 0.007812
0 0.979651 0.423177 0.005814 0.010417
0 0.546875 0.014323 0.005087 0.013021
0 0.740189 0.163411 0.006541 0.009115
0 0.891352 0.701172 0.005087 0.009115
0 0.866279 0.983724 0.004360 0.009115
0 0.175145 0.990885 0.004360 0.007812
0 0.419331 0.098307 0.004360 0.009115
0 0.169331 0.763672 0.005814 0.009115
0 0.094113 0.872396 0.006541 0.010417
0 0.569041 0.940104 0.004360 0.010417
0 0.734738 0.829427 0.005814 0.007812
0 0.530887 0.383464 0.005087 0.009115
0 0.941860 0.317057 0.005814 0.009115
0 0.151526 0.890625 0.005087 0.007812
0 0.122093 0.434896 0.005814 0.010417
0 0.022892 0.662109 0.005087 0.009115
0 0.450581 0.381510 0.002907 0.002604
0 0.490552 0.647135 0.002907 0.005208
0 0.613735 0.719401 0.003634 0.006510
0 0.240552 0.716146 0.005814 0.010417
