0 0.326649 0.179291 0.007797 0.007805
0 0.380108 0.091395 0.007109 0.007515
0 0.574280 0.691682 0.007470 0.008097
0 0.640615 0.607790 0.006842 0.007327
0 0.651447 0.623944 0.006967 0.007460
0 0.186715 0.376278 0.007016 0.007415
0 0.090419 0.757850 0.007431 0.008056
0 0.423715 0.414755 0.006615 0.007072
0 0.683735 0.099266 0.007025 0.007644
0 0.139075 0.585134 0.007360 0.007414
0 0.223381 0.586975 0.007348 0.007171
0 0.391218 0.115761 0.006848 0.007425
0 0.290605 0.629437 0.006709 0.007173
0 0.718945 0.104972 0.007067 0.007585
0 0.756136 0.376189 0.006587 0.007104
0 0.937666 0.864530 0.007533 0.007987
0 0.161146 0.641906 0.006727 0.007383
0 0.325840 0.151723 0.007030 0.007490
0 0.424229 0.401021 0.006659 0.006988
0 0.789732 0.697489 0.007813 0.008497
0 0.723530 0.203721 0.006870 0.007384
0 0.934406 0.192789 0.007358 0.007821
0 0.579705 0.876755 0.008595 0.008841
0 0.251092 0.272616 0.005983 0.006449
0 0.137958 0.331709 0.007404 0.007897
0 0.377269 0.063548 0.006450 0.007075
0 0.202946 0.713513 0.006189 0.006711
0 0.328125 0.306864 0.007336 0.007886
0 0.296969 0.447493 0.006899 0.007440
0 0.601584 0.680708 0.007304 0.007741
0 0.364977 0.647415 0.006153 0.006619
0 0.851685 0.411749 0.006775 0.007410
0 0.593502 0.323460 0.006985 0.007381
0 0.253915 0.566141 0.006759 0.007260
0 0.689899 0.354275 0.007649 0.007201
0 0.310749 0.486176 0.006493 0.006841
0 0.418812 0.576493 0.006674 0.007017
0 0.218812 0.077107 0.006051 0.006606
0 0.410989 0.290872 0.006631 0.007031
0 0.288893 0.552644 0.006724 0.007232
0 0.771255 0.633850 0.007111 0.007496
0 0.285945 0.417586 0.006724 0.007192
0 0.695415 0.433871 0.006770 0.007447
0 0.371681 0.699868 0.006312 0.006944
0 0.875524 0.617529 0.007089 0.007467
0 0.187366 0.177043 0.007196 0.007661
0 0.969740 0.252952 0.007560 0.008126
0 0.226052 0.937043 0.006046 0.006528
0 0.704338 0.184938 0.006788 0.007292
0 0.350334 0.255974 0.007330 0.007289
0 0.843901 0.065983 0.007931 0.008387
0 0.292775 0.975228 0.006982 0.007594
0 0.393860 0.833118 0.007991 0.008661
0 0.184419 0.353710 0.007898 0.008183
0 0.097686 0.469467 0.007093 0.007314
0 0.338115 0.028060 0.006976 0.007397
0 0.195115 0.154749 0.006581 0.007004
0 0.891629 0.704621 0.007357 0.007900
0 0.218686 0.661058 0.005958 0.006615
0 0.731752 0.247590 0.007079 0.007545
0 0.719596 0.245687 0.006838 0.007351
0 0.886009 0.071136 0.006861 0.007397
0 0.332846 0.618577 0.006263 0.007452
0 0.074337 0.453143 0.006685 0.007298
0 0.299168 0.140914 0.007293 0.007818
0 0.716784 0.166138 0.007045 0.007335
0 0.914794 0.607745 0.006896 0.007617
0 0.764843 0.706233 0.007954 0.008487
0 0.719585 0.737132 0.008094 0.008692
0 0.854673 0.120519 0.006640 0.007339
0 0.363786 0.347006 0.006813 0.007402
0 0.433644 0.258202 0.007226 0.008262
0 0.049726 0.268384 0.007704 0.008617
0 0.292079 0.101218 0.007340 0.007828
0 0.341511 0.678435 0.006652 0.007019
0 0.261263 0.650386 0.005356 0.005884
0 0.535232 0.578162 0.007051 0.007362
0 0.280551 0.616001 0.006776 0.007252
0 0.714467 0.572880 0.006686 0.007133
0 0.504690 0.322849 0.007518 0.008024
0 0.937352 0.129686 0.007054 0.007599
0 0.577165 0.544541 0.006595 0.007002
0 0.783791 0.138913 0.007361 0.007761
0 0.234076 0.466939 0.007049 0.007596
0 0.361571 0.159211 0.007035 0.007498
0 0.191546 0.570330 0.006559 0.007032
0 0.690996 0.898021 0.007511 0.007982
0 0.638070 0.373342 0.006943 0.007481
0 0.426479 0.440050 0.006804 0.007357
0 0.170169 0.123929 0.007503 0.007951
0 0.857443 0.578327 0.007218 0.007784
0 0.738693 0.687043 0.007678 0.008435
0 0.611010 0.625134 0.006267 0.006935
0 0.299515 0.246561 0.007261 0.007623
0 0.791539 0.532507 0.006289 0.006666
0 0.026520 0.316614 0.006189 0.006765
0 0.293712 0.592778 0.006576 0.007249
0 0.132673 0.500095 0.006985 0.007504
0 0.586556 0.255642 0.006874 0.007323
0 0.498882 0.047270 0.007086 0.007546
0 0.393183 0.389234 0.007310 0.008620
0 0.833569 0.627297 0.007110 0.007651
0 0.916838 0.768214 0.006989 0.007387
0 0.252258 0.752415 0.006916 0.007033
0 0.324806 0.466624 0.006700 0.007185
0 0.739406 0.339525 0.006905 0.007631
0 0.454845 0.572682 0.006770 0.007434
0 0.474278 0.582213 0.006615 0.006941
0 0.544362 0.023787 0.006872 0.007222
0 0.452125 0.229698 0.008843 0.008573
0 0.401764 0.192696 0.006390 0.006969
0 0.583989 0.532753 0.006719 0.007274
0 0.172271 0.474845 0.007341 0.007772
0 0.373544 0.617767 0.006715 0.007198
0 0.133654 0.840016 0.005600 0.006109
0 0.816717 0.612732 0.006746 0.007195
0 0.417905 0.138641 0.007833 0.007962
0 0.818178 0.345875 0.006853 0.007523
0 0.525970 0.378601 0.006976 0.007484
0 0.236699 0.017290 0.007094 0.007316
0 0.659320 0.095031 0.007015 0.007436
0 0.736222 0.146359 0.006603 0.007186
0 0.747729 0.045862 0.008020 0.008193
0 0.320838 0.751870 0.007019 0.007585
0 0.484868 0.830282 0.006921 0.007249
0 0.621497 0.166025 0.006490 0.007331
0 0.447644 0.495883 0.007007 0.007203
0 0.467851 0.220847 0.007235 0.007676
0 0.506903 0.348121 0.007088 0.007533
0 0.098592 0.570164 0.006727 0.007069
0 0.588855 0.578862 0.006688 0.007359
0 0.601273 0.403502 0.006996 0.007459
0 0.892930 0.305299 0.007379 0.007749
0 0.750477 0.273386 0.007131 0.007569
0 0.236082 0.255312 0.007690 0.008200
0 0.212331 0.697953 0.006114 0.006716
0 0.688888 0.483493 0.007520 0.008154
0 0.453236 0.075470 0.007162 0.007616
0 0.820387 0.295227 0.006824 0.007365
0 0.362103 0.559677 0.006093 0.006516
0 0.106543 0.492181 0.007079 0.007552
0 0.238054 0.317288 0.006382 0.006839
0 0.325032 0.816440 0.008024 0.008440
0 0.408177 0.482744 0.006485 0.006787
0 0.275787 0.522004 0.006370 0.007071
0 0.829197 0.639514 0.006896 0.007622
0 0.806346 0.757648 0.007315 0.007545
0 0.481671 0.268264 0.007321 0.007701
0 0.275732 0.796401 0.006839 0.008253
0 0.758244 0.023999 0.006780 0.007159
0 0.755900 0.622970 0.006678 0.007107
0 0.079032 0.308378 0.006956 0.007391
0 0.911138 0.347293 0.006564 0.007198
0 0.380142 0.595164 0.006676 0.007133
0 0.788603 0.017888 0.006918 0.007417
0 0.348219 0.210266 0.007771 0.008579
0 0.516787 0.370466 0.006901 0.007287
0 0.465258 0.639920 0.007329 0.007784
0 0.616760 0.384660 0.006429 0.007063
0 0.205283 0.614692 0.006599 0.007003
0 0.152948 0.873872 0.007395 0.007790
0 0.876581 0.253782 0.009093 0.009785
0 0.702505 0.107307 0.006806 0.007274
0 0.421743 0.048172 0.007047 0.007512
0 0.120828 0.831410 0.006179 0.006601
0 0.965276 0.739058 0.007385 0.008248
0 0.280043 0.644796 0.006903 0.007355
0 0.773984 0.739876 0.006982 0.007649
0 0.803927 0.323491 0.006447 0.007084
0 0.918068 0.732025 0.006747 0.007090
0 0.593348 0.393937 0.007459 0.007993
0 0.026617 0.584734 0.007344 0.007196
0 0.207259 0.625815 0.006035 0.006360
0 0.963671 0.041907 0.007521 0.008104
0 0.022819 0.597185 0.006347 0.006896
0 0.730049 0.569859 0.007277 0.007905
0 0.833092 0.384368 0.007151 0.007600
0 0.926440 0.264538 0.007891 0.008416
0 0.403400 0.501942 0.006803 0.007243
0 0.640217 0.290532 0.006786 0.007275
0 0.832541 0.660454 0.007496 0.007630
0 0.092443 0.404440 0.007463 0.006969
0 0.954836 0.052216 0.006848 0.007323
0 0.115791 0.300924 0.008223 0.008852
0 0.254584 0.418364 0.007649 0.007223
0 0.176747 0.415427 0.006752 0.007859
0 0.748170 0.631016 0.007794 0.008314
0 0.713841 0.284964 0.007424 0.007886
0 0.698371 0.501519 0.008505 0.009102
0 0.390203 0.409701 0.006516 0.006945
0 0.702138 0.450648 0.007320 0.007871
0 0.492668 0.147282 0.007118 0.007523
0 0.758244 0.551470 0.006430 0.006980
0 0.690951 0.217700 0.006677 0.007409
0 0.429708 0.023472 0.007105 0.007505
0 0.772426 0.301231 0.006910 0.007355
0 0.308060 0.449682 0.006135 0.006517
0 0.789511 0.654715 0.007532 0.007999
0 0.639436 0.886595 0.007610 0.007928
0 0.774015 0.398267 0.008722 0.007738
0 0.235594 0.388729 0.007395 0.007950
0 0.641657 0.347894 0.006049 0.006682
0 0.211376 0.396736 0.006332 0.006793
0 0.483249 0.113568 0.006999 0.007351
0 0.565057 0.381119 0.006731 0.007222
0 0.486001 0.952839 0.006157 0.006745
0 0.469009 0.510642 0.006149 0.006667
0 0.327255 0.602999 0.006739 0.007293
0 0.330953 0.418549 0.006795 0.007234
0 0.476673 0.066246 0.006683 0.007140
0 0.249426 0.792599 0.005972 0.006424
0 0.747489 0.515344 0.007241 0.007696
0 0.652606 0.650853 0.007475 0.008337
0 0.130772 0.294155 0.007416 0.007907
0 0.759696 0.244824 0.006864 0.007325
0 0.269170 0.711252 0.006714 0.007612
0 0.033740 0.063201 0.007341 0.007739
0 0.930355 0.068957 0.007268 0.007939
0 0.594327 0.155814 0.007360 0.008092
0 0.412587 0.345209 0.007954 0.008428
0 0.879645 0.516091 0.007022 0.007415
0 0.721588 0.264900 0.006470 0.007159
0 0.778850 0.171102 0.007140 0.007695
0 0.276637 0.474639 0.006102 0.006489
0 0.847094 0.465670 0.007464 0.008680
0 0.010985 0.057838 0.006577 0.007022
0 0.045462 0.554400 0.006592 0.006951
0 0.405044 0.329041 0.007009 0.007415
0 0.897118 0.669112 0.006437 0.007291
0 0.820284 0.217853 0.006824 0.007335
0 0.865970 0.771446 0.008469 0.009556
0 0.737017 0.545685 0.006155 0.006566
0 0.475300 0.242557 0.008095 0.008651
0 0.239243 0.294133 0.006598 0.007221
0 0.004623 0.705623 0.005691 0.006192
0 0.910223 0.666076 0.007344 0.007831
0 0.324097 0.592435 0.006182 0.006708
0 0.517132 0.341538 0.007598 0.008126
0 0.070651 0.563568 0.006671 0.007168
0 0.967234 0.720858 0.006813 0.007256
0 0.468289 0.857911 0.006856 0.007216
0 0.258097 0.298099 0.006364 0.007020
0 0.101535 0.704188 0.005789 0.006183
0 0.017554 0.672461 0.008012 0.008039
0 0.114724 0.922135 0.005522 0.006157
0 0.059466 0.537016 0.006665 0.007050
0 0.292104 0.279337 0.006793 0.007688
0 0.458254 0.020517 0.006743 0.007085
0 0.428548 0.119306 0.009868 0.010573
0 0.433664 0.512986 0.007224 0.007416
0 0.869100 0.681757 0.006551 0.007042
0 0.034278 0.113746 0.007034 0.007140
0 0.142078 0.315198 0.006066 0.006491
0 0.574273 0.576584 0.006307 0.006781
0 0.138802 0.017740 0.006871 0.007258
0 0.414776 0.192283 0.006092 0.006709
0 0.628479 0.544635 0.006415 0.007063
0 0.515412 0.186884 0.006333 0.006704
0 0.226639 0.646087 0.006115 0.006838
0 0.699683 0.796455 0.007101 0.007715
0 0.138674 0.388721 0.006563 0.006804
0 0.340251 0.437739 0.006303 0.006749
0 0.649993 0.143942 0.006957 0.007479
0 0.483152 0.505291 0.006983 0.007496
0 0.537302 0.188789 0.007243 0.007813
0 0.668427 0.301271 0.006761 0.007150
0 0.996187 0.845671 0.006511 0.007625
0 0.235812 0.712478 0.006233 0.006529
0 0.821204 0.596523 0.006653 0.007108
0 0.776922 0.571133 0.006401 0.007671
0 0.220454 0.312886 0.005770 0.006108
0 0.146011 0.279185 0.006501 0.006955
0 0.678421 0.519345 0.006109 0.006863
0 0.950844 0.018567 0.006266 0.006870
0 0.687330 0.332283 0.007059 0.007393
0 0.398532 0.216950 0.006846 0.007273
0 0.830210 0.095679 0.006705 0.007182
0 0.510273 0.120342 0.006422 0.006868
0 0.470293 0.389466 0.006045 0.006534
0 0.817684 0.151787 0.006776 0.007189
0 0.148926 0.620909 0.006927 0.007312
0 0.591227 0.282262 0.007211 0.007683
0 0.307955 0.179713 0.006679 0.007155
0 0.736732 0.285366 0.007459 0.007980
0 0.128505 0.361167 0.006345 0.006691
0 0.290310 0.470347 0.006532 0.006843
0 0.855926 0.003643 0.007508 0.007285
0 0.808675 0.540835 0.007251 0.007580
0 0.082418 0.360061 0.006776 0.007296
0 0.791404 0.609783 0.007339 0.007816
0 0.314345 0.634087 0.006584 0.007010
0 0.488318 0.376889 0.006624 0.007169
0 0.128716 0.375564 0.006744 0.007244
0 0.623061 0.816836 0.007223 0.007679
0 0.038528 0.419200 0.006244 0.006593
0 0.213803 0.534052 0.006335 0.006801
0 0.336917 0.145428 0.007630 0.008107
0 0.544660 0.301963 0.006800 0.007264
0 0.358260 0.943375 0.007512 0.007225
0 0.154310 0.502389 0.006571 0.007001
0 0.612280 0.104645 0.006575 0.007090
0 0.205171 0.446692 0.006334 0.006719
0 0.435638 0.621668 0.006213 0.006582
0 0.518378 0.498057 0.006448 0.006916
0 0.845208 0.375914 0.006262 0.006908
0 0.202233 0.222352 0.006509 0.006899
0 0.377423 0.740986 0.006329 0.006840
0 0.876338 0.857214 0.006974 0.007635
0 0.569658 0.429254 0.006521 0.006807
0 0.497742 0.555149 0.006478 0.006885
0 0.780780 0.422010 0.006781 0.007125
0 0.793766 0.287835 0.006923 0.007411
0 0.394645 0.744614 0.006769 0.007728
0 0.060795 0.411729 0.005909 0.006362
0 0.326985 0.026121 0.005887 0.006352
0 0.347868 0.544894 0.006924 0.006769
0 0.859292 0.547189 0.007754 0.008134
0 0.619204 0.363002 0.006646 0.007144
0 0.393779 0.453640 0.006796 0.007315
0 0.385842 0.520368 0.006853 0.007239
0 0.113460 0.549652 0.006757 0.007189
0 0.135868 0.067364 0.006145 0.006274
0 0.518819 0.237573 0.007110 0.007967
0 0.110382 0.567795 0.006811 0.007209
0 0.012304 0.190674 0.006158 0.006520
0 0.575549 0.412995 0.006731 0.007225
0 0.356430 0.476966 0.007556 0.008178
0 0.405749 0.391353 0.008287 0.008983
0 0.136963 0.037913 0.005583 0.006075
0 0.418578 0.158840 0.006684 0.007013
0 0.434407 0.144708 0.006838 0.007214
0 0.535831 0.239579 0.007621 0.008064
0 0.387648 0.143021 0.007878 0.008755
0 0.630263 0.267580 0.006355 0.006521
0 0.309321 0.567978 0.006249 0.006843
0 0.554281 0.343397 0.006611 0.006968
0 0.360041 0.709908 0.006023 0.006425
0 0.129856 0.427011 0.006179 0.006504
0 0.158642 0.512706 0.006742 0.007125
0 0.350294 0.363232 0.006713 0.007258
0 0.197478 0.504271 0.006328 0.006518
0 0.750560 0.754502 0.006317 0.006858
0 0.092212 0.265867 0.006407 0.006781
0 0.071977 0.493046 0.006623 0.007055
0 0.930925 0.148874 0.006729 0.007359
0 0.191094 0.196949 0.006228 0.006316
0 0.409136 0.932683 0.006969 0.007373
0 0.152734 0.923965 0.007479 0.007918
0 0.837278 0.587687 0.007394 0.007871
0 0.217078 0.287946 0.006854 0.007223
0 0.667673 0.441143 0.006495 0.007373
0 0.494294 0.406910 0.006533 0.006962
0 0.026412 0.520206 0.006187 0.006628
0 0.639470 0.448608 0.006567 0.006976
0 0.759457 0.141654 0.006776 0.007587
0 0.850947 0.219200 0.006783 0.007143
0 0.590889 0.299357 0.006452 0.006877
0 0.071321 0.406242 0.006620 0.007003
0 0.731295 0.357863 0.006435 0.006850
0 0.897259 0.350488 0.008012 0.008681
0 0.795838 0.429627 0.006485 0.007027
0 0.599953 0.370122 0.007172 0.008322
0 0.623652 0.259723 0.006346 0.006850
0 0.493837 0.440419 0.006382 0.006914
0 0.748773 0.080696 0.007529 0.007999
0 0.151220 0.070703 0.006901 0.007780
0 0.259540 0.007227 0.006199 0.006548
0 0.492098 0.285571 0.006545 0.006958
0 0.628324 0.485090 0.007216 0.007689
0 0.666346 0.472233 0.006575 0.007703
0 0.661875 0.255127 0.006636 0.007016
0 0.834881 0.513584 0.007306 0.007836
0 0.564652 0.766782 0.006213 0.006692
0 0.864240 0.709492 0.006479 0.007576
0 0.559603 0.188301 0.007453 0.008106
0 0.506788 0.470697 0.006362 0.006664
0 0.401731 0.407437 0.006594 0.006966
0 0.563822 0.563631 0.007173 0.006742
0 0.003886 0.530024 0.006270 0.006967
0 0.056031 0.318283 0.006401 0.006763
0 0.263033 0.542053 0.006367 0.006771
0 0.864141 0.033957 0.006940 0.008606
0 0.378847 0.942292 0.006013 0.006279
0 0.531356 0.293495 0.006937 0.007580
0 0.811943 0.142342 0.006859 0.007305
0 0.689337 0.618841 0.006667 0.007572
0 0.554962 0.384021 0.007515 0.008005
0 0.329187 0.352666 0.009086 0.009464
0 0.889034 0.056508 0.006694 0.006993
0 0.997074 0.799303 0.005792 0.009515
0 0.745291 0.371983 0.007568 0.008496
0 0.494883 0.457477 0.006261 0.006619
0 0.223054 0.533090 0.006378 0.006886
0 0.357821 0.504374 0.007118 0.007450
0 0.842082 0.161472 0.006310 0.006711
0 0.800672 0.378207 0.007101 0.007573
0 0.688104 0.887807 0.006327 0.006771
0 0.697215 0.308730 0.006602 0.006972
0 0.740733 0.086088 0.006910 0.007404
0 0.376840 0.583344 0.006699 0.007155
0 0.709320 0.347136 0.006766 0.007139
0 0.521761 0.107555 0.007567 0.008025
0 0.118279 0.886809 0.008579 0.008573
0 0.229817 0.491326 0.006564 0.006973
0 0.438749 0.651082 0.006082 0.006670
0 0.607929 0.134151 0.006093 0.006497
0 0.543962 0.503349 0.006011 0.006526
0 0.116216 0.517702 0.006069 0.006369
0 0.248113 0.720657 0.005840 0.006579
0 0.214451 0.357467 0.006017 0.006631
0 0.820045 0.477692 0.007140 0.007612
0 0.835912 0.399558 0.006360 0.006780
0 0.600648 0.181380 0.006710 0.007096
0 0.279573 0.265371 0.007079 0.007176
0 0.344361 0.463174 0.006197 0.006722
0 0.529677 0.657057 0.005948 0.006487
0 0.786765 0.399968 0.006062 0.006614
0 0.300813 0.692428 0.006295 0.006851
0 0.822578 0.489724 0.007192 0.007891
0 0.620314 0.323652 0.006263 0.006691
0 0.492581 0.540534 0.006567 0.007189
0 0.496938 0.396364 0.006861 0.007322
0 0.602828 0.288441 0.006089 0.006535
0 0.401367 0.171465 0.007395 0.007836
0 0.600124 0.582156 0.006148 0.006693
0 0.486674 0.059699 0.006621 0.007055
0 0.710758 0.467494 0.006113 0.006674
0 0.410067 0.699536 0.006201 0.006809
0 0.778170 0.076322 0.007128 0.007475
0 0.220677 0.449995 0.005801 0.006066
0 0.776980 0.358415 0.005988 0.006324
0 0.735872 0.613114 0.007942 0.008511
0 0.006793 0.381466 0.005938 0.006460
0 0.368462 0.376924 0.006886 0.007417
0 0.138369 0.507722 0.006428 0.006938
0 0.564896 0.264514 0.006400 0.006707
0 0.316514 0.361070 0.006467 0.006901
0 0.789098 0.864899 0.006962 0.007278
0 0.371442 0.504592 0.006571 0.007041
0 0.205415 0.017931 0.006253 0.006528
0 0.591886 0.186545 0.006531 0.007086
0 0.536687 0.427030 0.006291 0.006510
0 0.822323 0.453691 0.006912 0.007303
0 0.525706 0.300005 0.006785 0.007255
0 0.520474 0.178140 0.007143 0.007603
0 0.919728 0.071433 0.006652 0.007292
0 0.688340 0.518254 0.006332 0.006779
0 0.533069 0.495841 0.006438 0.006744
0 0.471697 0.466233 0.006039 0.006647
0 0.723218 0.460139 0.006561 0.007060
0 0.626758 0.335229 0.006682 0.007229
0 0.574069 0.290063 0.006931 0.007351
0 0.835116 0.345152 0.007158 0.007839
0 0.555700 0.522203 0.006080 0.006526
0 0.550131 0.394472 0.005983 0.006576
0 0.920675 0.356960 0.006874 0.007398
0 0.291682 0.640266 0.006594 0.007002
0 0.600733 0.549273 0.006427 0.006929
0 0.762747 0.284976 0.006196 0.006776
0 0.647534 0.233533 0.006494 0.006904
0 0.594763 0.564083 0.006487 0.006545
0 0.387827 0.438268 0.006524 0.006723
0 0.832072 0.548741 0.006399 0.006815
0 0.188458 0.992875 0.006449 0.006951
0 0.526886 0.734140 0.006582 0.007199
0 0.556080 0.541293 0.006731 0.007239
0 0.807948 0.593355 0.006317 0.006729
0 0.614344 0.487892 0.005957 0.006335
0 0.254882 0.551075 0.006490 0.007124
0 0.565442 0.221718 0.007137 0.007023
0 0.080542 0.567861 0.005806 0.006247
0 0.039790 0.650597 0.006063 0.006393
0 0.486488 0.524718 0.006157 0.006761
0 0.497901 0.779973 0.005678 0.006310
0 0.831367 0.218705 0.006257 0.006736
0 0.740305 0.164109 0.006319 0.006733
0 0.725585 0.563358 0.008380 0.009003
0 0.298234 0.479906 0.006396 0.006829
0 0.011898 0.488059 0.006774 0.007173
0 0.398316 0.590520 0.006611 0.007204
0 0.835069 0.261298 0.006463 0.007114
0 0.361232 0.410376 0.006288 0.006724
0 0.798506 0.656318 0.006636 0.007206
0 0.822455 0.204830 0.006888 0.007253
0 0.704633 0.302140 0.006643 0.007261
0 0.143349 0.264551 0.006363 0.006879
0 0.833752 0.333514 0.007260 0.007575
0 0.652045 0.435719 0.007332 0.007798
0 0.307745 0.424937 0.006301 0.006768
0 0.765072 0.460263 0.007125 0.007511
0 0.788457 0.595021 0.006945 0.007446
0 0.334852 0.384388 0.006014 0.006483
0 0.663413 0.219904 0.006569 0.007081
0 0.443248 0.305248 0.006464 0.007008
0 0.167896 0.569940 0.006051 0.006478
0 0.011574 0.501434 0.006112 0.006336
0 0.197883 0.334852 0.005870 0.006170
0 0.344466 0.506738 0.006040 0.006198
0 0.357712 0.662229 0.006654 0.006940
0 0.340975 0.044519 0.007294 0.008001
0 0.427732 0.554562 0.006400 0.006608
0 0.730968 0.516720 0.006504 0.007161
0 0.801753 0.584073 0.006479 0.006926
0 0.669453 0.133552 0.006336 0.006883
0 0.570630 0.272932 0.006586 0.007022
0 0.418655 0.275773 0.006136 0.006652
0 0.893127 0.042910 0.006384 0.006969
0 0.805896 0.063309 0.006594 0.007180
0 0.840511 0.282857 0.006889 0.007390
0 0.567587 0.602790 0.006619 0.007089
0 0.143498 0.689511 0.005227 0.005577
0 0.312144 0.354990 0.007348 0.007832
0 0.274079 0.538494 0.006083 0.006464
0 0.796612 0.344042 0.006983 0.007387
0 0.718576 0.386485 0.006776 0.007134
0 0.379447 0.472841 0.006817 0.007401
0 0.781435 0.870219 0.007327 0.007885
0 0.861762 0.622535 0.006232 0.007082
0 0.202368 0.351679 0.006347 0.006772
0 0.471752 0.921016 0.005488 0.005909
0 0.700200 0.474373 0.006666 0.007143
0 0.662814 0.278688 0.006167 0.006601
0 0.384037 0.534404 0.006487 0.006923
0 0.404376 0.267240 0.007292 0.007903
0 0.605083 0.020526 0.006904 0.007377
0 0.669961 0.237254 0.006619 0.007251
0 0.657811 0.545788 0.006370 0.006832
0 0.997759 0.750849 0.004433 0.009162
0 0.369398 0.525318 0.006743 0.006974
0 0.550393 0.439047 0.006514 0.007068
0 0.239070 0.100282 0.006556 0.006869
0 0.847109 0.314264 0.006732 0.007344
0 0.640940 0.216537 0.006638 0.006922
0 0.189303 0.553675 0.006000 0.006272
0 0.514302 0.085217 0.006402 0.006988
0 0.298892 0.469434 0.006309 0.006699
0 0.109879 0.277032 0.005720 0.006040
0 0.642419 0.467465 0.006276 0.006706
0 0.873329 0.102889 0.006740 0.007301
0 0.451394 0.175909 0.007223 0.007999
0 0.467140 0.475764 0.006202 0.006719
0 0.780665 0.480410 0.008030 0.008379
0 0.471040 0.087253 0.006281 0.006873
0 0.423536 0.003129 0.007279 0.006258
0 0.730711 0.627128 0.006468 0.007101
0 0.742582 0.206452 0.006591 0.007152
0 0.574574 0.177568 0.007614 0.008173
0 0.848485 0.549769 0.007002 0.007517
0 0.840313 0.314027 0.006125 0.006795
0 0.639791 0.474825 0.006668 0.007030
0 0.991329 0.170235 0.006545 0.007112
0 0.730275 0.454942 0.006390 0.006857
0 0.357917 0.523680 0.006417 0.006825
0 0.465347 0.464128 0.007118 0.007611
0 0.434152 0.548293 0.006912 0.007477
0 0.799245 0.040063 0.006591 0.007031
0 0.855119 0.243525 0.006839 0.007280
0 0.647173 0.408250 0.005908 0.006381
0 0.204179 0.076606 0.005970 0.006464
0 0.567966 0.188889 0.006993 0.007471
0 0.255924 0.632945 0.005923 0.006475
0 0.757410 0.404374 0.009863 0.011707
0 0.275487 0.439302 0.007059 0.007553
0 0.994018 0.790691 0.007148 0.007798
0 0.399424 0.163168 0.007521 0.008036
0 0.370458 0.411434 0.006812 0.007357
0 0.576623 0.638723 0.006362 0.007110
0 0.063154 0.441497 0.006156 0.006812
0 0.185715 0.544369 0.006515 0.006959
0 0.545610 0.446393 0.006911 0.007384
0 0.107769 0.104872 0.006121 0.006314
0 0.226784 0.522474 0.006068 0.006556
0 0.626093 0.192834 0.006224 0.006556
0 0.637178 0.409304 0.006641 0.007285
0 0.595896 0.496572 0.007611 0.008116
0 0.803961 0.096397 0.006567 0.007042
0 0.591224 0.437259 0.006944 0.009792
0 0.824270 0.327269 0.006366 0.006580
0 0.638004 0.315791 0.006154 0.006513
0 0.020403 0.487410 0.006891 0.007529
0 0.550387 0.231229 0.006084 0.006553
0 0.796381 0.590311 0.006832 0.007385
0 0.552104 0.536043 0.006172 0.006738
0 0.096610 0.663793 0.005347 0.005766
0 0.865883 0.094682 0.007126 0.008922
0 0.852980 0.720004 0.006098 0.006619
0 0.268608 0.426166 0.006046 0.006706
0 0.319794 0.901952 0.006328 0.006715
0 0.804503 0.046110 0.007041 0.007376
0 0.846883 0.528356 0.006329 0.007085
0 0.576447 0.462464 0.007687 0.008414
0 0.543023 0.227493 0.007145 0.007589
0 0.826701 0.410379 0.005905 0.006234
0 0.984738 0.115235 0.007425 0.008233
0 0.559506 0.552790 0.006512 0.007145
0 0.788542 0.336670 0.006693 0.007405
0 0.610561 0.559245 0.006067 0.006655
0 0.691563 0.554691 0.006111 0.006717
0 0.505995 0.266837 0.007680 0.007958
0 0.859807 0.567520 0.007059 0.007175
0 0.442689 0.544063 0.006613 0.007230
0 0.839271 0.246456 0.007594 0.008166
0 0.629386 0.186304 0.006615 0.006827
0 0.880332 0.171925 0.007259 0.008056
0 0.227907 0.288457 0.006517 0.007012
0 0.317387 0.059442 0.006592 0.006970
0 0.819299 0.447364 0.006597 0.006736
0 0.624126 0.463268 0.006261 0.006965
0 0.440072 0.358786 0.006976 0.007483
0 0.232855 0.838187 0.005539 0.006243
0 0.575112 0.300563 0.006682 0.007014
0 0.748206 0.203631 0.006399 0.006922
0 0.856799 0.077624 0.006560 0.007199
0 0.850055 0.535023 0.006541 0.006706
0 0.329808 0.919126 0.005947 0.006281
0 0.372793 0.473482 0.006774 0.007578
0 0.858182 0.287726 0.006526 0.007251
0 0.682073 0.157512 0.007001 0.007307
0 0.847032 0.242088 0.006671 0.007084
0 0.621283 0.114681 0.006740 0.006995
0 0.827200 0.332879 0.005771 0.006330
0 0.875532 0.507534 0.006435 0.006643
0 0.836709 0.569253 0.006542 0.007142
0 0.477600 0.550960 0.005958 0.006553
0 0.714983 0.081364 0.006818 0.007019
0 0.568278 0.615176 0.007080 0.007545
0 0.021228 0.495621 0.006445 0.006776
0 0.077717 0.886250 0.005174 0.005848
0 0.805855 0.072080 0.006248 0.006722
0 0.465735 0.904542 0.007149 0.007636
0 0.083535 0.666265 0.005380 0.005666
0 0.539382 0.295563 0.007312 0.007734
0 0.611712 0.114645 0.007383 0.007919
0 0.881402 0.101182 0.006618 0.007396
0 0.654597 0.205553 0.006985 0.007519
0 0.644687 0.393767 0.006303 0.006640
0 0.712759 0.075266 0.006955 0.007043
0 0.388581 0.253140 0.006674 0.007448
0 0.443920 0.982602 0.006533 0.006937
0 0.806496 0.296910 0.006658 0.007362
0 0.117138 0.239151 0.005417 0.005591
0 0.862943 0.078997 0.006298 0.006942
0 0.663520 0.139952 0.006688 0.007284
0 0.361995 0.374758 0.006956 0.007584
0 0.079065 0.653774 0.005844 0.006161
0 0.501422 0.493440 0.005818 0.006347
0 0.383073 0.298770 0.007371 0.007841
0 0.355804 0.598867 0.006400 0.007143
0 0.044515 0.519012 0.005993 0.006219
0 0.045372 0.527436 0.007158 0.007693
0 0.346963 0.048880 0.007086 0.007691
0 0.793702 0.258735 0.005976 0.006564
0 0.835111 0.529910 0.006685 0.007270
0 0.922315 0.026857 0.008237 0.008813
0 0.505143 0.259349 0.006511 0.006562
0 0.800726 0.298643 0.006891 0.007612
0 0.642295 0.320692 0.006464 0.006920
0 0.350530 0.607173 0.006277 0.006595
0 0.968384 0.368263 0.006779 0.007285
0 0.854281 0.315339 0.006091 0.006598
0 0.906566 0.026092 0.006546 0.006980
0 0.569733 0.456320 0.006176 0.006849
0 0.314036 0.507698 0.007092 0.007325
0 0.925548 0.034255 0.007309 0.007803
0 0.779656 0.109329 0.006091 0.006591
0 0.631234 0.315894 0.006446 0.007035
0 0.655298 0.214782 0.007369 0.007566
0 0.743532 0.610940 0.005797 0.006377
0 0.894781 0.010237 0.006360 0.006939
0 0.114884 0.135128 0.006228 0.006627
0 0.576960 0.306355 0.006759 0.006907
0 0.244942 0.081247 0.005961 0.005951
0 0.773878 0.188595 0.006334 0.006770
0 0.243332 0.091907 0.005994 0.006441
0 0.521024 0.626216 0.006136 0.006809
0 0.622585 0.107969 0.006379 0.006749
0 0.632494 0.324374 0.007854 0.008302
0 0.794196 0.081108 0.007263 0.007682
0 0.668269 0.411297 0.007090 0.007704
0 0.774221 0.604761 0.007133 0.007649
0 0.843001 0.236921 0.006832 0.007096
0 0.655144 0.460096 0.005825 0.006321
0 0.794964 0.088622 0.006883 0.007368
0 0.767273 0.474241 0.006429 0.006827
0 0.851743 0.542239 0.007141 0.007689
0 0.082886 0.673472 0.005853 0.006036
0 0.794615 0.337170 0.006439 0.006832
0 0.382217 0.253120 0.007734 0.008334
0 0.313806 0.520833 0.006379 0.006616
0 0.198839 0.346637 0.006491 0.006812
0 0.263346 0.511348 0.006363 0.007050
0 0.140561 0.471487 0.006246 0.006658
0 0.371540 0.531839 0.006804 0.007060
0 0.811239 0.438514 0.006684 0.007240
0 0.771041 0.468865 0.006486 0.006884
0 0.177335 0.860857 0.008508 0.011899
0 0.873200 0.496777 0.007240 0.007917
0 0.595316 0.488612 0.007762 0.008269
0 0.717193 0.397185 0.005997 0.006683
0 0.807909 0.494453 0.007441 0.007787
0 0.798161 0.364362 0.006963 0.007232
0 0.606722 0.502605 0.006140 0.006461
0 0.528230 0.277334 0.009104 0.009994
0 0.797587 0.357284 0.005935 0.006378
0 0.661260 0.457007 0.006154 0.006648
0 0.872231 0.513747 0.007027 0.007710
0 0.812238 0.488105 0.005873 0.006337
0 0.784653 0.177473 0.007319 0.007794
0 0.533734 0.260805 0.005644 0.006229
0 0.372754 0.446089 0.006378 0.006585
0 0.104984 0.543693 0.006594 0.006981
0 0.589590 0.220402 0.007615 0.007752
0 0.611735 0.521902 0.005938 0.006456
0 0.578803 0.511342 0.007079 0.007627
0 0.823546 0.319952 0.006256 0.006814
0 0.073800 0.610376 0.006448 0.006803
0 0.678772 0.317423 0.006810 0.007237
0 0.241578 0.538387 0.006263 0.006518
0 0.598596 0.015447 0.007377 0.008589
0 0.436551 0.304663 0.006520 0.007080
0 0.582446 0.463337 0.006073 0.006646
0 0.654588 0.364339 0.006122 0.006397
0 0.865484 0.788837 0.007311 0.007678
0 0.372196 0.452959 0.006477 0.006938
0 0.006225 0.413050 0.005833 0.006168
0 0.888915 0.013549 0.006981 0.007280
0 0.555388 0.227176 0.006497 0.007018
0 0.805250 0.500627 0.006390 0.006904
0 0.885461 0.499614 0.007302 0.007953
0 0.656223 0.370599 0.006653 0.007104
0 0.818292 0.318630 0.006183 0.006813
0 0.506522 0.487836 0.006009 0.006523
0 0.879690 0.496762 0.006171 0.006917
0 0.670737 0.557434 0.006329 0.006780
0 0.813521 0.412917 0.006819 0.007235
0 0.241589 0.543649 0.006395 0.006254
0 0.834972 0.575935 0.006586 0.006903
0 0.089569 0.661964 0.005755 0.006014
0 0.464833 0.177941 0.006001 0.006583
0 0.815925 0.434271 0.006308 0.007013
0 0.203483 0.783411 0.005324 0.005926
0 0.804505 0.360318 0.006466 0.006832
0 0.785052 0.100287 0.005978 0.006384
0 0.815817 0.418892 0.006304 0.006545
0 0.841068 0.530627 0.005889 0.006513
0 0.500820 0.417740 0.006228 0.006404
0 0.091469 0.514924 0.006320 0.006904
0 0.712256 0.218923 0.006060 0.006516
0 0.656424 0.221743 0.006894 0.007479
0 0.751338 0.097580 0.006411 0.006576
0 0.379161 0.458247 0.006475 0.006672
0 0.354290 0.669928 0.006584 0.006967
0 0.648080 0.075862 0.006750 0.007292
0 0.328696 0.359622 0.006875 0.007247
0 0.852242 0.287463 0.006276 0.007113
0 0.384138 0.021034 0.006686 0.006917
0 0.096598 0.511231 0.005587 0.005977
0 0.780098 0.182776 0.005807 0.006063
0 0.711541 0.397034 0.006087 0.006996
0 0.663743 0.237920 0.006295 0.006495
0 0.710329 0.533719 0.007093 0.007619
0 0.191461 0.239556 0.007210 0.007424
0 0.442023 0.978439 0.008318 0.009342
0 0.043418 0.512243 0.006529 0.006837
0 0.773569 0.598280 0.006885 0.007089
0 0.265680 0.577924 0.007012 0.008489
0 0.811710 0.453082 0.005503 0.006116
0 0.442410 0.364953 0.006182 0.006576
0 0.590185 0.232606 0.006516 0.006668
0 0.232061 0.829201 0.006287 0.006723
0 0.427626 0.548996 0.006065 0.006502
0 0.223772 0.498453 0.005497 0.005613
0 0.606683 0.509462 0.006289 0.006796
0 0.074268 0.603707 0.006381 0.006354
0 0.510066 0.608578 0.005548 0.006108
0 0.146177 0.140952 0.005988 0.006307
0 0.083669 0.658923 0.004994 0.005459
0 0.561811 0.239421 0.006972 0.007387
0 0.704739 0.323185 0.005890 0.006624
0 0.663734 0.231757 0.006442 0.006482
0 0.538488 0.799676 0.007512 0.008285
0 0.857699 0.462063 0.006160 0.006868
0 0.615812 0.277128 0.006614 0.007063
0 0.219433 0.473107 0.006142 0.006114
0 0.116784 0.128158 0.005189 0.005348
0 0.106482 0.537325 0.006433 0.006220
0 0.888343 0.006439 0.006777 0.006929
0 0.073921 0.616448 0.006114 0.005779
0 0.607091 0.551419 0.005537 0.005840
0 0.583599 0.507209 0.005588 0.006003
0 0.590171 0.226440 0.007297 0.006828
0 0.446191 0.005294 0.005944 0.006362
0 0.670125 0.551396 0.006271 0.006504
0 0.096800 0.504647 0.005608 0.005627
0 0.768239 0.448224 0.006141 0.007116
0 0.509272 0.393364 0.006503 0.006741
0 0.750046 0.221803 0.006113 0.006650
0 0.097311 0.192867 0.006579 0.007042
0 0.127124 0.100376 0.006378 0.006932
0 0.385086 0.292385 0.006456 0.006720
0 0.219766 0.479160 0.006000 0.006233
0 0.209762 0.562155 0.006159 0.006494
0 0.777108 0.585499 0.006047 0.006785
0 0.704282 0.350293 0.005777 0.004451
0 0.686135 0.163247 0.006550 0.006800
0 0.643125 0.543741 0.006458 0.006892
0 0.141581 0.170313 0.005342 0.005804
0 0.563665 0.454222 0.005829 0.006510
0 0.673779 0.330606 0.006620 0.007175
0 0.610543 0.701347 0.006798 0.007346
0 0.031316 0.984667 0.005219 0.005293
0 0.978955 0.112362 0.006378 0.006807
0 0.195771 0.963566 0.004362 0.005256
0 0.635295 0.462447 0.006260 0.006731
0 0.917803 0.033585 0.006183 0.006758
0 0.118508 0.122302 0.005647 0.005781
0 0.140261 0.464835 0.006425 0.006454
0 0.698525 0.150800 0.006235 0.007144
0 0.334213 0.504867 0.006076 0.006596
0 0.202694 0.793568 0.005589 0.005946
0 0.439677 0.537910 0.006471 0.006667
0 0.197090 0.954837 0.005261 0.006063
0 0.313615 0.515210 0.006683 0.006252
0 0.544696 0.054211 0.005780 0.006095
0 0.645359 0.401889 0.005498 0.005662
0 0.909032 0.001289 0.007922 0.002565
0 0.471400 0.796349 0.006530 0.007866
0 0.508515 0.517343 0.005459 0.005946
0 0.672968 0.324843 0.007349 0.007873
0 0.350212 0.600188 0.006296 0.006984
0 0.842356 0.300071 0.006676 0.007125
0 0.339528 0.389484 0.006623 0.007014
0 0.151788 0.010177 0.005889 0.006460
0 0.276618 0.042085 0.006564 0.006725
0 0.048341 0.174165 0.006230 0.006501
0 0.326695 0.239830 0.006185 0.006460
