0 0.847523 0.753820 0.011741 0.016063
0 0.986167 0.804318 0.011846 0.015887
0 0.966587 0.876638 0.011654 0.015773
0 0.947600 0.930303 0.011633 0.015424
0 0.837108 0.961136 0.012402 0.016665
0 0.986983 0.830937 0.012009 0.015840
0 0.818739 0.732988 0.011866 0.015935
0 0.858082 0.788512 0.011586 0.015370
0 0.831156 0.896225 0.010518 0.014248
0 0.842233 0.837511 0.012034 0.016201
0 0.910635 0.808648 0.012000 0.016151
0 0.892079 0.754502 0.011045 0.014295
0 0.747052 0.946274 0.011929 0.015871
0 0.974561 0.994712 0.011289 0.010576
0 0.916058 0.612302 0.011284 0.015522
0 0.774913 0.742339 0.011753 0.015882
0 0.908357 0.570687 0.011465 0.015685
0 0.965952 0.662646 0.011475 0.015510
0 0.822703 0.669416 0.011446 0.015688
0 0.712351 0.972497 0.011823 0.015763
0 0.896446 0.544351 0.011309 0.015432
0 0.950184 0.726302 0.010451 0.014531
0 0.811420 0.993415 0.011766 0.013170
0 0.704248 0.909399 0.011590 0.015804
0 0.781779 0.691435 0.011653 0.015264
0 0.925701 0.515958 0.011274 0.015196
0 0.849328 0.708254 0.010875 0.014356
0 0.976528 0.927176 0.011532 0.015631
0 0.775562 0.644331 0.011065 0.015083
0 0.837734 0.713591 0.010864 0.014466
0 0.825947 0.443949 0.011165 0.014846
0 0.973545 0.606370 0.011757 0.015738
0 0.613849 0.496231 0.010496 0.014219
0 0.650585 0.490148 0.011252 0.014619
0 0.853704 0.906840 0.011446 0.014592
0 0.832185 0.419809 0.010993 0.015205
0 0.861769 0.896108 0.010959 0.014767
0 0.739215 0.753074 0.011516 0.015629
0 0.514498 0.702492 0.010617 0.014184
0 0.844819 0.884244 0.010943 0.014480
0 0.972554 0.710926 0.009133 0.012632
0 0.683608 0.325719 0.011239 0.015456
0 0.701431 0.529148 0.011146 0.014861
0 0.986665 0.516345 0.011528 0.015515
0 0.903529 0.417766 0.011294 0.015295
0 0.666162 0.471611 0.011568 0.015004
0 0.954761 0.973497 0.010197 0.014073
0 0.758476 0.663030 0.011373 0.015501
0 0.481135 0.612539 0.010830 0.014706
0 0.543949 0.689197 0.010678 0.014601
0 0.778371 0.671365 0.011292 0.015333
0 0.755413 0.507214 0.011453 0.015521
0 0.928304 0.691326 0.011519 0.015607
0 0.850243 0.625729 0.011603 0.015560
0 0.902315 0.622261 0.011187 0.014929
0 0.286802 0.762373 0.010602 0.014887
0 0.676966 0.859506 0.010455 0.013627
0 0.708355 0.598134 0.010538 0.014142
0 0.607118 0.346276 0.011034 0.015072
0 0.665980 0.978410 0.011373 0.014777
0 0.284443 0.774526 0.010669 0.013965
0 0.996699 0.874106 0.006603 0.015040
0 0.632242 0.476857 0.010840 0.014572
0 0.907068 0.740536 0.010057 0.013727
0 0.787795 0.501126 0.011173 0.015133
0 0.798300 0.579093 0.011290 0.015153
0 0.995340 0.687828 0.009136 0.016387
0 0.887449 0.350515 0.010506 0.014307
0 0.448243 0.971977 0.009398 0.012478
0 0.821459 0.906431 0.010445 0.013595
0 0.452212 0.940487 0.010465 0.014150
0 0.820886 0.611143 0.011580 0.014850
0 0.856966 0.468577 0.010832 0.014482
0 0.902915 0.726587 0.009007 0.013213
0 0.790422 0.263510 0.010588 0.014532
0 0.944949 0.948139 0.010752 0.014466
0 0.560682 0.891619 0.010440 0.014222
0 0.947971 0.962855 0.007544 0.010824
0 0.834870 0.348417 0.010648 0.014235
0 0.735502 0.843940 0.011143 0.014472
0 0.896246 0.733098 0.008745 0.011892
0 0.783399 0.221971 0.011019 0.014859
0 0.670698 0.851666 0.010356 0.014000
0 0.812963 0.913319 0.009862 0.013084
0 0.651492 0.541325 0.010853 0.014866
0 0.821470 0.920954 0.009764 0.013709
0 0.674735 0.995259 0.010637 0.009481
0 0.641609 0.284313 0.010737 0.014061
0 0.454774 0.896612 0.010606 0.013826
0 0.863655 0.227270 0.010274 0.014251
0 0.670001 0.995202 0.010195 0.008729
0 0.939825 0.961440 0.008493 0.012128
0 0.736988 0.830269 0.009746 0.014291
0 0.465496 0.908071 0.009714 0.013765
0 0.748788 0.684051 0.010825 0.014466
0 0.682475 0.522888 0.010005 0.013957
0 0.866967 0.240349 0.010842 0.014440
