0 0.355842 0.445330 0.012047 0.016290
0 0.412941 0.366413 0.012007 0.015911
0 0.409943 0.430731 0.011838 0.015900
0 0.307800 0.540810 0.012001 0.016344
0 0.509769 0.457871 0.012277 0.016639
0 0.339317 0.161962 0.011701 0.016022
0 0.388247 0.266946 0.011709 0.015798
0 0.296131 0.420120 0.012162 0.016393
0 0.672669 0.315236 0.011977 0.016306
0 0.425409 0.673660 0.012088 0.016305
0 0.842581 0.389942 0.011532 0.015531
0 0.463626 0.339115 0.011846 0.016036
0 0.277823 0.564693 0.012048 0.016429
0 0.288197 0.476883 0.012132 0.016391
0 0.519038 0.128984 0.011551 0.015418
0 0.423659 0.842196 0.012290 0.016579
0 0.735772 0.240504 0.012120 0.016002
0 0.314453 0.595312 0.012408 0.016519
0 0.326816 0.047262 0.011793 0.015961
0 0.783730 0.623694 0.011504 0.015774
0 0.454604 0.416570 0.012480 0.016740
0 0.448394 0.407920 0.011106 0.015839
0 0.820814 0.436101 0.011749 0.016087
0 0.536421 0.120012 0.011428 0.015948
0 0.660835 0.424802 0.011908 0.015872
0 0.110718 0.380487 0.012126 0.016450
0 0.131677 0.330508 0.011944 0.016099
0 0.148949 0.316196 0.012291 0.016574
0 0.189104 0.472674 0.012823 0.017315
0 0.320330 0.748414 0.012373 0.016784
0 0.103507 0.246439 0.012116 0.016485
0 0.734658 0.457260 0.011619 0.015740
0 0.495542 0.231654 0.011558 0.015691
0 0.640693 0.992142 0.013470 0.015440
0 0.125761 0.305036 0.012189 0.016739
0 0.339549 0.044285 0.012127 0.015988
0 0.645190 0.094805 0.011267 0.015094
0 0.673645 0.807290 0.011641 0.015459
0 0.087620 0.406028 0.011669 0.015717
0 0.368967 0.228095 0.011660 0.015862
0 0.284450 0.219789 0.011816 0.015789
0 0.634905 0.330231 0.012498 0.017126
0 0.050567 0.264260 0.011810 0.015679
0 0.133952 0.198973 0.012251 0.016483
0 0.176168 0.450913 0.012257 0.016297
0 0.020172 0.276442 0.012668 0.016507
0 0.667873 0.894949 0.012179 0.016404
