0 0.408838 0.409981 0.010896 0.014535
0 0.325880 0.358222 0.010795 0.014196
0 0.284486 0.617609 0.010576 0.014738
0 0.375487 0.413914 0.011078 0.015053
0 0.202455 0.534915 0.010461 0.014013
0 0.207763 0.492506 0.010762 0.014622
0 0.322315 0.539424 0.010468 0.014514
0 0.423413 0.275079 0.011158 0.014766
0 0.301171 0.620486 0.010617 0.014492
0 0.245981 0.478398 0.011669 0.014388
0 0.279490 0.580548 0.010946 0.014700
0 0.425287 0.013985 0.010566 0.014621
0 0.434734 0.096581 0.010804 0.014612
0 0.657033 0.525028 0.011254 0.015230
0 0.152048 0.576762 0.010784 0.014523
0 0.273366 0.517972 0.010757 0.014153
0 0.235319 0.398268 0.010743 0.014667
0 0.470501 0.395437 0.011115 0.015200
0 0.232732 0.786871 0.010804 0.014747
0 0.243630 0.466806 0.011436 0.015540
0 0.235343 0.819862 0.010695 0.014405
0 0.484047 0.604865 0.010738 0.013866
0 0.171375 0.529517 0.010665 0.014680
0 0.257062 0.477569 0.011243 0.015701
0 0.246716 0.169386 0.010260 0.014409
0 0.274063 0.628119 0.010847 0.015041
0 0.089526 0.084552 0.011022 0.014788
0 0.260572 0.138148 0.010447 0.014059
0 0.299599 0.713149 0.010947 0.015003
0 0.297505 0.857877 0.011383 0.015519
0 0.225408 0.353421 0.010701 0.014263
0 0.281968 0.518291 0.010322 0.014330
0 0.051800 0.126831 0.011019 0.015015
0 0.120019 0.547416 0.010275 0.014393
0 0.312860 0.851501 0.011104 0.015327
0 0.383794 0.475349 0.011157 0.014828
0 0.108770 0.571657 0.010644 0.014225
0 0.275262 0.378092 0.010778 0.014363
0 0.229609 0.904542 0.010605 0.014616
0 0.225982 0.219932 0.011042 0.014809
