0 0.591654 0.452013 0.010779 0.014007
0 0.684650 0.380382 0.011185 0.015283
0 0.427458 0.497420 0.010850 0.014806
0 0.442433 0.411554 0.010695 0.014305
0 0.748037 0.315285 0.011188 0.015074
0 0.736129 0.369144 0.011733 0.015380
0 0.467654 0.545863 0.010777 0.014229
0 0.728015 0.444153 0.011166 0.015283
0 0.458042 0.605633 0.010494 0.014362
0 0.753811 0.486907 0.011311 0.015349
0 0.647980 0.429607 0.010668 0.014983
0 0.668586 0.513339 0.010785 0.014813
0 0.483065 0.356951 0.010227 0.014051
0 0.753929 0.415366 0.011470 0.015599
0 0.675629 0.334843 0.010806 0.014705
0 0.841862 0.440094 0.011304 0.015297
0 0.403225 0.440605 0.010567 0.014682
0 0.536006 0.528429 0.010110 0.014007
0 0.568365 0.370584 0.010668 0.014121
0 0.403691 0.398284 0.010385 0.014432
0 0.698416 0.481428 0.011179 0.015311
0 0.800398 0.298732 0.010999 0.014963
0 0.450440 0.255529 0.010513 0.013968
0 0.717930 0.321199 0.011154 0.015175
0 0.768956 0.310821 0.011302 0.015492
0 0.797463 0.387441 0.011106 0.015371
0 0.390150 0.328492 0.010624 0.014517
0 0.657496 0.305778 0.010659 0.014407
0 0.790396 0.606700 0.010806 0.014732
0 0.686330 0.528958 0.010858 0.014879
0 0.591197 0.481522 0.010088 0.013821
0 0.583297 0.438469 0.011119 0.014634
0 0.447080 0.234193 0.010580 0.014057
0 0.421049 0.587650 0.010682 0.014392
0 0.483078 0.389345 0.010455 0.013696
0 0.618739 0.507022 0.010487 0.014375
0 0.548696 0.587217 0.011003 0.014511
0 0.650098 0.472513 0.011115 0.014540
0 0.940108 0.285133 0.010844 0.015025
0 0.497025 0.659321 0.010806 0.014991
0 0.223130 0.138408 0.010730 0.014775
0 0.442868 0.475137 0.009972 0.013862
0 0.954923 0.276614 0.010883 0.014998
0 0.555053 0.440980 0.011005 0.014914
0 0.786767 0.237839 0.011122 0.015284
0 0.436762 0.483133 0.010365 0.014564
0 0.904874 0.372622 0.010859 0.014738
0 0.436726 0.612595 0.010683 0.014805
0 0.303664 0.194340 0.010782 0.014985
0 0.506233 0.606374 0.010985 0.014981
0 0.354801 0.622091 0.010391 0.014391
0 0.513892 0.413054 0.010662 0.014667
0 0.678680 0.426705 0.011469 0.015402
0 0.797232 0.264070 0.011110 0.015064
0 0.876630 0.644887 0.011191 0.014881
0 0.634306 0.576602 0.010860 0.014369
0 0.519949 0.508137 0.010158 0.013962
0 0.889356 0.418467 0.011417 0.015470
0 0.907081 0.661400 0.010888 0.014837
0 0.382422 0.607052 0.011078 0.015088
0 0.811657 0.329787 0.011103 0.015092
0 0.556471 0.395307 0.010545 0.013826
0 0.978783 0.651774 0.011376 0.015572
0 0.695106 0.367291 0.011563 0.015262
0 0.853303 0.340924 0.011292 0.015278
0 0.848238 0.306736 0.010949 0.014943
0 0.502467 0.334168 0.010258 0.013920
0 0.642565 0.450206 0.011284 0.014329
0 0.389009 0.180980 0.010583 0.014289
0 0.416280 0.984417 0.010752 0.015018
0 0.760704 0.169119 0.010952 0.014977
0 0.959195 0.735567 0.011364 0.015360
0 0.422817 0.652911 0.010679 0.014617
0 0.927018 0.704032 0.010919 0.014914
0 0.847077 0.626148 0.011611 0.015194
0 0.637288 0.351290 0.010292 0.014203
0 0.895714 0.308340 0.010778 0.014659
0 0.684008 0.293549 0.010433 0.014839
0 0.414449 0.827883 0.010809 0.014797
0 0.780402 0.341830 0.011320 0.015206
0 0.342665 0.484730 0.010793 0.014866
0 0.778762 0.555591 0.010944 0.014547
0 0.888104 0.684670 0.010985 0.015018
0 0.927269 0.444249 0.010844 0.014648
0 0.427213 0.345144 0.010439 0.014212
0 0.843199 0.730772 0.011235 0.015226
0 0.897714 0.712557 0.011205 0.015241
0 0.374513 0.430294 0.010516 0.014410
0 0.717388 0.776878 0.010846 0.014892
0 0.674451 0.563802 0.011332 0.015099
0 0.476400 0.462063 0.010758 0.014584
0 0.838004 0.711561 0.011531 0.015132
0 0.642008 0.322797 0.010814 0.014137
0 0.887800 0.741753 0.011228 0.015053
0 0.835006 0.584981 0.010925 0.014977
0 0.518871 0.163720 0.010281 0.014284
0 0.397922 0.671846 0.010824 0.014840
0 0.689716 0.237692 0.010595 0.014683
0 0.590469 0.470351 0.010177 0.014230
0 0.878346 0.484684 0.011256 0.015208
0 0.259769 0.778562 0.011012 0.014967
0 0.735140 0.586091 0.011091 0.015240
0 0.394574 0.730845 0.010595 0.014616
0 0.867682 0.299461 0.010876 0.015189
0 0.730608 0.871506 0.011075 0.014887
0 0.800241 0.761816 0.011371 0.014760
0 0.946751 0.704589 0.010908 0.014966
0 0.670036 0.615173 0.010886 0.014271
0 0.359945 0.312748 0.010522 0.014500
0 0.274454 0.429537 0.011282 0.015082
0 0.524933 0.210772 0.010987 0.014673
0 0.970199 0.591169 0.010701 0.014582
0 0.736221 0.154887 0.010640 0.014260
0 0.572227 0.838612 0.010900 0.015116
0 0.776069 0.372537 0.011326 0.015544
0 0.795035 0.826894 0.010747 0.014765
0 0.701926 0.790317 0.010932 0.014569
0 0.420165 0.768932 0.011028 0.014709
0 0.706635 0.852002 0.011054 0.015238
0 0.837518 0.036951 0.010885 0.014789
0 0.785396 0.680080 0.010709 0.014691
0 0.806100 0.199298 0.011032 0.014855
0 0.735217 0.387159 0.011604 0.015526
0 0.698081 0.876382 0.011088 0.014424
0 0.489330 0.209851 0.010454 0.014322
0 0.942810 0.811644 0.010672 0.014349
0 0.971928 0.678729 0.011395 0.014967
0 0.709446 0.071589 0.010522 0.013846
0 0.635061 0.237824 0.010677 0.013963
0 0.954195 0.601716 0.010835 0.014218
0 0.539508 0.785163 0.010555 0.014404
0 0.994382 0.354141 0.010420 0.016086
0 0.935656 0.647091 0.011332 0.015112
0 0.886142 0.776959 0.009529 0.013356
0 0.562694 0.831725 0.010864 0.014920
0 0.811215 0.697408 0.010874 0.014545
0 0.898017 0.760692 0.010772 0.014721
0 0.740778 0.709367 0.010492 0.014176
0 0.860867 0.380671 0.011863 0.015939
0 0.875717 0.269053 0.011131 0.015104
