0 0.294574 0.368243 0.010557 0.014631
0 0.309859 0.318461 0.010864 0.014437
0 0.280470 0.377697 0.010782 0.014650
0 0.337642 0.024337 0.011719 0.015758
0 0.270317 0.353411 0.011035 0.013848
0 0.255845 0.345740 0.011164 0.014715
0 0.283381 0.335102 0.011033 0.014447
0 0.216799 0.369413 0.010833 0.014029
0 0.331574 0.255434 0.011359 0.015539
0 0.306272 0.341272 0.010868 0.014702
0 0.283058 0.396967 0.011324 0.014694
0 0.208095 0.361234 0.010500 0.014593
0 0.164766 0.242411 0.010697 0.014862
0 0.198539 0.451092 0.010567 0.014188
0 0.299578 0.293877 0.010189 0.014176
0 0.179511 0.284843 0.011080 0.014922
0 0.100841 0.480993 0.011196 0.015433
0 0.245350 0.353125 0.011565 0.014606
0 0.200044 0.119635 0.010462 0.013934
0 0.161891 0.351009 0.010808 0.014445
0 0.161791 0.490895 0.010763 0.014513
0 0.348596 0.213824 0.011375 0.015295
0 0.095449 0.463664 0.011622 0.015240
0 0.389467 0.129875 0.011098 0.015439
