0 0.589720 0.642537 0.011077 0.014781
0 0.589713 0.658677 0.011493 0.015573
0 0.088510 0.436154 0.010928 0.014901
0 0.569161 0.504584 0.011048 0.015078
0 0.635948 0.574467 0.010816 0.014935
0 0.548855 0.630444 0.011544 0.015199
0 0.519565 0.778885 0.010652 0.014832
0 0.638607 0.862580 0.011184 0.015015
0 0.521463 0.602198 0.010709 0.014577
0 0.661464 0.900747 0.011405 0.015666
0 0.243189 0.586593 0.011298 0.015230
0 0.361974 0.796816 0.011004 0.014956
0 0.511574 0.507969 0.010796 0.014885
0 0.641320 0.881697 0.011277 0.015374
0 0.467778 0.773810 0.010878 0.015059
0 0.525083 0.755242 0.010915 0.014686
0 0.395999 0.924220 0.010921 0.015228
0 0.025208 0.382180 0.010994 0.014960
0 0.592763 0.902426 0.011336 0.015602
0 0.531097 0.815551 0.011262 0.015285
0 0.145542 0.830879 0.010699 0.014967
