0 0.573074 0.318318 0.012099 0.016709
0 0.584383 0.328266 0.011967 0.016698
0 0.619046 0.153552 0.011872 0.015755
0 0.544606 0.262940 0.012123 0.016223
0 0.607913 0.149553 0.011830 0.016140
0 0.594950 0.142671 0.012274 0.016599
0 0.619595 0.258377 0.011523 0.015960
0 0.610613 0.279365 0.012333 0.016389
0 0.563453 0.338240 0.011794 0.015609
0 0.634968 0.125724 0.011967 0.015785
0 0.565229 0.270487 0.011897 0.016435
0 0.285251 0.562657 0.012944 0.017233
0 0.618540 0.180007 0.012238 0.016484
0 0.533951 0.118776 0.011517 0.015772
0 0.641377 0.374112 0.012170 0.016569
0 0.646606 0.258155 0.012035 0.016092
0 0.315761 0.487055 0.011735 0.015839
0 0.600915 0.367614 0.011969 0.016301
0 0.537341 0.092721 0.011854 0.015713
0 0.417475 0.396679 0.011972 0.015991
0 0.656162 0.386260 0.012242 0.016481
0 0.568159 0.053229 0.011814 0.015741
0 0.438667 0.505086 0.012057 0.016559
0 0.112394 0.532390 0.011995 0.015986
0 0.561070 0.359979 0.011891 0.016529
0 0.715536 0.310682 0.011934 0.016090
0 0.572714 0.121529 0.011811 0.015859
0 0.570870 0.172706 0.011909 0.016109
0 0.590814 0.482113 0.012430 0.016404
0 0.466496 0.333843 0.012239 0.015868
0 0.582242 0.459845 0.011797 0.015703
0 0.515419 0.422927 0.011721 0.016127
0 0.601184 0.250293 0.012072 0.016144
0 0.690234 0.175136 0.012383 0.016420
0 0.489021 0.266479 0.011683 0.016007
0 0.424091 0.241935 0.011977 0.015777
0 0.629456 0.158522 0.012020 0.016086
0 0.583690 0.491047 0.011853 0.015862
0 0.575135 0.039069 0.011978 0.015896
0 0.655785 0.135120 0.011827 0.015601
0 0.635388 0.241551 0.012203 0.015934
0 0.705218 0.077883 0.012121 0.016241
0 0.638949 0.436918 0.012013 0.015809
0 0.697754 0.056136 0.011955 0.015961
0 0.665571 0.496613 0.011266 0.015066
0 0.658754 0.340778 0.011705 0.015896
0 0.705195 0.138571 0.012286 0.016313
0 0.693490 0.345630 0.011864 0.015980
0 0.519604 0.107875 0.011297 0.015507
0 0.596482 0.071536 0.011947 0.015892
0 0.663453 0.575363 0.011515 0.015782
0 0.537447 0.320184 0.012121 0.015989
0 0.605708 0.318174 0.012411 0.015667
0 0.549183 0.038121 0.011549 0.016133
0 0.686996 0.148638 0.011969 0.016532
0 0.383440 0.179600 0.011807 0.016038
0 0.586037 0.191289 0.012417 0.016774
0 0.395286 0.163390 0.011525 0.015692
0 0.660362 0.262243 0.011975 0.015866
0 0.542389 0.048804 0.012036 0.015834
0 0.630881 0.095867 0.011984 0.016337
0 0.541830 0.759197 0.011553 0.016037
0 0.701630 0.263393 0.012394 0.016782
0 0.587932 0.040741 0.011560 0.015426
0 0.435038 0.152616 0.011484 0.015418
0 0.647663 0.721075 0.011572 0.015688
0 0.702885 0.096034 0.011875 0.016286
0 0.454579 0.339801 0.011748 0.015382
0 0.746197 0.360203 0.011860 0.016311
0 0.742144 0.190413 0.011550 0.016167
0 0.605398 0.329272 0.012327 0.016143
0 0.634508 0.149357 0.010879 0.014887
0 0.782997 0.265241 0.012136 0.016326
0 0.378091 0.298692 0.012014 0.016146
0 0.669927 0.115837 0.011971 0.015957
0 0.668009 0.263302 0.011038 0.015599
0 0.768097 0.485959 0.012537 0.017436
0 0.467194 0.224818 0.010900 0.013815
0 0.349704 0.062360 0.011784 0.015807
