0 0.284748 0.445437 0.012803 0.016974
0 0.361119 0.548716 0.012172 0.016470
0 0.443366 0.638503 0.012136 0.016226
0 0.355732 0.439900 0.011957 0.015943
0 0.465257 0.544920 0.012288 0.016830
0 0.217490 0.340233 0.013487 0.017956
0 0.415149 0.630597 0.012952 0.017536
0 0.154317 0.348401 0.012207 0.016541
0 0.003810 0.338851 0.007279 0.016783
0 0.276024 0.837270 0.011968 0.015788
0 0.071337 0.364202 0.011607 0.015773
0 0.226027 0.315113 0.012742 0.017158
0 0.471188 0.674738 0.011977 0.016412
0 0.409397 0.695698 0.012324 0.016246
0 0.220269 0.202100 0.012987 0.017278
0 0.416136 0.672034 0.013099 0.016694
0 0.131598 0.223095 0.013052 0.016897
0 0.090086 0.450823 0.012022 0.015961
0 0.103374 0.444935 0.011725 0.015818
0 0.353716 0.368123 0.012239 0.016760
0 0.534985 0.421386 0.012080 0.016516
0 0.022664 0.374891 0.012502 0.016519
0 0.120540 0.658300 0.012103 0.016065
0 0.421382 0.643409 0.012545 0.017194
0 0.200926 0.534826 0.013186 0.017665
0 0.068870 0.238167 0.013047 0.017493
0 0.025973 0.323750 0.011793 0.015896
0 0.092242 0.636045 0.011713 0.015790
0 0.258225 0.214442 0.011417 0.015894
0 0.235947 0.609407 0.012651 0.017096
0 0.368701 0.637726 0.013046 0.016768
0 0.150703 0.486702 0.015532 0.020004
0 0.012913 0.253932 0.012274 0.015915
0 0.006541 0.443148 0.012022 0.020836
0 0.454896 0.650879 0.011521 0.015599
0 0.393695 0.480832 0.012375 0.016242
0 0.430118 0.697874 0.011870 0.015695
