0 0.345206 0.579329 0.009735 0.013009
0 0.381448 0.620546 0.009617 0.012670
0 0.037158 0.507901 0.010093 0.013557
0 0.324984 0.668065 0.009053 0.012746
0 0.152976 0.436520 0.009812 0.013003
0 0.547911 0.753893 0.010037 0.013207
0 0.124514 0.443190 0.009792 0.012828
0 0.581808 0.808386 0.009602 0.012830
0 0.555480 0.621811 0.009447 0.012766
0 0.555762 0.891731 0.009840 0.013375
0 0.429412 0.614340 0.009770 0.012850
0 0.361909 0.872626 0.009367 0.013229
0 0.535151 0.944372 0.009550 0.012533
0 0.469298 0.773861 0.009893 0.013363
0 0.508595 0.906795 0.009493 0.012651
