0 0.583477 0.440527 0.010342 0.014019
0 0.556402 0.600667 0.009934 0.013561
0 0.372507 0.528619 0.010096 0.013684
0 0.692338 0.703302 0.010530 0.013933
0 0.596362 0.592558 0.010624 0.013945
0 0.322736 0.431999 0.010081 0.013088
0 0.714661 0.631255 0.010572 0.014098
0 0.660286 0.731588 0.010040 0.014087
0 0.725118 0.679341 0.010321 0.014143
0 0.790845 0.641875 0.010225 0.013570
0 0.637996 0.649759 0.010521 0.013563
0 0.714352 0.649727 0.009921 0.013659
0 0.318969 0.368486 0.010156 0.013602
0 0.346211 0.753829 0.010337 0.013750
0 0.751115 0.579154 0.009964 0.013844
0 0.606994 0.837636 0.010082 0.013413
0 0.778110 0.648096 0.009778 0.013791
0 0.436695 0.688456 0.010200 0.013552
0 0.191588 0.411125 0.010413 0.013985
0 0.272828 0.481289 0.010198 0.013826
0 0.605645 0.871419 0.010057 0.013813
0 0.733739 0.702443 0.010285 0.013412
0 0.385057 0.776867 0.010178 0.013597
0 0.580500 0.966070 0.010063 0.013889
0 0.722531 0.591442 0.010238 0.013917
0 0.627435 0.636776 0.010469 0.013747
0 0.794637 0.668761 0.010518 0.014163
0 0.576811 0.878947 0.010484 0.014353
0 0.689724 0.751578 0.010287 0.013877
0 0.988044 0.922561 0.010703 0.013845
0 0.549342 0.992086 0.010830 0.013755
0 0.677760 0.819682 0.010330 0.013712
0 0.676558 0.929596 0.009887 0.013739
0 0.884623 0.528627 0.009765 0.013569
0 0.699694 0.878012 0.009963 0.013974
