0 0.947529 0.496359 0.009943 0.013814
0 0.943089 0.314388 0.010092 0.013745
0 0.986322 0.472915 0.010647 0.014110
0 0.954744 0.403625 0.010335 0.014112
0 0.940482 0.555092 0.010629 0.014269
0 0.754955 0.378539 0.010218 0.013479
0 0.832126 0.131354 0.010078 0.013651
0 0.455571 0.108103 0.010693 0.014299
0 0.899147 0.288967 0.009962 0.013628
0 0.863716 0.377219 0.009855 0.013993
0 0.982456 0.111885 0.010882 0.014428
0 0.738210 0.377060 0.010475 0.014140
0 0.984540 0.358100 0.010462 0.013999
0 0.947688 0.154924 0.010145 0.013933
0 0.970212 0.546284 0.010504 0.013978
0 0.415360 0.923331 0.010169 0.013983
0 0.961474 0.425662 0.010658 0.013353
0 0.944009 0.217664 0.010598 0.014091
0 0.476680 0.113985 0.010559 0.014756
0 0.254465 0.244693 0.010571 0.014111
0 0.913335 0.293859 0.009994 0.013516
0 0.969684 0.439363 0.010259 0.014018
0 0.733402 0.169052 0.009909 0.013291
0 0.325450 0.476894 0.009880 0.013653
0 0.701494 0.304489 0.010164 0.013353
0 0.346356 0.516248 0.009998 0.013057
0 0.692941 0.282885 0.010039 0.013911
0 0.844245 0.389250 0.010276 0.013556
0 0.742374 0.320614 0.010233 0.013680
0 0.579208 0.551040 0.010473 0.013945
0 0.982335 0.332326 0.010240 0.013504
0 0.208607 0.868268 0.010671 0.014471
0 0.956456 0.042599 0.010217 0.014060
0 0.619564 0.585037 0.010569 0.014225
0 0.366605 0.530078 0.010123 0.013979
0 0.203904 0.827397 0.010555 0.014067
0 0.165610 0.555899 0.010566 0.013978
0 0.550792 0.571327 0.010399 0.014048
0 0.985741 0.589967 0.010210 0.013913
0 0.446743 0.887879 0.010097 0.013835
0 0.314589 0.844986 0.010987 0.014441
0 0.615701 0.180262 0.009920 0.013407
0 0.995316 0.503083 0.009100 0.014763
0 0.502576 0.417176 0.010524 0.013897
0 0.727820 0.144173 0.009777 0.013622
0 0.182026 0.779056 0.010458 0.014479
0 0.995233 0.082960 0.008758 0.015246
0 0.788822 0.035078 0.010229 0.013851
0 0.831101 0.093191 0.010346 0.013669
0 0.186509 0.829991 0.010580 0.014259
0 0.938326 0.574944 0.010442 0.013629
0 0.272130 0.677205 0.010324 0.013737
0 0.948295 0.640182 0.010400 0.013836
0 0.694647 0.205204 0.010261 0.013856
0 0.974854 0.686521 0.010998 0.014436
0 0.924720 0.634169 0.010421 0.014076
0 0.986746 0.635843 0.010840 0.014073
0 0.985221 0.668361 0.010824 0.014931
0 0.903691 0.620269 0.010560 0.014005
0 0.311404 0.522165 0.009936 0.013268
