0 0.791897 0.484024 0.009857 0.013233
0 0.291840 0.223294 0.010037 0.013268
0 0.536575 0.819790 0.009967 0.013581
0 0.314943 0.952053 0.009941 0.012818
0 0.724385 0.586537 0.009962 0.013428
0 0.973755 0.995206 0.010323 0.009589
0 0.511438 0.509398 0.010056 0.013349
0 0.425898 0.172275 0.010258 0.013814
0 0.246303 0.413176 0.009512 0.013256
0 0.244206 0.326195 0.010224 0.013704
0 0.552376 0.467180 0.009770 0.013495
0 0.754937 0.909814 0.009882 0.013302
0 0.418411 0.477084 0.009514 0.013073
0 0.959850 0.993617 0.010704 0.011516
0 0.689424 0.522216 0.009631 0.013033
0 0.708092 0.426181 0.009967 0.013365
0 0.486721 0.251019 0.010074 0.013505
0 0.879435 0.563417 0.009558 0.013389
0 0.242966 0.382195 0.009945 0.013543
0 0.290688 0.363625 0.009867 0.013508
0 0.793528 0.872919 0.009002 0.013008
0 0.769680 0.680964 0.009520 0.012933
0 0.901162 0.613834 0.010274 0.013445
0 0.461565 0.227935 0.010006 0.013624
0 0.516083 0.814555 0.009877 0.013565
0 0.753182 0.987541 0.010001 0.014152
0 0.645821 0.872697 0.009672 0.013138
0 0.787508 0.849261 0.009706 0.013177
0 0.360432 0.303808 0.009683 0.012950
0 0.847754 0.740230 0.009663 0.013174
0 0.891852 0.835465 0.010327 0.014003
0 0.219990 0.486787 0.010366 0.014089
0 0.675994 0.885810 0.009492 0.013055
0 0.228940 0.487726 0.009789 0.013443
0 0.615848 0.878629 0.009936 0.013546
0 0.891005 0.797492 0.010109 0.013732
0 0.291322 0.757195 0.009338 0.012719
0 0.463339 0.629365 0.009695 0.012168
