0 0.916252 0.316013 0.011194 0.014964
0 0.907984 0.347534 0.011384 0.015230
0 0.955788 0.414366 0.010626 0.014538
0 0.942263 0.432190 0.010575 0.014075
0 0.891493 0.275492 0.011254 0.015087
0 0.896462 0.296872 0.010941 0.014509
0 0.877534 0.394488 0.011110 0.015107
0 0.930090 0.324093 0.010734 0.014423
0 0.840432 0.403239 0.010578 0.014736
0 0.885429 0.291930 0.011469 0.014550
0 0.878774 0.252762 0.009286 0.013838
0 0.915604 0.485434 0.010787 0.014552
0 0.899242 0.456182 0.010750 0.014891
0 0.989204 0.330422 0.010588 0.014315
0 0.935077 0.488157 0.010925 0.014530
0 0.878428 0.454180 0.011057 0.015043
0 0.813881 0.441167 0.010750 0.014336
0 0.944469 0.340716 0.010743 0.014826
0 0.858894 0.444391 0.011039 0.014942
0 0.832175 0.493416 0.010873 0.014768
0 0.897565 0.259372 0.011074 0.014470
0 0.365528 0.100026 0.010662 0.014153
0 0.976287 0.432865 0.010912 0.014728
0 0.897716 0.315660 0.011143 0.015315
0 0.931408 0.518204 0.011089 0.015037
0 0.398442 0.383623 0.009881 0.013474
0 0.978319 0.349803 0.010963 0.013898
0 0.232858 0.034086 0.010299 0.014055
0 0.497520 0.143352 0.010168 0.013642
0 0.237550 0.085327 0.010301 0.013964
0 0.980626 0.326313 0.009621 0.013102
0 0.254811 0.081655 0.010327 0.014044
0 0.957898 0.322178 0.011085 0.015185
0 0.799076 0.461935 0.010975 0.013978
0 0.984992 0.405519 0.010266 0.013735
0 0.859767 0.498001 0.011055 0.015207
0 0.985230 0.299532 0.010755 0.014660
0 0.985670 0.680028 0.010547 0.014024
0 0.465814 0.179248 0.009817 0.013668
0 0.974219 0.328786 0.009568 0.013569
0 0.873475 0.441176 0.010293 0.013471
0 0.817177 0.426621 0.010690 0.013712
0 0.683829 0.758415 0.010364 0.014331
0 0.259376 0.122446 0.010645 0.014445
0 0.876399 0.283783 0.010802 0.013888
0 0.987281 0.615569 0.010813 0.014274
0 0.808134 0.475026 0.010554 0.014656
0 0.815496 0.571298 0.011100 0.014906
0 0.942445 0.272951 0.010850 0.014763
0 0.939068 0.675435 0.010307 0.013809
0 0.838334 0.711037 0.010818 0.014624
0 0.936312 0.246513 0.010587 0.014161
0 0.859752 0.274730 0.010574 0.014116
0 0.772282 0.620717 0.010737 0.014885
0 0.973843 0.314819 0.010058 0.014457
0 0.995150 0.573912 0.009511 0.014996
0 0.977832 0.397586 0.010552 0.014067
0 0.969936 0.247852 0.011116 0.015331
0 0.882868 0.440710 0.010403 0.014529
