0 0.361968 0.022193 0.022105 0.022641
0 0.491264 0.657632 0.020097 0.021220
0 0.492402 0.672756 0.018747 0.019516
0 0.504838 0.420640 0.021452 0.023964
0 0.519676 0.669607 0.022672 0.023987
0 0.574300 0.641051 0.025555 0.026277
0 0.384168 0.468184 0.022925 0.024831
0 0.336813 0.080962 0.025420 0.028525
0 0.334285 0.019361 0.019116 0.020871
0 0.771819 0.635847 0.024580 0.026279
0 0.973795 0.257927 0.019943 0.021622
0 0.519034 0.324258 0.016773 0.017510
0 0.529174 0.399731 0.018554 0.020081
0 0.381332 0.030626 0.020935 0.023133
0 0.822256 0.246355 0.027593 0.029926
0 0.866212 0.025119 0.027497 0.028043
0 0.531311 0.344183 0.020919 0.022025
0 0.645501 0.723513 0.024723 0.026366
0 0.616266 0.623861 0.024453 0.025421
0 0.826859 0.191911 0.025750 0.026902
0 0.486655 0.374537 0.021595 0.022459
0 0.848481 0.237894 0.024552 0.026611
0 0.516994 0.311303 0.024537 0.025103
0 0.873703 0.706238 0.021611 0.022725
0 0.974347 0.337502 0.020983 0.023272
0 0.777730 0.095367 0.027450 0.027775
0 0.406819 0.398143 0.022079 0.023974
0 0.412521 0.614908 0.019685 0.020785
