0 0.502320 0.281149 0.017230 0.018415
0 0.565588 0.273383 0.016489 0.017307
0 0.557456 0.293373 0.018064 0.019545
0 0.556183 0.262013 0.015475 0.016252
0 0.480686 0.184703 0.018341 0.019217
0 0.484976 0.201550 0.017809 0.019349
0 0.470906 0.160962 0.017326 0.017976
0 0.614436 0.287812 0.016873 0.018360
0 0.508191 0.219016 0.017581 0.018646
0 0.489074 0.278052 0.017748 0.019091
0 0.559399 0.169432 0.017666 0.018846
0 0.605609 0.292577 0.017290 0.018152
0 0.537551 0.289161 0.017827 0.019294
0 0.588178 0.185858 0.016437 0.017631
0 0.508748 0.297817 0.017099 0.018769
0 0.570416 0.155553 0.017526 0.019130
0 0.480079 0.221664 0.018164 0.019236
0 0.550346 0.160560 0.015869 0.017425
0 0.585606 0.174560 0.016664 0.017264
0 0.574640 0.285571 0.018329 0.019341
0 0.595488 0.219525 0.017495 0.018976
0 0.593848 0.276674 0.018214 0.018900
0 0.500105 0.178463 0.017157 0.018525
0 0.479935 0.235847 0.017829 0.018543
0 0.494320 0.296991 0.018167 0.019979
0 0.454465 0.165466 0.017424 0.019963
0 0.473559 0.171304 0.017642 0.017204
0 0.609736 0.270106 0.017178 0.018732
0 0.529356 0.305167 0.017818 0.019867
0 0.581122 0.258262 0.016975 0.018690
0 0.593761 0.247520 0.017347 0.018696
0 0.566203 0.248058 0.017349 0.018274
0 0.565325 0.263552 0.015991 0.016207
0 0.544655 0.267677 0.016931 0.018491
0 0.468907 0.206784 0.018370 0.019488
0 0.467382 0.294442 0.018886 0.019867
0 0.605403 0.200946 0.015442 0.016638
0 0.516066 0.275669 0.018303 0.020292
0 0.507971 0.150551 0.018702 0.020065
0 0.545032 0.151225 0.017082 0.018039
0 0.533965 0.214149 0.016972 0.018398
0 0.579426 0.331062 0.016281 0.017655
0 0.499216 0.210577 0.017320 0.018064
0 0.486240 0.315084 0.017483 0.018947
0 0.451540 0.049007 0.017780 0.018692
0 0.563235 0.194370 0.018185 0.018721
0 0.429680 0.159133 0.019808 0.021343
0 0.610207 0.213097 0.016586 0.018248
0 0.440782 0.176700 0.018763 0.019954
0 0.569910 0.330302 0.017019 0.018335
0 0.535350 0.142779 0.018535 0.019870
0 0.491571 0.154897 0.018828 0.020186
0 0.558419 0.153771 0.015504 0.017866
0 0.605110 0.261360 0.016468 0.017157
0 0.473712 0.262897 0.017565 0.018991
0 0.503448 0.251100 0.018455 0.019582
0 0.608430 0.566522 0.016817 0.017893
0 0.626057 0.308799 0.018007 0.020062
0 0.527324 0.225808 0.017775 0.018883
0 0.523401 0.204096 0.018430 0.019043
0 0.512018 0.181330 0.017099 0.019507
0 0.603999 0.541447 0.016438 0.018759
0 0.548741 0.179981 0.015971 0.017475
0 0.067974 0.226493 0.020612 0.022736
0 0.453841 0.062272 0.018621 0.019655
0 0.566148 0.208091 0.017787 0.018826
0 0.445432 0.260754 0.019173 0.019708
0 0.608598 0.599341 0.018619 0.019693
0 0.451421 0.391250 0.017960 0.019199
0 0.592519 0.533891 0.017448 0.018414
0 0.610081 0.390966 0.018372 0.019902
0 0.651120 0.251645 0.015213 0.017803
0 0.542199 0.376663 0.018007 0.019101
0 0.549914 0.321452 0.018115 0.019459
0 0.583955 0.450892 0.015398 0.016745
0 0.444320 0.097724 0.019532 0.021685
0 0.490893 0.431921 0.018326 0.019646
0 0.432388 0.278563 0.018225 0.018836
0 0.662067 0.251693 0.017055 0.018359
0 0.131475 0.257003 0.020733 0.022122
0 0.612242 0.579273 0.016648 0.017439
0 0.353704 0.304014 0.017921 0.019167
0 0.353403 0.355931 0.019471 0.020301
0 0.293109 0.677035 0.018762 0.019455
0 0.628410 0.272449 0.018193 0.019765
0 0.048450 0.074899 0.021270 0.022509
0 0.602051 0.308646 0.018384 0.019972
0 0.565815 0.408830 0.017263 0.018809
0 0.624746 0.407085 0.018391 0.019410
0 0.557603 0.399603 0.017490 0.018627
0 0.540189 0.117416 0.021230 0.022032
0 0.647317 0.242812 0.016500 0.017167
0 0.641204 0.312725 0.018209 0.019936
0 0.468593 0.097373 0.019178 0.021190
0 0.069739 0.920065 0.019308 0.021301
0 0.244609 0.653555 0.021318 0.021795
0 0.331943 0.528404 0.018971 0.018905
0 0.558839 0.184486 0.015766 0.017423
0 0.600449 0.192896 0.015325 0.016140
0 0.597844 0.570298 0.015612 0.017605
0 0.100154 0.263945 0.020964 0.023654
0 0.151125 0.321314 0.018888 0.020089
0 0.644981 0.334213 0.017365 0.017992
0 0.304991 0.705192 0.019250 0.020616
0 0.103001 0.926974 0.021481 0.023177
0 0.346717 0.553030 0.020567 0.021964
0 0.131911 0.223696 0.019581 0.019695
0 0.107197 0.318077 0.022564 0.024146
0 0.170716 0.320603 0.019491 0.021762
0 0.039103 0.903966 0.020065 0.022033
0 0.170007 0.383775 0.018110 0.019817
0 0.024038 0.052654 0.021945 0.024181
0 0.170528 0.109210 0.018061 0.019700
0 0.590171 0.142981 0.018687 0.020523
0 0.585865 0.665402 0.017913 0.018939
0 0.415162 0.405162 0.018054 0.019430
0 0.330736 0.360058 0.018428 0.019785
0 0.294881 0.599186 0.019560 0.020708
0 0.587905 0.337394 0.016115 0.017681
0 0.051217 0.881554 0.020210 0.021742
0 0.355174 0.375383 0.019721 0.020885
0 0.330319 0.600399 0.021298 0.022776
0 0.595459 0.449373 0.016427 0.018361
0 0.038656 0.212892 0.020246 0.022630
0 0.231020 0.679192 0.022187 0.022886
0 0.122647 0.393834 0.020933 0.023418
0 0.677985 0.341793 0.019593 0.021218
0 0.468436 0.037869 0.019299 0.020493
0 0.188679 0.678451 0.019357 0.021299
0 0.041582 0.296235 0.021461 0.022816
0 0.054466 0.108087 0.021724 0.022635
0 0.024918 0.847447 0.020917 0.022088
0 0.474578 0.224863 0.015605 0.017579
0 0.196822 0.749808 0.019830 0.021839
0 0.362177 0.280577 0.015931 0.016221
0 0.429791 0.783356 0.018069 0.019803
0 0.151951 0.636879 0.020995 0.022086
0 0.204532 0.635052 0.020702 0.022814
0 0.046006 0.425475 0.021940 0.023319
0 0.556294 0.460472 0.016769 0.017782
0 0.386063 0.548712 0.020742 0.021666
0 0.576783 0.480741 0.018477 0.020123
0 0.674875 0.396048 0.017169 0.018737
0 0.419580 0.709583 0.019086 0.020766
0 0.410332 0.151152 0.019217 0.020612
0 0.010081 0.690770 0.018868 0.022805
0 0.100939 0.404638 0.024525 0.028632
0 0.510809 0.420709 0.017480 0.018785
0 0.648903 0.474780 0.018131 0.019339
0 0.303866 0.503254 0.020431 0.022134
0 0.282290 0.741840 0.018684 0.019762
0 0.414805 0.039051 0.022523 0.023607
0 0.657451 0.627595 0.017609 0.018712
0 0.014113 0.336761 0.022782 0.024713
0 0.702387 0.837899 0.018841 0.020422
0 0.715926 0.850956 0.018648 0.020626
0 0.555262 0.660227 0.017650 0.019402
0 0.220419 0.549676 0.018895 0.020578
0 0.228437 0.772388 0.019427 0.020507
0 0.139388 0.752710 0.017178 0.018813
0 0.415185 0.846187 0.018020 0.020354
0 0.314232 0.115879 0.020652 0.021843
0 0.362198 0.291786 0.016129 0.016715
0 0.127043 0.680984 0.022692 0.023543
0 0.351869 0.197369 0.023152 0.024810
0 0.507882 0.278922 0.018144 0.018815
0 0.510013 0.748956 0.019043 0.020059
0 0.752806 0.731723 0.020844 0.022583
0 0.418234 0.481115 0.020496 0.021229
0 0.074518 0.471912 0.023977 0.024670
0 0.351485 0.131913 0.023340 0.025037
0 0.508510 0.845005 0.018852 0.020400
0 0.018425 0.530440 0.021311 0.024123
0 0.438521 0.843783 0.017723 0.019629
0 0.454837 0.916283 0.019355 0.021145
0 0.128852 0.755665 0.015211 0.017808
0 0.434137 0.368041 0.023751 0.025272
0 0.721935 0.371556 0.020859 0.021525
