0 0.316281 0.513807 0.011610 0.015893
0 0.346807 0.443758 0.011385 0.015215
0 0.205655 0.566558 0.011264 0.014673
0 0.184330 0.537523 0.011493 0.015422
0 0.442550 0.658532 0.011972 0.015772
0 0.138297 0.524036 0.011746 0.015643
0 0.185644 0.570445 0.011458 0.015688
0 0.299024 0.483597 0.011848 0.015894
0 0.356879 0.439337 0.010435 0.014476
0 0.365236 0.505138 0.010756 0.014235
0 0.127406 0.507704 0.011978 0.016234
0 0.344539 0.643546 0.011367 0.015606
0 0.285380 0.496380 0.011188 0.015244
0 0.150939 0.517930 0.011742 0.015932
0 0.433174 0.669442 0.011616 0.015640
0 0.169591 0.533587 0.011597 0.015659
0 0.419040 0.586087 0.011549 0.015724
0 0.393835 0.596971 0.011422 0.015689
0 0.438306 0.502986 0.012268 0.017088
0 0.199363 0.873051 0.012745 0.017141
0 0.297761 0.454485 0.012114 0.016535
0 0.332194 0.642255 0.011460 0.014446
0 0.204420 0.589727 0.011521 0.015396
0 0.236630 0.600018 0.010772 0.014977
0 0.123744 0.537577 0.011584 0.016082
0 0.261952 0.529926 0.012086 0.014970
0 0.185311 0.362268 0.012902 0.017101
0 0.145072 0.475410 0.010937 0.014759
0 0.151963 0.605522 0.011643 0.015737
0 0.256887 0.480423 0.011426 0.015303
0 0.516819 0.512864 0.013182 0.017597
0 0.262906 0.433724 0.012526 0.016826
0 0.410396 0.661975 0.011352 0.014711
0 0.277040 0.464862 0.012243 0.016402
0 0.396905 0.569556 0.012263 0.015933
0 0.334952 0.454130 0.011911 0.016512
0 0.141844 0.579058 0.011533 0.015823
0 0.355753 0.457175 0.010525 0.014535
0 0.302261 0.511663 0.011181 0.015104
0 0.161239 0.326915 0.011788 0.015622
0 0.310753 0.633634 0.011752 0.015907
0 0.222987 0.939292 0.012721 0.017173
0 0.175155 0.604572 0.011662 0.014798
0 0.387664 0.509080 0.011895 0.015783
0 0.214419 0.346928 0.012318 0.016413
0 0.536029 0.422219 0.012969 0.017646
0 0.315480 0.614097 0.011299 0.015020
0 0.120647 0.774610 0.012702 0.017074
0 0.464272 0.683646 0.011488 0.015710
0 0.192633 0.580766 0.011821 0.015772
0 0.159399 0.585445 0.011343 0.015543
0 0.751810 0.427604 0.014381 0.019503
0 0.476642 0.452093 0.013223 0.017782
0 0.220418 0.287153 0.012126 0.016617
0 0.176973 0.482292 0.011888 0.016116
0 0.347752 0.465501 0.012019 0.015457
0 0.377969 0.672359 0.011479 0.015367
0 0.176883 0.921121 0.012295 0.016724
0 0.164026 0.889515 0.011349 0.015274
0 0.286894 0.575553 0.010601 0.014753
0 0.372071 0.599288 0.009966 0.014270
0 0.132794 0.591782 0.012334 0.016746
0 0.419104 0.657681 0.010867 0.014826
0 0.241863 0.529248 0.011011 0.015306
0 0.262210 0.550376 0.011280 0.014919
0 0.068632 0.463637 0.012965 0.017429
0 0.094621 0.554911 0.012610 0.017018
0 0.438426 0.615750 0.011615 0.015781
0 0.357315 0.515075 0.010478 0.013567
0 0.102416 0.682390 0.012463 0.016990
0 0.326314 0.544052 0.011398 0.015449
0 0.734996 0.419622 0.013386 0.018548
0 0.716496 0.446746 0.014030 0.018759
0 0.321672 0.632711 0.010769 0.015159
0 0.217754 0.543830 0.010392 0.014365
0 0.508564 0.606841 0.013076 0.017358
0 0.562380 0.410270 0.012621 0.017086
0 0.294157 0.518599 0.011354 0.015206
0 0.666714 0.535270 0.013326 0.017828
0 0.431342 0.515150 0.012101 0.017005
0 0.157638 0.621225 0.011166 0.015898
0 0.548923 0.429678 0.012780 0.016932
0 0.203307 0.551293 0.011711 0.015314
0 0.096509 0.660273 0.012541 0.016524
0 0.455070 0.489226 0.012575 0.017108
0 0.241491 0.485231 0.011532 0.016056
0 0.147338 0.624065 0.011587 0.015606
0 0.061350 0.443143 0.012447 0.016942
0 0.226970 0.561217 0.010661 0.014811
0 0.383960 0.407946 0.012369 0.016723
0 0.220131 0.910912 0.012228 0.017036
0 0.151798 0.900655 0.010928 0.014464
0 0.597427 0.531940 0.013555 0.018036
0 0.322581 0.418336 0.012532 0.016481
0 0.357370 0.611092 0.009207 0.013688
0 0.208818 0.904828 0.012231 0.016147
0 0.451699 0.648046 0.011498 0.015532
0 0.122595 0.794223 0.012483 0.016761
0 0.190379 0.894235 0.011843 0.015969
0 0.146703 0.346773 0.011326 0.015731
0 0.508580 0.560532 0.013360 0.017981
0 0.152609 0.841792 0.013709 0.018104
0 0.200512 0.106573 0.010866 0.015290
0 0.494239 0.517848 0.012143 0.016366
0 0.359511 0.429015 0.011073 0.015436
0 0.641276 0.553921 0.012802 0.017403
0 0.144112 0.490949 0.010535 0.014629
0 0.161232 0.476430 0.011435 0.015702
0 0.422631 0.622334 0.011361 0.015615
0 0.401828 0.685439 0.011229 0.015136
0 0.202908 0.944151 0.013097 0.017422
0 0.449970 0.718119 0.012478 0.016852
0 0.172670 0.882754 0.011373 0.015717
0 0.126086 0.749755 0.012497 0.017022
0 0.124048 0.710636 0.011910 0.016063
0 0.272014 0.522555 0.011011 0.014857
0 0.485633 0.399126 0.012771 0.017069
0 0.372488 0.444132 0.010100 0.013659
0 0.613878 0.566421 0.011412 0.015922
0 0.401167 0.612624 0.011338 0.015768
0 0.384102 0.275840 0.013315 0.018155
0 0.298790 0.371741 0.010364 0.014344
0 0.213316 0.863586 0.012774 0.017171
0 0.154749 0.921468 0.011425 0.015622
0 0.282846 0.344745 0.013050 0.017673
0 0.342349 0.552275 0.011078 0.014691
0 0.153397 0.877371 0.010862 0.015187
0 0.235723 0.614959 0.011651 0.014930
0 0.223688 0.532876 0.010482 0.014403
0 0.113089 0.833913 0.013437 0.017767
0 0.681885 0.508329 0.013641 0.017796
0 0.502915 0.491461 0.012720 0.016794
0 0.094134 0.290115 0.014754 0.019857
0 0.368269 0.612652 0.010644 0.014908
0 0.028478 0.415942 0.014814 0.020000
0 0.134470 0.916535 0.012307 0.016412
0 0.199899 0.267867 0.012093 0.016673
0 0.151064 0.335470 0.011369 0.015516
0 0.367189 0.482140 0.011180 0.015441
0 0.584360 0.417405 0.013041 0.017406
0 0.293979 0.584041 0.010284 0.013913
0 0.266146 0.598935 0.010063 0.013675
0 0.754022 0.280315 0.014382 0.019414
0 0.623731 0.565753 0.011588 0.015700
0 0.160793 0.910544 0.011061 0.015293
0 0.364482 0.296958 0.011027 0.014790
0 0.359919 0.623266 0.010965 0.015372
0 0.286205 0.372866 0.011189 0.015478
0 0.380756 0.374834 0.012398 0.016644
0 0.364864 0.307346 0.011259 0.015286
0 0.656655 0.453884 0.013139 0.017834
0 0.163304 0.606916 0.010944 0.015443
0 0.571752 0.607879 0.011785 0.016155
0 0.146883 0.871960 0.011000 0.013622
0 0.256971 0.602531 0.010210 0.013772
0 0.688618 0.035199 0.012006 0.016116
0 0.142482 0.981555 0.012674 0.017179
0 0.368574 0.666560 0.011602 0.014742
0 0.284171 0.593083 0.010045 0.013466
0 0.408862 0.631763 0.009776 0.014087
0 0.120208 0.272315 0.013012 0.017448
0 0.236867 0.305702 0.014666 0.019198
0 0.349736 0.507136 0.009653 0.012104
0 0.689627 0.340121 0.013909 0.018925
0 0.180064 0.847292 0.012436 0.017199
0 0.350223 0.577083 0.010080 0.013942
0 0.538697 0.599239 0.012709 0.017427
0 0.271176 0.542856 0.011033 0.014905
0 0.693750 0.260029 0.014342 0.019530
0 0.591160 0.256411 0.013382 0.017858
0 0.521738 0.296693 0.012769 0.017584
0 0.145520 0.709741 0.010707 0.014872
0 0.565577 0.600288 0.010421 0.013861
0 0.210789 0.110267 0.011369 0.015404
0 0.200344 0.915589 0.011586 0.015131
0 0.292002 0.600205 0.010444 0.013774
0 0.261816 0.600799 0.008458 0.013309
0 0.455772 0.444001 0.012384 0.016458
0 0.344166 0.614848 0.010428 0.014351
0 0.137684 0.876846 0.010535 0.014926
0 0.176993 0.640961 0.010110 0.014865
0 0.159772 0.700308 0.010398 0.014107
0 0.375891 0.452033 0.011043 0.015175
0 0.149201 0.874484 0.010781 0.015120
0 0.099785 0.246159 0.012335 0.016892
0 0.217145 0.299856 0.012642 0.017056
0 0.210021 0.261424 0.012720 0.016937
0 0.064431 0.880596 0.013594 0.018356
0 0.413597 0.636006 0.010867 0.014729
0 0.056509 0.774190 0.012842 0.017046
0 0.364653 0.610018 0.008277 0.012048
0 0.705359 0.372832 0.012991 0.017460
0 0.229791 0.344432 0.013213 0.017511
0 0.352954 0.067102 0.012474 0.017381
0 0.071561 0.921676 0.013008 0.017681
0 0.145089 0.879255 0.009449 0.012762
0 0.146950 0.933195 0.012366 0.016616
0 0.048944 0.603823 0.012903 0.017283
0 0.315670 0.772201 0.012601 0.016657
0 0.099259 0.260344 0.012876 0.016803
0 0.220545 0.545512 0.009161 0.014012
0 0.154632 0.709515 0.010582 0.014621
0 0.608889 0.465222 0.013114 0.017649
0 0.352287 0.505796 0.009462 0.011583
0 0.914118 0.377282 0.015659 0.020146
0 0.898119 0.389547 0.015953 0.021449
0 0.152044 0.373622 0.012286 0.016490
