0 0.197917 0.075103 0.005093 0.006790
0 0.043017 0.016718 0.003819 0.005093
0 0.215856 0.080504 0.004668 0.006224
0 0.156829 0.670525 0.004668 0.006224
0 0.236497 0.020576 0.005093 0.006790
0 0.103009 0.671039 0.005093 0.008488
0 0.143519 0.932356 0.006790 0.006224
0 0.246142 0.025720 0.005093 0.006790
0 0.211420 0.108282 0.005093 0.006224
0 0.075810 0.602623 0.004668 0.006224
0 0.114969 0.651235 0.005093 0.006790
0 0.157022 0.338992 0.005093 0.006790
0 0.486111 0.244342 0.005093 0.012449
0 0.250772 0.539095 0.005093 0.006790
0 0.237461 0.559414 0.006366 0.006224
0 0.510417 0.215021 0.005093 0.006790
0 0.205633 0.513632 0.006790 0.005093
0 0.529900 0.525206 0.006366 0.006790
0 0.151235 0.922068 0.005093 0.006224
0 0.399884 0.654578 0.004668 0.006224
0 0.560378 0.640432 0.006366 0.006790
0 0.375579 0.320473 0.004668 0.006790
0 0.501543 0.474537 0.004244 0.005093
0 0.491705 0.597222 0.004668 0.006790
0 0.208719 0.955247 0.004244 0.005658
0 0.467400 0.816615 0.004668 0.006224
0 0.196952 0.035237 0.004668 0.006224
0 0.430170 0.941615 0.006790 0.008488
0 0.669753 0.367027 0.005093 0.006224
0 0.113040 0.920010 0.005093 0.006224
0 0.227045 0.151749 0.006366 0.006790
0 0.582369 0.539352 0.004668 0.006224
0 0.722608 0.730967 0.003395 0.004527
0 0.372685 0.744084 0.004244 0.006224
0 0.667631 0.357510 0.004668 0.006790
0 0.631559 0.630916 0.005093 0.006224
0 0.412616 0.690844 0.004668 0.005658
0 0.489776 0.017747 0.003819 0.005093
0 0.128279 0.623714 0.003819 0.005093
0 0.687114 0.305813 0.005093 0.008488
0 0.520833 0.433128 0.005093 0.005658
0 0.506944 0.706019 0.004244 0.005093
0 0.670910 0.294753 0.005093 0.006790
0 0.611497 0.266975 0.005093 0.006790
0 0.381559 0.659465 0.004244 0.005658
0 0.245370 0.042181 0.005093 0.006790
0 0.536458 0.509002 0.003819 0.005093
0 0.548418 0.507716 0.003819 0.005658
0 0.592014 0.529321 0.004668 0.006790
0 0.147569 0.548611 0.006366 0.006224
0 0.196373 0.658179 0.005093 0.008488
0 0.692323 0.331276 0.002971 0.004527
0 0.529900 0.911008 0.004668 0.006790
0 0.557677 0.047582 0.004668 0.006224
0 0.372685 0.756687 0.005093 0.006790
0 0.223765 0.293210 0.004244 0.005658
0 0.060185 0.583591 0.004244 0.005093
0 0.530285 0.966564 0.004668 0.005658
0 0.473187 0.475566 0.006366 0.006224
0 0.047261 0.284208 0.003819 0.005093
0 0.074653 0.777263 0.002971 0.003395
0 0.581983 0.854938 0.004668 0.005658
0 0.730324 0.538837 0.003395 0.005093
0 0.683835 0.364455 0.006366 0.008488
0 0.146605 0.352366 0.003395 0.004527
0 0.415702 0.667953 0.003819 0.005093
0 0.634066 0.310185 0.003819 0.005658
0 0.131366 0.802469 0.006366 0.006790
0 0.519097 0.402778 0.003819 0.004527
0 0.478009 0.630916 0.006790 0.008488
0 0.155285 0.311986 0.006366 0.008488
0 0.689622 0.357767 0.006366 0.005093
0 0.645062 0.628858 0.002547 0.003961
0 0.674769 0.701646 0.004244 0.005658
0 0.177469 0.460905 0.004244 0.005658
0 0.079282 0.666924 0.003819 0.005093
0 0.346644 0.483025 0.003819 0.004527
0 0.563465 0.357510 0.003819 0.005658
0 0.658372 0.623200 0.003819 0.005093
0 0.096065 0.112140 0.003395 0.004527
0 0.460841 0.969650 0.004668 0.006790
0 0.206404 0.351337 0.005093 0.009053
0 0.989776 0.199588 0.003819 0.006790
0 0.438079 0.026492 0.003819 0.005093
0 0.676698 0.879372 0.003395 0.003961
0 0.821181 0.436986 0.004668 0.010751
0 0.701968 0.531636 0.004668 0.006224
0 0.271798 0.818930 0.007215 0.005658
0 0.227045 0.508488 0.003819 0.005093
0 0.738040 0.488169 0.004244 0.005658
0 0.192901 0.322016 0.004244 0.004527
0 0.703318 0.704218 0.004244 0.006790
0 0.312500 0.411523 0.004244 0.005658
0 0.989583 0.757202 0.003395 0.005658
0 0.546682 0.713992 0.006790 0.009053
0 0.382716 0.743570 0.005093 0.006224
0 0.106096 0.170525 0.003395 0.002829
0 0.153549 0.615226 0.003395 0.004527
0 0.596836 0.873200 0.003395 0.003961
0 0.629437 0.448817 0.003819 0.006224
0 0.600887 0.527263 0.003819 0.005658
0 0.602623 0.230195 0.004244 0.005093
0 0.570023 0.996399 0.003819 0.004527
0 0.090664 0.177212 0.003395 0.005093
0 0.589699 0.350309 0.002971 0.003395
0 0.501157 0.456019 0.003395 0.006224
0 0.894290 0.584619 0.004244 0.005093
0 0.281250 0.567901 0.005093 0.006790
0 0.146219 0.827675 0.004244 0.003395
0 0.518326 0.412294 0.003819 0.003961
0 0.210648 0.459362 0.004244 0.005658
0 0.222994 0.015689 0.001697 0.002829
0 0.176119 0.102109 0.004668 0.006224
0 0.707755 0.375257 0.003819 0.005093
0 0.240934 0.201132 0.004668 0.005658
0 0.617091 0.772891 0.004668 0.006224
0 0.016397 0.689300 0.002971 0.004527
0 0.905671 0.022119 0.003819 0.005658
0 0.596836 0.908179 0.003395 0.005093
0 0.741705 0.561214 0.003819 0.004527
0 0.697338 0.250000 0.004668 0.005658
0 0.383295 0.988426 0.001273 0.001697
0 0.716242 0.973765 0.002122 0.003395
0 0.414352 0.242798 0.003395 0.004527
0 0.535301 0.684928 0.003819 0.003961
0 0.066744 0.286780 0.001697 0.002829
0 0.621721 0.167438 0.004668 0.006224
0 0.081983 0.409722 0.002971 0.003961
0 0.597222 0.301183 0.003395 0.003961
0 0.137731 0.829218 0.002547 0.002264
0 0.948110 0.807099 0.003819 0.005658
0 0.735725 0.063014 0.004244 0.005093
0 0.230324 0.254372 0.005093 0.006224
0 0.227431 0.216307 0.004668 0.005093
0 0.609375 0.318158 0.006366 0.008488
0 0.604938 0.319959 0.003395 0.005658
0 0.628279 0.786780 0.003819 0.006224
0 0.633102 0.786780 0.005093 0.006224
0 0.006944 0.544753 0.004244 0.005658
0 0.006752 0.912809 0.002971 0.003961
0 0.574267 0.061471 0.003819 0.005093
0 0.215278 0.307613 0.004244 0.005658
0 0.167631 0.847737 0.004668 0.005658
0 0.170525 0.206276 0.005093 0.006790
0 0.193480 0.121656 0.006366 0.006224
0 0.201003 0.125514 0.005093 0.009053
0 0.171103 0.266975 0.006366 0.006790
0 0.217400 0.889403 0.006366 0.006790
0 0.492670 0.891461 0.009337 0.006790
0 0.566937 0.895833 0.006366 0.006224
