0 0.612654 0.350051 0.005093 0.006224
0 0.212770 0.484825 0.004668 0.006224
0 0.393904 0.329218 0.004244 0.006790
0 0.581404 0.368827 0.004244 0.009053
0 0.403935 0.224280 0.004244 0.005658
0 0.380594 0.047840 0.003819 0.005658
0 0.332948 0.002572 0.004244 0.004527
0 0.542631 0.259259 0.006366 0.006790
0 0.573688 0.536523 0.004244 0.005658
0 0.591435 0.306584 0.004244 0.005658
0 0.691358 0.600566 0.003395 0.006224
0 0.629244 0.071245 0.004244 0.006224
0 0.272955 0.031893 0.003819 0.005658
0 0.668789 0.308385 0.003819 0.005093
0 0.540702 0.390947 0.003819 0.005658
0 0.621914 0.559671 0.004244 0.005658
0 0.513310 0.065329 0.003819 0.005658
0 0.513696 0.016975 0.003819 0.005658
0 0.634259 0.018261 0.007638 0.009619
0 0.612654 0.522891 0.003395 0.005093
0 0.818866 0.616512 0.004668 0.008488
0 0.666281 0.328447 0.004244 0.006224
0 0.949074 0.331019 0.004244 0.006224
0 0.934606 0.388632 0.003819 0.005093
0 0.322145 0.336163 0.004244 0.006224
0 0.521412 0.410751 0.003819 0.006224
0 0.660687 0.217078 0.003819 0.005658
0 0.893904 0.162037 0.003395 0.005658
0 0.934221 0.567130 0.003819 0.006224
0 0.926119 0.010031 0.006366 0.006224
0 0.886960 0.265432 0.003395 0.005658
0 0.627122 0.516975 0.003819 0.005658
0 0.394676 0.521091 0.004244 0.006790
0 0.461227 0.015432 0.004668 0.006790
0 0.256559 0.330504 0.004244 0.006224
0 0.673032 0.504115 0.003819 0.005658
0 0.549769 0.451646 0.003395 0.004527
0 0.478202 0.251543 0.004668 0.005658
0 0.992670 0.152006 0.004244 0.008488
0 0.701389 0.775206 0.003395 0.004527
0 0.502315 0.476080 0.004244 0.006224
0 0.669753 0.429270 0.004244 0.008488
0 0.654707 0.377058 0.003395 0.004527
0 0.896798 0.798611 0.003819 0.006224
0 0.639468 0.581790 0.006366 0.009053
0 0.653356 0.271605 0.004668 0.006790
0 0.784529 0.506687 0.002971 0.004527
0 0.618441 0.603138 0.004244 0.005093
0 0.524306 0.351595 0.004244 0.005093
0 0.630594 0.560185 0.003819 0.004527
0 0.896605 0.112912 0.004244 0.006224
0 0.710262 0.690844 0.004244 0.005658
0 0.382330 0.622942 0.003395 0.005658
0 0.599344 0.583848 0.003819 0.005658
0 0.551312 0.510288 0.004244 0.005658
0 0.603588 0.414866 0.003819 0.005093
0 0.926312 0.418210 0.004244 0.005658
0 0.969715 0.754630 0.003819 0.005658
0 0.649113 0.247685 0.003819 0.005093
0 0.664159 0.031636 0.003819 0.005093
0 0.849537 0.595679 0.003395 0.005658
0 0.696566 0.029835 0.004668 0.005658
0 0.721258 0.655607 0.003819 0.005093
0 0.962384 0.377572 0.003819 0.005658
0 0.617670 0.191872 0.004244 0.006790
0 0.618441 0.302984 0.004244 0.005658
0 0.665123 0.372942 0.003395 0.004527
0 0.367284 0.051440 0.003395 0.004527
0 0.500193 0.217593 0.004668 0.005658
0 0.479552 0.406379 0.004244 0.005658
0 0.635224 0.709105 0.003819 0.005093
0 0.809992 0.438014 0.003819 0.005093
0 0.515239 0.047068 0.002971 0.005093
0 0.616512 0.419239 0.004244 0.005658
0 0.859568 0.409208 0.004244 0.006224
0 0.625965 0.548868 0.003819 0.006790
0 0.679977 0.569959 0.003819 0.004527
0 0.703318 0.424640 0.004244 0.005093
0 0.584877 0.157665 0.003395 0.005093
0 0.968943 0.638889 0.003819 0.006790
0 0.718750 0.752572 0.003395 0.004527
0 0.859182 0.232510 0.004244 0.005658
0 0.436728 0.616255 0.003395 0.004527
0 0.694252 0.414352 0.006366 0.006224
0 0.491898 0.570988 0.005093 0.005658
0 0.516011 0.541409 0.004668 0.008488
0 0.535687 0.002058 0.003819 0.004527
0 0.563272 0.105710 0.004244 0.006224
0 0.554398 0.111626 0.004244 0.006790
0 0.620949 0.135802 0.004668 0.006790
0 0.719329 0.167438 0.004668 0.008488
0 0.874421 0.072788 0.004668 0.008488
0 0.885802 0.291409 0.005093 0.008488
0 0.548032 0.426955 0.004668 0.005658
0 0.998650 0.337706 0.002971 0.008488
0 0.994985 0.322274 0.005093 0.008488
0 0.662423 0.655607 0.005093 0.008488
0 0.580826 0.596451 0.008063 0.013014
0 0.593943 0.332819 0.006366 0.005658
0 0.444637 0.616512 0.004668 0.006224
