0 0.074653 0.796039 0.003472 0.004630
0 0.152778 0.162551 0.003086 0.005144
0 0.059799 0.109053 0.004630 0.006173
0 0.074653 0.337706 0.003472 0.004630
0 0.161458 0.110597 0.003472 0.005144
0 0.072917 0.400977 0.003086 0.004630
0 0.081404 0.358539 0.003086 0.004115
0 0.020640 0.840792 0.003472 0.005658
0 0.096836 0.359825 0.003086 0.004630
0 0.002508 0.341564 0.003472 0.005144
0 0.090278 0.733796 0.003086 0.004630
0 0.080440 0.892233 0.003472 0.005658
0 0.043981 0.120113 0.003086 0.004630
0 0.028164 0.253601 0.003858 0.004115
0 0.096258 0.828189 0.003472 0.005144
0 0.066937 0.089763 0.003472 0.003601
0 0.050926 0.247685 0.003086 0.004630
0 0.137539 0.340021 0.003472 0.005144
0 0.035301 0.380144 0.003472 0.005144
0 0.200039 0.204218 0.003472 0.005144
0 0.010610 0.381687 0.003472 0.005144
0 0.035687 0.494084 0.003472 0.004630
0 0.033565 0.080504 0.003086 0.004630
0 0.034144 0.330504 0.003472 0.004630
0 0.099344 0.796811 0.003472 0.005144
0 0.129051 0.180813 0.003472 0.004630
0 0.035301 0.631173 0.003472 0.004115
0 0.341435 0.962191 0.003858 0.005658
0 0.714506 0.786780 0.004630 0.009774
0 0.082948 0.107767 0.003858 0.004630
0 0.009452 0.096965 0.004244 0.005658
0 0.021605 0.816358 0.006173 0.006173
0 0.416088 0.556584 0.004244 0.006173
0 0.057870 0.318158 0.003086 0.004630
0 0.027199 0.272891 0.003472 0.003601
0 0.028742 0.851852 0.003472 0.005144
0 0.216435 0.429527 0.004630 0.005144
0 0.246142 0.431070 0.003086 0.004115
0 0.255787 0.098765 0.003858 0.005144
0 0.401042 0.180556 0.003472 0.005144
0 0.045139 0.399949 0.003086 0.004630
0 0.048997 0.571245 0.003086 0.004630
0 0.034722 0.152263 0.003086 0.004115
0 0.466821 0.204218 0.003086 0.005144
0 0.723958 0.679012 0.004244 0.006173
0 0.323302 0.263889 0.003086 0.005144
0 0.111111 0.168724 0.003858 0.005144
0 0.090664 0.759259 0.003858 0.005144
0 0.573110 0.888632 0.003472 0.005658
0 0.528742 0.101337 0.003472 0.005144
0 0.027585 0.449331 0.004244 0.004630
0 0.785494 0.079990 0.003858 0.005658
0 0.123457 0.098765 0.003086 0.004115
0 0.066937 0.715535 0.003472 0.004115
0 0.418210 0.946759 0.003858 0.005658
0 0.185378 0.347737 0.003472 0.005144
0 0.231481 0.041152 0.004630 0.006173
0 0.098765 0.523148 0.003086 0.005144
0 0.189622 0.044239 0.003472 0.005144
0 0.668210 0.609568 0.003086 0.005144
0 0.016782 0.263117 0.003472 0.004630
0 0.543981 0.796553 0.003858 0.004630
0 0.138889 0.055041 0.003086 0.005144
0 0.403742 0.331790 0.003472 0.005144
0 0.083719 0.212191 0.003086 0.003601
0 0.024884 0.477109 0.003472 0.004630
0 0.122106 0.222479 0.003472 0.003601
0 0.747492 0.816615 0.003472 0.004630
0 0.481867 0.361883 0.003086 0.005658
0 0.100502 0.775463 0.003472 0.004630
0 0.088349 0.286008 0.003086 0.003086
0 0.028356 0.178755 0.003472 0.004630
0 0.087770 0.297840 0.003472 0.004115
0 0.095486 0.665123 0.004244 0.004115
0 0.221644 0.422582 0.004244 0.008745
0 0.115355 0.118570 0.003086 0.004630
0 0.503086 0.361883 0.003086 0.004630
0 0.911844 0.836420 0.003472 0.005144
0 0.137924 0.170525 0.003472 0.003601
0 0.754051 0.752572 0.003472 0.005144
0 0.103974 0.647377 0.003472 0.004630
0 0.059028 0.501029 0.003858 0.005144
0 0.606867 0.233282 0.003086 0.004630
0 0.069059 0.183385 0.003086 0.004630
0 0.298418 0.111111 0.003472 0.004115
0 0.408179 0.095422 0.004630 0.008745
0 0.411073 0.248457 0.003472 0.004115
0 0.057292 0.918210 0.003472 0.005144
0 0.213735 0.616770 0.003086 0.004115
0 0.224151 0.190072 0.003086 0.004630
0 0.176505 0.084105 0.003472 0.004630
0 0.220100 0.461677 0.003472 0.005658
0 0.134066 0.075874 0.005787 0.005658
0 0.001929 0.161523 0.003858 0.004115
0 0.003472 0.355195 0.003858 0.004630
0 0.004823 0.292953 0.003472 0.004630
0 0.143519 0.121914 0.003086 0.004115
0 0.102623 0.737397 0.003086 0.003601
0 0.161844 0.244856 0.003472 0.004115
0 0.155864 0.233796 0.004630 0.005658
0 0.114390 0.707562 0.003472 0.004630
0 0.636574 0.580247 0.003086 0.005144
0 0.137731 0.090278 0.003086 0.004630
0 0.127122 0.122942 0.003472 0.004115
0 0.315586 0.179012 0.003086 0.004115
0 0.762924 0.824846 0.003472 0.005658
0 0.225116 0.091049 0.002701 0.004115
0 0.597222 0.278807 0.002315 0.004115
0 0.208140 0.610597 0.003472 0.004115
0 0.423611 0.241770 0.003858 0.004115
0 0.376350 0.306842 0.003472 0.005658
0 0.876157 0.952160 0.004630 0.006173
0 0.119792 0.324846 0.002701 0.003601
0 0.006559 0.939300 0.003086 0.004115
0 0.542438 0.590021 0.003086 0.005144
0 0.303819 0.043724 0.003472 0.004115
0 0.090471 0.310957 0.003472 0.004630
0 0.615355 0.213477 0.003086 0.005144
0 0.152778 0.502315 0.003858 0.004630
0 0.016397 0.116512 0.003472 0.004630
0 0.051505 0.292953 0.003472 0.004630
0 0.035494 0.282665 0.003086 0.003601
0 0.690972 0.189300 0.003086 0.005144
0 0.839506 0.753086 0.003858 0.005144
0 0.122685 0.237140 0.003086 0.004115
0 0.154900 0.185700 0.003472 0.004115
0 0.089506 0.099023 0.002315 0.003601
0 0.957369 0.076132 0.003472 0.005144
0 0.373457 0.246914 0.003086 0.005144
0 0.103395 0.084619 0.003858 0.003601
0 0.886574 0.982253 0.003086 0.004630
0 0.575424 0.058385 0.003472 0.004630
0 0.345100 0.157150 0.006559 0.007716
0 0.643326 0.179012 0.003472 0.005144
0 0.210455 0.073302 0.003472 0.004630
0 0.127894 0.241770 0.002701 0.004115
0 0.673997 0.883230 0.003858 0.004115
0 0.283372 0.223765 0.003472 0.005144
0 0.306906 0.628858 0.003472 0.004630
0 0.367477 0.698302 0.003472 0.005658
0 0.253279 0.123457 0.002701 0.004115
0 0.165316 0.047840 0.005787 0.008230
0 0.872106 0.422840 0.003472 0.005144
0 0.582369 0.342850 0.003472 0.004630
0 0.942901 0.930298 0.003086 0.004630
0 0.489776 0.205761 0.003472 0.004115
0 0.414545 0.264918 0.003472 0.005144
0 0.057870 0.551440 0.003086 0.004115
0 0.600116 0.336420 0.003472 0.005144
0 0.486111 0.089249 0.003086 0.004630
0 0.744792 0.182870 0.003472 0.005658
0 0.213735 0.105195 0.003086 0.004630
0 0.258873 0.074588 0.003086 0.004115
0 0.126157 0.329218 0.003086 0.004115
0 0.295910 0.174383 0.003086 0.005144
0 0.047840 0.894547 0.003858 0.004115
0 0.098573 0.101337 0.002701 0.004115
0 0.072338 0.129115 0.003472 0.004115
0 0.583140 0.263117 0.003472 0.005658
0 0.981289 0.936214 0.003472 0.005144
0 0.831211 0.651749 0.002701 0.005144
0 0.878472 0.789866 0.003086 0.004630
0 0.950039 0.967335 0.004244 0.005658
0 0.847029 0.794753 0.002701 0.005144
0 0.155864 0.068416 0.003086 0.004115
0 0.115162 0.311728 0.003472 0.004115
0 0.090471 0.178241 0.003472 0.004630
0 0.242477 0.152778 0.006559 0.008230
0 0.093943 0.064815 0.003472 0.005144
0 0.987269 0.974537 0.003086 0.004630
0 0.056327 0.282407 0.003858 0.005144
0 0.081019 0.374228 0.003086 0.004630
0 0.199846 0.095936 0.003086 0.003601
0 0.406636 0.287809 0.003858 0.003601
0 0.833333 0.060700 0.003086 0.005144
0 0.987076 0.231224 0.003472 0.005658
0 0.445988 0.411265 0.003086 0.005658
0 0.497299 0.178241 0.003086 0.005658
0 0.100502 0.232253 0.003472 0.004630
0 0.524306 0.074331 0.003858 0.004630
0 0.549576 0.178498 0.003472 0.004115
0 0.997685 0.992027 0.003858 0.007716
0 0.141590 0.371914 0.003086 0.004115
0 0.108025 0.076903 0.002315 0.004630
0 0.039545 0.103138 0.003472 0.004630
0 0.908372 0.663580 0.003472 0.006173
0 0.744406 0.555041 0.003472 0.005144
0 0.784336 0.833591 0.003086 0.004630
0 0.134645 0.129372 0.003086 0.004630
0 0.040123 0.199331 0.003858 0.004630
0 0.811728 0.077418 0.003086 0.004630
0 0.498650 0.754372 0.003472 0.004630
0 0.146798 0.492284 0.005787 0.004115
0 0.086420 0.195988 0.003858 0.004115
0 0.060185 0.208848 0.003086 0.004115
0 0.065201 0.130144 0.003086 0.004115
0 0.611497 0.185442 0.003858 0.004630
0 0.168789 0.104938 0.003472 0.004115
0 0.508295 0.307870 0.003472 0.004630
0 0.341821 0.623971 0.003086 0.005144
0 0.126157 0.071502 0.003858 0.004115
0 0.736111 0.819187 0.003086 0.004630
0 0.604745 0.352881 0.003472 0.004115
0 0.798611 0.547840 0.003086 0.005144
0 0.022377 0.058642 0.004630 0.004115
0 0.012731 0.072274 0.003858 0.004630
0 0.015239 0.067901 0.003472 0.004115
0 0.060378 0.052726 0.003472 0.002572
0 0.060764 0.058385 0.003472 0.004630
0 0.077739 0.085134 0.004244 0.004630
0 0.085262 0.093621 0.003858 0.004115
0 0.104745 0.103138 0.003472 0.004630
0 0.122685 0.113683 0.003858 0.005144
0 0.140046 0.097737 0.003858 0.005144
0 0.140818 0.107767 0.003086 0.004630
0 0.187886 0.095936 0.003086 0.004630
0 0.190972 0.098251 0.002315 0.003086
0 0.255787 0.060185 0.003086 0.004115
0 0.324653 0.104424 0.003472 0.005144
0 0.350309 0.120628 0.003858 0.004630
0 0.184414 0.110082 0.002315 0.004115
0 0.121528 0.144290 0.003086 0.004630
0 0.087577 0.155607 0.003858 0.005658
0 0.067901 0.171039 0.003858 0.005658
0 0.061343 0.167953 0.003086 0.004630
0 0.035880 0.135802 0.003086 0.004115
0 0.040123 0.207819 0.003858 0.005144
0 0.083140 0.188529 0.002701 0.004630
0 0.086998 0.185957 0.002701 0.003601
0 0.133295 0.163580 0.002701 0.005144
0 0.133873 0.197274 0.003858 0.005658
0 0.140625 0.186986 0.003472 0.004630
0 0.147184 0.191872 0.003472 0.005144
0 0.170332 0.172582 0.001929 0.002572
0 0.210648 0.148148 0.003858 0.005144
0 0.188272 0.218879 0.003858 0.004630
0 0.283951 0.261060 0.003858 0.005658
0 0.381752 0.240998 0.004244 0.005658
0 0.413966 0.228652 0.003858 0.005658
0 0.440201 0.229167 0.003858 0.005658
0 0.392554 0.280864 0.003472 0.005144
0 0.421103 0.288580 0.003472 0.005144
0 0.108218 0.229167 0.003472 0.004630
0 0.068480 0.231224 0.003472 0.003601
0 0.015818 0.290895 0.003858 0.004630
0 0.036265 0.312500 0.003858 0.004630
0 0.002122 0.322531 0.004244 0.005144
0 0.100116 0.244599 0.003472 0.004630
0 0.095486 0.245113 0.002701 0.004630
0 0.064236 0.386060 0.003472 0.004630
0 0.059606 0.383745 0.004244 0.004115
0 0.023727 0.416409 0.005787 0.004630
0 0.030671 0.417953 0.002701 0.004630
0 0.055363 0.457562 0.003472 0.004630
0 0.208912 0.416667 0.005787 0.004115
0 0.452160 0.399434 0.003858 0.005658
0 0.330054 0.474280 0.003472 0.005144
0 0.437307 0.523405 0.004244 0.005658
0 0.285880 0.364198 0.003858 0.005144
0 0.206597 0.320216 0.003472 0.005658
0 0.093750 0.554527 0.003858 0.005144
0 0.046875 0.548097 0.003472 0.004630
0 0.030671 0.544753 0.003472 0.005144
0 0.023534 0.553498 0.003858 0.005144
0 0.059414 0.619084 0.003858 0.004630
0 0.064043 0.617284 0.003858 0.005144
0 0.060957 0.624486 0.003858 0.005144
0 0.061535 0.654578 0.003472 0.004630
0 0.202932 0.636317 0.003858 0.005144
0 0.268133 0.667953 0.003086 0.004630
0 0.015625 0.716049 0.003472 0.005144
0 0.033758 0.772634 0.005787 0.006173
0 0.034144 0.778807 0.003472 0.004115
0 0.062307 0.897377 0.003472 0.004630
0 0.482639 0.947531 0.003858 0.005144
0 0.531057 0.873971 0.006559 0.006173
0 0.561921 0.718107 0.005787 0.009259
0 0.679398 0.908693 0.003858 0.005658
0 0.792438 0.885545 0.003086 0.004630
0 0.799383 0.884516 0.003086 0.003601
0 0.827932 0.897891 0.003858 0.004630
0 0.843750 0.970936 0.003086 0.003601
0 0.896798 0.940844 0.003472 0.005144
0 0.928819 0.928498 0.005787 0.006173
0 0.954475 0.946759 0.003086 0.004630
0 0.978588 0.909722 0.004244 0.005658
0 0.983796 0.888374 0.003086 0.006173
0 0.835455 0.798611 0.002701 0.005658
0 0.816937 0.831276 0.002701 0.004115
0 0.590471 0.513632 0.004244 0.005658
0 0.538194 0.526235 0.003858 0.006173
0 0.676505 0.545525 0.003472 0.005658
0 0.575039 0.617541 0.003472 0.004630
0 0.719907 0.540381 0.003858 0.005658
0 0.682485 0.624486 0.003858 0.006173
0 0.709105 0.697788 0.003858 0.005658
0 0.688850 0.717593 0.004244 0.005144
0 0.806906 0.655350 0.004244 0.006173
0 0.820795 0.659979 0.004244 0.006173
0 0.819637 0.649691 0.003472 0.005144
0 0.805170 0.638889 0.003086 0.005144
0 0.837963 0.622428 0.004630 0.006173
0 0.851273 0.622685 0.003472 0.004630
0 0.847994 0.646348 0.004630 0.007716
0 0.918596 0.699074 0.004630 0.008230
0 0.920525 0.658693 0.003858 0.007716
0 0.933063 0.651492 0.003472 0.007716
0 0.905285 0.770319 0.004244 0.007716
0 0.941358 0.823560 0.004630 0.008230
0 0.977431 0.694702 0.004244 0.008745
0 0.990741 0.656636 0.003858 0.007716
0 0.958526 0.700103 0.004244 0.006173
0 0.994792 0.599794 0.004244 0.006173
0 0.997878 0.568416 0.004244 0.008230
0 0.972801 0.587963 0.005787 0.009259
0 0.907022 0.564815 0.003858 0.008230
0 0.884645 0.561471 0.003858 0.007716
0 0.828318 0.591049 0.004630 0.006173
0 0.804784 0.571245 0.003858 0.007716
0 0.761767 0.548611 0.004244 0.007716
0 0.954475 0.514660 0.003858 0.005658
0 0.955247 0.493570 0.004630 0.008745
0 0.943094 0.474794 0.004244 0.008230
0 0.910687 0.492027 0.004244 0.008745
0 0.928627 0.427984 0.004630 0.006173
0 0.891782 0.421811 0.003472 0.006173
0 0.845486 0.435185 0.003472 0.005144
0 0.839892 0.447531 0.004630 0.006173
0 0.741127 0.439815 0.003858 0.006173
0 0.731867 0.384774 0.004630 0.006173
0 0.803048 0.525463 0.008102 0.007716
0 0.781443 0.412809 0.004244 0.005658
0 0.686921 0.459105 0.004244 0.007716
0 0.616705 0.403035 0.004244 0.005658
0 0.518326 0.428498 0.004244 0.006173
0 0.494406 0.390432 0.004244 0.005144
0 0.578318 0.474794 0.004630 0.006173
0 0.925733 0.084619 0.004244 0.007716
0 0.962191 0.126029 0.004630 0.008230
0 0.876350 0.122428 0.004244 0.006173
0 0.070023 0.629115 0.005787 0.006173
0 0.590085 0.212963 0.002701 0.004115
0 0.700231 0.251800 0.003086 0.004630
0 0.538580 0.162037 0.003858 0.006173
0 0.539738 0.202675 0.003086 0.005144
0 0.520448 0.240741 0.003086 0.004115
0 0.501736 0.259259 0.003472 0.004115
0 0.580054 0.087963 0.003472 0.004115
0 0.796682 0.068416 0.003858 0.005144
0 0.557677 0.055813 0.002701 0.004630
0 0.764468 0.637860 0.003472 0.005144
0 0.537616 0.043724 0.003472 0.003086
0 0.902006 0.201646 0.003086 0.005144
0 0.001157 0.720422 0.002315 0.004630
0 0.617091 0.093621 0.003472 0.004115
0 0.786073 0.852881 0.003472 0.004115
0 0.640818 0.330504 0.003858 0.004630
0 0.515046 0.278035 0.002315 0.004630
0 0.750965 0.168724 0.003472 0.004115
0 0.751157 0.216307 0.003086 0.004630
0 0.796103 0.839249 0.002701 0.004630
0 0.466435 0.147634 0.004630 0.004115
0 0.588156 0.072016 0.003472 0.004115
0 0.841049 0.044753 0.003086 0.005144
0 0.690586 0.168210 0.003858 0.004115
0 0.540895 0.303498 0.003858 0.003086
0 0.619406 0.240226 0.003472 0.004115
0 0.829668 0.835134 0.006559 0.007716
0 0.734954 0.159208 0.003086 0.004630
0 0.696566 0.090021 0.003472 0.005144
0 0.095679 0.373971 0.003858 0.004115
0 0.500193 0.217335 0.004244 0.004630
0 0.609954 0.077932 0.003086 0.004630
0 0.806713 0.046039 0.003858 0.005658
0 0.510224 0.155093 0.003472 0.004630
0 0.514468 0.293210 0.002701 0.004115
0 0.756559 0.096451 0.003086 0.004630
0 0.693866 0.153035 0.003472 0.005658
0 0.819059 0.091821 0.003086 0.004630
0 0.790895 0.800154 0.003086 0.004630
0 0.590856 0.343364 0.003472 0.004630
0 0.976659 0.301183 0.002701 0.004630
0 0.740741 0.238940 0.003086 0.004630
0 0.664545 0.075103 0.003472 0.004115
0 0.844715 0.058899 0.003472 0.005658
0 0.144869 0.190072 0.001157 0.004630
0 0.585069 0.080247 0.002701 0.005144
0 0.049190 0.057613 0.003472 0.005144
0 0.055363 0.169753 0.005787 0.005144
0 0.084491 0.088220 0.003858 0.004630
0 0.537809 0.049383 0.003086 0.003086
0 0.538966 0.060700 0.003858 0.005144
0 0.821952 0.831019 0.004244 0.007716
0 0.540509 0.292181 0.003858 0.005144
0 0.578897 0.311214 0.004244 0.006173
0 0.582948 0.302469 0.003858 0.005144
0 0.540509 0.343879 0.003086 0.005658
0 0.719329 0.323817 0.003472 0.005658
0 0.672068 0.281379 0.003858 0.005144
0 0.665895 0.254115 0.002315 0.005144
0 0.670139 0.252572 0.003086 0.005144
0 0.609182 0.118313 0.003858 0.005144
0 0.716821 0.104424 0.003858 0.006173
0 0.750193 0.066101 0.004244 0.005658
0 0.729938 0.045525 0.004630 0.004630
0 0.729360 0.052726 0.004244 0.005658
0 0.836998 0.087706 0.003472 0.004630
0 0.840664 0.091307 0.003086 0.004630
0 0.849730 0.115226 0.003472 0.005144
0 0.799769 0.103395 0.004630 0.005144
0 0.794174 0.119084 0.004244 0.005658
0 0.766975 0.114455 0.003858 0.005658
0 0.757330 0.111111 0.003858 0.005144
0 0.897377 0.106481 0.003858 0.006173
0 0.867477 0.165381 0.004244 0.005658
0 0.884259 0.153807 0.004630 0.009259
0 0.967014 0.175412 0.004244 0.005144
0 0.968557 0.181070 0.002701 0.005144
