0 0.136188 0.036265 0.004630 0.009774
0 0.050926 0.828961 0.004630 0.007716
0 0.105710 0.641461 0.003858 0.005144
0 0.332562 0.085905 0.003858 0.006173
0 0.051119 0.953189 0.005787 0.009259
0 0.168789 0.066101 0.003472 0.004630
0 0.088927 0.680813 0.003472 0.004630
0 0.442130 0.018261 0.003086 0.004630
0 0.425926 0.039866 0.003858 0.005658
0 0.175733 0.002572 0.003472 0.005144
0 0.317323 0.190586 0.003472 0.004630
0 0.299576 0.039352 0.003472 0.004630
0 0.268133 0.045010 0.003086 0.004630
0 0.016590 0.951646 0.003858 0.005144
0 0.603009 0.577675 0.006173 0.006173
0 0.270255 0.265689 0.003472 0.004630
0 0.207176 0.102881 0.003086 0.005144
0 0.064622 0.850823 0.003472 0.004115
0 0.369599 0.454733 0.003086 0.004115
0 0.080633 0.627572 0.003858 0.006173
0 0.527585 0.225566 0.003472 0.005658
0 0.427855 0.317130 0.003858 0.004630
0 0.363040 0.180041 0.003086 0.004115
0 0.548418 0.263117 0.005787 0.004630
0 0.606096 0.247942 0.003858 0.005144
0 0.371142 0.289352 0.003086 0.004630
0 0.238812 0.081790 0.004630 0.006173
0 0.136574 0.741512 0.003086 0.004630
0 0.256752 0.047840 0.003472 0.005144
0 0.667245 0.068416 0.003472 0.006173
0 0.141590 0.966049 0.003858 0.004115
0 0.260417 0.002572 0.003086 0.005144
0 0.403935 0.138889 0.003086 0.005144
0 0.535301 0.164352 0.003472 0.004630
0 0.388696 0.650206 0.003472 0.005144
0 0.306906 0.231739 0.003472 0.005658
0 0.526427 0.433899 0.003472 0.005658
0 0.435571 0.081019 0.003086 0.005658
0 0.628858 0.055813 0.003086 0.004630
0 0.095293 0.132973 0.003858 0.004630
0 0.044560 0.768776 0.003472 0.004630
0 0.009066 0.971708 0.003472 0.005144
0 0.470872 0.285237 0.003472 0.004630
0 0.184221 0.074588 0.003472 0.005144
0 0.598958 0.536008 0.005787 0.006173
0 0.549190 0.163066 0.003472 0.005144
0 0.528549 0.693416 0.003086 0.005144
0 0.352816 0.837706 0.003472 0.004630
0 0.271412 0.164095 0.005787 0.008230
0 0.623264 0.339506 0.003472 0.005144
0 0.392554 0.798868 0.004244 0.004115
0 0.449267 0.303241 0.004244 0.008745
0 0.417052 0.241770 0.003086 0.005144
0 0.326582 0.964249 0.003472 0.004630
0 0.655478 0.190329 0.003858 0.005144
0 0.401042 0.185957 0.003472 0.004630
0 0.471065 0.329733 0.003086 0.005144
0 0.486690 0.271862 0.003472 0.004630
0 0.369792 0.217335 0.003472 0.004630
0 0.519676 0.456533 0.003086 0.004630
0 0.296875 0.201903 0.004244 0.007716
0 0.432485 0.175926 0.003086 0.004115
0 0.318287 0.718364 0.003858 0.007716
0 0.380594 0.893261 0.003472 0.004630
0 0.423804 0.296811 0.003472 0.005144
0 0.251350 0.085391 0.005787 0.005144
0 0.383681 0.455247 0.003472 0.004115
0 0.411458 0.597737 0.003472 0.005144
0 0.501350 0.076646 0.003472 0.005144
0 0.666667 0.158179 0.003086 0.004630
0 0.582755 0.370370 0.003472 0.004115
0 0.309799 0.346193 0.003086 0.004115
0 0.497878 0.377058 0.003472 0.005144
0 0.642940 0.223251 0.003472 0.006173
0 0.264082 0.220936 0.003472 0.004630
0 0.340664 0.439300 0.003086 0.005144
0 0.538387 0.317644 0.003472 0.004630
0 0.512539 0.074588 0.003472 0.005144
0 0.217400 0.089249 0.002701 0.004630
0 0.416474 0.110082 0.003472 0.005144
0 0.029900 0.887860 0.003472 0.004115
0 0.450617 0.574846 0.003086 0.004630
0 0.275849 0.373714 0.003858 0.004630
0 0.610918 0.336420 0.003472 0.005144
0 0.348573 0.178241 0.003472 0.004630
0 0.031829 0.835905 0.003472 0.005144
0 0.444830 0.552469 0.003086 0.005144
0 0.517168 0.320216 0.003472 0.004630
0 0.157600 0.068673 0.002701 0.004630
0 0.404707 0.539095 0.003086 0.006173
0 0.100694 0.158436 0.003086 0.004115
0 0.431713 0.150206 0.003086 0.004115
0 0.446566 0.515432 0.003472 0.005144
0 0.371914 0.262346 0.003086 0.004115
0 0.670332 0.088735 0.003472 0.005658
0 0.489776 0.230453 0.003472 0.004115
0 0.345293 0.907922 0.003858 0.005144
0 0.406829 0.224280 0.003472 0.005144
0 0.396219 0.439815 0.003086 0.004115
0 0.514275 0.143776 0.003086 0.004630
0 0.483603 0.579733 0.003472 0.005144
0 0.449267 0.430556 0.003472 0.004115
0 0.466435 0.240998 0.003086 0.004630
0 0.561150 0.043724 0.003472 0.004115
0 0.454861 0.168981 0.004630 0.007716
0 0.391204 0.357510 0.003858 0.005144
0 0.477045 0.273920 0.003472 0.004630
0 0.590664 0.282922 0.003086 0.005144
0 0.056520 0.866255 0.003472 0.005144
0 0.434028 0.427726 0.003858 0.004630
0 0.460262 0.028549 0.003086 0.005658
0 0.690201 0.026235 0.003086 0.005144
0 0.492670 0.163323 0.003858 0.004630
0 0.502508 0.219650 0.003472 0.004115
0 0.471065 0.481224 0.003086 0.004630
0 0.547840 0.389403 0.003858 0.005144
0 0.581983 0.319702 0.002701 0.003601
0 0.369213 0.391975 0.003858 0.004115
0 0.612269 0.381430 0.003086 0.005658
0 0.628858 0.208848 0.003858 0.005144
0 0.438272 0.242284 0.003086 0.005144
0 0.212384 0.050154 0.003472 0.004630
0 0.205633 0.083591 0.003086 0.003601
0 0.280671 0.336677 0.003472 0.004630
0 0.295910 0.961934 0.003086 0.004115
0 0.538194 0.527006 0.003086 0.004630
0 0.213349 0.134516 0.003086 0.003601
0 0.490548 0.316101 0.003472 0.004630
0 0.531636 0.477881 0.003858 0.005144
0 0.249035 0.147634 0.003472 0.004115
0 0.123264 0.684414 0.002701 0.003601
0 0.326196 0.020319 0.002701 0.004630
0 0.313465 0.868056 0.003472 0.004630
0 0.542052 0.157922 0.003086 0.004115
0 0.508295 0.284465 0.003472 0.005144
0 0.145448 0.449331 0.003086 0.004630
0 0.594522 0.184156 0.003858 0.005144
0 0.398727 0.159722 0.003472 0.004630
0 0.499614 0.263117 0.003086 0.003601
0 0.361690 0.074074 0.003472 0.004115
0 0.483989 0.211163 0.002701 0.003601
0 0.396605 0.346451 0.003086 0.004630
0 0.353974 0.302212 0.003472 0.004630
0 0.543596 0.031636 0.003858 0.004630
0 0.509259 0.126029 0.004630 0.004115
0 0.601659 0.328704 0.003472 0.005144
0 0.358989 0.424897 0.002701 0.004115
0 0.565779 0.042953 0.002701 0.004630
0 0.635224 0.197016 0.003472 0.004115
0 0.162230 0.998714 0.003472 0.002572
0 0.616705 0.276235 0.002701 0.004115
0 0.220872 0.134774 0.003472 0.004115
0 0.667438 0.177984 0.003858 0.005144
0 0.494406 0.227109 0.005787 0.004630
0 0.288387 0.972479 0.006559 0.008745
0 0.177276 0.718621 0.004244 0.005144
0 0.454668 0.177984 0.005787 0.008230
0 0.468750 0.855453 0.003858 0.005144
0 0.450810 0.739455 0.004244 0.005658
0 0.375579 0.854681 0.004244 0.005658
0 0.531443 0.641718 0.004244 0.005658
0 0.507909 0.498971 0.004244 0.006173
0 0.233603 0.259002 0.004244 0.005658
0 0.263117 0.291409 0.003086 0.004630
0 0.354167 0.354424 0.003858 0.005144
0 0.460069 0.270319 0.004244 0.005658
0 0.388696 0.113169 0.003472 0.004115
0 0.395448 0.122428 0.003858 0.005144
0 0.382137 0.125514 0.003472 0.003086
0 0.379051 0.123714 0.002701 0.004630
0 0.563465 0.249486 0.004244 0.006173
0 0.665316 0.173611 0.004244 0.005658
0 0.686921 0.108796 0.003472 0.003601
0 0.665895 0.125257 0.002315 0.003601
