0 0.993827 0.198560 0.003086 0.006173
0 0.862654 0.195988 0.003086 0.005144
0 0.987269 0.038837 0.004630 0.007716
0 0.768326 0.111626 0.004244 0.006173
0 0.786073 0.050412 0.004244 0.008230
0 0.801698 0.083848 0.003858 0.006173
0 0.785687 0.157922 0.003472 0.005144
0 0.834684 0.034465 0.003472 0.003086
0 0.811150 0.171811 0.004244 0.006173
0 0.886574 0.111368 0.006944 0.008745
0 0.666281 0.081533 0.003086 0.004630
0 0.940586 0.065586 0.002315 0.003601
0 0.819059 0.153549 0.004630 0.005658
0 0.901427 0.034465 0.003472 0.005144
0 0.695988 0.177212 0.006173 0.005658
0 0.675540 0.565586 0.003086 0.002572
0 0.815394 0.046039 0.003472 0.004630
0 0.851852 0.092850 0.004630 0.007716
0 0.792052 0.093364 0.003086 0.003601
0 0.833912 0.067901 0.002701 0.003086
0 0.866705 0.185185 0.002701 0.004115
0 0.837191 0.052984 0.003086 0.004115
0 0.996721 0.045267 0.002701 0.005144
0 0.991898 0.059671 0.003086 0.004115
0 0.994213 0.037551 0.003086 0.002058
0 0.993827 0.041152 0.002315 0.004115
