0 0.464892 0.367027 0.006790 0.008488
0 0.582562 0.351595 0.005093 0.008488
0 0.527392 0.116255 0.005093 0.006790
0 0.440586 0.508230 0.005093 0.006790
0 0.519290 0.329733 0.006790 0.010185
0 0.182677 0.572016 0.006366 0.006790
0 0.631559 0.422840 0.005093 0.006790
0 0.591242 0.370370 0.007215 0.010185
0 0.434414 0.485340 0.006790 0.008488
0 0.641782 0.368313 0.007215 0.010185
0 0.677855 0.433385 0.005093 0.006224
0 0.437114 0.455504 0.006790 0.008488
0 0.483796 0.056327 0.005093 0.008488
0 0.330633 0.249743 0.006790 0.008488
0 0.605324 0.405607 0.006790 0.009619
0 0.381173 0.032407 0.005093 0.005658
0 0.103202 0.056584 0.004668 0.005658
0 0.112654 0.217078 0.005093 0.006790
0 0.566744 0.358539 0.006790 0.010185
0 0.740162 0.256687 0.008063 0.012449
0 0.021412 0.194959 0.007215 0.010185
0 0.447917 0.302469 0.007638 0.009053
0 0.171489 0.543210 0.006366 0.009053
0 0.351659 0.384259 0.006366 0.009053
0 0.596258 0.394290 0.004668 0.006224
0 0.094715 0.653549 0.003819 0.008488
0 0.076582 0.692130 0.002971 0.005093
0 0.568866 0.369599 0.006366 0.008488
0 0.157600 0.391204 0.003819 0.003961
0 0.497106 0.861626 0.002971 0.003395
0 0.257716 0.632716 0.006790 0.009053
0 0.237269 0.625257 0.005093 0.008488
0 0.009259 0.712706 0.007638 0.010751
0 0.289738 0.030864 0.004244 0.005658
0 0.072145 0.004630 0.006790 0.009053
