0 0.746582 0.222656 0.004883 0.007812
0 0.329102 0.214844 0.005859 0.007812
0 0.348145 0.018880 0.004883 0.006510
0 0.485840 0.809896 0.004883 0.007812
0 0.653809 0.110677 0.004883 0.007812
0 0.023926 0.952474 0.006836 0.009115
0 0.175781 0.547526 0.003906 0.006510
0 0.345215 0.078125 0.004883 0.005208
0 0.497070 0.057292 0.003906 0.005208
0 0.283203 0.024740 0.003906 0.005208
0 0.221680 0.079427 0.003906 0.005208
0 0.175293 0.180339 0.004883 0.006510
0 0.173340 0.507161 0.004883 0.006510
0 0.532715 0.205729 0.004883 0.007812
0 0.260742 0.044271 0.003906 0.005208
0 0.275879 0.284505 0.004883 0.006510
0 0.625977 0.063802 0.003906 0.005208
0 0.365234 0.076823 0.005859 0.005208
0 0.383301 0.786458 0.004883 0.007812
0 0.074707 0.761719 0.004883 0.007812
0 0.715332 0.095052 0.004883 0.007812
0 0.083008 0.308594 0.003906 0.005208
0 0.702148 0.164062 0.005859 0.007812
0 0.412598 0.420573 0.004883 0.007812
0 0.357422 0.339844 0.003906 0.005208
0 0.650391 0.194661 0.003906 0.006510
0 0.060547 0.329427 0.005859 0.005208
0 0.310547 0.173177 0.003906 0.005208
0 0.376465 0.539062 0.004883 0.007812
0 0.739746 0.320312 0.002930 0.005208
0 0.533203 0.003255 0.005859 0.006510
0 0.073730 0.096354 0.004883 0.007812
0 0.474121 0.373698 0.004883 0.005208
0 0.286133 0.184896 0.003906 0.007812
0 0.557129 0.240234 0.004883 0.006510
0 0.255859 0.461589 0.005859 0.006510
0 0.430664 0.158854 0.003906 0.005208
0 0.529785 0.870443 0.004883 0.006510
0 0.362793 0.102214 0.004883 0.009115
0 0.223633 0.282552 0.003906 0.005208
0 0.711914 0.226562 0.003906 0.005208
0 0.193359 0.199870 0.003906 0.006510
0 0.618652 0.064453 0.004883 0.006510
0 0.621094 0.744792 0.007812 0.005208
0 0.365723 0.164714 0.004883 0.006510
0 0.544922 0.423177 0.003906 0.005208
0 0.550781 0.089844 0.003906 0.005208
0 0.115234 0.316406 0.003906 0.005208
0 0.008789 0.672526 0.005859 0.009115
0 0.505371 0.660156 0.004883 0.005208
0 0.327148 0.308594 0.003906 0.005208
0 0.150391 0.098958 0.003906 0.007812
0 0.260742 0.382812 0.003906 0.005208
0 0.508789 0.117188 0.003906 0.005208
0 0.356445 0.290365 0.003906 0.005208
0 0.458008 0.162760 0.003906 0.002604
0 0.025391 0.721354 0.003906 0.007812
0 0.040039 0.381510 0.003906 0.005208
0 0.160156 0.591797 0.003906 0.006510
0 0.106934 0.383464 0.006836 0.009115
0 0.436523 0.180339 0.003906 0.003906
0 0.096680 0.901042 0.003906 0.005208
0 0.227539 0.292318 0.003906 0.006510
0 0.208008 0.028646 0.003906 0.005208
0 0.474121 0.102865 0.004883 0.005208
0 0.242676 0.219401 0.004883 0.006510
0 0.637207 0.144531 0.004883 0.005208
0 0.465820 0.144531 0.003906 0.005208
0 0.542969 0.216797 0.003906 0.006510
0 0.030273 0.229818 0.005859 0.006510
0 0.325195 0.436198 0.003906 0.005208
0 0.663574 0.011068 0.004883 0.006510
0 0.802734 0.397786 0.003906 0.006510
0 0.394531 0.278646 0.003906 0.005208
0 0.115234 0.973958 0.005859 0.007812
0 0.443848 0.082682 0.004883 0.009115
0 0.209473 0.269531 0.004883 0.005208
0 0.389160 0.206380 0.006836 0.009115
0 0.367188 0.206380 0.003906 0.006510
0 0.080566 0.092448 0.004883 0.005208
0 0.105469 0.813802 0.005859 0.007812
0 0.398438 0.261719 0.003906 0.005208
0 0.038086 0.282552 0.003906 0.005208
0 0.327148 0.344401 0.003906 0.006510
0 0.484375 0.057943 0.003906 0.006510
0 0.559570 0.073568 0.003906 0.006510
0 0.639648 0.167969 0.003906 0.005208
0 0.559082 0.082682 0.004883 0.006510
0 0.025391 0.712240 0.005859 0.007812
0 0.164551 0.219401 0.004883 0.006510
0 0.269531 0.238932 0.003906 0.006510
0 0.217285 0.501302 0.004883 0.005208
0 0.382812 0.299479 0.003906 0.005208
0 0.006348 0.594401 0.004883 0.006510
0 0.135254 0.268880 0.004883 0.009115
0 0.155273 0.348307 0.005859 0.006510
0 0.014648 0.580729 0.005859 0.007812
0 0.194336 0.138021 0.003906 0.005208
0 0.256836 0.192708 0.005859 0.007812
0 0.441895 0.540365 0.004883 0.013021
0 0.737793 0.259766 0.004883 0.006510
0 0.187012 0.100260 0.004883 0.005208
0 0.609375 0.102865 0.003906 0.005208
0 0.155273 0.098958 0.005859 0.005208
0 0.414062 0.123047 0.003906 0.009115
0 0.281906 0.231119 0.003671 0.006294
0 0.277316 0.230769 0.003934 0.005594
0 0.277054 0.236888 0.004458 0.005944
0 0.274956 0.208042 0.004983 0.006294
0 0.297902 0.207168 0.005769 0.006643
0 0.358398 0.482422 0.003906 0.006510
0 0.063477 0.377604 0.003906 0.005208
0 0.063965 0.383464 0.004883 0.006510
0 0.593262 0.124349 0.006836 0.006510
0 0.600586 0.114583 0.003906 0.005208
0 0.731445 0.044922 0.003906 0.006510
0 0.726562 0.042969 0.003906 0.007812
0 0.014160 0.500000 0.006836 0.005208
0 0.013672 0.505859 0.003906 0.006510
0 0.105469 0.583333 0.003906 0.007812
0 0.101562 0.580729 0.003906 0.007812
0 0.214355 0.825521 0.004883 0.007812
0 0.292480 0.785807 0.004883 0.006510
0 0.797852 0.245443 0.003906 0.006510
0 0.500000 0.227865 0.003906 0.005208
0 0.454590 0.747396 0.004883 0.005208
0 0.250000 0.283203 0.003906 0.006510
