0 0.097656 0.296224 0.003906 0.003906
0 0.105469 0.539714 0.003906 0.003906
0 0.238281 0.317057 0.003906 0.003906
0 0.972168 0.901693 0.002930 0.003906
0 0.060059 0.076823 0.002930 0.005208
0 0.283203 0.378255 0.003906 0.003906
0 0.497070 0.037109 0.001953 0.003906
0 0.019043 0.233724 0.002930 0.003906
0 0.263184 0.087891 0.002930 0.003906
0 0.439941 0.361328 0.002930 0.003906
0 0.325195 0.966146 0.003906 0.002604
0 0.404785 0.401693 0.002930 0.003906
0 0.082520 0.043620 0.002930 0.003906
0 0.271484 0.014974 0.001953 0.003906
0 0.536133 0.828125 0.003906 0.002604
0 0.936035 0.081380 0.002930 0.003906
0 0.301758 0.789714 0.003906 0.003906
0 0.034668 0.162760 0.002930 0.002604
0 0.094727 0.149740 0.003906 0.005208
0 0.809082 0.616536 0.002930 0.006510
0 0.645508 0.752604 0.003906 0.005208
0 0.504395 0.735026 0.002930 0.003906
0 0.185059 0.178385 0.002930 0.005208
0 0.870605 0.850260 0.002930 0.002604
0 0.243652 0.413411 0.004883 0.003906
0 0.590820 0.468099 0.003906 0.003906
0 0.462402 0.524089 0.004883 0.003906
0 0.357422 0.453776 0.001953 0.003906
0 0.810059 0.544271 0.002930 0.005208
0 0.006348 0.255859 0.002930 0.003906
0 0.189453 0.380208 0.003906 0.002604
0 0.559082 0.878906 0.002930 0.002604
0 0.110352 0.731120 0.003906 0.006510
0 0.820801 0.282552 0.002930 0.002604
0 0.850098 0.919922 0.002930 0.003906
0 0.940918 0.830729 0.002930 0.002604
0 0.041016 0.952474 0.003906 0.003906
0 0.479492 0.560547 0.003906 0.003906
0 0.805176 0.336589 0.002930 0.003906
0 0.651855 0.492839 0.002930 0.003906
0 0.806641 0.893880 0.003906 0.003906
0 0.037598 0.684896 0.002930 0.002604
0 0.677734 0.380859 0.001953 0.003906
0 0.198730 0.638672 0.002930 0.003906
0 0.708984 0.388021 0.001953 0.005208
0 0.771973 0.301432 0.002930 0.003906
0 0.155762 0.026042 0.002930 0.005208
0 0.364746 0.852214 0.002930 0.003906
0 0.928223 0.255208 0.002930 0.005208
0 0.052246 0.062500 0.002930 0.005208
0 0.414062 0.883464 0.001953 0.003906
0 0.152832 0.813802 0.002930 0.002604
0 0.617188 0.897786 0.003906 0.006510
0 0.304688 0.199219 0.003906 0.002604
0 0.720703 0.420573 0.003906 0.002604
0 0.794922 0.432943 0.001953 0.003906
0 0.243652 0.579427 0.002930 0.002604
0 0.717773 0.321615 0.003906 0.005208
0 0.681152 0.367188 0.002930 0.005208
0 0.974609 0.880859 0.001953 0.003906
0 0.281250 0.441406 0.003906 0.005208
0 0.814941 0.960286 0.002930 0.003906
0 0.499023 0.779948 0.001953 0.002604
0 0.184082 0.781901 0.002930 0.003906
0 0.908203 0.960286 0.003906 0.003906
0 0.530762 0.256510 0.002930 0.005208
0 0.824707 0.740885 0.002930 0.005208
0 0.815430 0.742188 0.001953 0.005208
0 0.023926 0.175781 0.002930 0.002604
0 0.603027 0.948568 0.002930 0.003906
0 0.508789 0.555339 0.003906 0.003906
0 0.271484 0.937500 0.001953 0.005208
0 0.139160 0.625651 0.002930 0.003906
0 0.819824 0.516276 0.002930 0.003906
0 0.263672 0.031901 0.001953 0.003906
0 0.281250 0.493490 0.003906 0.005208
0 0.322266 0.403646 0.003906 0.002604
0 0.944824 0.839844 0.002930 0.002604
0 0.113770 0.615234 0.002930 0.003906
0 0.978516 0.957682 0.003906 0.003906
0 0.397949 0.373047 0.002930 0.003906
0 0.773438 0.606771 0.003906 0.005208
0 0.250977 0.809896 0.003906 0.002604
0 0.737793 0.490885 0.002930 0.002604
0 0.364258 0.856120 0.001953 0.006510
0 0.726074 0.848307 0.002930 0.003906
0 0.750977 0.769531 0.003906 0.002604
0 0.779297 0.867839 0.001953 0.003906
0 0.718750 0.413411 0.003906 0.003906
0 0.848145 0.029948 0.002930 0.002604
0 0.244141 0.035156 0.003906 0.005208
0 0.049805 0.260417 0.003906 0.005208
0 0.110840 0.237630 0.004883 0.003906
0 0.179199 0.227865 0.004883 0.005208
0 0.207031 0.208984 0.005859 0.009115
0 0.278809 0.236979 0.002930 0.005208
0 0.483398 0.476562 0.003906 0.005208
0 0.331055 0.494141 0.003906 0.006510
0 0.329102 0.487630 0.003906 0.003906
0 0.295898 0.454427 0.003906 0.005208
0 0.297852 0.449870 0.003906 0.003906
0 0.239258 0.436849 0.001953 0.003906
0 0.246582 0.440755 0.002930 0.003906
0 0.247559 0.445964 0.002930 0.003906
0 0.284180 0.389323 0.003906 0.005208
0 0.142578 0.322917 0.003906 0.005208
0 0.111816 0.401693 0.004883 0.006510
0 0.804688 0.023438 0.003906 0.005208
0 0.977051 0.007812 0.004883 0.005208
0 0.929688 0.121745 0.003906 0.006510
0 0.850586 0.153646 0.003906 0.005208
0 0.812012 0.166667 0.004883 0.005208
0 0.544434 0.300130 0.002930 0.003906
0 0.516602 0.476562 0.003906 0.005208
0 0.544922 0.430990 0.003906 0.005208
0 0.562988 0.466146 0.004883 0.005208
0 0.992188 0.470052 0.003906 0.005208
0 0.973145 0.490885 0.004883 0.005208
0 0.783691 0.320312 0.004883 0.005208
0 0.835938 0.294271 0.003906 0.005208
0 0.659180 0.484375 0.003906 0.005208
0 0.651367 0.499349 0.003906 0.003906
0 0.729492 0.480469 0.003906 0.005208
0 0.718262 0.464193 0.004883 0.003906
0 0.230469 0.576823 0.003906 0.005208
0 0.304199 0.664062 0.002930 0.005208
0 0.466309 0.778646 0.002930 0.005208
0 0.406250 0.786458 0.003906 0.005208
0 0.233887 0.916667 0.004883 0.005208
0 0.279297 0.680339 0.003906 0.003906
0 0.715820 0.927083 0.003906 0.005208
0 0.819824 0.955078 0.002930 0.003906
0 0.918945 0.695964 0.003906 0.006510
0 0.852539 0.653646 0.001953 0.005208
0 0.849609 0.629557 0.003906 0.003906
0 0.776367 0.707031 0.003906 0.005208
0 0.762695 0.697917 0.003906 0.005208
0 0.762207 0.740234 0.002930 0.003906
0 0.798828 0.686198 0.003906 0.005208
0 0.706055 0.516276 0.001953 0.003906
0 0.627930 0.551432 0.003906 0.006510
0 0.620117 0.579427 0.003906 0.005208
0 0.535156 0.571615 0.003906 0.005208
0 0.979980 0.541016 0.004883 0.006510
0 0.919434 0.822917 0.002930 0.005208
