0 0.668457 0.608724 0.004883 0.006510
0 0.553223 0.381510 0.006836 0.007812
0 0.755859 0.734375 0.005859 0.007812
0 0.231934 0.567708 0.004883 0.007812
0 0.579102 0.606120 0.005859 0.006510
0 0.692871 0.546224 0.004883 0.006510
0 0.549316 0.400391 0.006836 0.006510
0 0.434082 0.480469 0.004883 0.007812
0 0.685547 0.586589 0.005859 0.006510
0 0.344727 0.253255 0.005859 0.006510
0 0.413574 0.152995 0.004883 0.006510
0 0.380859 0.597656 0.005859 0.007812
0 0.098145 0.313802 0.004883 0.007812
0 0.292480 0.172526 0.004883 0.006510
0 0.450684 0.339844 0.004883 0.007812
0 0.536621 0.391276 0.004883 0.006510
0 0.121582 0.649089 0.004883 0.006510
0 0.693848 0.702474 0.006836 0.006510
0 0.628906 0.346354 0.007812 0.010417
0 0.060547 0.152995 0.005859 0.006510
0 0.607910 0.730469 0.004883 0.007812
0 0.297363 0.430339 0.006836 0.006510
0 0.516113 0.433594 0.006836 0.007812
0 0.208984 0.254557 0.005859 0.006510
0 0.419922 0.209635 0.005859 0.007812
0 0.638184 0.276042 0.004883 0.005208
0 0.733887 0.445312 0.004883 0.007812
0 0.705566 0.807943 0.006836 0.006510
0 0.458496 0.887370 0.004883 0.006510
0 0.208984 0.850911 0.005859 0.006510
0 0.259277 0.337891 0.004883 0.006510
0 0.586426 0.279948 0.008789 0.010417
0 0.465332 0.262370 0.004883 0.006510
0 0.521484 0.886719 0.005859 0.007812
0 0.231934 0.423177 0.004883 0.005208
0 0.151855 0.324870 0.004883 0.006510
0 0.159180 0.181641 0.003906 0.006510
0 0.466309 0.294922 0.004883 0.006510
0 0.027832 0.492839 0.004883 0.006510
0 0.087402 0.006510 0.004883 0.007812
0 0.052246 0.483724 0.004883 0.006510
0 0.690918 0.720052 0.004883 0.007812
0 0.121582 0.382161 0.004883 0.006510
0 0.439453 0.251953 0.003906 0.006510
0 0.534180 0.302083 0.009766 0.010417
0 0.700195 0.789714 0.003906 0.009115
0 0.408691 0.014974 0.004883 0.006510
0 0.251465 0.743490 0.004883 0.005208
0 0.450195 0.226562 0.003906 0.007812
0 0.696777 0.529948 0.002930 0.005208
0 0.680176 0.542318 0.002930 0.003906
0 0.730469 0.547526 0.003906 0.006510
0 0.561035 0.666667 0.004883 0.005208
0 0.575684 0.687500 0.004883 0.005208
0 0.666016 0.686849 0.003906 0.003906
0 0.687012 0.667318 0.004883 0.006510
0 0.691406 0.768880 0.005859 0.006510
0 0.705078 0.794271 0.003906 0.005208
0 0.729004 0.817708 0.002930 0.005208
0 0.625488 0.800130 0.002930 0.006510
0 0.269531 0.635417 0.003906 0.005208
0 0.153320 0.634766 0.003906 0.003906
0 0.189453 0.756510 0.003906 0.005208
0 0.088867 0.703776 0.003906 0.003906
0 0.210938 0.889974 0.003906 0.003906
0 0.168457 0.877604 0.004883 0.005208
0 0.478516 0.671875 0.003906 0.005208
0 0.543457 0.009115 0.004883 0.005208
0 0.666504 0.045573 0.004883 0.005208
0 0.672852 0.082031 0.003906 0.005208
0 0.662109 0.113932 0.003906 0.003906
0 0.677246 0.110677 0.004883 0.005208
0 0.557617 0.249349 0.003906 0.006510
0 0.601562 0.238932 0.003906 0.003906
0 0.697266 0.394531 0.003906 0.005208
0 0.564941 0.492839 0.004883 0.006510
0 0.670898 0.449219 0.003906 0.005208
0 0.722656 0.447266 0.005859 0.006510
0 0.725098 0.354167 0.002930 0.005208
0 0.754883 0.468099 0.003906 0.006510
0 0.162598 0.876953 0.002930 0.003906
0 0.383301 0.083984 0.002930 0.006510
0 0.386719 0.093099 0.003906 0.006510
0 0.453613 0.156901 0.002930 0.003906
0 0.458984 0.109375 0.003906 0.005208
0 0.455078 0.108073 0.003906 0.005208
0 0.442383 0.209635 0.003906 0.005208
0 0.448242 0.209635 0.003906 0.005208
0 0.316406 0.447917 0.003906 0.005208
0 0.319336 0.497396 0.003906 0.005208
0 0.402344 0.430990 0.003906 0.005208
0 0.415527 0.321615 0.004883 0.005208
0 0.247559 0.365234 0.002930 0.003906
0 0.258789 0.213542 0.003906 0.005208
0 0.263184 0.208333 0.002930 0.005208
0 0.284180 0.216797 0.003906 0.003906
0 0.210449 0.377604 0.002930 0.005208
0 0.228516 0.470052 0.003906 0.005208
0 0.171875 0.406250 0.003906 0.005208
0 0.155273 0.344401 0.003906 0.003906
0 0.116211 0.471354 0.003906 0.005208
0 0.121582 0.447917 0.004883 0.005208
0 0.046875 0.204427 0.003906 0.005208
