0 0.785156 0.850260 0.004687 0.006250
0 0.283691 0.423828 0.003516 0.004687
0 0.587402 0.526693 0.003516 0.004687
0 0.495605 0.390625 0.003516 0.006250
0 0.551758 0.067057 0.004687 0.004687
0 0.694336 0.455078 0.002344 0.004687
0 0.340820 0.024740 0.004687 0.003125
0 0.800781 0.097656 0.002344 0.006250
0 0.918945 0.158854 0.004687 0.003125
0 0.545410 0.597656 0.003516 0.006250
0 0.419922 0.866536 0.004687 0.004687
0 0.529297 0.649089 0.004687 0.004687
0 0.462891 0.417969 0.004687 0.006250
0 0.545410 0.133464 0.005859 0.004687
0 0.664551 0.802083 0.003516 0.006250
0 0.375488 0.692708 0.003516 0.006250
0 0.506836 0.771484 0.004687 0.007812
0 0.545410 0.638021 0.003516 0.006250
0 0.628906 0.416016 0.004687 0.004687
0 0.866211 0.026693 0.004687 0.004687
0 0.541016 0.679688 0.002344 0.006250
0 0.412598 0.673828 0.003516 0.004687
0 0.712891 0.803385 0.004687 0.006250
0 0.559570 0.824219 0.002344 0.006250
0 0.300293 0.490234 0.003516 0.004687
0 0.859863 0.180990 0.003516 0.006250
0 0.454102 0.052734 0.004687 0.004687
0 0.694824 0.490234 0.003516 0.004687
0 0.589844 0.007812 0.002344 0.003125
0 0.800293 0.049479 0.003516 0.003125
0 0.654785 0.611979 0.003516 0.003125
0 0.655273 0.730469 0.002344 0.006250
0 0.977051 0.335286 0.003516 0.004687
0 0.356934 0.515625 0.003516 0.003125
0 0.613770 0.708984 0.003516 0.004687
0 0.937500 0.577474 0.004687 0.004687
0 0.981934 0.003255 0.003516 0.004687
0 0.603516 0.709635 0.004687 0.003125
0 0.896973 0.711589 0.003516 0.004687
0 0.816406 0.093099 0.002344 0.004687
0 0.952148 0.531250 0.004687 0.006250
0 0.527344 0.865234 0.004687 0.004687
0 0.669434 0.520833 0.003516 0.006250
0 0.772949 0.294922 0.003516 0.004687
0 0.859863 0.226562 0.003516 0.003125
0 0.263184 0.330729 0.003516 0.006250
0 0.585449 0.023438 0.003516 0.003125
0 0.616699 0.178385 0.003516 0.006250
0 0.544434 0.142578 0.003516 0.004687
0 0.616211 0.375000 0.002344 0.006250
0 0.967285 0.011068 0.003516 0.004687
0 0.989258 0.030599 0.004687 0.004687
0 0.993164 0.021484 0.002344 0.004687
0 0.914062 0.165365 0.004687 0.006250
0 0.852051 0.019531 0.003516 0.006250
0 0.280273 0.661458 0.004687 0.006250
0 0.449219 0.885417 0.004687 0.006250
0 0.628418 0.520833 0.003516 0.003125
0 0.648438 0.526693 0.004687 0.004687
0 0.661621 0.572266 0.003516 0.004687
0 0.598145 0.634766 0.003516 0.004687
0 0.566406 0.757161 0.002344 0.004687
0 0.297363 0.504557 0.005859 0.007812
0 0.644531 0.623047 0.003906 0.003906
