0 0.579102 0.285156 0.005859 0.007812
0 0.470215 0.486328 0.004883 0.006510
0 0.395020 0.373047 0.004883 0.006510
0 0.809082 0.942708 0.004883 0.007812
0 0.650391 0.439453 0.003906 0.006510
0 0.542969 0.324870 0.003906 0.006510
0 0.658203 0.919922 0.005859 0.006510
0 0.416504 0.597656 0.004883 0.005208
0 0.600098 0.973958 0.004883 0.007812
0 0.287598 0.809896 0.004883 0.005208
0 0.908203 0.637370 0.003906 0.006510
0 0.336914 0.721354 0.003906 0.005208
0 0.266113 0.725260 0.004883 0.010417
0 0.910645 0.736328 0.004883 0.006510
0 0.318848 0.522135 0.004883 0.007812
0 0.557617 0.917969 0.005859 0.007812
0 0.528320 0.528646 0.003906 0.005208
0 0.844727 0.042318 0.003906 0.006510
0 0.269043 0.890625 0.004883 0.007812
0 0.907227 0.618490 0.003906 0.005208
0 0.943359 0.602865 0.003906 0.005208
0 0.688477 0.722656 0.003906 0.007812
0 0.604980 0.561198 0.004883 0.005208
0 0.564453 0.823568 0.003906 0.006510
0 0.621094 0.997396 0.003906 0.005208
0 0.895508 0.657552 0.003906 0.005208
0 0.811523 0.924479 0.005859 0.007812
0 0.207031 0.571615 0.003906 0.005208
0 0.252930 0.893880 0.005859 0.006510
0 0.434570 0.864583 0.003906 0.005208
0 0.721191 0.237630 0.004883 0.006510
0 0.901367 0.395182 0.003906 0.006510
0 0.879883 0.729818 0.003906 0.006510
0 0.586426 0.568359 0.004883 0.006510
0 0.803711 0.759766 0.003906 0.006510
0 0.523926 0.908854 0.002930 0.005208
0 0.334961 0.805990 0.003906 0.005208
0 0.833008 0.757161 0.003906 0.006510
0 0.733398 0.917318 0.005859 0.006510
0 0.698730 0.904297 0.006836 0.006510
0 0.493164 0.593099 0.003906 0.006510
0 0.896484 0.340495 0.005859 0.006510
0 0.600098 0.603516 0.002930 0.003906
0 0.530273 0.927083 0.003906 0.005208
