0 0.484375 0.264323 0.003906 0.005208
0 0.579102 0.224609 0.003906 0.003906
0 0.481445 0.281901 0.005859 0.009115
0 0.252930 0.072917 0.003906 0.005208
0 0.489258 0.566406 0.003906 0.002604
0 0.064941 0.526042 0.002930 0.002604
0 0.114746 0.430990 0.002930 0.002604
0 0.184570 0.545573 0.003906 0.002604
0 0.512207 0.608073 0.002930 0.002604
0 0.481445 0.513021 0.001953 0.005208
0 0.643555 0.996094 0.003906 0.002604
0 0.744141 0.496094 0.003906 0.002604
0 0.783203 0.454427 0.003906 0.002604
0 0.707520 0.484375 0.002930 0.002604
0 0.720703 0.516276 0.003906 0.003906
0 0.557617 0.671875 0.003906 0.002604
0 0.451172 0.619792 0.001953 0.005208
0 0.466309 0.627604 0.002930 0.005208
0 0.341797 0.982422 0.001953 0.003906
0 0.313965 0.607422 0.002930 0.003906
0 0.073242 0.688151 0.003906 0.003906
0 0.762695 0.307292 0.001953 0.002604
0 0.450195 0.776042 0.001953 0.002604
0 0.435547 0.549479 0.001953 0.002604
0 0.387207 0.991536 0.002930 0.003906
0 0.535156 0.659505 0.001953 0.003906
0 0.283691 0.490234 0.002930 0.003906
0 0.535156 0.473958 0.001953 0.002604
0 0.106934 0.568359 0.002930 0.003906
0 0.369629 0.661458 0.002930 0.002604
0 0.495117 0.713542 0.001953 0.002604
0 0.704102 0.471354 0.001953 0.005208
0 0.020996 0.408203 0.002930 0.006510
0 0.793457 0.378906 0.002930 0.002604
0 0.637695 0.565104 0.003906 0.005208
0 0.668457 0.607422 0.002930 0.003906
0 0.307129 0.682943 0.002930 0.001302
0 0.630859 0.514974 0.001953 0.003906
0 0.332520 0.910156 0.002930 0.002604
0 0.768066 0.776042 0.002930 0.002604
0 0.621094 0.543620 0.001953 0.003906
0 0.734863 0.399089 0.002930 0.003906
0 0.574219 0.597005 0.001953 0.003906
0 0.129395 0.164062 0.002930 0.002604
0 0.729004 0.545573 0.002930 0.002604
0 0.306152 0.713542 0.002930 0.002604
0 0.426270 0.774740 0.002930 0.002604
0 0.683594 0.555339 0.001953 0.003906
0 0.109863 0.460938 0.002930 0.005208
0 0.325684 0.804688 0.002930 0.005208
0 0.134766 0.938802 0.003906 0.005208
0 0.072754 0.012370 0.002930 0.003906
0 0.563965 0.672526 0.002930 0.003906
0 0.207520 0.250651 0.002930 0.003906
0 0.029785 0.379557 0.002930 0.003906
0 0.728516 0.786458 0.003906 0.002604
0 0.195801 0.641276 0.002930 0.003906
0 0.762695 0.365885 0.001953 0.005208
0 0.052734 0.671224 0.001953 0.003906
0 0.060059 0.598307 0.002930 0.003906
0 0.721191 0.451823 0.002930 0.002604
0 0.061035 0.059896 0.002930 0.002604
0 0.550293 0.570312 0.002930 0.002604
0 0.630371 0.535807 0.002930 0.003906
0 0.145020 0.994792 0.002930 0.002604
0 0.250488 0.325521 0.002930 0.005208
0 0.469238 0.557943 0.002930 0.003906
0 0.270508 0.695312 0.003906 0.002604
0 0.334473 0.598958 0.002930 0.005208
0 0.623047 0.664062 0.001953 0.002604
0 0.369629 0.587240 0.002930 0.002604
0 0.252441 0.555339 0.002930 0.003906
0 0.566895 0.652344 0.002930 0.002604
0 0.715332 0.500651 0.002930 0.003906
0 0.081543 0.383464 0.002930 0.003906
0 0.104980 0.654297 0.002930 0.003906
0 0.521973 0.503255 0.002930 0.003906
0 0.568359 0.580078 0.001953 0.003906
0 0.412109 0.522786 0.001953 0.006510
0 0.001953 0.338542 0.003906 0.002604
0 0.180176 0.302083 0.002930 0.002604
0 0.535156 0.860677 0.001953 0.002604
0 0.768066 0.529297 0.002930 0.003906
0 0.541504 0.617839 0.002930 0.003906
0 0.114746 0.709635 0.002930 0.005208
0 0.437500 0.492188 0.003906 0.005208
0 0.747559 0.507812 0.002930 0.002604
0 0.049316 0.654297 0.002930 0.003906
0 0.654297 0.735026 0.001953 0.003906
0 0.183105 0.725260 0.002930 0.002604
0 0.088379 0.719401 0.002930 0.003906
0 0.445801 0.513672 0.002930 0.003906
0 0.425781 0.705078 0.001953 0.001302
0 0.297363 0.835286 0.002930 0.006510
0 0.068359 0.750651 0.001953 0.003906
0 0.707520 0.560547 0.002930 0.003906
0 0.544922 0.500651 0.001953 0.003906
0 0.158691 0.605469 0.002930 0.005208
0 0.354980 0.604167 0.002930 0.005208
0 0.444824 0.633464 0.002930 0.003906
0 0.486328 0.795573 0.003906 0.002604
0 0.666992 0.473307 0.001953 0.003906
0 0.125977 0.734375 0.001953 0.002604
0 0.758301 0.409505 0.002930 0.003906
0 0.493164 0.595052 0.003906 0.002604
0 0.583984 0.804688 0.001953 0.005208
0 0.044434 0.640625 0.002930 0.002604
0 0.463379 0.496094 0.002930 0.002604
0 0.670898 0.287109 0.001953 0.003906
0 0.507812 0.658854 0.003906 0.002604
0 0.707520 0.768229 0.002930 0.002604
0 0.619629 0.949870 0.002930 0.003906
0 0.686035 0.669922 0.002930 0.003906
0 0.645996 0.716146 0.002930 0.002604
0 0.127441 0.674479 0.002930 0.002604
0 0.793457 0.805990 0.002930 0.002604
0 0.263184 0.690104 0.002930 0.005208
0 0.708496 0.959635 0.002930 0.005208
0 0.701660 0.653646 0.002930 0.002604
0 0.744141 0.438151 0.003906 0.003906
0 0.432129 0.977865 0.002930 0.002604
0 0.700195 0.385417 0.003906 0.005208
0 0.685059 0.861979 0.002930 0.002604
0 0.451660 0.956380 0.002930 0.003906
0 0.187500 0.389323 0.003906 0.005208
0 0.009277 0.909505 0.002930 0.003906
0 0.467285 0.841146 0.002930 0.002604
0 0.621094 0.531250 0.003906 0.005208
0 0.506348 0.617839 0.002930 0.003906
0 0.013184 0.974609 0.002930 0.003906
0 0.209473 0.602214 0.002930 0.003906
0 0.537109 0.783854 0.001953 0.005208
0 0.629395 0.607422 0.002930 0.003906
0 0.258789 0.633464 0.001953 0.003906
0 0.567383 0.501302 0.003906 0.005208
0 0.264160 0.575521 0.002930 0.005208
0 0.601562 0.732422 0.003906 0.003906
0 0.802734 0.281901 0.001953 0.003906
0 0.133789 0.654297 0.003906 0.003906
0 0.379395 0.583333 0.002930 0.005208
0 0.073730 0.602865 0.002930 0.002604
0 0.189453 0.809896 0.003906 0.002604
0 0.784668 0.470052 0.002930 0.005208
0 0.765625 0.909505 0.003906 0.003906
0 0.043945 0.427083 0.003906 0.005208
0 0.289551 0.460938 0.002930 0.005208
0 0.373535 0.921224 0.002930 0.003906
0 0.529785 0.784505 0.002930 0.003906
0 0.359863 0.700521 0.002930 0.005208
0 0.500488 0.552734 0.002930 0.003906
0 0.431152 0.926432 0.002930 0.003906
0 0.103516 0.363932 0.001953 0.003906
0 0.755859 0.601562 0.001953 0.002604
0 0.014160 0.981771 0.002930 0.005208
0 0.335938 0.662760 0.003906 0.005208
0 0.256836 0.658854 0.003906 0.005208
0 0.053711 0.002604 0.003906 0.005208
0 0.109375 0.055990 0.003906 0.005208
0 0.198242 0.019531 0.003906 0.005208
0 0.225586 0.022786 0.003906 0.003906
0 0.477539 0.069010 0.003906 0.005208
0 0.353027 0.160807 0.002930 0.003906
0 0.366699 0.195312 0.002930 0.005208
0 0.275391 0.181641 0.003906 0.006510
0 0.095703 0.184245 0.003906 0.003906
0 0.017090 0.154297 0.004883 0.006510
0 0.325684 0.256510 0.004883 0.005208
0 0.291016 0.260417 0.005859 0.005208
0 0.266602 0.252604 0.003906 0.005208
0 0.276367 0.274089 0.005859 0.006510
0 0.256836 0.287760 0.003906 0.005208
0 0.253418 0.297526 0.002930 0.003906
0 0.242188 0.344401 0.003906 0.003906
0 0.278809 0.326823 0.002930 0.005208
0 0.276367 0.369792 0.003906 0.005208
0 0.395508 0.367839 0.003906 0.006510
0 0.318359 0.391927 0.003906 0.005208
0 0.458496 0.348307 0.012695 0.011719
0 0.438965 0.381510 0.004883 0.005208
0 0.443359 0.408203 0.003906 0.003906
0 0.449219 0.416667 0.003906 0.005208
0 0.439453 0.423177 0.003906 0.005208
0 0.445801 0.434896 0.004883 0.005208
0 0.467285 0.448568 0.004883 0.006510
0 0.361816 0.479818 0.004883 0.006510
0 0.144531 0.342448 0.003906 0.005208
0 0.168945 0.242188 0.003906 0.005208
0 0.041016 0.319661 0.003906 0.003906
0 0.037109 0.320964 0.003906 0.003906
0 0.190430 0.250000 0.003906 0.005208
0 0.223145 0.238932 0.002930 0.006510
0 0.294922 0.426432 0.003906 0.006510
0 0.259766 0.404948 0.003906 0.005208
0 0.243164 0.407552 0.003906 0.005208
0 0.280273 0.485026 0.001953 0.003906
0 0.276855 0.481120 0.002930 0.003906
0 0.375977 0.457682 0.003906 0.006510
0 0.204590 0.492188 0.002930 0.005208
0 0.170898 0.384115 0.003906 0.005208
0 0.050293 0.315755 0.004883 0.006510
0 0.142090 0.337891 0.002930 0.003906
0 0.208984 0.409505 0.003906 0.003906
0 0.205566 0.408854 0.002930 0.005208
0 0.097168 0.421224 0.002930 0.003906
0 0.064941 0.417969 0.002930 0.002604
0 0.022949 0.477865 0.002930 0.005208
0 0.610352 0.156901 0.003906 0.006510
0 0.682617 0.098307 0.003906 0.003906
0 0.716309 0.222005 0.002930 0.006510
0 0.749512 0.375651 0.002930 0.003906
0 0.740723 0.410156 0.002930 0.002604
0 0.743652 0.413411 0.002930 0.003906
0 0.704102 0.408203 0.003906 0.006510
0 0.804199 0.415365 0.004883 0.005208
0 0.537598 0.386719 0.002930 0.002604
0 0.536133 0.382161 0.003906 0.003906
0 0.600098 0.359375 0.004883 0.005208
0 0.622070 0.349609 0.003906 0.003906
0 0.527344 0.347656 0.003906 0.005208
0 0.665527 0.476562 0.002930 0.005208
0 0.343750 0.550130 0.003906 0.003906
0 0.476562 0.647135 0.003906 0.007812
0 0.493652 0.666016 0.002930 0.003906
0 0.008789 0.539062 0.003906 0.007812
0 0.077637 0.578125 0.004883 0.005208
0 0.046387 0.604167 0.002930 0.005208
0 0.034668 0.682292 0.002930 0.005208
0 0.154297 0.643229 0.003906 0.005208
0 0.152832 0.657552 0.002930 0.005208
0 0.179688 0.667969 0.003906 0.005208
0 0.177246 0.687500 0.004883 0.005208
0 0.088379 0.560547 0.002930 0.003906
0 0.084473 0.562500 0.002930 0.002604
0 0.021973 0.671224 0.002930 0.003906
0 0.201660 0.698568 0.002930 0.003906
0 0.242188 0.658203 0.003906 0.003906
0 0.243164 0.664714 0.003906 0.003906
0 0.202637 0.705078 0.002930 0.003906
0 0.132324 0.755208 0.004883 0.005208
0 0.078125 0.750000 0.003906 0.005208
0 0.314941 0.761719 0.002930 0.005208
0 0.315918 0.758464 0.002930 0.003906
0 0.351562 0.703776 0.001953 0.003906
0 0.354492 0.705078 0.003906 0.003906
0 0.328125 0.583984 0.003906 0.003906
0 0.267090 0.578776 0.002930 0.003906
0 0.240723 0.574219 0.002930 0.005208
0 0.205078 0.749349 0.003906 0.003906
0 0.176758 0.770833 0.003906 0.002604
0 0.179199 0.811849 0.004883 0.003906
0 0.179688 0.817708 0.003906 0.005208
0 0.204590 0.861979 0.002930 0.002604
0 0.250000 0.857422 0.003906 0.003906
0 0.250488 0.861328 0.002930 0.003906
0 0.250488 0.867839 0.002930 0.003906
0 0.275391 0.813151 0.003906 0.006510
0 0.291504 0.822917 0.004883 0.005208
0 0.153809 0.738281 0.002930 0.005208
0 0.149902 0.736979 0.002930 0.005208
0 0.364258 0.819010 0.003906 0.005208
0 0.421875 0.656901 0.003906 0.003906
0 0.418457 0.656250 0.002930 0.005208
0 0.399414 0.669271 0.003906 0.002604
0 0.400879 0.677734 0.002930 0.003906
0 0.401367 0.718750 0.003906 0.005208
0 0.404297 0.795573 0.005859 0.005208
0 0.394531 0.883464 0.003906 0.006510
0 0.475586 0.889974 0.003906 0.003906
0 0.366699 0.908854 0.004883 0.005208
0 0.253418 0.809245 0.002930 0.003906
0 0.220215 0.706380 0.002930 0.003906
0 0.786621 0.562500 0.004883 0.005208
0 0.748047 0.595052 0.003906 0.005208
0 0.742188 0.733073 0.003906 0.007812
0 0.805176 0.912760 0.002930 0.005208
0 0.889160 0.886068 0.004883 0.003906
0 0.797363 0.916667 0.004883 0.005208
0 0.755371 0.897786 0.002930 0.003906
0 0.759766 0.901042 0.001953 0.005208
0 0.729980 0.907552 0.004883 0.005208
0 0.682617 0.935547 0.003906 0.006510
0 0.602539 0.854818 0.003906 0.003906
0 0.659180 0.843750 0.003906 0.005208
0 0.522949 0.837240 0.004883 0.005208
0 0.744629 0.518880 0.002930 0.003906
0 0.562500 0.586589 0.003906 0.003906
