0 0.854980 0.179688 0.002930 0.002604
0 0.996582 0.942057 0.002930 0.003906
0 0.638672 0.972005 0.001953 0.003906
0 0.684570 0.787760 0.001953 0.002604
0 0.594727 0.422526 0.001953 0.003906
0 0.909180 0.920573 0.001953 0.002604
0 0.713379 0.481120 0.002930 0.003906
0 0.696777 0.231120 0.004883 0.006510
0 0.973633 0.953125 0.001953 0.002604
0 0.783203 0.673177 0.001953 0.002604
0 0.607422 0.902344 0.001953 0.002604
0 0.614258 0.972005 0.001953 0.003906
0 0.213379 0.182292 0.002930 0.002604
0 0.743652 0.972656 0.002930 0.002604
0 0.588867 0.920573 0.001953 0.002604
0 0.667969 0.997396 0.001953 0.002604
0 0.831055 0.580078 0.001953 0.001302
0 0.550293 0.957031 0.000977 0.002604
0 0.570801 0.441406 0.002930 0.002604
0 0.865723 0.828125 0.002930 0.002604
0 0.738770 0.894531 0.000977 0.002604
0 0.573242 0.933594 0.001953 0.002604
0 0.735840 0.399740 0.000977 0.002604
0 0.888672 0.910156 0.001953 0.002604
0 0.922852 0.898438 0.001953 0.005208
0 0.588867 0.960286 0.001953 0.003906
0 0.641113 0.902344 0.002930 0.002604
0 0.809082 0.561198 0.002930 0.002604
0 0.687988 0.738281 0.002930 0.002604
0 0.633789 0.845052 0.001953 0.002604
0 0.625977 0.931641 0.001953 0.003906
0 0.888184 0.847005 0.002930 0.003906
0 0.544922 0.945312 0.001953 0.002604
0 0.835938 0.093099 0.003906 0.003906
0 0.618652 0.991536 0.002930 0.003906
0 0.725098 0.363932 0.000977 0.003906
0 0.508301 0.692708 0.002930 0.002604
0 0.607422 0.634115 0.001953 0.002604
0 0.386719 0.561849 0.001953 0.003906
0 0.490723 0.897786 0.002930 0.003906
0 0.521973 0.991536 0.002930 0.003906
0 0.946289 0.923828 0.001953 0.003906
0 0.506836 0.814453 0.003906 0.003906
0 0.528320 0.927083 0.001953 0.005208
0 0.816895 0.076823 0.002930 0.005208
0 0.633301 0.436849 0.004883 0.006510
0 0.694336 0.488932 0.003906 0.003906
0 0.724609 0.328125 0.003906 0.002604
0 0.941406 0.306641 0.003906 0.003906
0 0.934082 0.430990 0.002930 0.005208
0 0.377930 0.832031 0.001953 0.005208
0 0.406738 0.720052 0.002930 0.002604
0 0.409180 0.723958 0.001953 0.002604
0 0.414551 0.727865 0.002930 0.002604
0 0.263184 0.613932 0.002930 0.003906
0 0.443359 0.609375 0.001953 0.002604
0 0.442871 0.613932 0.002930 0.003906
0 0.482422 0.705078 0.003906 0.003906
0 0.437012 0.899089 0.002930 0.003906
0 0.457031 0.998698 0.001953 0.002604
0 0.836426 0.569010 0.002930 0.002604
0 0.723145 0.594401 0.002930 0.003906
0 0.584961 0.644531 0.001953 0.005208
0 0.704102 0.568359 0.003906 0.003906
0 0.536133 0.668620 0.003906 0.006510
0 0.522461 0.845703 0.001953 0.003906
0 0.522949 0.869792 0.002930 0.005208
0 0.553223 0.882812 0.002930 0.005208
0 0.711914 0.876302 0.003906 0.005208
0 0.823242 0.876302 0.003906 0.005208
0 0.921387 0.860677 0.002930 0.005208
0 0.932129 0.823568 0.002930 0.003906
0 0.939453 0.834635 0.003906 0.005208
0 0.934082 0.808594 0.004883 0.005208
0 0.975586 0.791667 0.001953 0.002604
0 0.975098 0.788411 0.004883 0.003906
0 0.910156 0.752604 0.003906 0.005208
0 0.891602 0.755208 0.003906 0.005208
0 0.904785 0.697266 0.004883 0.006510
0 0.946289 0.679036 0.003906 0.006510
0 0.835938 0.751302 0.003906 0.005208
0 0.690918 0.947917 0.004883 0.005208
0 0.687500 0.971354 0.003906 0.005208
0 0.706543 0.990234 0.002930 0.003906
0 0.824707 0.985677 0.002930 0.005208
0 0.625488 0.981771 0.004883 0.005208
0 0.508301 0.955729 0.004883 0.007812
0 0.526367 0.848958 0.001953 0.002604
