0 0.424805 0.287109 0.005859 0.006510
0 0.221191 0.175130 0.002930 0.003906
0 0.128418 0.331380 0.004883 0.006510
0 0.428223 0.163411 0.002930 0.003906
0 0.418945 0.525391 0.003906 0.003906
0 0.589844 0.152995 0.003906 0.003906
0 0.685059 0.491536 0.002930 0.003906
0 0.181641 0.309245 0.001953 0.006510
0 0.505859 0.519531 0.003906 0.005208
0 0.231445 0.526042 0.003906 0.005208
0 0.637207 0.799479 0.004883 0.005208
0 0.511719 0.762370 0.011719 0.014323
0 0.452637 0.195964 0.004883 0.003906
0 0.283691 0.856771 0.002930 0.005208
0 0.707520 0.910807 0.002930 0.003906
0 0.642578 0.835286 0.003906 0.003906
0 0.176270 0.705729 0.002930 0.002604
0 0.400879 0.795573 0.004883 0.007812
0 0.544922 0.659505 0.003906 0.003906
0 0.673828 0.160807 0.005859 0.006510
0 0.514160 0.600260 0.002930 0.002604
0 0.247559 0.121094 0.004883 0.007812
0 0.193848 0.326823 0.002930 0.005208
0 0.705566 0.716797 0.002930 0.003906
0 0.620605 0.419271 0.002930 0.005208
0 0.229004 0.966797 0.004883 0.003906
0 0.129883 0.472656 0.003906 0.002604
0 0.505371 0.250000 0.002930 0.002604
0 0.259277 0.160807 0.002930 0.003906
0 0.087891 0.389974 0.001953 0.003906
0 0.503418 0.444661 0.004883 0.006510
0 0.420898 0.981771 0.001953 0.005208
0 0.188477 0.714844 0.003906 0.005208
0 0.495605 0.500000 0.002930 0.005208
0 0.378906 0.767578 0.003906 0.006510
0 0.782715 0.412760 0.004883 0.005208
0 0.479980 0.298177 0.002930 0.002604
0 0.609863 0.423177 0.002930 0.002604
0 0.338379 0.263021 0.004883 0.005208
0 0.549316 0.633464 0.002930 0.003906
0 0.420410 0.199219 0.002930 0.007812
0 0.548828 0.167318 0.003906 0.006510
0 0.337402 0.128255 0.002930 0.003906
0 0.578125 0.746094 0.003906 0.005208
0 0.343750 0.089844 0.003906 0.005208
0 0.001953 0.477214 0.003906 0.003906
0 0.412109 0.606120 0.003906 0.006510
0 0.390625 0.963542 0.003906 0.005208
0 0.612305 0.757812 0.005859 0.010417
0 0.686523 0.932943 0.001953 0.006510
0 0.139160 0.857422 0.002930 0.003906
0 0.058105 0.761068 0.004883 0.006510
0 0.579590 0.719401 0.004883 0.006510
0 0.423828 0.910156 0.003906 0.002604
0 0.356934 0.846354 0.002930 0.002604
0 0.236816 0.748047 0.002930 0.003906
0 0.412109 0.962891 0.003906 0.006510
0 0.416992 0.962891 0.001953 0.006510
0 0.595215 0.570312 0.004883 0.005208
0 0.709473 0.796875 0.004883 0.002604
0 0.483398 0.689453 0.001953 0.003906
0 0.505371 0.544922 0.002930 0.003906
0 0.210938 0.694010 0.003906 0.005208
0 0.624023 0.326823 0.001953 0.002604
0 0.741699 0.438802 0.002930 0.005208
0 0.524414 0.186849 0.003906 0.006510
0 0.659668 0.706380 0.010742 0.011719
0 0.487305 0.656250 0.005859 0.010417
0 0.215820 0.344401 0.001953 0.006510
0 0.229980 0.289714 0.002930 0.003906
0 0.264160 0.660807 0.002930 0.003906
0 0.130371 0.422526 0.004883 0.003906
0 0.185547 0.615885 0.003906 0.005208
0 0.353027 0.837891 0.002930 0.003906
0 0.390625 0.547526 0.003906 0.003906
0 0.245605 0.302734 0.004883 0.003906
0 0.384766 0.015625 0.003906 0.005208
0 0.257812 0.039062 0.003906 0.005208
0 0.212891 0.031901 0.003906 0.003906
0 0.242676 0.104818 0.004883 0.009115
0 0.238281 0.117839 0.003906 0.003906
0 0.120117 0.397786 0.003906 0.006510
0 0.091797 0.376302 0.003906 0.005208
0 0.071289 0.493490 0.003906 0.005208
0 0.141113 0.488932 0.004883 0.006510
0 0.131836 0.429688 0.003906 0.005208
0 0.776855 0.172526 0.004883 0.006510
0 0.619141 0.390625 0.003906 0.005208
0 0.613281 0.364583 0.003906 0.005208
0 0.221191 0.551432 0.002930 0.003906
0 0.376465 0.774089 0.002930 0.003906
0 0.391113 0.772135 0.004883 0.007812
0 0.331055 0.829427 0.003906 0.002604
0 0.384766 0.906901 0.003906 0.003906
0 0.262695 0.927083 0.003906 0.005208
0 0.232422 0.962240 0.003906 0.005208
0 0.129883 0.936198 0.003906 0.005208
0 0.030762 0.906901 0.004883 0.006510
0 0.017090 0.958333 0.004883 0.005208
0 0.221680 0.623698 0.003906 0.005208
0 0.429199 0.861979 0.004883 0.005208
0 0.425293 0.861979 0.002930 0.005208
0 0.040039 0.561198 0.003906 0.005208
0 0.032715 0.588542 0.002930 0.005208
0 0.063965 0.501953 0.002930 0.003906
0 0.063477 0.507812 0.003906 0.005208
