0 0.192383 0.016927 0.003906 0.005208
0 0.613770 0.201823 0.006836 0.007812
0 0.775391 0.578776 0.003906 0.003906
0 0.322266 0.044271 0.003906 0.005208
0 0.923828 0.255208 0.003906 0.002604
0 0.347656 0.080078 0.003906 0.003906
0 0.764160 0.549479 0.004883 0.005208
0 0.433105 0.220703 0.004883 0.006510
0 0.276855 0.055990 0.006836 0.007812
0 0.330078 0.216797 0.003906 0.003906
0 0.176270 0.508464 0.004883 0.006510
0 0.302246 0.277344 0.002930 0.002604
0 0.975098 0.037109 0.002930 0.003906
0 0.470215 0.343750 0.002930 0.005208
0 0.447754 0.095052 0.002930 0.005208
0 0.100098 0.439453 0.004883 0.006510
0 0.245117 0.138021 0.001953 0.002604
0 0.944824 0.390625 0.004883 0.007812
0 0.664551 0.010417 0.004883 0.005208
0 0.437500 0.177083 0.003906 0.005208
0 0.251465 0.073568 0.006836 0.006510
0 0.400391 0.156901 0.003906 0.003906
0 0.302734 0.373047 0.001953 0.003906
0 0.851074 0.639974 0.004883 0.006510
0 0.276855 0.432943 0.002930 0.003906
0 0.353516 0.037109 0.003906 0.003906
0 0.196289 0.285156 0.003906 0.007812
0 0.705078 0.223307 0.003906 0.006510
0 0.062988 0.118490 0.002930 0.005208
0 0.088379 0.137370 0.004883 0.006510
0 0.695312 0.062500 0.003906 0.005208
0 0.554199 0.642578 0.004883 0.006510
0 0.332031 0.157552 0.003906 0.005208
0 0.324707 0.123698 0.004883 0.005208
0 0.564941 0.167969 0.004883 0.007812
0 0.602051 0.720052 0.004883 0.007812
0 0.686523 0.151693 0.001953 0.001302
0 0.354980 0.333984 0.002930 0.003906
0 0.558594 0.165365 0.003906 0.005208
0 0.750488 0.397786 0.002930 0.003906
0 0.259766 0.438802 0.003906 0.005208
0 0.830078 0.632812 0.003906 0.005208
0 0.804688 0.076172 0.003906 0.003906
0 0.883301 0.036458 0.002930 0.005208
0 0.387695 0.229818 0.003906 0.006510
