0 0.054901 0.145688 0.012185 0.014918
0 0.025490 0.172307 0.012185 0.014918
0 0.006092 0.206293 0.012185 0.014918
0 0.062743 0.214373 0.012185 0.014918
0 0.098037 0.167316 0.012185 0.014918
0 0.146877 0.028995 0.012185 0.014918
0 0.178605 0.065595 0.012185 0.014918
0 0.228871 0.137370 0.012185 0.014918
0 0.184665 0.150917 0.012185 0.014918
0 0.107840 0.237189 0.012185 0.014918
0 0.095363 0.223167 0.012185 0.014918
0 0.093937 0.236001 0.012185 0.014918
0 0.174862 0.249310 0.012185 0.014918
0 0.170729 0.341643 0.012185 0.014918
0 0.154575 0.327160 0.012185 0.014918
0 0.239800 0.292253 0.012185 0.014918
0 0.198301 0.270900 0.005570 0.010769
0 0.204150 0.269601 0.006127 0.011141
0 0.060994 0.264216 0.005570 0.007056
0 0.056538 0.260317 0.006684 0.005942
0 0.034257 0.277028 0.012185 0.014918
0 0.026737 0.291139 0.012185 0.014918
0 0.006092 0.287426 0.012185 0.014918
0 0.008912 0.277399 0.012185 0.014918
0 0.026737 0.307107 0.012185 0.014918
0 0.070464 0.366523 0.012185 0.014918
0 0.120875 0.403658 0.012185 0.014918
0 0.183262 0.328274 0.012185 0.014918
0 0.194959 0.317134 0.012185 0.014918
0 0.399945 0.269972 0.012185 0.014918
0 0.483499 0.352041 0.012185 0.014918
0 0.421947 0.366895 0.012185 0.014918
0 0.194959 0.206285 0.006127 0.005570
0 0.196909 0.199787 0.006684 0.007427
0 0.186882 0.202943 0.005570 0.007056
0 0.180755 0.212970 0.008355 0.007056
0 0.189807 0.225039 0.005849 0.006684
0 0.193706 0.221511 0.004735 0.007056
0 0.189667 0.218540 0.006127 0.005570
0 0.197187 0.232837 0.007241 0.006684
0 0.201365 0.233951 0.006127 0.006684
0 0.206100 0.230052 0.008355 0.008541
0 0.211531 0.226895 0.006406 0.006684
0 0.206100 0.222625 0.005570 0.004828
0 0.210417 0.220397 0.006963 0.005570
0 0.209163 0.215755 0.006127 0.007427
0 0.204289 0.216869 0.006406 0.005942
0 0.229773 0.222068 0.008912 0.011141
0 0.236736 0.227267 0.006127 0.007427
0 0.238547 0.220954 0.006963 0.007427
0 0.243978 0.230052 0.008912 0.010026
0 0.249269 0.228009 0.006127 0.015597
0 0.263891 0.226524 0.013090 0.012626
0 0.257068 0.233208 0.010026 0.018568
0 0.273778 0.215012 0.012185 0.014918
0 0.391868 0.186232 0.009469 0.011512
0 0.386437 0.191060 0.006963 0.014483
0 0.404123 0.192545 0.008355 0.013740
0 0.397717 0.192731 0.005013 0.014854
0 0.343128 0.112519 0.012185 0.014918
0 0.411364 0.639466 0.012185 0.014918
0 0.356775 0.582092 0.008912 0.007798
0 0.354269 0.574665 0.011141 0.010026
0 0.286869 0.550342 0.012185 0.014918
0 0.315277 0.657662 0.006684 0.009655
0 0.309150 0.651906 0.007798 0.009284
0 0.390754 0.723391 0.012185 0.014918
0 0.403009 0.732304 0.009469 0.011141
0 0.396185 0.736203 0.006406 0.010026
0 0.391729 0.738988 0.007520 0.008912
0 0.172957 0.703710 0.012185 0.014918
0 0.102214 0.738246 0.012185 0.014918
0 0.126445 0.761269 0.012185 0.014918
0 0.107228 0.766468 0.008355 0.008170
0 0.103328 0.759041 0.008912 0.008170
0 0.080212 0.766468 0.012185 0.014918
0 0.101379 0.787264 0.012185 0.014918
0 0.090238 0.800261 0.012185 0.014918
0 0.110013 0.812887 0.012185 0.014918
0 0.103050 0.816972 0.012185 0.014918
0 0.098594 0.823285 0.012185 0.014918
0 0.113355 0.827741 0.012185 0.014918
0 0.108620 0.843709 0.012185 0.014918
0 0.110848 0.852993 0.012185 0.014918
0 0.128395 0.866733 0.012185 0.014918
0 0.110848 0.874160 0.012185 0.014918
0 0.103885 0.890128 0.012185 0.014918
0 0.092188 0.855221 0.012185 0.014918
0 0.077427 0.858192 0.012185 0.014918
0 0.055981 0.848908 0.012185 0.014918
0 0.019217 0.861163 0.012185 0.014918
0 0.022838 0.895327 0.012185 0.014918
0 0.086896 0.897184 0.012185 0.014918
0 0.123938 0.906096 0.012185 0.014918
0 0.183262 0.902754 0.012185 0.014918
0 0.026598 0.818829 0.007520 0.007427
0 0.085879 0.230348 0.012185 0.014918
0 0.166484 0.448235 0.012185 0.014918
0 0.119605 0.476161 0.008199 0.007843
0 0.117911 0.481033 0.008021 0.007605
0 0.035650 0.553045 0.012185 0.014918
0 0.165058 0.572296 0.012185 0.014918
0 0.290188 0.449899 0.012185 0.014918
0 0.088233 0.515019 0.012185 0.014918
0 0.035115 0.626246 0.012185 0.014918
0 0.010606 0.630524 0.005526 0.008556
0 0.004902 0.629930 0.006239 0.010695
0 0.036719 0.688277 0.006417 0.007605
0 0.024331 0.687801 0.005526 0.006655
0 0.019696 0.683999 0.006595 0.007130
0 0.009091 0.707171 0.006060 0.006417
0 0.037165 0.713944 0.006952 0.006179
0 0.043493 0.730462 0.006417 0.006892
0 0.049018 0.737235 0.006773 0.006655
0 0.062209 0.746267 0.012185 0.014918
0 0.424977 0.602901 0.012770 0.015405
0 0.577289 0.675431 0.012770 0.015405
0 0.621487 0.616500 0.012770 0.015405
0 0.058766 0.758298 0.010583 0.006684
0 0.051246 0.762940 0.005570 0.007798
0 0.046512 0.767397 0.006127 0.007798
0 0.039549 0.756442 0.006127 0.007427
0 0.030497 0.751985 0.006963 0.008912
0 0.037599 0.764054 0.006684 0.007798
0 0.028965 0.764983 0.007241 0.008170
0 0.019774 0.752357 0.012770 0.015405
0 0.016154 0.739360 0.012770 0.015405
0 0.008355 0.752728 0.012770 0.015405
0 0.014622 0.727291 0.006406 0.007056
0 0.016015 0.721349 0.005849 0.007056
0 0.006385 0.804495 0.012770 0.015405
0 0.006385 0.777401 0.012770 0.015405
0 0.017290 0.789046 0.012770 0.015405
0 0.011497 0.719767 0.005526 0.006892
0 0.004724 0.714776 0.005169 0.005942
0 0.006773 0.720955 0.004634 0.006892
0 0.003119 0.720242 0.005169 0.005942
0 0.012477 0.831826 0.012770 0.015405
0 0.026826 0.828617 0.006952 0.007843
0 0.021301 0.820062 0.005526 0.007368
0 0.095898 0.915484 0.012770 0.015405
0 0.081103 0.935685 0.012770 0.015405
0 0.064348 0.928555 0.012770 0.015405
0 0.057396 0.915246 0.012770 0.015405
0 0.049197 0.926179 0.012770 0.015405
0 0.039036 0.910968 0.012770 0.015405
0 0.006385 0.925466 0.012770 0.015405
0 0.169336 0.910731 0.012770 0.015405
0 0.142599 0.930932 0.007486 0.008081
0 0.191082 0.992298 0.012770 0.015405
0 0.079855 0.974187 0.012770 0.015405
0 0.049197 0.972761 0.008199 0.007605
0 0.049642 0.979772 0.008734 0.008794
0 0.048127 0.992012 0.012770 0.015405
0 0.020499 0.972999 0.012770 0.015405
0 0.014973 0.948044 0.012770 0.015405
0 0.235288 0.982743 0.012770 0.015405
0 0.361488 0.424469 0.012770 0.015405
0 0.321204 0.494580 0.012770 0.015405
0 0.412110 0.476755 0.012770 0.015405
0 0.513177 0.255727 0.012770 0.015405
0 0.356853 0.023885 0.007843 0.007368
0 0.350347 0.017587 0.005882 0.009982
0 0.359438 0.003446 0.010160 0.005942
0 0.362112 0.016042 0.006595 0.007843
0 0.570038 0.365290 0.012770 0.015405
0 0.592854 0.546866 0.012770 0.015405
0 0.564869 0.705864 0.009982 0.013309
0 0.606847 0.922257 0.009804 0.010220
