0 0.343824 0.016896 0.009748 0.010769
0 0.374461 0.019496 0.008634 0.010769
0 0.388526 0.010026 0.012770 0.015405
0 0.395489 0.024881 0.007798 0.009655
0 0.403566 0.029151 0.008912 0.008541
0 0.421669 0.063501 0.012770 0.015405
0 0.434481 0.059787 0.012770 0.015405
0 0.390754 0.072042 0.012770 0.015405
0 0.335051 0.033050 0.012770 0.015405
0 0.320290 0.031193 0.012770 0.015405
0 0.326417 0.079469 0.012770 0.015405
0 0.299680 0.079098 0.012770 0.015405
0 0.281298 0.066843 0.012770 0.015405
0 0.309150 0.105835 0.012770 0.015405
0 0.343128 0.137771 0.012770 0.015405
0 0.298009 0.128487 0.007798 0.008170
0 0.291882 0.123660 0.008912 0.009655
0 0.296059 0.236550 0.012770 0.015405
0 0.288261 0.268858 0.012770 0.015405
0 0.349534 0.285940 0.012770 0.015405
0 0.357889 0.290396 0.012770 0.015405
0 0.331709 0.305622 0.012770 0.015405
0 0.333937 0.333102 0.012770 0.015405
0 0.321961 0.332730 0.012770 0.015405
0 0.297731 0.313791 0.012770 0.015405
0 0.331431 0.384348 0.012770 0.015405
0 0.401337 0.342385 0.012770 0.015405
0 0.368473 0.401059 0.012770 0.015405
0 0.418605 0.332916 0.008355 0.011512
0 0.424036 0.324746 0.008634 0.011512
0 0.434759 0.249919 0.012770 0.015405
0 0.419719 0.202015 0.012770 0.015405
0 0.395767 0.160052 0.012770 0.015405
0 0.473472 0.196445 0.012770 0.015405
0 0.445343 0.311563 0.012770 0.015405
0 0.468181 0.134800 0.012770 0.015405
0 0.442279 0.125517 0.012770 0.015405
0 0.434202 0.110663 0.012770 0.015405
0 0.451191 0.096180 0.012770 0.015405
0 0.465117 0.083554 0.012770 0.015405
0 0.469016 0.071671 0.009469 0.008912
0 0.461775 0.062016 0.011141 0.011883
0 0.443950 0.030451 0.012770 0.015405
0 0.453419 0.042334 0.008355 0.008170
0 0.461496 0.047347 0.006684 0.010769
0 0.467902 0.046048 0.006684 0.008170
0 0.467624 0.038806 0.008355 0.007798
0 0.464142 0.015782 0.008634 0.007798
0 0.466927 0.007056 0.008077 0.008170
0 0.435873 0.419255 0.012770 0.015405
0 0.443950 0.503180 0.012770 0.015405
0 0.289097 0.460475 0.012770 0.015405
0 0.304136 0.411828 0.012770 0.015405
0 0.323493 0.509679 0.010305 0.012997
0 0.310403 0.503366 0.012533 0.013740
0 0.297174 0.547371 0.012770 0.015405
0 0.284362 0.553313 0.012770 0.015405
0 0.389083 0.681429 0.012770 0.015405
0 0.371537 0.659148 0.012770 0.015405
0 0.295224 0.624798 0.010026 0.014483
0 0.286172 0.622198 0.006963 0.015225
0 0.394653 0.617556 0.008912 0.009655
0 0.387412 0.611986 0.011141 0.009655
0 0.285754 0.681429 0.012770 0.015405
0 0.413314 0.762755 0.012770 0.015405
0 0.287147 0.760527 0.012770 0.015405
0 0.284780 0.710766 0.010305 0.007427
0 0.285615 0.703153 0.008634 0.007798
0 0.351762 0.935061 0.012770 0.015405
0 0.464281 0.817529 0.011698 0.008541
0 0.623591 0.845195 0.012770 0.015405
0 0.794877 0.955857 0.012770 0.015405
0 0.728590 0.770182 0.012770 0.015405
0 0.739731 0.700739 0.012770 0.015405
0 0.767025 0.679201 0.012770 0.015405
0 0.761176 0.661376 0.012770 0.015405
0 0.798776 0.631668 0.012770 0.015405
0 0.754214 0.599360 0.012770 0.015405
0 0.662861 0.655063 0.012770 0.015405
0 0.626098 0.635753 0.012770 0.015405
0 0.609108 0.634639 0.012770 0.015405
0 0.558976 0.677715 0.012770 0.015405
0 0.538366 0.692198 0.012770 0.015405
0 0.559811 0.747158 0.012770 0.015405
0 0.601031 0.744930 0.012770 0.015405
0 0.616767 0.727476 0.008634 0.010398
0 0.624426 0.723391 0.006684 0.009655
0 0.590726 0.844081 0.012770 0.015405
0 0.852807 0.636867 0.012770 0.015405
0 0.871607 0.641880 0.009191 0.010769
0 0.870354 0.655434 0.010583 0.013369
0 0.815765 0.572994 0.012770 0.015405
0 0.775102 0.593047 0.012770 0.015405
0 0.787914 0.547000 0.012770 0.015405
0 0.792370 0.515806 0.012770 0.015405
0 0.764797 0.521005 0.007798 0.007427
0 0.724134 0.523976 0.012770 0.015405
0 0.700739 0.512093 0.012770 0.015405
0 0.703246 0.571138 0.012770 0.015405
0 0.667596 0.555912 0.012770 0.015405
0 0.672888 0.514692 0.012770 0.015405
0 0.635567 0.581164 0.012770 0.015405
0 0.605488 0.506894 0.012770 0.015405
0 0.581814 0.452305 0.012770 0.015405
0 0.565939 0.463260 0.010583 0.008541
0 0.527225 0.493897 0.012770 0.015405
0 0.505780 0.423711 0.008355 0.009655
0 0.496867 0.422040 0.010026 0.010026
0 0.492690 0.559254 0.012770 0.015405
0 0.771203 0.456762 0.012770 0.015405
0 0.776216 0.437080 0.012770 0.015405
0 0.706866 0.455648 0.012770 0.015405
0 0.745580 0.437451 0.009469 0.007427
0 0.745858 0.431138 0.010583 0.006684
0 0.821614 0.418141 0.012770 0.015405
0 0.839996 0.426311 0.012770 0.015405
0 0.843895 0.724134 0.012770 0.015405
0 0.800725 0.410343 0.012770 0.015405
0 0.759505 0.412942 0.012770 0.015405
0 0.647822 0.368751 0.012770 0.015405
0 0.621920 0.378407 0.012770 0.015405
0 0.610222 0.313791 0.012770 0.015405
0 0.755049 0.313049 0.012770 0.015405
0 0.738895 0.276285 0.006684 0.009655
0 0.798776 0.328274 0.012770 0.015405
0 0.781508 0.362438 0.012770 0.015405
0 0.770924 0.385462 0.012770 0.015405
0 0.804624 0.311563 0.012770 0.015405
0 0.779837 0.298937 0.008912 0.008912
0 0.803510 0.257346 0.008355 0.011141
0 0.825791 0.284826 0.012770 0.015405
0 0.833033 0.326789 0.012770 0.015405
0 0.817436 0.329388 0.012770 0.015405
0 0.828855 0.338301 0.006127 0.008912
0 0.824260 0.341271 0.006406 0.007427
0 0.865340 0.331245 0.012770 0.015405
0 0.848630 0.372465 0.012770 0.015405
0 0.836096 0.404401 0.012770 0.015405
0 0.830805 0.383605 0.011141 0.010398
0 0.870075 0.211670 0.012770 0.015405
0 0.879823 0.160052 0.012770 0.015405
0 0.600196 0.272572 0.012770 0.015405
0 0.621920 0.264402 0.012770 0.015405
0 0.628326 0.237665 0.012770 0.015405
0 0.649493 0.216869 0.012770 0.015405
0 0.673445 0.189018 0.012770 0.015405
0 0.611893 0.235436 0.012770 0.015405
0 0.592676 0.242121 0.012770 0.015405
0 0.580421 0.262545 0.012770 0.015405
0 0.578890 0.246948 0.006963 0.008912
0 0.570534 0.251590 0.009191 0.013740
0 0.559811 0.240635 0.012770 0.015405
0 0.549228 0.257346 0.012770 0.015405
0 0.523883 0.277770 0.012770 0.015405
0 0.499931 0.231352 0.012770 0.015405
0 0.535859 0.226524 0.012770 0.015405
0 0.547000 0.201272 0.012770 0.015405
0 0.537530 0.163023 0.012770 0.015405
0 0.543101 0.181962 0.012770 0.015405
0 0.556748 0.185675 0.012770 0.015405
0 0.571509 0.167851 0.012770 0.015405
0 0.560647 0.155967 0.012770 0.015405
0 0.587106 0.144455 0.012770 0.015405
0 0.606045 0.169336 0.012770 0.015405
0 0.611336 0.147426 0.012770 0.015405
0 0.623034 0.129601 0.012770 0.015405
0 0.591283 0.092838 0.012770 0.015405
0 0.564268 0.098408 0.012770 0.015405
0 0.536138 0.135543 0.012770 0.015405
0 0.503552 0.151511 0.012770 0.015405
0 0.482942 0.139257 0.012770 0.015405
0 0.501602 0.119946 0.012770 0.015405
0 0.508147 0.202943 0.006406 0.007056
0 0.502020 0.204800 0.006963 0.007798
0 0.582371 0.083554 0.008355 0.008912
0 0.563432 0.070928 0.010583 0.011141
0 0.569699 0.031750 0.008634 0.010026
0 0.557305 0.024138 0.012770 0.015405
0 0.495475 0.045676 0.012770 0.015405
0 0.501602 0.068700 0.012770 0.015405
0 0.485448 0.087639 0.012770 0.015405
0 0.513857 0.093952 0.012770 0.015405
0 0.673166 0.038620 0.012770 0.015405
0 0.495475 0.004085 0.007798 0.007427
0 0.488094 0.002971 0.009191 0.005942
0 0.692941 0.012069 0.008355 0.010026
0 0.701992 0.013926 0.007520 0.009284
0 0.746694 0.055703 0.006684 0.011141
0 0.743909 0.064615 0.009469 0.008912
0 0.778723 0.067215 0.009469 0.008912
0 0.781369 0.078169 0.008077 0.010026
0 0.807967 0.072785 0.012770 0.015405
0 0.806017 0.030079 0.012770 0.015405
0 0.807967 0.007798 0.012770 0.015405
0 0.831640 0.092838 0.012770 0.015405
0 0.827741 0.113633 0.012770 0.015405
0 0.845287 0.101007 0.012770 0.015405
0 0.855035 0.122917 0.012770 0.015405
0 0.868683 0.147798 0.012770 0.015405
0 0.875088 0.061644 0.012770 0.015405
0 0.860327 0.051246 0.012770 0.015405
0 0.872582 0.026737 0.012770 0.015405
0 0.739452 0.128859 0.008355 0.008170
0 0.732350 0.132572 0.009748 0.013369
0 0.958921 0.025252 0.012770 0.015405
0 0.886786 0.038992 0.012770 0.015405
0 0.889292 0.059416 0.012770 0.015405
0 0.966162 0.069814 0.012770 0.015405
0 0.948894 0.080212 0.012770 0.015405
0 0.921182 0.103607 0.006406 0.009655
0 0.915751 0.108991 0.008912 0.006313
0 0.956275 0.095066 0.008077 0.006684
0 0.959756 0.103978 0.006684 0.008170
0 0.990393 0.130716 0.012770 0.015405
0 0.985101 0.093766 0.007798 0.008541
0 0.975353 0.094509 0.010026 0.009284
0 0.971732 0.171564 0.012770 0.015405
0 0.924942 0.150397 0.012770 0.015405
0 0.909345 0.175649 0.012770 0.015405
0 0.941374 0.189389 0.012770 0.015405
0 0.945831 0.206842 0.012770 0.015405
0 0.834982 0.253261 0.012770 0.015405
0 0.809916 0.242492 0.008355 0.009655
0 0.802814 0.237665 0.007520 0.010398
0 0.798219 0.231166 0.010026 0.010769
0 0.791813 0.222253 0.007241 0.010026
0 0.710766 0.138514 0.012770 0.015405
0 0.965605 0.264402 0.012770 0.015405
0 0.963655 0.281113 0.012770 0.015405
0 0.977581 0.334958 0.012770 0.015405
0 0.940539 0.298566 0.012770 0.015405
0 0.933298 0.265887 0.012770 0.015405
0 0.896812 0.261060 0.012770 0.015405
0 0.886229 0.275914 0.012770 0.015405
0 0.899876 0.295224 0.012770 0.015405
0 0.887482 0.196073 0.006963 0.008170
0 0.883861 0.189389 0.006963 0.006684
0 0.946388 0.377292 0.012770 0.015405
0 0.958364 0.392147 0.012770 0.015405
0 0.890128 0.399945 0.012770 0.015405
0 0.939703 0.416656 0.012770 0.015405
0 0.896255 0.714108 0.012770 0.015405
0 0.974935 0.383605 0.008077 0.007427
0 0.908928 0.481828 0.005849 0.006313
0 0.906282 0.478114 0.006127 0.006313
0 0.922993 0.961056 0.012770 0.015405
0 0.604513 0.761269 0.008634 0.011141
0 0.289236 0.927634 0.010862 0.011883
