0 0.977504 0.885417 0.009821 0.013750
0 0.853046 0.957191 0.009725 0.013756
0 0.641070 0.949702 0.010118 0.014182
0 0.960465 0.909306 0.009722 0.012551
0 0.974318 0.788361 0.009204 0.012513
0 0.900331 0.971811 0.009714 0.012152
0 0.963031 0.562903 0.010490 0.014626
0 0.652798 0.811675 0.009079 0.012049
0 0.957285 0.955667 0.009394 0.013083
0 0.688657 0.914236 0.009538 0.013006
0 0.651298 0.826394 0.009641 0.012720
0 0.631927 0.961798 0.009409 0.012009
0 0.975149 0.828192 0.009296 0.012040
0 0.743291 0.869683 0.009831 0.012928
0 0.550934 0.607325 0.008960 0.011867
0 0.909178 0.451902 0.009687 0.013230
0 0.916801 0.780550 0.008860 0.012209
0 0.631029 0.762041 0.009500 0.012284
0 0.995281 0.634175 0.008025 0.015027
0 0.944587 0.880390 0.011549 0.014366
0 0.833139 0.994331 0.007728 0.008847
0 0.745532 0.825720 0.009840 0.013160
0 0.767794 0.387973 0.010335 0.013797
0 0.785884 0.979131 0.010581 0.014069
0 0.985060 0.619899 0.009338 0.012819
0 0.570221 0.811935 0.008800 0.011971
0 0.574344 0.810982 0.008647 0.012090
0 0.579899 0.577699 0.009994 0.013088
0 0.536719 0.790369 0.009382 0.012604
0 0.898795 0.626325 0.010269 0.013999
0 0.531367 0.753188 0.009036 0.012192
0 0.617651 0.860376 0.009974 0.013597
0 0.631449 0.857134 0.007981 0.012668
0 0.988314 0.818116 0.007981 0.011655
0 0.988124 0.807474 0.009121 0.011655
0 0.982043 0.645067 0.008361 0.011148
0 0.871259 0.927823 0.004941 0.010135
0 0.875059 0.934157 0.004941 0.008614
0 0.879430 0.924782 0.008361 0.016215
