0 0.891782 0.135031 0.004244 0.005658
0 0.941937 0.127315 0.004244 0.005658
0 0.930556 0.192644 0.003858 0.005658
0 0.890818 0.082047 0.004630 0.005658
0 0.874035 0.037294 0.004244 0.005658
0 0.884259 0.148920 0.003858 0.005658
0 0.835262 0.095936 0.003858 0.005658
0 0.759452 0.309414 0.004244 0.005658
0 0.909336 0.085134 0.003858 0.005658
0 0.905478 0.120370 0.003858 0.005144
0 0.818673 0.161780 0.003858 0.005658
0 0.866898 0.086420 0.003858 0.005144
0 0.829861 0.055041 0.003858 0.005144
0 0.886381 0.052984 0.004244 0.006173
0 0.800154 0.199074 0.004630 0.008230
0 0.947531 0.220679 0.003858 0.005144
0 0.683642 0.045267 0.003858 0.005144
0 0.932292 0.230195 0.004244 0.005658
0 0.907215 0.170525 0.004244 0.005658
0 0.753858 0.013632 0.003858 0.005658
0 0.948688 0.150463 0.003858 0.005658
0 0.690779 0.134002 0.004244 0.005658
0 0.884066 0.241770 0.004244 0.006173
0 0.897184 0.190586 0.004244 0.005658
0 0.958912 0.178241 0.004244 0.005658
0 0.780671 0.182099 0.004244 0.006173
0 0.866512 0.003858 0.003858 0.005658
0 0.740355 0.065586 0.003858 0.005658
0 0.963542 0.419239 0.004244 0.005144
0 0.833719 0.337963 0.003858 0.005144
0 0.861883 0.069444 0.003858 0.005144
0 0.903164 0.017233 0.003858 0.005658
0 0.908565 0.208076 0.003858 0.005658
0 0.850116 0.084362 0.004244 0.005144
0 0.826968 0.021605 0.004244 0.005144
0 0.903935 0.052212 0.003858 0.005658
0 0.741512 0.156121 0.003858 0.004630
0 0.928434 0.690072 0.004244 0.005658
0 0.793210 0.129372 0.003858 0.005658
0 0.937693 0.053498 0.005787 0.006173
0 0.744599 0.145576 0.003858 0.005144
0 0.959684 0.129115 0.005787 0.008230
0 0.778356 0.090792 0.004244 0.005658
0 0.811728 0.033951 0.003858 0.005144
0 0.878086 0.026492 0.003858 0.005658
0 0.754051 0.090792 0.004244 0.005658
0 0.793017 0.165638 0.004244 0.005144
0 0.672454 0.010545 0.004630 0.005658
0 0.913966 0.166924 0.003858 0.005658
0 0.650656 0.232253 0.004244 0.005658
0 0.827739 0.065072 0.004244 0.005658
0 0.912809 0.028549 0.003858 0.005658
0 0.828897 0.595936 0.004244 0.005658
0 0.813079 0.183385 0.009645 0.010802
0 0.823881 0.427212 0.004244 0.005658
0 0.978588 0.256944 0.004244 0.005658
0 0.785687 0.067644 0.004244 0.005658
0 0.778935 0.314043 0.003858 0.005658
0 0.967785 0.766204 0.004244 0.005658
0 0.761381 0.285751 0.007330 0.008745
0 0.830054 0.169753 0.004244 0.008230
0 0.815008 0.024949 0.004244 0.005658
0 0.694252 0.183128 0.004244 0.005144
0 0.777006 0.013889 0.003858 0.005144
0 0.833912 0.217850 0.004244 0.005658
0 0.813657 0.122428 0.003858 0.005144
0 0.838735 0.087449 0.003858 0.005144
0 0.973958 0.162551 0.004244 0.005144
0 0.793789 0.059414 0.004244 0.005658
0 0.921682 0.184671 0.003858 0.006173
0 0.850694 0.058899 0.003858 0.005658
0 0.919753 0.078961 0.003858 0.005658
0 0.723573 0.143261 0.006559 0.007716
0 0.871528 0.472222 0.003858 0.005144
0 0.977623 0.686728 0.006944 0.006173
0 0.767940 0.133745 0.004244 0.005144
0 0.701196 0.253601 0.004244 0.006173
0 0.678434 0.181070 0.003472 0.005144
0 0.910494 0.187500 0.003858 0.005658
0 0.662230 0.256173 0.004244 0.005144
0 0.604360 0.164352 0.004244 0.005658
0 0.799961 0.051698 0.004244 0.005658
0 0.773534 0.201646 0.006173 0.010288
0 0.990934 0.165381 0.004244 0.005658
0 0.919560 0.015947 0.004244 0.006173
0 0.957755 0.031121 0.004244 0.005658
0 0.867477 0.591307 0.004244 0.005658
0 0.874035 0.009259 0.004244 0.005144
0 0.853009 0.114969 0.003858 0.005658
0 0.704282 0.015689 0.004244 0.005658
0 0.846836 0.076646 0.003858 0.008230
0 0.897377 0.316615 0.003858 0.005658
0 0.711034 0.434928 0.004630 0.007716
0 0.967593 0.123200 0.003858 0.005658
0 0.966435 0.790123 0.004630 0.006173
0 0.851659 0.025463 0.004244 0.005658
0 0.840471 0.349537 0.004244 0.005658
0 0.894676 0.054784 0.006173 0.007716
0 0.930170 0.163837 0.003858 0.005658
0 0.938079 0.020833 0.004244 0.005658
0 0.838542 0.054270 0.004244 0.005658
0 0.912809 0.060957 0.003858 0.005658
0 0.862847 0.096193 0.004244 0.006173
0 0.788580 0.129115 0.003086 0.006173
0 0.708333 0.354167 0.003858 0.005658
0 0.820409 0.484825 0.004244 0.005658
0 0.891590 0.008745 0.003858 0.005144
0 0.969136 0.225309 0.003858 0.005144
0 0.784336 0.050669 0.003858 0.005658
0 0.868248 0.601080 0.004244 0.005658
0 0.617284 0.129372 0.003858 0.005658
0 0.769483 0.053241 0.004244 0.005658
0 0.943287 0.543210 0.003858 0.006173
0 0.792052 0.006173 0.004630 0.006173
0 0.906636 0.007973 0.003858 0.005658
0 0.998457 0.130916 0.001543 0.004630
0 0.909915 0.387603 0.004244 0.007716
0 0.929977 0.472479 0.003472 0.005658
0 0.874807 0.117541 0.004244 0.005658
0 0.885224 0.005401 0.004244 0.005658
0 0.765432 0.157922 0.003858 0.005144
0 0.660687 0.131944 0.004244 0.005658
0 0.780285 0.168724 0.004244 0.006173
0 0.943866 0.445988 0.003472 0.005144
0 0.788580 0.045525 0.003858 0.005658
0 0.938850 0.040381 0.004244 0.007716
0 0.801505 0.073817 0.004244 0.007716
0 0.827160 0.561986 0.004630 0.007716
0 0.831790 0.009516 0.003858 0.005658
0 0.599344 0.232253 0.004244 0.007716
0 0.670332 0.099537 0.004244 0.005658
0 0.898148 0.347479 0.003858 0.005658
0 0.453897 0.185700 0.004244 0.008230
0 0.873264 0.240226 0.003472 0.005144
0 0.795910 0.220165 0.003858 0.006173
0 0.927276 0.461677 0.004244 0.005658
0 0.984954 0.593621 0.003858 0.005144
0 0.709298 0.313529 0.004244 0.005658
0 0.924383 0.082819 0.003858 0.006173
0 0.841242 0.074331 0.003472 0.005658
0 0.706597 0.518776 0.003472 0.004630
0 0.766204 0.150977 0.003858 0.005658
0 0.975116 0.094393 0.004244 0.005658
0 0.772184 0.355453 0.004244 0.005144
0 0.641975 0.065844 0.003858 0.005144
0 0.735725 0.054527 0.003858 0.005144
0 0.838927 0.009259 0.004244 0.006173
0 0.538194 0.159722 0.004630 0.004630
0 0.669753 0.341307 0.004630 0.005658
0 0.950231 0.033179 0.006173 0.005658
0 0.670910 0.088220 0.003858 0.007716
0 0.800154 0.099794 0.008488 0.006173
0 0.793017 0.121656 0.004244 0.005658
0 0.588156 0.400977 0.004244 0.007716
0 0.988426 0.860597 0.009259 0.010288
0 0.994985 0.858282 0.008488 0.009774
0 0.721644 0.190844 0.004244 0.005144
0 0.679398 0.113169 0.003858 0.005144
0 0.734954 0.105967 0.006173 0.006173
0 0.734954 0.122942 0.003858 0.006173
0 0.769869 0.106739 0.004244 0.005658
0 0.785108 0.108282 0.003086 0.004630
0 0.803819 0.129887 0.002701 0.005658
0 0.928819 0.148405 0.004244 0.004630
0 0.874807 0.141204 0.004244 0.004630
0 0.858218 0.130144 0.004244 0.005144
0 0.866705 0.126286 0.004244 0.005658
0 0.902585 0.105710 0.003472 0.004630
0 0.927662 0.106481 0.004244 0.005144
0 0.909144 0.065844 0.003472 0.005144
0 0.904707 0.075617 0.004630 0.006173
0 0.816937 0.094393 0.004244 0.005658
0 0.826582 0.109825 0.003472 0.004630
0 0.812114 0.110082 0.004630 0.006173
0 0.798225 0.119599 0.003858 0.005658
0 0.792052 0.103395 0.006173 0.008230
0 0.806134 0.069702 0.004244 0.005658
0 0.811728 0.072788 0.003086 0.005658
0 0.817130 0.065072 0.003858 0.004630
0 0.819444 0.073045 0.003858 0.005144
0 0.786651 0.201646 0.003858 0.005144
0 0.591049 0.104424 0.003858 0.005144
0 0.861497 0.028807 0.003858 0.005144
0 0.860340 0.050154 0.003858 0.005658
0 0.867863 0.051440 0.003472 0.005144
0 0.844907 0.061471 0.003858 0.005658
0 0.843943 0.055298 0.004244 0.005658
0 0.863812 0.020062 0.003858 0.005144
0 0.967593 0.002315 0.003858 0.004630
0 0.822531 0.002572 0.003858 0.005144
0 0.820216 0.009774 0.003858 0.005144
0 0.794753 0.023148 0.003858 0.005144
0 0.799383 0.026492 0.003858 0.004630
0 0.803241 0.031379 0.003858 0.005144
0 0.737654 0.002572 0.003858 0.005144
0 0.740162 0.016718 0.006559 0.007716
0 0.988426 0.124486 0.003086 0.008230
0 0.673611 0.114455 0.003858 0.004630
0 0.713156 0.300669 0.004244 0.003601
0 0.710841 0.306070 0.005787 0.005144
0 0.969907 0.404321 0.004630 0.006173
0 0.964892 0.397891 0.004630 0.005658
0 0.932485 0.153292 0.003086 0.004115
0 0.928819 0.156379 0.003472 0.005144
0 0.872685 0.185700 0.003086 0.004115
0 0.870756 0.191101 0.003858 0.004630
0 0.875965 0.146862 0.004244 0.005658
0 0.807677 0.128344 0.002701 0.004630
0 0.811728 0.131430 0.002315 0.003601
0 0.806520 0.111111 0.003472 0.006173
0 0.808835 0.101080 0.002701 0.004630
0 0.812307 0.099023 0.003472 0.005658
0 0.878279 0.087449 0.004244 0.005144
0 0.874807 0.092078 0.002701 0.004115
0 0.899498 0.075103 0.003472 0.005144
0 0.939815 0.092850 0.004630 0.005658
0 0.935378 0.092078 0.002701 0.005144
0 0.926890 0.093879 0.003472 0.004630
0 0.924576 0.098251 0.002701 0.003086
0 0.923804 0.103909 0.001929 0.003086
0 0.922454 0.109053 0.003086 0.004115
0 0.941358 0.112912 0.003086 0.003601
0 0.861883 0.041409 0.003858 0.005658
0 0.857446 0.041152 0.003472 0.005144
0 0.847801 0.043467 0.003472 0.004630
0 0.844136 0.040638 0.003086 0.004115
0 0.857639 0.016461 0.003858 0.006173
0 0.860725 0.010802 0.003858 0.004115
0 0.832948 0.067644 0.003858 0.004630
0 0.836420 0.062243 0.003086 0.004115
0 0.814815 0.069187 0.002315 0.002572
0 0.762539 0.037037 0.003472 0.004115
0 0.758102 0.034722 0.003086 0.005658
0 0.695023 0.113683 0.008873 0.009259
0 0.891011 0.101080 0.004244 0.004630
0 0.803819 0.037037 0.003472 0.004115
0 0.801312 0.042181 0.002315 0.003086
0 0.789159 0.017233 0.002701 0.003601
0 0.793596 0.014918 0.003086 0.005144
0 0.798032 0.015175 0.002701 0.003601
0 0.796103 0.008230 0.002701 0.004115
0 0.799383 0.010545 0.002315 0.004630
0 0.804977 0.012603 0.006559 0.005658
0 0.810185 0.011060 0.003858 0.007716
