0 0.598573 0.286008 0.004244 0.006173
0 0.723380 0.857767 0.010031 0.009774
0 0.582755 0.428755 0.004244 0.005658
0 0.441358 0.439043 0.003858 0.005658
0 0.605710 0.407665 0.003858 0.005658
0 0.457562 0.449588 0.004630 0.006173
0 0.732060 0.765689 0.004244 0.005658
0 0.543789 0.295267 0.004244 0.005144
0 0.786073 0.608282 0.004244 0.005658
0 0.347801 0.105453 0.006559 0.009259
0 0.403549 0.660494 0.004630 0.006173
0 0.472222 0.222994 0.004630 0.005658
0 0.884259 0.941101 0.004630 0.005658
0 0.801698 0.513117 0.003858 0.005658
0 0.683835 0.493570 0.004244 0.005658
0 0.266204 0.022119 0.004630 0.006173
0 0.736690 0.012603 0.004244 0.005658
0 0.947724 0.918724 0.004244 0.006173
0 0.791474 0.564043 0.004244 0.005658
0 0.928819 0.721708 0.004244 0.006173
0 0.716821 0.413323 0.004630 0.005658
0 0.604360 0.095165 0.005787 0.008230
0 0.712770 0.460391 0.004244 0.006173
0 0.649306 0.432099 0.004630 0.006173
0 0.873264 0.921039 0.004244 0.005658
0 0.513310 0.093621 0.004244 0.006173
0 0.393711 0.355710 0.004244 0.005658
0 0.891782 0.969650 0.004244 0.006173
0 0.871721 0.519033 0.004244 0.006173
0 0.804784 0.623714 0.004630 0.005658
0 0.595679 0.438272 0.003858 0.005144
0 0.958912 0.683128 0.004244 0.006173
0 0.501736 0.665895 0.004244 0.005658
0 0.450231 0.731481 0.004630 0.006173
0 0.547840 0.185957 0.004630 0.007716
0 0.528164 0.561728 0.004630 0.006173
0 0.902199 0.335134 0.004244 0.005658
0 0.939236 0.627829 0.004244 0.005658
0 0.541474 0.427726 0.004244 0.005658
0 0.916667 0.383745 0.004630 0.006173
0 0.637153 0.480195 0.004244 0.005658
0 0.350116 0.180041 0.006559 0.008230
0 0.701582 0.527006 0.004244 0.005658
0 0.947724 0.281636 0.004244 0.005658
0 0.443480 0.138632 0.006559 0.009774
0 0.311343 0.511574 0.004630 0.007716
0 0.797647 0.044239 0.004244 0.006173
0 0.541281 0.506687 0.004630 0.006173
0 0.942901 0.562757 0.004630 0.006173
0 0.720679 0.435700 0.003858 0.005144
0 0.597608 0.491512 0.003858 0.005658
0 0.342593 0.253858 0.007716 0.010802
0 0.651042 0.564043 0.004244 0.005658
0 0.897377 0.472222 0.003858 0.005144
0 0.716435 0.012603 0.004630 0.007716
0 0.969329 0.822788 0.004244 0.005658
0 0.884066 0.311728 0.004244 0.006173
0 0.974923 0.081790 0.004630 0.008230
0 0.573881 0.680298 0.004244 0.005658
0 0.510802 0.181584 0.004630 0.006173
0 0.965856 0.660751 0.004244 0.005658
0 0.825617 0.139660 0.003858 0.005658
0 0.781829 0.462706 0.004244 0.005658
0 0.992091 0.423611 0.004244 0.007716
0 0.336998 0.104938 0.004244 0.006173
0 0.981867 0.790123 0.004630 0.006173
0 0.729360 0.328961 0.004244 0.005658
0 0.556134 0.358025 0.004244 0.006173
0 0.543789 0.642233 0.004244 0.005658
0 0.625579 0.469393 0.004244 0.005658
0 0.353202 0.664866 0.004244 0.005658
0 0.711998 0.135545 0.004244 0.005658
0 0.792245 0.334362 0.004244 0.006173
0 0.519676 0.279064 0.004630 0.007716
0 0.864005 0.230967 0.004244 0.006173
0 0.853588 0.657150 0.004244 0.005658
0 0.704282 0.755144 0.004244 0.005144
0 0.819252 0.532407 0.004244 0.006173
0 0.483603 0.306070 0.004244 0.006173
0 0.852431 0.415895 0.004244 0.005658
0 0.506752 0.444702 0.004244 0.005658
0 0.910494 0.627829 0.003858 0.005658
0 0.913194 0.681070 0.003858 0.006173
0 0.883681 0.474794 0.004244 0.006173
0 0.586227 0.123714 0.004244 0.005658
0 0.487269 0.534465 0.003858 0.005144
0 0.977816 0.909465 0.004244 0.006173
0 0.808063 0.463992 0.004244 0.006173
0 0.994213 0.655607 0.003858 0.005658
0 0.805170 0.018519 0.004630 0.006173
0 0.702932 0.269547 0.004630 0.006173
0 0.298611 0.388889 0.004630 0.006173
0 0.548418 0.461677 0.005787 0.007716
0 0.690008 0.449331 0.004244 0.005658
0 0.870177 0.627572 0.004244 0.006173
0 0.726852 0.181070 0.004630 0.006173
0 0.963349 0.745370 0.004630 0.006173
0 0.981867 0.609311 0.006173 0.009774
0 0.819637 0.744084 0.004244 0.005658
0 0.932099 0.987654 0.004630 0.006173
0 0.934606 0.129115 0.004244 0.006173
0 0.737461 0.272891 0.006559 0.008745
0 0.938657 0.951903 0.003858 0.005658
0 0.794174 0.842593 0.004244 0.006173
0 0.287037 0.935957 0.004630 0.005658
0 0.891782 0.593364 0.004244 0.005658
0 0.788773 0.137603 0.004244 0.007716
0 0.680941 0.621656 0.004630 0.008745
0 0.600887 0.636574 0.004244 0.005658
0 0.918403 0.046296 0.004244 0.006173
0 0.533565 0.369084 0.004630 0.005658
0 0.400849 0.432099 0.004630 0.006173
0 0.897955 0.250772 0.004244 0.005658
0 0.738812 0.531379 0.003858 0.005144
0 0.841242 0.059156 0.004244 0.006173
0 0.973958 0.490998 0.004244 0.005658
0 0.953125 0.691615 0.004244 0.005658
0 0.687307 0.540638 0.004244 0.006173
0 0.709684 0.411265 0.004244 0.005658
0 0.737847 0.078189 0.004244 0.006173
0 0.587963 0.253344 0.004630 0.005658
0 0.617477 0.093107 0.004244 0.006173
0 0.662616 0.436728 0.004244 0.006173
0 0.272377 0.854938 0.003858 0.005144
0 0.307677 0.930298 0.004244 0.005658
0 0.938079 0.754887 0.004244 0.005658
0 0.496142 0.217335 0.004630 0.005658
0 0.839313 0.486883 0.004244 0.005658
0 0.980517 0.950360 0.004244 0.005658
0 0.652006 0.037551 0.004630 0.006173
0 0.709684 0.350051 0.004244 0.005658
0 0.899691 0.523148 0.004630 0.006173
0 0.732446 0.971193 0.005787 0.008230
0 0.873264 0.562500 0.004244 0.005658
0 0.786265 0.387088 0.003858 0.005658
0 0.750772 0.481996 0.004630 0.006173
0 0.556134 0.556070 0.004244 0.006173
0 0.599344 0.675154 0.004244 0.005658
0 0.746721 0.171553 0.004244 0.005658
0 0.743441 0.383230 0.004630 0.006173
0 0.581790 0.214249 0.004630 0.005658
0 0.974537 0.374228 0.003858 0.005658
0 0.968943 0.520576 0.004244 0.006173
0 0.358218 0.317901 0.004244 0.006173
0 0.974923 0.288066 0.004630 0.006173
0 0.373264 0.434671 0.004244 0.005144
0 0.889853 0.558128 0.004244 0.006173
0 0.679591 0.549897 0.004244 0.006173
0 0.861111 0.934414 0.004630 0.005658
0 0.920718 0.729681 0.004244 0.005658
0 0.637924 0.102366 0.005787 0.006173
0 0.936150 0.691101 0.004244 0.005658
0 0.572338 0.542438 0.004244 0.005658
0 0.818866 0.652778 0.006559 0.008230
0 0.359375 0.249228 0.004244 0.005658
0 0.596644 0.165895 0.004244 0.005658
0 0.979745 0.454218 0.004244 0.006173
0 0.836998 0.070473 0.004244 0.006173
0 0.590856 0.166924 0.004244 0.005658
0 0.975502 0.607767 0.004244 0.005658
0 0.371721 0.783951 0.006559 0.006173
0 0.947338 0.487654 0.004244 0.006173
0 0.983218 0.705761 0.004244 0.006173
0 0.881944 0.644547 0.003858 0.005144
0 0.815779 0.449846 0.004244 0.005658
0 0.998457 0.623971 0.002315 0.006173
0 0.956597 0.338992 0.004244 0.006173
0 0.739776 0.637346 0.004244 0.006173
0 0.728781 0.167953 0.006173 0.007716
0 0.884645 0.580504 0.003858 0.005658
0 0.799190 0.502572 0.004244 0.006173
0 0.539352 0.394033 0.004630 0.006173
0 0.648534 0.282150 0.003858 0.005658
0 0.946759 0.719393 0.003858 0.005658
0 0.638889 0.021605 0.004630 0.006173
0 0.661265 0.074074 0.004630 0.006173
0 0.711613 0.321759 0.004244 0.005658
0 0.971451 0.305556 0.004630 0.006173
0 0.961806 0.298354 0.004630 0.006173
0 0.867863 0.572788 0.004244 0.005658
0 0.842593 0.132973 0.004630 0.007716
0 0.843364 0.023148 0.004630 0.006173
0 0.952739 0.269033 0.004244 0.006173
0 0.788773 0.203447 0.004244 0.005658
0 0.753279 0.607510 0.004244 0.005144
0 0.705440 0.811728 0.004244 0.006173
0 0.943094 0.430298 0.004244 0.005658
0 0.725309 0.288837 0.003858 0.005658
0 0.779900 0.586420 0.005787 0.006173
0 0.853781 0.575360 0.003858 0.005658
0 0.694637 0.580761 0.004244 0.005144
0 0.821952 0.894033 0.004244 0.006173
0 0.420332 0.500257 0.004244 0.005658
0 0.730517 0.384002 0.004244 0.005658
0 0.802855 0.462963 0.003858 0.005144
0 0.760031 0.409465 0.004630 0.006173
0 0.531829 0.360854 0.004244 0.005658
0 0.695988 0.610854 0.003858 0.005658
0 0.785108 0.851852 0.006944 0.009259
0 0.549190 0.613169 0.004244 0.006173
0 0.640046 0.057613 0.004630 0.006173
0 0.454090 0.106996 0.007716 0.010288
0 0.790123 0.315329 0.006173 0.008230
0 0.796682 0.253858 0.004630 0.007716
0 0.577160 0.353909 0.003858 0.005144
0 0.690586 0.070730 0.003858 0.005658
0 0.464892 0.506687 0.004630 0.006173
0 0.693673 0.341821 0.003858 0.005658
0 0.791088 0.375257 0.004244 0.005658
0 0.984182 0.650463 0.003858 0.005658
0 0.304205 0.304270 0.004244 0.005658
0 0.556327 0.516204 0.004630 0.005658
0 0.859761 0.685700 0.004244 0.006173
0 0.745563 0.565072 0.004244 0.005658
0 0.939236 0.518004 0.004244 0.006173
0 0.853974 0.120370 0.007330 0.010288
0 0.837384 0.538066 0.004244 0.006173
0 0.366127 0.358282 0.006173 0.007716
0 0.695023 0.588735 0.004244 0.005658
0 0.855324 0.044496 0.004630 0.007716
0 0.816165 0.519290 0.004244 0.005658
0 0.632137 0.430041 0.004244 0.006173
0 0.838927 0.586420 0.004244 0.006173
0 0.528549 0.040895 0.006944 0.008745
0 0.913580 0.024949 0.004630 0.007716
0 0.990934 0.477881 0.004244 0.006173
0 0.870370 0.426440 0.003858 0.006173
0 0.875193 0.333591 0.004244 0.005658
0 0.852045 0.594136 0.004244 0.006173
0 0.983796 0.626543 0.004630 0.006173
0 0.988426 0.730195 0.003858 0.005658
0 0.810571 0.440844 0.006173 0.008230
0 0.909722 0.699331 0.003858 0.005658
0 0.669946 0.509259 0.004244 0.005144
0 0.877894 0.604167 0.004244 0.005658
0 0.349730 0.518776 0.004244 0.005658
0 0.800926 0.233025 0.004630 0.006173
0 0.906057 0.572016 0.004244 0.006173
0 0.601273 0.540381 0.004244 0.005658
0 0.675154 0.329475 0.004630 0.005658
0 0.945795 0.458076 0.004244 0.005658
0 0.815201 0.568158 0.003858 0.005658
0 0.826968 0.579990 0.004244 0.005658
0 0.542824 0.287551 0.004630 0.006173
0 0.854552 0.372171 0.003858 0.005658
0 0.840471 0.571502 0.004244 0.006173
0 0.742284 0.709619 0.003858 0.005658
0 0.600694 0.603138 0.003858 0.005658
0 0.577353 0.501286 0.004244 0.005658
0 0.831790 0.566358 0.004630 0.006173
0 0.625579 0.807099 0.004244 0.005144
0 0.614390 0.569959 0.004244 0.005144
0 0.684992 0.145319 0.004244 0.005658
0 0.843557 0.602366 0.004244 0.005144
0 0.964892 0.647119 0.003858 0.006173
0 0.499614 0.730710 0.004630 0.005658
0 0.952546 0.635288 0.003858 0.006173
0 0.783565 0.526235 0.003858 0.005144
0 0.304012 0.118313 0.006173 0.008230
0 0.456211 0.570988 0.004244 0.005144
0 0.612461 0.342850 0.004244 0.005658
0 0.821181 0.997428 0.004244 0.003086
0 0.870949 0.695988 0.004244 0.006173
0 0.592014 0.217335 0.004244 0.005658
0 0.840856 0.977881 0.004244 0.006173
0 0.702932 0.822788 0.004630 0.005658
0 0.577546 0.524177 0.006944 0.009259
0 0.415509 0.046296 0.006173 0.009259
0 0.822338 0.489198 0.004244 0.006173
0 0.961998 0.435700 0.003472 0.005144
0 0.753086 0.277263 0.003858 0.006173
0 0.850502 0.027263 0.004244 0.006173
0 0.477045 0.487912 0.004244 0.005658
0 0.617284 0.805298 0.006173 0.009774
0 0.893326 0.666667 0.004244 0.006173
0 0.917438 0.645576 0.003858 0.005144
0 0.397955 0.150977 0.006559 0.008745
0 0.556520 0.257973 0.004244 0.007716
0 0.746142 0.150720 0.004630 0.006173
0 0.811921 0.476852 0.004244 0.005144
0 0.737654 0.718107 0.004630 0.006173
0 0.825231 0.551183 0.003858 0.005658
0 0.698110 0.920525 0.005787 0.007716
0 0.934606 0.093621 0.011188 0.015432
0 0.805941 0.327932 0.006173 0.008745
0 0.576775 0.198560 0.006944 0.009259
0 0.810764 0.571245 0.004244 0.005658
0 0.769483 0.119342 0.004244 0.006173
0 0.860532 0.004115 0.004244 0.008230
0 0.594329 0.983282 0.005787 0.008745
0 0.600116 0.732767 0.004244 0.007716
0 0.931134 0.681070 0.004244 0.006173
0 0.930748 0.460391 0.005787 0.006173
0 0.742477 0.121656 0.004244 0.005658
0 0.765625 0.146862 0.005787 0.009774
0 0.620949 0.993827 0.005787 0.008230
0 0.594715 0.717078 0.007330 0.008230
0 0.705826 0.904835 0.004244 0.005144
0 0.596451 0.072016 0.004630 0.006173
0 0.636381 0.421296 0.004244 0.009259
0 0.987269 0.035751 0.007716 0.010802
0 0.851080 0.343364 0.004630 0.005658
0 0.743634 0.543467 0.004244 0.005658
0 0.625000 0.784208 0.004630 0.005658
0 0.663773 0.852109 0.005787 0.007716
0 0.920139 0.101852 0.011574 0.012346
0 0.856289 0.965535 0.003472 0.005144
0 0.761188 0.466821 0.003858 0.005658
0 0.720293 0.932099 0.006173 0.008230
0 0.748457 0.596965 0.002315 0.004630
0 0.778164 0.977109 0.004630 0.007716
0 0.986883 0.892233 0.006944 0.008745
0 0.576775 0.233025 0.007716 0.009259
0 0.807292 0.072274 0.005787 0.007716
0 0.633488 0.461420 0.003086 0.004115
0 0.859954 0.983025 0.007716 0.015432
0 0.754437 0.533951 0.005787 0.006173
0 0.653356 0.490998 0.002701 0.004630
0 0.893904 0.617027 0.003086 0.003601
0 0.579475 0.719393 0.006944 0.007716
0 0.968557 0.880916 0.004244 0.005658
0 0.964506 0.883230 0.003858 0.005144
0 0.963735 0.955761 0.003858 0.005144
0 0.834298 0.851595 0.008102 0.009774
0 0.833333 0.858796 0.004630 0.005658
0 0.829282 0.860854 0.004244 0.005658
0 0.830440 0.865484 0.004244 0.004630
0 0.826775 0.840535 0.004630 0.005144
0 0.825424 0.845936 0.005787 0.008745
0 0.816937 0.833076 0.007330 0.009774
0 0.821952 0.823817 0.005787 0.008745
0 0.817515 0.820730 0.004630 0.004630
0 0.815779 0.826646 0.006559 0.006173
0 0.822531 0.813014 0.004630 0.005658
0 0.809799 0.817901 0.008488 0.008230
0 0.807677 0.810442 0.006559 0.007716
0 0.814622 0.806842 0.005787 0.005658
0 0.814622 0.800412 0.006559 0.008230
0 0.813272 0.794239 0.004630 0.005144
0 0.804977 0.787037 0.005787 0.005144
0 0.805363 0.792953 0.004244 0.008745
0 0.805170 0.799383 0.003858 0.006173
0 0.809028 0.775206 0.003858 0.005144
0 0.586806 0.629372 0.006944 0.008745
0 0.723187 0.619856 0.005787 0.008230
0 0.890239 0.690586 0.004244 0.005658
0 0.887153 0.696245 0.003472 0.004630
0 0.882330 0.679784 0.003858 0.005658
0 0.923997 0.702418 0.003858 0.004630
0 0.830054 0.514146 0.004244 0.005658
0 0.829668 0.521348 0.004244 0.005658
0 0.921875 0.505658 0.004244 0.006173
0 0.829861 0.442901 0.003086 0.005144
0 0.833719 0.440844 0.003858 0.005144
0 0.839699 0.430813 0.004244 0.005658
0 0.803241 0.399691 0.006944 0.010288
0 0.956790 0.422068 0.003858 0.005658
0 0.823302 0.432870 0.003858 0.005658
0 0.491512 0.491255 0.006944 0.008230
0 0.763310 0.512346 0.003472 0.005144
0 0.618441 0.563529 0.004630 0.007716
0 0.802469 0.073045 0.002315 0.006173
0 0.564429 0.090021 0.003086 0.004115
0 0.855903 0.013889 0.003472 0.009259
0 0.860725 0.020576 0.004630 0.005144
0 0.875386 0.239712 0.003086 0.005144
0 0.869792 0.238169 0.005787 0.008230
0 0.833912 0.207305 0.005787 0.005144
0 0.591435 0.073045 0.003858 0.006173
0 0.570216 0.086934 0.003858 0.006173
0 0.576582 0.085905 0.003472 0.004115
0 0.573495 0.079475 0.006559 0.005658
0 0.824267 0.177469 0.004244 0.005144
0 0.762924 0.181584 0.003472 0.006173
0 0.759066 0.216307 0.003472 0.003601
0 0.772184 0.271862 0.005787 0.009774
0 0.763696 0.295525 0.004244 0.005658
0 0.664352 0.105453 0.003858 0.005144
0 0.775270 0.316101 0.004244 0.005658
0 0.765432 0.432356 0.003858 0.005658
0 0.623843 0.500514 0.003858 0.004115
0 0.619985 0.496914 0.003086 0.006173
0 0.486690 0.500257 0.004244 0.004630
0 0.485532 0.494342 0.004244 0.004115
0 0.760802 0.505658 0.003858 0.004115
0 0.712770 0.570473 0.005787 0.009259
0 0.712191 0.563529 0.003858 0.003601
0 0.790895 0.528807 0.003858 0.005144
0 0.787616 0.534979 0.004244 0.004115
0 0.856289 0.459362 0.004244 0.006173
0 0.852623 0.455761 0.003086 0.004115
0 0.913194 0.494856 0.003858 0.006173
0 0.909915 0.497685 0.001929 0.002572
0 0.918596 0.700360 0.006173 0.007716
0 0.978588 0.856481 0.004244 0.006173
0 0.973765 0.851337 0.003858 0.004115
0 0.969329 0.944702 0.004244 0.005658
0 0.964699 0.946759 0.002701 0.005658
0 0.858218 0.789866 0.004244 0.008745
0 0.763338 0.568631 0.003960 0.004890
