0 0.166088 0.262603 0.004244 0.005658
0 0.179784 0.293724 0.004630 0.006173
0 0.377122 0.349794 0.004244 0.006173
0 0.463542 0.379887 0.004244 0.005658
0 0.252122 0.236111 0.004244 0.005144
0 0.373843 0.420782 0.003858 0.005144
0 0.485725 0.038580 0.004630 0.005144
0 0.475116 0.141461 0.003472 0.005144
0 0.159915 0.108539 0.004244 0.006173
0 0.384259 0.285751 0.003858 0.005658
0 0.184992 0.077932 0.004244 0.005658
0 0.230517 0.408693 0.004244 0.008745
0 0.573302 0.378344 0.003858 0.005658
0 0.198302 0.395062 0.003858 0.005144
0 0.169753 0.283951 0.004630 0.005144
0 0.534144 0.025206 0.004244 0.006173
0 0.377315 0.088992 0.003858 0.004115
0 0.225694 0.218107 0.003858 0.006173
0 0.382137 0.385545 0.003472 0.004630
0 0.396026 0.344907 0.004244 0.005658
0 0.555748 0.670267 0.005787 0.006173
0 0.246142 0.252058 0.003858 0.006173
0 0.048804 0.555556 0.005787 0.009259
0 0.250965 0.366770 0.004244 0.006173
0 0.144290 0.356739 0.003858 0.005658
0 0.005401 0.377829 0.003858 0.005658
0 0.527971 0.381687 0.004244 0.006173
0 0.438272 0.371656 0.004630 0.005658
0 0.054012 0.072531 0.003858 0.005144
0 0.478202 0.070216 0.004244 0.005658
0 0.031250 0.587191 0.004630 0.005658
0 0.470872 0.156636 0.004244 0.005658
0 0.254051 0.445473 0.003472 0.005144
0 0.076196 0.043210 0.004244 0.006173
0 0.049576 0.659722 0.004244 0.005658
0 0.173418 0.461420 0.003472 0.005144
0 0.220486 0.508230 0.004244 0.005144
0 0.236111 0.366770 0.004630 0.006173
0 0.107253 0.115226 0.004630 0.006173
0 0.525463 0.100823 0.003858 0.006173
0 0.464120 0.046296 0.003858 0.006173
0 0.317708 0.049640 0.003472 0.005658
0 0.427855 0.181070 0.003086 0.004115
0 0.043789 0.393004 0.004244 0.005144
0 0.467014 0.099537 0.003472 0.005658
0 0.465085 0.352623 0.005787 0.005658
0 0.150463 0.087706 0.003858 0.005658
0 0.229360 0.493570 0.005787 0.007716
0 0.430363 0.407150 0.003472 0.004630
0 0.330440 0.055556 0.003472 0.005144
0 0.120756 0.225823 0.003086 0.005144
0 0.054977 0.534465 0.005787 0.008230
0 0.454090 0.043724 0.003858 0.005144
0 0.526813 0.473765 0.004244 0.006173
0 0.196759 0.101852 0.003858 0.005144
0 0.478395 0.351337 0.003858 0.006173
0 0.238040 0.339763 0.004630 0.005658
0 0.242670 0.389403 0.003858 0.005144
0 0.100116 0.161008 0.003472 0.005144
0 0.070602 0.573560 0.003858 0.005144
0 0.415316 0.231739 0.005787 0.007716
0 0.083140 0.745885 0.006559 0.009259
0 0.355324 0.560957 0.003858 0.005658
0 0.223573 0.319187 0.004244 0.005658
0 0.472608 0.341821 0.003858 0.005658
0 0.590085 0.644805 0.003472 0.005658
0 0.365741 0.201389 0.003858 0.004630
0 0.229938 0.153807 0.006173 0.008230
0 0.246142 0.148920 0.003858 0.005658
0 0.538966 0.365484 0.003858 0.004630
0 0.409915 0.447016 0.005787 0.005144
0 0.313657 0.100566 0.003858 0.004630
0 0.188079 0.094650 0.004244 0.005144
0 0.621528 0.328961 0.006944 0.008745
0 0.336806 0.328447 0.003858 0.005658
0 0.084298 0.343879 0.004244 0.004630
0 0.345679 0.360082 0.003858 0.005144
0 0.302276 0.659979 0.004244 0.006173
0 0.407022 0.078447 0.003858 0.005658
0 0.147569 0.442387 0.004244 0.005144
0 0.476852 0.445988 0.003858 0.006173
0 0.095486 0.415381 0.004244 0.005658
0 0.121335 0.316101 0.004244 0.005658
0 0.141590 0.111883 0.003858 0.005658
0 0.379244 0.080504 0.003086 0.004630
0 0.204668 0.371914 0.004244 0.005144
0 0.012924 0.274949 0.003472 0.005658
0 0.418596 0.434671 0.004630 0.006173
0 0.449074 0.450874 0.004630 0.005658
0 0.158951 0.647891 0.006173 0.008745
0 0.086613 0.301698 0.004244 0.005658
0 0.180748 0.360854 0.003472 0.005658
0 0.043210 0.436471 0.003858 0.005658
0 0.076196 0.307613 0.004244 0.005144
0 0.658565 0.317387 0.004630 0.006173
0 0.126736 0.407150 0.004244 0.005658
0 0.364969 0.099280 0.003858 0.005144
0 0.689622 0.296553 0.004244 0.007716
0 0.178048 0.382973 0.004244 0.005658
0 0.435957 0.047840 0.003858 0.005144
0 0.205440 0.693930 0.004244 0.006173
0 0.440779 0.319959 0.005787 0.006173
0 0.392361 0.407407 0.003858 0.005144
0 0.263310 0.394547 0.004244 0.005144
0 0.451003 0.337191 0.003858 0.005658
0 0.192323 0.288323 0.004244 0.005658
0 0.024306 0.182356 0.003858 0.005658
0 0.511960 0.101852 0.003858 0.005144
0 0.186343 0.261574 0.003858 0.005658
0 0.066744 0.328704 0.003858 0.005144
0 0.146412 0.221965 0.003472 0.004630
0 0.279321 0.464249 0.003858 0.005658
0 0.196759 0.525977 0.003858 0.005658
0 0.018133 0.425926 0.003858 0.005144
0 0.288002 0.400977 0.006559 0.005658
0 0.346644 0.299897 0.003472 0.005144
0 0.125579 0.119856 0.004244 0.005144
0 0.332755 0.025206 0.006559 0.006173
0 0.165702 0.317901 0.004244 0.006173
0 0.465278 0.397891 0.003858 0.004630
0 0.419174 0.403292 0.004244 0.006173
0 0.385610 0.048354 0.004244 0.006173
0 0.345293 0.039095 0.003858 0.005144
0 0.440779 0.101852 0.003472 0.005144
0 0.255208 0.498200 0.003472 0.005658
0 0.413002 0.315329 0.005787 0.006173
0 0.135802 0.184414 0.003858 0.004630
0 0.423997 0.373457 0.003858 0.005144
0 0.493056 0.264403 0.003858 0.005144
0 0.131173 0.801183 0.003858 0.004630
0 0.106674 0.245628 0.003472 0.004630
0 0.183449 0.014146 0.004244 0.005658
0 0.119599 0.300154 0.003858 0.005658
0 0.043017 0.026235 0.004244 0.006173
0 0.433063 0.029578 0.004244 0.005658
0 0.325617 0.787551 0.004630 0.006173
0 0.675154 0.096451 0.004630 0.007716
0 0.255015 0.152263 0.003858 0.005144
0 0.519676 0.014918 0.006944 0.006173
0 0.490162 0.089506 0.003472 0.005144
0 0.333333 0.172068 0.003086 0.005658
0 0.293789 0.162037 0.004244 0.005144
0 0.182677 0.429784 0.004244 0.005658
0 0.014275 0.464763 0.003858 0.005658
0 0.116319 0.408951 0.002701 0.005144
0 0.259645 0.110340 0.003858 0.005658
0 0.192901 0.359053 0.003858 0.005144
0 0.230131 0.274434 0.004244 0.005658
0 0.387924 0.431327 0.004244 0.005658
0 0.315779 0.036780 0.004244 0.005658
0 0.166281 0.079218 0.003858 0.005144
0 0.208333 0.092593 0.003858 0.006173
0 0.084298 0.424897 0.002701 0.005144
0 0.178241 0.050669 0.003858 0.004630
0 0.192515 0.201389 0.003858 0.005658
0 0.107446 0.330504 0.003472 0.005658
0 0.073881 0.061214 0.003472 0.005144
0 0.135802 0.309671 0.003858 0.004115
0 0.333719 0.134774 0.004630 0.005144
0 0.126736 0.035237 0.006559 0.008745
0 0.003858 0.415381 0.004630 0.005658
0 0.131366 0.331276 0.003472 0.004115
0 0.266204 0.361111 0.003858 0.005144
0 0.505787 0.131173 0.004630 0.005144
0 0.426698 0.047840 0.004630 0.005144
0 0.201196 0.234053 0.003472 0.005144
0 0.035880 0.113683 0.006173 0.008230
0 0.071566 0.080761 0.005787 0.005144
0 0.456597 0.407922 0.004244 0.006173
0 0.137153 0.424897 0.003472 0.005144
0 0.336420 0.011831 0.003858 0.005144
0 0.307485 0.246399 0.003858 0.005144
0 0.194252 0.418210 0.003472 0.005144
0 0.084491 0.176698 0.004630 0.005658
0 0.254437 0.304784 0.003472 0.005658
0 0.419367 0.308642 0.004630 0.006173
0 0.184414 0.022377 0.004630 0.005658
0 0.363233 0.089506 0.004244 0.005144
0 0.372106 0.110082 0.004244 0.006173
0 0.173611 0.102109 0.003858 0.004630
0 0.494599 0.210905 0.004630 0.006173
0 0.141397 0.333848 0.004244 0.006173
0 0.293596 0.272119 0.003858 0.005144
0 0.128665 0.367284 0.003472 0.005144
0 0.113619 0.435700 0.004244 0.005144
0 0.082948 0.152521 0.006944 0.007716
0 0.226466 0.347222 0.004630 0.005144
0 0.089892 0.408693 0.003858 0.005658
0 0.465278 0.453704 0.006173 0.006173
0 0.197338 0.078447 0.004244 0.005658
0 0.185764 0.213220 0.004244 0.005658
0 0.214506 0.179527 0.004630 0.006173
0 0.456019 0.151235 0.003858 0.005144
0 0.355324 0.703189 0.008488 0.010288
0 0.399113 0.292181 0.004244 0.005144
0 0.155671 0.273148 0.004244 0.006173
0 0.582948 0.372171 0.003858 0.005658
0 0.338927 0.158693 0.005787 0.007716
0 0.549961 0.425154 0.004244 0.005658
0 0.456597 0.034722 0.004244 0.007716
0 0.231096 0.171296 0.004630 0.004115
0 0.097801 0.289352 0.004244 0.005658
0 0.267940 0.301698 0.004244 0.005658
0 0.341435 0.528549 0.004630 0.005658
0 0.059606 0.424897 0.003472 0.005144
0 0.330247 0.462963 0.006944 0.009259
0 0.421296 0.297068 0.003086 0.005658
0 0.393326 0.113683 0.004244 0.006173
0 0.690972 0.362654 0.004630 0.006173
0 0.177083 0.452932 0.006173 0.007716
0 0.336613 0.364969 0.003472 0.004630
0 0.415316 0.342850 0.004244 0.005658
0 0.541281 0.081276 0.003858 0.005144
0 0.142940 0.396091 0.004244 0.006173
0 0.091242 0.255401 0.004244 0.004630
0 0.235532 0.309156 0.003472 0.005144
0 0.306713 0.372942 0.003858 0.004115
0 0.371335 0.018004 0.004244 0.006173
0 0.331597 0.071759 0.003472 0.004630
0 0.015432 0.539095 0.004630 0.006173
0 0.039931 0.359568 0.004244 0.005144
0 0.138889 0.556842 0.003086 0.007716
0 0.124614 0.262860 0.003858 0.005144
0 0.299576 0.425926 0.004244 0.005144
0 0.426890 0.255658 0.006559 0.008230
0 0.320795 0.308385 0.004244 0.005658
0 0.175926 0.415638 0.003858 0.005144
0 0.061150 0.611626 0.003472 0.005144
0 0.059799 0.387860 0.006944 0.009259
0 0.051119 0.428498 0.003472 0.005144
0 0.336998 0.440329 0.004244 0.005144
0 0.179398 0.256430 0.004630 0.005658
0 0.488619 0.201132 0.004244 0.005144
0 0.386381 0.108282 0.005787 0.005658
0 0.336613 0.060700 0.004244 0.005144
0 0.437114 0.227623 0.006173 0.007716
0 0.263310 0.163580 0.003472 0.005144
0 0.448688 0.145319 0.003858 0.005658
0 0.226852 0.573045 0.003858 0.005144
0 0.545718 0.101080 0.003472 0.005658
0 0.329668 0.299897 0.003472 0.006173
0 0.207562 0.569959 0.006944 0.009259
0 0.082369 0.191615 0.004244 0.005658
0 0.344522 0.796296 0.006173 0.006173
0 0.489583 0.159208 0.003086 0.004630
0 0.204668 0.441358 0.006559 0.008230
0 0.354552 0.255401 0.003858 0.004630
0 0.256559 0.334877 0.003858 0.005144
0 0.445795 0.007716 0.004244 0.005144
0 0.506559 0.326132 0.003858 0.005144
0 0.324074 0.325874 0.003858 0.005658
0 0.171682 0.433899 0.003858 0.005658
0 0.347801 0.157665 0.003472 0.005658
0 0.015818 0.206276 0.003858 0.005144
0 0.380980 0.211934 0.004244 0.005144
0 0.508488 0.194959 0.003858 0.005144
0 0.214892 0.164609 0.003858 0.005144
0 0.135031 0.543981 0.004630 0.005658
0 0.474537 0.263632 0.004630 0.004630
0 0.550926 0.236368 0.003086 0.005658
0 0.136960 0.226080 0.004630 0.005658
0 0.289738 0.454475 0.006944 0.009774
0 0.206019 0.258230 0.003086 0.005144
0 0.479167 0.210134 0.004630 0.005658
0 0.434414 0.157922 0.004630 0.006173
0 0.127701 0.154321 0.003858 0.005144
0 0.430941 0.059671 0.003858 0.006173
0 0.544367 0.172840 0.004630 0.009259
0 0.226852 0.671811 0.004630 0.005144
0 0.237076 0.156893 0.004244 0.005144
0 0.058642 0.198817 0.004630 0.007716
0 0.476852 0.380658 0.003858 0.005144
0 0.195216 0.023920 0.004630 0.007716
0 0.338156 0.254372 0.004244 0.005658
0 0.199267 0.219907 0.004244 0.005658
0 0.157986 0.302984 0.004244 0.005144
0 0.350887 0.135802 0.002701 0.005144
0 0.263889 0.270833 0.004630 0.005658
0 0.084298 0.286523 0.003472 0.005144
0 0.455247 0.320988 0.003858 0.005144
0 0.265239 0.231739 0.004244 0.005658
0 0.520062 0.048868 0.003858 0.005144
0 0.300347 0.002572 0.004244 0.005144
0 0.235340 0.225823 0.003858 0.005144
0 0.167052 0.190844 0.006173 0.008230
0 0.077353 0.485082 0.003472 0.005144
0 0.243441 0.117284 0.003858 0.005144
0 0.190201 0.188529 0.004630 0.005658
0 0.147762 0.419496 0.003858 0.005658
0 0.115162 0.417953 0.004244 0.004630
0 0.018519 0.042438 0.004630 0.005658
0 0.274691 0.494856 0.003858 0.005144
0 0.130401 0.249743 0.003858 0.005658
0 0.060185 0.063014 0.003858 0.004630
0 0.309414 0.384259 0.004630 0.005144
0 0.384066 0.031893 0.003472 0.005144
0 0.302276 0.015432 0.005787 0.006173
0 0.011188 0.022634 0.004630 0.006173
0 0.681327 0.017747 0.004630 0.007716
0 0.208526 0.099794 0.004244 0.005144
0 0.204861 0.182099 0.003858 0.005144
0 0.506559 0.221193 0.003858 0.005144
0 0.280671 0.588220 0.004244 0.005658
0 0.089892 0.232510 0.003858 0.005144
0 0.412616 0.348508 0.004244 0.004630
0 0.215471 0.237912 0.005787 0.005658
0 0.308835 0.156893 0.005787 0.005144
0 0.258488 0.246656 0.003858 0.005658
0 0.090085 0.242027 0.003472 0.005658
0 0.158372 0.436214 0.005787 0.006173
0 0.502701 0.196245 0.003858 0.005658
0 0.214120 0.626029 0.004630 0.006173
0 0.539931 0.104424 0.004244 0.006173
0 0.389082 0.095679 0.003472 0.005144
0 0.521412 0.055813 0.004244 0.005658
0 0.081211 0.276749 0.003472 0.004115
0 0.059414 0.881687 0.006944 0.009259
0 0.213156 0.394805 0.003472 0.005658
0 0.165509 0.137088 0.003858 0.004630
0 0.289545 0.635545 0.006559 0.009774
0 0.521605 0.054527 0.003858 0.003086
0 0.200810 0.290123 0.004244 0.006173
0 0.104167 0.273405 0.003858 0.005658
0 0.125965 0.427212 0.003472 0.005658
0 0.230903 0.465792 0.003472 0.004630
0 0.034915 0.416152 0.004244 0.005144
0 0.325810 0.147634 0.004244 0.005144
0 0.303048 0.860340 0.006559 0.008745
0 0.062693 0.148148 0.004244 0.006173
0 0.410687 0.274691 0.004244 0.006173
0 0.174961 0.110082 0.003472 0.004115
0 0.197145 0.318416 0.003858 0.005144
0 0.160301 0.233025 0.006559 0.008230
0 0.431906 0.149434 0.007330 0.008745
0 0.105710 0.376029 0.003858 0.005144
0 0.277585 0.321759 0.004244 0.005658
0 0.301119 0.212706 0.003472 0.004630
0 0.341821 0.154578 0.004630 0.008745
0 0.196952 0.273920 0.004244 0.005658
0 0.083333 0.588735 0.004630 0.005658
0 0.217014 0.372171 0.004244 0.005658
0 0.274113 0.204990 0.004244 0.005658
0 0.046296 0.452932 0.003858 0.004630
0 0.196952 0.175669 0.004244 0.003601
0 0.286265 0.279578 0.003086 0.004630
0 0.137924 0.389146 0.004244 0.005658
0 0.227431 0.153035 0.005787 0.005658
0 0.270640 0.164866 0.003472 0.005658
0 0.502508 0.111111 0.004244 0.008230
0 0.273727 0.382202 0.003472 0.005144
0 0.229552 0.242027 0.003858 0.004630
0 0.287230 0.235854 0.003472 0.004630
0 0.197145 0.176698 0.003858 0.005658
0 0.157407 0.184671 0.003086 0.006173
0 0.206597 0.205504 0.003472 0.003601
0 0.138889 0.265175 0.006173 0.005658
0 0.497878 0.282150 0.004244 0.005658
0 0.024498 0.235082 0.003472 0.005144
0 0.488426 0.181584 0.004630 0.005144
0 0.309028 0.119084 0.003858 0.005658
0 0.423611 0.021091 0.004630 0.006173
0 0.401813 0.442130 0.004244 0.005658
0 0.491512 0.136060 0.003858 0.005658
0 0.426119 0.239969 0.005787 0.007716
0 0.146991 0.152778 0.003086 0.005144
0 0.349730 0.109568 0.003472 0.004115
0 0.319059 0.155093 0.003858 0.005658
0 0.332176 0.091821 0.003086 0.004630
0 0.016011 0.376800 0.003472 0.004630
0 0.381559 0.336420 0.003858 0.005144
0 0.247685 0.466049 0.003858 0.006173
0 0.212384 0.190072 0.003472 0.003601
0 0.040316 0.221708 0.005787 0.005144
0 0.378086 0.375000 0.003858 0.005144
0 0.293017 0.419753 0.004244 0.005144
0 0.083912 0.344393 0.004244 0.005658
0 0.338349 0.100566 0.003858 0.005658
0 0.164159 0.159465 0.003472 0.004115
0 0.458333 0.117798 0.003858 0.005144
0 0.288194 0.141461 0.003858 0.005144
0 0.306520 0.283179 0.004244 0.004630
0 0.252315 0.217593 0.004630 0.005144
0 0.427083 0.013632 0.003858 0.005658
0 0.428241 0.268004 0.003858 0.006173
0 0.479938 0.099023 0.003858 0.005658
0 0.485532 0.167695 0.006559 0.006173
0 0.330440 0.267490 0.003472 0.005144
0 0.420718 0.414609 0.003472 0.005144
0 0.247492 0.270833 0.004244 0.005658
0 0.054591 0.242541 0.003472 0.004630
0 0.141782 0.265689 0.005787 0.007716
0 0.348573 0.130144 0.004244 0.005144
0 0.203318 0.329990 0.003086 0.004630
0 0.164352 0.331790 0.003858 0.005144
0 0.198302 0.164866 0.003858 0.004630
0 0.131366 0.558642 0.004244 0.008230
0 0.165702 0.173097 0.003472 0.004630
0 0.351080 0.097479 0.003086 0.004630
0 0.105517 0.198045 0.003472 0.005144
0 0.338156 0.225309 0.003472 0.005144
0 0.369599 0.147377 0.003858 0.004630
0 0.513310 0.178755 0.004244 0.005658
0 0.342593 0.285494 0.004630 0.005144
0 0.425733 0.121656 0.004244 0.005658
0 0.471258 0.156121 0.004244 0.005658
0 0.282986 0.116770 0.003472 0.005144
0 0.414931 0.021091 0.004244 0.006173
0 0.231096 0.478909 0.004630 0.006173
0 0.370563 0.182099 0.006559 0.008230
0 0.207948 0.109311 0.006173 0.005658
0 0.315779 0.139660 0.004244 0.004630
0 0.377508 0.168467 0.003472 0.007716
0 0.407986 0.468107 0.005787 0.005144
0 0.219329 0.236626 0.005787 0.006173
0 0.452353 0.109053 0.004244 0.005144
0 0.248457 0.136574 0.003858 0.005658
0 0.045332 0.347994 0.003472 0.003601
0 0.232832 0.318930 0.003472 0.006173
0 0.298418 0.025977 0.005787 0.007716
0 0.128665 0.275463 0.005787 0.007716
0 0.164352 0.299383 0.003086 0.006173
0 0.311343 0.687757 0.004630 0.006173
0 0.166667 0.396862 0.004630 0.005658
0 0.314622 0.127572 0.004244 0.005144
0 0.432677 0.109311 0.006559 0.005658
0 0.226659 0.347479 0.004244 0.005658
0 0.295525 0.105710 0.003858 0.005658
0 0.302469 0.280093 0.002315 0.002572
0 0.328511 0.012603 0.003472 0.005658
0 0.361497 0.119342 0.003858 0.004115
0 0.177276 0.170010 0.006559 0.008745
0 0.351659 0.097994 0.004244 0.005658
0 0.382523 0.243827 0.003472 0.005144
0 0.334877 0.301698 0.003858 0.004630
0 0.309414 0.155864 0.003858 0.005144
0 0.503279 0.060185 0.004244 0.008230
0 0.007330 0.326132 0.003858 0.004115
0 0.507716 0.063786 0.004630 0.006173
0 0.476659 0.381430 0.003472 0.004630
0 0.063465 0.137860 0.004244 0.005144
0 0.482446 0.190072 0.004244 0.007716
0 0.263889 0.270576 0.004630 0.005144
0 0.156250 0.363940 0.003858 0.004630
0 0.355324 0.175412 0.003086 0.004115
0 0.140046 0.253086 0.004630 0.005144
0 0.369985 0.552726 0.003858 0.005658
0 0.553434 0.261831 0.002701 0.004115
0 0.143904 0.007973 0.003858 0.004630
0 0.405864 0.207047 0.008488 0.009774
0 0.385224 0.350566 0.004244 0.004630
0 0.093557 0.069444 0.004244 0.006173
0 0.178434 0.173354 0.004244 0.005144
0 0.447917 0.101852 0.003086 0.005144
0 0.147762 0.136060 0.004630 0.007716
0 0.401620 0.420267 0.006944 0.008230
0 0.499807 0.045525 0.004244 0.005658
0 0.077160 0.449588 0.003858 0.005144
0 0.396026 0.092078 0.004244 0.006173
0 0.432677 0.347479 0.006559 0.008745
0 0.214120 0.147634 0.004630 0.006173
0 0.143519 0.184156 0.003858 0.005144
0 0.129437 0.241512 0.004244 0.002572
0 0.232639 0.284979 0.004630 0.006173
0 0.483603 0.167953 0.004244 0.005658
0 0.347222 0.270062 0.003858 0.005144
0 0.309992 0.167695 0.004244 0.004115
0 0.301119 0.135031 0.005787 0.005658
0 0.546682 0.016975 0.004630 0.006173
0 0.414545 0.131430 0.003472 0.002572
0 0.358025 0.239712 0.003858 0.005144
0 0.165702 0.121914 0.003472 0.005144
0 0.129437 0.239455 0.004244 0.004630
0 0.174190 0.230453 0.003472 0.005144
0 0.424961 0.146091 0.004244 0.006173
0 0.420332 0.018519 0.003472 0.006173
0 0.348958 0.007459 0.003472 0.004630
0 0.247685 0.413066 0.006173 0.009259
0 0.462384 0.188272 0.004244 0.005144
0 0.447724 0.418724 0.006559 0.006173
0 0.448302 0.145319 0.003858 0.005658
0 0.394676 0.254372 0.003858 0.004630
0 0.535687 0.041152 0.004244 0.005144
0 0.400270 0.161265 0.003472 0.004630
0 0.038773 0.331533 0.004244 0.005658
0 0.106674 0.619342 0.007330 0.009259
0 0.007137 0.316615 0.004244 0.004630
0 0.379051 0.162551 0.007330 0.010288
0 0.334491 0.041924 0.003086 0.004630
0 0.219522 0.409979 0.003858 0.006173
0 0.108796 0.342593 0.003858 0.005144
0 0.335841 0.313529 0.004244 0.005658
0 0.405864 0.433642 0.003858 0.006173
0 0.311921 0.181584 0.004244 0.006173
0 0.224344 0.244084 0.004244 0.005658
0 0.164159 0.159465 0.004244 0.005144
0 0.399498 0.130401 0.004244 0.004630
0 0.313079 0.188529 0.004244 0.005658
0 0.183642 0.230967 0.003858 0.005144
0 0.177855 0.305041 0.003858 0.005144
0 0.237076 0.451389 0.006559 0.008745
0 0.209298 0.139660 0.003472 0.004630
0 0.203318 0.348251 0.003858 0.005144
0 0.308449 0.226337 0.003472 0.004115
0 0.277199 0.438529 0.003472 0.005658
0 0.045910 0.676440 0.008488 0.009259
0 0.124228 0.262088 0.004630 0.007716
0 0.380787 0.424383 0.003858 0.004115
0 0.235918 0.210905 0.003472 0.005144
0 0.222608 0.203961 0.006944 0.007716
0 0.157600 0.386060 0.003472 0.004630
0 0.240548 0.185185 0.004244 0.004115
0 0.332948 0.188529 0.004630 0.005658
0 0.097608 0.181584 0.006173 0.010288
0 0.420718 0.268519 0.004244 0.005144
0 0.530864 0.117798 0.004630 0.005144
0 0.427855 0.299897 0.003858 0.005144
0 0.324460 0.125514 0.003858 0.005144
0 0.222222 0.364455 0.003858 0.004630
0 0.234182 0.482767 0.004630 0.005658
0 0.112461 0.309156 0.004244 0.006173
0 0.255980 0.409979 0.007330 0.011317
0 0.508873 0.109825 0.003858 0.004630
0 0.105903 0.447788 0.004244 0.005658
0 0.342014 0.196245 0.003472 0.005658
0 0.371914 0.023405 0.006173 0.007716
0 0.232060 0.259774 0.003472 0.005144
0 0.539931 0.006687 0.003472 0.005144
0 0.298418 0.256430 0.005787 0.005658
0 0.221836 0.096708 0.004630 0.006173
0 0.017361 0.130658 0.004630 0.005144
0 0.105324 0.307099 0.003858 0.009259
0 0.117477 0.144033 0.003472 0.005144
0 0.243248 0.177726 0.003472 0.004630
0 0.206597 0.196759 0.003472 0.003601
0 0.472222 0.222994 0.004630 0.003601
0 0.247299 0.270833 0.003858 0.005658
0 0.329668 0.225051 0.004244 0.004630
0 0.200424 0.260288 0.002701 0.005144
0 0.163002 0.299126 0.002701 0.005658
0 0.464506 0.221451 0.003858 0.005658
0 0.109182 0.225309 0.003858 0.005144
0 0.464892 0.163837 0.003086 0.004630
0 0.318094 0.238426 0.003472 0.005658
0 0.282793 0.205504 0.003858 0.004630
0 0.023148 0.141975 0.003858 0.005144
0 0.480324 0.517490 0.002315 0.003086
0 0.184414 0.145062 0.003858 0.005144
0 0.372685 0.269547 0.003858 0.005144
0 0.193480 0.136317 0.005787 0.006173
0 0.117670 0.187757 0.003858 0.005144
0 0.414545 0.130401 0.003472 0.004630
0 0.416088 0.355195 0.003472 0.004630
0 0.109182 0.224023 0.003858 0.004630
0 0.267940 0.149177 0.003472 0.004115
0 0.267747 0.197274 0.004630 0.005658
0 0.025077 0.197274 0.004630 0.005658
0 0.188079 0.111368 0.002701 0.005658
0 0.506559 0.176183 0.003858 0.005658
0 0.483603 0.056070 0.004244 0.005144
0 0.204861 0.394805 0.003858 0.004630
0 0.263310 0.205761 0.004244 0.006173
0 0.538966 0.365484 0.004630 0.005658
0 0.167052 0.236626 0.003086 0.005144
0 0.483218 0.312500 0.003472 0.005658
0 0.166281 0.236883 0.002315 0.005658
0 0.245563 0.171039 0.003472 0.004630
0 0.197917 0.394805 0.003858 0.005658
0 0.324074 0.139146 0.007716 0.008745
0 0.001929 0.085905 0.003086 0.006173
0 0.209877 0.171039 0.003858 0.004630
0 0.108410 0.216307 0.003858 0.004630
0 0.061343 0.592850 0.004630 0.005658
0 0.324653 0.174897 0.004244 0.005144
0 0.222608 0.364455 0.003858 0.005658
0 0.194059 0.352366 0.003086 0.005144
0 0.490355 0.089763 0.003086 0.004630
0 0.300926 0.231481 0.004630 0.006173
0 0.514468 0.123200 0.003472 0.004630
0 0.309028 0.214249 0.003858 0.004630
0 0.424961 0.325360 0.004244 0.005658
0 0.322338 0.189300 0.004244 0.004115
0 0.187114 0.308128 0.003086 0.005144
0 0.549769 0.260288 0.002315 0.005144
0 0.386574 0.323560 0.003086 0.005144
0 0.290123 0.102109 0.003858 0.005658
0 0.226080 0.117027 0.003858 0.007716
0 0.274691 0.188786 0.003086 0.004115
0 0.441937 0.306327 0.005787 0.007716
0 0.362847 0.272119 0.003472 0.005144
0 0.488426 0.053755 0.003858 0.004630
0 0.040702 0.286008 0.005787 0.006173
0 0.313850 0.108539 0.003472 0.005144
0 0.325617 0.114712 0.003858 0.004115
0 0.130015 0.239455 0.003086 0.003601
0 0.269290 0.197016 0.001543 0.004115
0 0.520062 0.136317 0.004630 0.006173
0 0.214699 0.095679 0.005787 0.008230
0 0.110340 0.451389 0.003858 0.004630
0 0.459877 0.170267 0.003086 0.005144
0 0.286265 0.195473 0.003858 0.004115
0 0.308063 0.025977 0.003472 0.004630
0 0.415895 0.207047 0.006944 0.007716
0 0.293596 0.123714 0.003086 0.004630
0 0.477623 0.120370 0.003086 0.004115
0 0.191744 0.217335 0.003858 0.003601
0 0.371914 0.224023 0.006944 0.008745
0 0.507137 0.063786 0.002701 0.006173
0 0.225309 0.118827 0.003858 0.004115
0 0.081019 0.121914 0.006173 0.006173
0 0.051698 0.428241 0.003086 0.005658
0 0.062693 0.282407 0.004244 0.005144
0 0.187500 0.307613 0.004630 0.005144
0 0.239776 0.313272 0.003472 0.005144
0 0.189236 0.225051 0.003472 0.005658
0 0.328511 0.012860 0.004244 0.005144
0 0.101852 0.489455 0.002315 0.002572
0 0.366319 0.189558 0.003472 0.004630
0 0.398341 0.421296 0.005787 0.006173
0 0.061921 0.389660 0.005787 0.005658
0 0.247685 0.102109 0.003858 0.005658
0 0.297261 0.451646 0.004244 0.005144
0 0.294946 0.206276 0.003472 0.005144
0 0.476273 0.043210 0.004244 0.005144
0 0.502315 0.216049 0.003858 0.006173
0 0.386188 0.323302 0.003086 0.004630
0 0.301698 0.278807 0.003858 0.006173
0 0.324653 0.213735 0.002701 0.004630
0 0.008295 0.085905 0.003472 0.005144
0 0.156057 0.364198 0.004244 0.006173
0 0.349151 0.270576 0.006173 0.006173
0 0.440008 0.117798 0.006559 0.006173
0 0.492284 0.119856 0.004630 0.006173
0 0.500193 0.079990 0.004244 0.005658
0 0.260224 0.128858 0.004244 0.004630
0 0.281443 0.389403 0.004244 0.004115
0 0.196373 0.036265 0.003858 0.004630
0 0.039545 0.359568 0.004244 0.005144
0 0.327160 0.182613 0.002315 0.006173
0 0.227045 0.257459 0.004244 0.005658
0 0.021219 0.239198 0.001543 0.003086
0 0.562114 0.006687 0.004630 0.005144
0 0.258102 0.138117 0.003858 0.005658
0 0.477431 0.248457 0.004244 0.005144
0 0.365548 0.200103 0.004244 0.003086
0 0.274113 0.383230 0.005787 0.008230
0 0.396219 0.146348 0.003858 0.004630
0 0.295718 0.245113 0.003472 0.005658
0 0.500193 0.030864 0.003472 0.005144
0 0.368248 0.297068 0.004244 0.005658
0 0.303434 0.224280 0.003472 0.005144
0 0.426698 0.415638 0.003858 0.005144
0 0.280864 0.295782 0.003086 0.004115
0 0.190972 0.166924 0.003858 0.005658
0 0.414352 0.040895 0.003858 0.005658
0 0.476466 0.043467 0.003858 0.004630
0 0.492284 0.119856 0.004630 0.005144
0 0.376157 0.283951 0.003858 0.005144
0 0.580247 0.043210 0.003858 0.005144
0 0.382330 0.243313 0.003086 0.004115
0 0.478202 0.235854 0.004244 0.004630
0 0.184221 0.333333 0.004244 0.005144
0 0.325231 0.114455 0.003858 0.005658
0 0.434414 0.427212 0.003858 0.005658
0 0.231867 0.480710 0.004630 0.008745
0 0.003665 0.115998 0.005787 0.005658
0 0.115934 0.231739 0.003472 0.004630
0 0.457176 0.004887 0.006173 0.009774
0 0.487847 0.050154 0.002701 0.001543
0 0.356289 0.114198 0.003472 0.005144
0 0.402585 0.086677 0.003472 0.004630
0 0.083912 0.002829 0.004244 0.005658
0 0.534915 0.260545 0.004244 0.005658
0 0.534722 0.260545 0.003858 0.005658
0 0.002894 0.371399 0.003472 0.005144
0 0.484761 0.101337 0.004244 0.004115
0 0.126929 0.406893 0.003858 0.005144
0 0.460648 0.170267 0.003858 0.005144
0 0.334684 0.302469 0.003472 0.004115
0 0.122299 0.421296 0.003858 0.005144
0 0.193480 0.119084 0.003472 0.004630
0 0.197917 0.124228 0.003858 0.004630
0 0.007330 0.326389 0.003086 0.004630
0 0.395448 0.096708 0.004630 0.008230
0 0.223958 0.319187 0.003472 0.004630
0 0.147377 0.442901 0.004630 0.005144
0 0.374421 0.256430 0.002701 0.004630
0 0.341049 0.216307 0.003858 0.004630
0 0.208912 0.109825 0.005787 0.003601
0 0.204090 0.290895 0.006173 0.005658
0 0.253665 0.246656 0.004244 0.004630
0 0.314429 0.207305 0.004630 0.006173
0 0.095872 0.272119 0.003472 0.003086
0 0.364776 0.308899 0.004244 0.004630
0 0.444444 0.305556 0.006173 0.010288
0 0.184221 0.228652 0.003472 0.004630
0 0.367091 0.315329 0.004244 0.005144
0 0.160108 0.123971 0.004630 0.004115
0 0.006944 0.316101 0.003858 0.004630
0 0.150270 0.150463 0.005787 0.005658
0 0.218557 0.131173 0.004244 0.005144
0 0.296489 0.087963 0.004244 0.005144
0 0.499807 0.080247 0.004244 0.005144
0 0.318866 0.285237 0.004244 0.005658
