0 0.793789 0.932099 0.003472 0.004115
0 0.501157 0.351337 0.003858 0.005144
0 0.221451 0.399691 0.004630 0.006173
0 0.979552 0.774691 0.003858 0.005144
0 0.806520 0.725823 0.004244 0.005144
0 0.876543 0.734311 0.003858 0.005658
0 0.502315 0.038323 0.003858 0.005658
0 0.665895 0.181842 0.006173 0.007716
0 0.808256 0.313786 0.003858 0.005144
0 0.558063 0.154321 0.004244 0.005144
0 0.517168 0.055298 0.003472 0.004630
0 0.795332 0.797325 0.003472 0.004115
0 0.727623 0.610340 0.003858 0.004630
0 0.893133 0.732767 0.003858 0.004630
0 0.558642 0.420267 0.006173 0.008230
0 0.632330 0.052469 0.003086 0.004115
0 0.580440 0.140947 0.003472 0.004115
0 0.934992 0.621656 0.005787 0.007716
0 0.712577 0.766975 0.003858 0.009259
0 0.306713 0.027521 0.003858 0.004630
0 0.987461 0.069444 0.003472 0.005144
0 0.300926 0.205504 0.006173 0.007716
0 0.815586 0.941872 0.003086 0.004115
0 0.723573 0.635545 0.004244 0.005658
0 0.808449 0.826646 0.003472 0.005144
0 0.892361 0.784208 0.004630 0.005658
0 0.696181 0.406636 0.004244 0.005658
0 0.375772 0.444959 0.003858 0.005144
0 0.838542 0.692644 0.003472 0.005658
0 0.932485 0.902263 0.003086 0.004115
0 0.736883 0.642233 0.003858 0.005658
0 0.970100 0.766461 0.006559 0.006173
0 0.348765 0.262088 0.003858 0.004630
0 0.897184 0.816101 0.003472 0.004630
0 0.973958 0.846193 0.004244 0.005144
0 0.865355 0.734053 0.003858 0.006173
0 0.675347 0.174126 0.002701 0.004630
0 0.707755 0.184928 0.004244 0.004630
0 0.486497 0.255144 0.004630 0.005144
0 0.902585 0.619599 0.004244 0.007716
0 0.322338 0.400720 0.004244 0.005144
0 0.950231 0.201646 0.003858 0.005144
0 0.736304 0.465021 0.004244 0.004115
0 0.619599 0.143776 0.003086 0.004630
0 0.183449 0.080761 0.005787 0.006173
0 0.985532 0.506687 0.004244 0.005144
0 0.846836 0.806842 0.003086 0.004630
0 0.464313 0.717335 0.007330 0.008745
0 0.824653 0.913837 0.003472 0.004630
0 0.660108 0.615998 0.004630 0.005658
0 0.783758 0.054527 0.002701 0.005144
0 0.964506 0.668210 0.003858 0.005144
0 0.917438 0.881687 0.003858 0.005144
0 0.743441 0.243313 0.003858 0.005144
0 0.729360 0.442901 0.006559 0.010288
0 0.700810 0.505658 0.003472 0.004115
0 0.479745 0.050412 0.003472 0.005144
0 0.165123 0.528035 0.003858 0.005658
0 0.507523 0.097994 0.004244 0.007716
0 0.677855 0.128086 0.003858 0.005144
0 0.259645 0.975051 0.004630 0.007716
0 0.983218 0.713992 0.003472 0.005144
0 0.228395 0.179527 0.003858 0.004115
0 0.707755 0.064300 0.004244 0.006173
0 0.722029 0.019547 0.003472 0.005144
0 0.431520 0.015175 0.003472 0.004630
0 0.670332 0.246142 0.003472 0.004630
0 0.655093 0.190072 0.003086 0.004630
0 0.799383 0.579733 0.003086 0.005144
0 0.770640 0.976852 0.003472 0.005144
0 0.879823 0.673611 0.004244 0.007716
0 0.597415 0.328447 0.004244 0.005658
0 0.207755 0.505401 0.004244 0.004630
0 0.623650 0.274691 0.003472 0.005144
0 0.206983 0.806327 0.003472 0.004630
0 0.581597 0.856739 0.007330 0.007716
0 0.932485 0.110082 0.003086 0.004115
0 0.672261 0.651749 0.003472 0.004115
0 0.524306 0.140175 0.003858 0.005658
0 0.634645 0.827675 0.003086 0.005144
0 0.930748 0.048354 0.003472 0.005144
0 0.487076 0.571245 0.003472 0.004630
0 0.891397 0.419496 0.005787 0.005658
0 0.706019 0.040381 0.003086 0.004630
0 0.620370 0.265175 0.003858 0.004630
0 0.348380 0.910751 0.003086 0.004630
0 0.687500 0.386574 0.003858 0.005658
0 0.975887 0.444702 0.003472 0.007716
0 0.886381 0.409979 0.004244 0.005144
0 0.995949 0.872942 0.003472 0.005144
0 0.784529 0.122171 0.005787 0.007716
0 0.678048 0.338992 0.003472 0.005144
0 0.481674 0.231739 0.003472 0.004630
0 0.968171 0.087191 0.005787 0.008745
0 0.876543 0.153035 0.003086 0.004630
0 0.691744 0.295782 0.003858 0.005144
0 0.746142 0.489712 0.006173 0.006173
0 0.747878 0.707047 0.004244 0.004630
0 0.941165 0.760288 0.003472 0.005144
0 0.196759 0.008230 0.004630 0.006173
0 0.948881 0.174640 0.003472 0.004630
0 0.701582 0.212449 0.003472 0.005144
0 0.659529 0.230195 0.004244 0.005658
0 0.596644 0.085648 0.003472 0.005658
0 0.798611 0.869856 0.004630 0.005144
0 0.547647 0.395062 0.005787 0.006173
0 0.231674 0.759002 0.003472 0.005658
0 0.178048 0.868313 0.003472 0.005144
0 0.223958 0.214249 0.006559 0.010802
0 0.513503 0.820473 0.004630 0.008230
0 0.820602 0.788837 0.004630 0.005658
0 0.758102 0.630916 0.003858 0.004630
0 0.696566 0.092593 0.005787 0.009259
0 0.587384 0.880658 0.003472 0.004115
0 0.621721 0.826646 0.003472 0.006173
0 0.515818 0.954475 0.006173 0.007716
0 0.708333 0.273405 0.003858 0.005658
0 0.615355 0.528035 0.003086 0.005658
0 0.666860 0.071245 0.003472 0.004630
0 0.448495 0.485597 0.003472 0.005144
0 0.722994 0.801698 0.003858 0.005658
0 0.706983 0.007973 0.002701 0.004630
0 0.186535 0.410751 0.004244 0.005658
0 0.166088 0.725823 0.003472 0.006173
0 0.447338 0.018519 0.003472 0.004115
0 0.587384 0.146091 0.004244 0.005144
0 0.405478 0.398148 0.006173 0.008230
0 0.771991 0.483539 0.006944 0.009259
0 0.657215 0.647119 0.006559 0.006173
0 0.947531 0.926440 0.003858 0.005144
0 0.897762 0.017490 0.003858 0.005144
0 0.221836 0.640175 0.011574 0.010802
0 0.886767 0.853652 0.004244 0.004630
0 0.926505 0.820988 0.004244 0.005144
0 0.643904 0.065072 0.003858 0.004630
0 0.689236 0.987397 0.007330 0.008745
0 0.580826 0.041152 0.003472 0.005144
0 0.773341 0.380401 0.003472 0.005658
0 0.190394 0.167953 0.003472 0.004630
0 0.902006 0.103395 0.003858 0.005144
0 0.570023 0.122428 0.005787 0.005144
0 0.802855 0.851080 0.006173 0.007716
0 0.849537 0.183642 0.003858 0.005144
0 0.660108 0.014660 0.003858 0.005658
0 0.942708 0.104167 0.003472 0.004630
0 0.567708 0.155093 0.003472 0.004630
0 0.647377 0.306842 0.003086 0.004630
0 0.698688 0.259774 0.003858 0.005144
0 0.151235 0.825874 0.004630 0.004630
0 0.559799 0.875772 0.003858 0.004630
0 0.995949 0.673868 0.002701 0.004115
0 0.704475 0.166667 0.004630 0.005144
0 0.856867 0.666667 0.003858 0.005144
0 0.272377 0.985854 0.003086 0.003601
0 0.593750 0.306070 0.003858 0.005144
0 0.482253 0.506944 0.003858 0.004630
0 0.770062 0.744342 0.004630 0.008230
0 0.914931 0.804784 0.003472 0.004630
0 0.887346 0.770062 0.003858 0.005144
0 0.937886 0.713477 0.003858 0.006173
0 0.617284 0.202160 0.003858 0.005144
0 0.268326 0.411780 0.003472 0.004630
0 0.741127 0.472479 0.004630 0.005658
0 0.231096 0.438529 0.003858 0.004630
0 0.680556 0.895319 0.006944 0.008745
0 0.261767 0.583848 0.005787 0.005144
0 0.848187 0.006687 0.004244 0.005144
0 0.930941 0.075874 0.003858 0.005658
0 0.817901 0.811986 0.003858 0.004630
0 0.989583 0.739969 0.003086 0.004630
0 0.781829 0.013889 0.004244 0.005144
0 0.796296 0.608796 0.003086 0.004630
0 0.580633 0.221708 0.003086 0.005144
0 0.932870 0.765947 0.003086 0.004115
0 0.248071 0.428755 0.004630 0.007716
0 0.751929 0.531379 0.004630 0.006173
0 0.723380 0.027263 0.004630 0.006173
0 0.896991 0.607253 0.003858 0.004630
0 0.805170 0.840278 0.003858 0.003601
0 0.797647 0.071759 0.003472 0.004630
0 0.218171 0.888117 0.003472 0.004630
0 0.847608 0.739969 0.003858 0.004630
0 0.930556 0.875514 0.003858 0.005144
0 0.609954 0.240226 0.003858 0.005144
0 0.641011 0.351337 0.003472 0.005144
0 0.995563 0.835648 0.004244 0.004630
0 0.777006 0.751029 0.003858 0.009259
0 0.245370 0.272377 0.003858 0.005658
0 0.513889 0.229424 0.003086 0.005144
0 0.890818 0.057613 0.003858 0.005144
0 0.875579 0.137603 0.004244 0.005658
0 0.505401 0.187500 0.003858 0.004630
0 0.812307 0.095936 0.003472 0.004630
0 0.704668 0.135031 0.004244 0.005658
0 0.877894 0.260031 0.003472 0.004630
0 0.812886 0.138889 0.003858 0.005144
0 0.251929 0.718364 0.004630 0.005658
0 0.872299 0.822788 0.003858 0.005658
0 0.783565 0.365741 0.003858 0.005144
0 0.215664 0.209362 0.006173 0.006173
0 0.347994 0.189815 0.002315 0.003086
0 0.586613 0.977881 0.004244 0.005144
0 0.406636 0.639918 0.003858 0.005144
0 0.726080 0.413837 0.003858 0.005658
0 0.273534 0.246656 0.006944 0.007716
0 0.266011 0.543210 0.003472 0.005144
0 0.625193 0.486626 0.003472 0.005144
0 0.601852 0.203704 0.003858 0.005144
0 0.197724 0.671811 0.003472 0.004115
0 0.498071 0.050154 0.004630 0.008745
0 0.562886 0.639918 0.003858 0.005144
0 0.185957 0.108025 0.003858 0.005144
0 0.432677 0.898405 0.004244 0.002572
0 0.672068 0.182870 0.003086 0.004630
0 0.536458 0.208848 0.003472 0.005144
0 0.991705 0.051698 0.002701 0.005658
0 0.359568 0.445730 0.003858 0.004630
0 0.354167 0.944702 0.006173 0.007716
0 0.503858 0.409208 0.003858 0.004630
0 0.512539 0.414352 0.004244 0.007716
0 0.609761 0.559156 0.005787 0.005144
0 0.879630 0.681327 0.004630 0.005658
0 0.859182 0.202160 0.003858 0.006173
0 0.834105 0.389918 0.007716 0.005144
0 0.582948 0.172068 0.003858 0.005658
0 0.587577 0.170782 0.003858 0.006173
0 0.838542 0.381944 0.011188 0.005658
0 0.780864 0.302726 0.003858 0.005658
0 0.727045 0.332819 0.004244 0.005144
0 0.936728 0.653035 0.002315 0.005658
0 0.918403 0.622171 0.002701 0.005658
0 0.923611 0.623200 0.006173 0.008745
0 0.560764 0.390175 0.004244 0.008745
0 0.584298 0.403292 0.003472 0.004115
0 0.584684 0.407665 0.003472 0.004630
0 0.582176 0.413580 0.003086 0.005144
0 0.584877 0.417695 0.004630 0.005144
0 0.602045 0.301183 0.001929 0.005658
0 0.819830 0.781893 0.003086 0.005144
0 0.836420 0.713477 0.003858 0.005144
0 0.839892 0.716564 0.003086 0.004115
0 0.769483 0.917695 0.002701 0.004115
0 0.770448 0.922582 0.003086 0.005658
0 0.874614 0.904321 0.003858 0.005144
0 0.921296 0.868056 0.002315 0.004630
0 0.924961 0.869599 0.002701 0.003601
0 0.912423 0.813529 0.003858 0.005658
0 0.984954 0.873971 0.003086 0.005144
0 0.984568 0.834619 0.003086 0.005658
0 0.989583 0.833591 0.003086 0.002572
0 0.969715 0.793467 0.003472 0.004630
0 0.968943 0.798611 0.003472 0.005658
0 0.997299 0.740741 0.003086 0.003086
0 0.973573 0.681842 0.002701 0.002572
0 0.977623 0.685185 0.003086 0.004115
0 0.987461 0.678498 0.003472 0.004115
0 0.988426 0.683899 0.003858 0.005658
0 0.750386 0.882459 0.003086 0.003601
0 0.625000 0.900463 0.002315 0.003601
0 0.963542 0.576132 0.002701 0.004115
0 0.874807 0.690586 0.002701 0.009774
0 0.822145 0.619856 0.003086 0.004115
0 0.820988 0.624743 0.003858 0.004630
0 0.728395 0.008230 0.003858 0.004115
0 0.282986 0.011574 0.007330 0.011831
0 0.187307 0.056584 0.004244 0.004115
0 0.190972 0.053755 0.003858 0.007716
0 0.272762 0.307356 0.010031 0.010802
0 0.235147 0.285751 0.003472 0.003601
0 0.356289 0.316358 0.006559 0.012346
0 0.362461 0.319959 0.003472 0.003086
0 0.365548 0.312500 0.008873 0.005658
0 0.373650 0.213220 0.002701 0.004630
0 0.376736 0.216307 0.003472 0.005658
0 0.407986 0.405093 0.003472 0.005658
0 0.197917 0.713735 0.004630 0.010802
0 0.266397 0.749486 0.004244 0.005144
0 0.143711 0.741770 0.003472 0.004115
0 0.144483 0.750000 0.004244 0.004115
0 0.143904 0.762860 0.004630 0.008230
0 0.149306 0.565586 0.002315 0.003601
0 0.146605 0.571245 0.003086 0.004630
0 0.142168 0.573045 0.003472 0.004115
0 0.327353 0.842850 0.006559 0.005658
0 0.613812 0.750772 0.004630 0.007716
0 0.614969 0.756687 0.004630 0.005144
0 0.547647 0.996656 0.005787 0.004630
0 0.392168 0.989712 0.009645 0.008230
0 0.614005 0.781636 0.001929 0.003601
0 0.641204 0.190072 0.003086 0.007716
0 0.644676 0.193673 0.003858 0.004630
0 0.549383 0.083076 0.003086 0.005658
0 0.553241 0.087449 0.003086 0.005144
0 0.534529 0.145833 0.003472 0.004630
0 0.530478 0.207562 0.003858 0.004630
0 0.569252 0.206276 0.003472 0.006173
0 0.356289 0.001800 0.003472 0.003601
0 0.569637 0.214506 0.005787 0.006173
0 0.515432 0.256173 0.003858 0.005144
0 0.688272 0.459105 0.002315 0.003601
0 0.782022 0.090278 0.006173 0.003601
0 0.780671 0.096193 0.002701 0.004115
0 0.716049 0.184671 0.002315 0.004115
0 0.718557 0.189815 0.003472 0.004115
0 0.574460 0.206790 0.004630 0.008230
0 0.589699 0.248971 0.004244 0.006173
0 0.585455 0.251029 0.002701 0.005144
0 0.605131 0.298354 0.002701 0.004115
0 0.607060 0.302469 0.003472 0.004115
0 0.939236 0.402521 0.002701 0.005658
0 0.740548 0.416667 0.008102 0.008230
0 0.441744 0.538066 0.003858 0.005144
0 0.445409 0.538580 0.004244 0.005144
0 0.949460 0.626800 0.003858 0.002572
0 0.947724 0.631944 0.003472 0.003601
0 0.961420 0.581276 0.002315 0.004115
0 0.149884 0.760802 0.006559 0.009259
0 0.830440 0.781379 0.004244 0.005144
0 0.826003 0.780607 0.003086 0.005658
0 0.911265 0.824331 0.004630 0.003601
0 0.910108 0.829733 0.003858 0.005144
0 0.972994 0.687500 0.003086 0.005658
0 0.930748 0.781636 0.003472 0.003601
0 0.928434 0.775977 0.006559 0.007716
0 0.926890 0.769290 0.003472 0.004630
