0 0.767747 0.715535 0.003858 0.005144
0 0.959298 0.326903 0.003472 0.004630
0 0.361111 0.955504 0.004630 0.005658
0 0.791474 0.581533 0.003472 0.004630
0 0.689236 0.732510 0.004244 0.005144
0 0.930556 0.414095 0.003858 0.005144
0 0.715085 0.482510 0.004244 0.008230
0 0.790123 0.764660 0.006173 0.004630
0 0.954668 0.545267 0.003472 0.005144
0 0.456211 0.696245 0.003472 0.004630
0 0.599344 0.410494 0.004244 0.005144
0 0.573302 0.982253 0.003858 0.004630
0 0.787616 0.534465 0.003472 0.005144
0 0.933642 0.352623 0.003086 0.004630
0 0.977816 0.447016 0.003472 0.005144
0 0.541667 0.985340 0.003858 0.004630
0 0.987076 0.387603 0.003472 0.004630
0 0.991512 0.807613 0.003858 0.004115
0 0.970679 0.518004 0.003858 0.004115
0 0.727623 0.828189 0.003858 0.005144
0 0.367863 0.781379 0.003472 0.005144
0 0.657986 0.837963 0.003472 0.005144
0 0.261960 0.505658 0.007716 0.006173
0 0.768711 0.821502 0.003472 0.005144
0 0.900463 0.297582 0.003858 0.007716
0 0.932099 0.338992 0.003858 0.005144
0 0.924769 0.547068 0.003858 0.004630
0 0.394483 0.483539 0.005787 0.008230
0 0.869792 0.610597 0.003472 0.005144
0 0.719715 0.985340 0.004244 0.004630
0 0.493634 0.768519 0.003472 0.004115
0 0.629823 0.876543 0.005787 0.005144
0 0.618827 0.906379 0.003086 0.005144
0 0.598765 0.734825 0.003858 0.004630
0 0.823495 0.399949 0.003472 0.004630
0 0.540123 0.806070 0.003858 0.005144
0 0.555363 0.615998 0.003472 0.003601
0 0.948495 0.453447 0.003472 0.004630
0 0.908951 0.768519 0.003858 0.004115
0 0.464699 0.679784 0.004244 0.004630
0 0.477816 0.409465 0.003472 0.005144
0 0.779128 0.554784 0.003472 0.005658
0 0.971258 0.377572 0.003472 0.005144
0 0.602816 0.342593 0.006559 0.008230
0 0.477816 0.685442 0.003472 0.004630
0 0.951968 0.513117 0.003472 0.004630
0 0.568287 0.851595 0.004630 0.007716
0 0.935957 0.895319 0.006173 0.005658
0 0.858603 0.305298 0.002701 0.004630
0 0.409336 0.243827 0.003858 0.006173
0 0.841821 0.284465 0.003086 0.005144
0 0.418017 0.752829 0.004244 0.004630
0 0.804012 0.519805 0.006944 0.007716
0 0.611497 0.380658 0.003858 0.004115
0 0.674769 0.608282 0.003086 0.005658
0 0.565779 0.941101 0.003472 0.004630
0 0.743441 0.336934 0.003858 0.005144
0 0.707369 0.486626 0.002701 0.004115
0 0.767168 0.797068 0.003472 0.004630
0 0.721258 0.772377 0.003472 0.004630
0 0.909915 0.942387 0.004244 0.005144
0 0.907407 0.391204 0.003858 0.004630
0 0.937307 0.911780 0.003472 0.005658
0 0.988233 0.528292 0.003472 0.004115
0 0.784336 0.783436 0.003858 0.008230
0 0.244020 0.829733 0.005787 0.006173
0 0.873264 0.854938 0.003472 0.005144
0 0.604745 0.145319 0.003472 0.004630
0 0.825231 0.708591 0.003858 0.005658
0 0.457369 0.159979 0.004244 0.004115
0 0.724344 0.625772 0.003472 0.005658
0 0.884066 0.558385 0.003472 0.004630
0 0.519290 0.443416 0.004630 0.005144
0 0.517940 0.382202 0.003472 0.005144
0 0.804398 0.569187 0.004630 0.007716
0 0.944637 0.402521 0.003472 0.004630
0 0.958912 0.486883 0.003472 0.004630
0 0.991127 0.835648 0.003086 0.005658
0 0.584298 0.510802 0.003472 0.004115
0 0.501929 0.645062 0.003858 0.004115
0 0.692901 0.807613 0.003858 0.005144
0 0.425154 0.654835 0.003086 0.005144
0 0.767940 0.941101 0.003472 0.003601
0 0.959491 0.776235 0.003858 0.005144
0 0.674576 0.739455 0.003472 0.004630
0 0.563850 0.097737 0.003472 0.005144
0 0.894483 0.732767 0.003472 0.004630
0 0.738426 0.884002 0.003858 0.004630
0 0.471065 0.322274 0.006173 0.007716
0 0.869020 0.459619 0.003472 0.004630
0 0.993634 0.870370 0.003472 0.005144
0 0.940008 0.755658 0.003472 0.004115
0 0.559414 0.803498 0.004630 0.008230
0 0.527585 0.653292 0.003472 0.004115
0 0.379437 0.507973 0.005787 0.007716
0 0.881944 0.682356 0.003086 0.004630
0 0.755787 0.754887 0.003858 0.004630
0 0.818094 0.740226 0.003472 0.005144
0 0.725502 0.940329 0.004244 0.006173
0 0.568094 0.732253 0.003472 0.004630
0 0.538194 0.327675 0.003858 0.005144
0 0.768711 0.764403 0.003472 0.005144
0 0.981096 0.741512 0.006173 0.005658
0 0.844329 0.880916 0.004244 0.005658
0 0.851273 0.471708 0.002701 0.005144
0 0.675733 0.959362 0.003472 0.005144
0 0.803048 0.756687 0.003472 0.005144
0 0.866319 0.691358 0.003472 0.005144
0 0.843171 0.772891 0.003472 0.005658
0 0.641590 0.795267 0.003858 0.005144
0 0.310185 0.716821 0.006944 0.007716
0 0.763310 0.925412 0.004244 0.005144
0 0.236883 0.338477 0.006944 0.011317
0 0.268326 0.725823 0.002701 0.004115
0 0.481289 0.475566 0.004244 0.004630
0 0.512153 0.613169 0.002701 0.004115
0 0.593943 0.901749 0.003472 0.004115
0 0.988233 0.423611 0.004244 0.005658
0 0.615934 0.418724 0.003472 0.005144
0 0.858218 0.831790 0.003472 0.005144
0 0.857060 0.620113 0.005787 0.004630
0 0.942708 0.610082 0.003472 0.005144
0 0.757716 0.849280 0.004630 0.009259
0 0.874228 0.319187 0.003086 0.004630
0 0.962191 0.862654 0.004630 0.004115
0 0.481481 0.260802 0.003858 0.005144
0 0.746914 0.675154 0.003858 0.005658
0 0.952160 0.684414 0.003086 0.005658
0 0.978202 0.354938 0.004244 0.005144
0 0.404707 0.722994 0.002315 0.004630
0 0.671103 0.622685 0.004244 0.007716
0 0.901235 0.751800 0.003858 0.004630
0 0.795332 0.753086 0.002701 0.004115
0 0.919560 0.960905 0.004244 0.006173
0 0.773341 0.746399 0.003472 0.005144
0 0.943866 0.517233 0.003472 0.005658
0 0.270062 0.173097 0.003858 0.004630
0 0.725502 0.718107 0.006559 0.011317
0 0.992284 0.616770 0.003086 0.004115
0 0.585069 0.893519 0.003472 0.004115
0 0.701196 0.715021 0.006559 0.006173
0 0.961034 0.724537 0.003858 0.004630
0 0.338349 0.073817 0.003858 0.004630
0 0.765432 0.891718 0.003858 0.004630
0 0.779900 0.709619 0.003472 0.004630
0 0.596451 0.962449 0.003086 0.004115
0 0.736883 0.926955 0.003858 0.005144
0 0.983218 0.672068 0.003472 0.004630
0 0.625772 0.650977 0.006173 0.007716
0 0.783372 0.776492 0.004244 0.005658
0 0.259066 0.756944 0.004244 0.004630
0 0.951196 0.818673 0.003472 0.004630
0 0.844329 0.813272 0.003472 0.005144
0 0.806713 0.593621 0.003858 0.005144
0 0.875193 0.284722 0.004244 0.004630
0 0.893133 0.338992 0.003086 0.004115
0 0.641204 0.895062 0.003086 0.004115
0 0.647955 0.900720 0.003472 0.005144
0 0.249035 0.480710 0.006559 0.009774
0 0.514853 0.485340 0.003472 0.004630
0 0.669367 0.995885 0.003858 0.004115
0 0.893904 0.609568 0.002315 0.003086
0 0.991705 0.549126 0.005787 0.005658
0 0.726273 0.692901 0.003472 0.005144
0 0.913194 0.567901 0.003086 0.005144
0 0.714892 0.945988 0.003086 0.005144
0 0.704090 0.822788 0.003858 0.004630
0 0.686728 0.263889 0.003858 0.005144
0 0.590471 0.960905 0.003472 0.005144
0 0.778549 0.510288 0.003858 0.005144
0 0.967207 0.426183 0.003858 0.004630
0 0.304977 0.416667 0.005787 0.006173
0 0.467978 0.381687 0.003858 0.005144
0 0.240741 0.563786 0.003858 0.006173
0 0.907600 0.201646 0.006559 0.006173
0 0.661651 0.958591 0.003858 0.005658
0 0.547261 0.461677 0.003472 0.004630
0 0.563850 0.791667 0.003472 0.005144
0 0.348958 0.406893 0.002701 0.004115
0 0.960069 0.581790 0.002701 0.005144
0 0.608989 0.712963 0.003472 0.005144
0 0.761767 0.969136 0.004244 0.005144
0 0.387924 0.697016 0.003472 0.006173
0 0.585069 0.123457 0.003472 0.005144
0 0.873457 0.895319 0.003858 0.004630
0 0.679591 0.899177 0.003472 0.005144
0 0.994599 0.177984 0.004630 0.005144
0 0.874807 0.367541 0.003472 0.004630
0 0.294753 0.434928 0.004630 0.007716
0 0.952546 0.582305 0.003858 0.005144
0 0.595486 0.653549 0.002701 0.003601
0 0.530864 0.297068 0.003086 0.004630
0 0.734375 0.407407 0.003472 0.005144
0 0.754823 0.505144 0.005787 0.006173
0 0.369599 0.845422 0.002315 0.003601
0 0.639853 0.975566 0.002701 0.004630
0 0.686728 0.415895 0.003858 0.004630
0 0.997492 0.725823 0.002701 0.005144
0 0.246528 0.410237 0.001543 0.002572
0 0.248264 0.415381 0.004244 0.007716
0 0.246335 0.428241 0.003472 0.003601
0 0.356289 0.455504 0.001929 0.004630
0 0.359568 0.454218 0.003086 0.005144
0 0.484761 0.477366 0.001929 0.004115
0 0.475887 0.519805 0.003472 0.004630
0 0.931134 0.063014 0.001929 0.005658
0 0.921875 0.087706 0.003472 0.007716
0 0.903164 0.208848 0.004630 0.008230
0 0.902006 0.201132 0.003858 0.006173
0 0.883102 0.209619 0.003858 0.004630
0 0.966435 0.383745 0.002315 0.003086
0 0.968557 0.387860 0.003472 0.003086
0 0.983796 0.425412 0.003086 0.005144
0 0.951003 0.343364 0.002315 0.003601
0 0.983025 0.468621 0.003858 0.005144
0 0.991705 0.475309 0.003472 0.005144
0 0.836034 0.565844 0.003858 0.005144
0 0.774691 0.945216 0.003086 0.005658
0 0.778164 0.947531 0.003858 0.004115
0 0.705633 0.945473 0.002315 0.003086
0 0.634259 0.959105 0.003858 0.003601
0 0.629051 0.960134 0.003472 0.005658
0 0.609375 0.748714 0.004244 0.005658
0 0.610532 0.755144 0.003472 0.004115
0 0.506366 0.744084 0.004244 0.003601
0 0.503279 0.747942 0.002701 0.004115
0 0.507137 0.751029 0.003472 0.005144
0 0.508681 0.770833 0.003472 0.004630
0 0.433063 0.968879 0.003472 0.008745
0 0.436728 0.970679 0.002315 0.006173
0 0.332562 0.995885 0.008488 0.005144
0 0.577932 0.812757 0.003858 0.005144
0 0.250386 0.919496 0.003858 0.005658
0 0.251929 0.800412 0.003858 0.005144
0 0.248071 0.804784 0.003086 0.004630
0 0.246914 0.855195 0.006173 0.009774
0 0.285880 0.958591 0.003858 0.008745
0 0.277006 0.949846 0.002315 0.005658
0 0.281443 0.949846 0.003472 0.002572
0 0.642747 0.649177 0.004630 0.006173
0 0.641975 0.655350 0.003858 0.005144
0 0.282215 0.577160 0.003472 0.010288
0 0.411651 0.631173 0.003086 0.005144
0 0.415895 0.631430 0.003086 0.004630
0 0.648341 0.924383 0.002701 0.004115
0 0.732060 0.938014 0.003472 0.003601
0 0.402006 0.295525 0.006173 0.005658
0 0.401427 0.288837 0.005787 0.007716
0 0.919367 0.096708 0.006944 0.008230
0 0.613040 0.844393 0.003086 0.005658
0 0.608603 0.844907 0.003472 0.005658
0 0.644097 0.925669 0.003472 0.005658
0 0.289352 0.928241 0.003858 0.004630
0 0.287230 0.736626 0.004244 0.006173
0 0.345486 0.761831 0.007330 0.010288
0 0.370563 0.657922 0.003472 0.005144
0 0.375000 0.660237 0.003858 0.005658
0 0.248650 0.610082 0.002701 0.005144
0 0.240162 0.650720 0.007330 0.009259
0 0.848573 0.732767 0.006559 0.007716
0 0.844907 0.735082 0.003086 0.005144
0 0.842400 0.848251 0.005787 0.005144
0 0.842014 0.853652 0.004244 0.005658
0 0.701389 0.943673 0.002315 0.007716
0 0.630015 0.968621 0.006173 0.005144
0 0.953511 0.347737 0.003472 0.005144
0 0.951582 0.379115 0.004244 0.005144
0 0.949074 0.383745 0.003086 0.004115
0 0.777392 0.451389 0.004630 0.005658
0 0.777778 0.445473 0.004630 0.005144
