0 0.143711 0.077675 0.003472 0.005144
0 0.148727 0.092850 0.004244 0.004630
0 0.230324 0.257202 0.004630 0.005144
0 0.283372 0.180556 0.003472 0.005144
0 0.139082 0.095679 0.003472 0.004115
0 0.259452 0.090535 0.005787 0.008230
0 0.586613 0.400720 0.004244 0.006173
0 0.414931 0.117284 0.004244 0.008230
0 0.571566 0.182099 0.004244 0.005144
0 0.022955 0.637346 0.002701 0.004115
0 0.107832 0.068158 0.003472 0.004630
0 0.682870 0.545525 0.003858 0.004630
0 0.087770 0.060185 0.003472 0.004115
0 0.302083 0.083333 0.003858 0.004115
0 0.416860 0.795010 0.003472 0.004630
0 0.610725 0.524177 0.003858 0.005144
0 0.161265 0.163323 0.003086 0.004630
0 0.005208 0.535494 0.003472 0.004115
0 0.115355 0.078704 0.003086 0.004115
0 0.340856 0.120628 0.003472 0.004630
0 0.507330 0.113426 0.003086 0.004630
0 0.745177 0.399949 0.005787 0.004630
0 0.111111 0.037037 0.003086 0.005144
0 0.736690 0.550926 0.003472 0.005144
0 0.104745 0.585134 0.003472 0.004630
0 0.508488 0.593621 0.003858 0.005144
0 0.290702 0.086420 0.003472 0.005144
0 0.134645 0.184156 0.003086 0.006173
0 0.412809 0.306327 0.003858 0.004630
0 0.424190 0.067901 0.004244 0.005144
0 0.190394 0.454218 0.006559 0.010288
0 0.255980 0.152778 0.002701 0.005144
0 0.284529 0.454218 0.003472 0.005144
0 0.559799 0.293981 0.003858 0.004630
0 0.758295 0.572274 0.002701 0.005658
0 0.517168 0.235340 0.003472 0.004630
0 0.473573 0.323817 0.004244 0.005658
0 0.173225 0.151492 0.003086 0.004630
0 0.557485 0.412551 0.003858 0.005144
0 0.131944 0.054012 0.003086 0.005144
0 0.521219 0.325617 0.003858 0.005144
0 0.063272 0.582047 0.004630 0.005658
0 0.063657 0.049383 0.003086 0.004115
0 0.231289 0.045267 0.004244 0.008230
0 0.065008 0.147634 0.003472 0.004115
0 0.188657 0.268776 0.003858 0.004630
0 0.163387 0.087963 0.005787 0.005144
0 0.548804 0.373457 0.003472 0.004115
0 0.503858 0.093107 0.003858 0.006173
0 0.271605 0.140689 0.003086 0.003601
0 0.290509 0.467078 0.003858 0.004115
0 0.191744 0.161265 0.003086 0.004630
0 0.062886 0.182356 0.003086 0.004630
0 0.500772 0.064043 0.003858 0.005658
0 0.279514 0.204218 0.004244 0.005144
0 0.050540 0.126543 0.003858 0.004115
0 0.206983 0.140432 0.003472 0.005144
0 0.035301 0.547068 0.003472 0.004630
0 0.163002 0.221708 0.003472 0.005144
0 0.091628 0.091049 0.005787 0.006173
0 0.216628 0.101080 0.003472 0.004630
0 0.114390 0.151235 0.003472 0.004115
0 0.153742 0.128344 0.003472 0.004630
0 0.318480 0.121399 0.003472 0.005144
0 0.488812 0.574846 0.003858 0.004630
0 0.595679 0.089763 0.003086 0.004630
0 0.747492 0.703447 0.003472 0.004630
0 0.309799 0.667438 0.003858 0.005658
0 0.288194 0.490741 0.003858 0.004115
0 0.590664 0.365741 0.003858 0.005144
0 0.594522 0.046553 0.003858 0.005658
0 0.512539 0.314815 0.003472 0.005144
0 0.354938 0.006430 0.003858 0.004630
0 0.173418 0.468879 0.004244 0.005658
0 0.032407 0.044753 0.004630 0.005144
0 0.669946 0.858539 0.004244 0.006173
0 0.288194 0.070216 0.003086 0.004630
0 0.219522 0.751800 0.003858 0.004630
0 0.291474 0.299383 0.003472 0.004115
0 0.285301 0.108796 0.003472 0.004630
0 0.083333 0.023405 0.003086 0.004630
0 0.223380 0.460391 0.003086 0.004115
0 0.541474 0.109568 0.003472 0.005144
0 0.442901 0.746656 0.003858 0.004630
0 0.099923 0.241255 0.003858 0.005144
0 0.393711 0.017490 0.003472 0.005144
0 0.471065 0.442387 0.003086 0.005144
0 0.030478 0.110854 0.003858 0.004630
0 0.548804 0.391975 0.003472 0.005144
0 0.508488 0.807870 0.003858 0.004630
0 0.397377 0.320730 0.003086 0.004630
0 0.035494 0.619342 0.003086 0.004115
0 0.106096 0.456019 0.003858 0.004630
0 0.500772 0.506687 0.003858 0.005144
0 0.142168 0.208848 0.004244 0.005144
0 0.252894 0.839249 0.003472 0.004630
0 0.090278 0.211420 0.003086 0.004115
0 0.097994 0.813786 0.003086 0.004115
0 0.082948 0.636831 0.003858 0.005144
0 0.113233 0.143776 0.003472 0.004630
0 0.227431 0.169496 0.003472 0.004630
0 0.091435 0.166924 0.003858 0.004630
0 0.106289 0.498200 0.003472 0.004630
0 0.108025 0.107253 0.003086 0.004630
0 0.196181 0.507973 0.003472 0.004630
0 0.067901 0.068416 0.003858 0.004115
0 0.266975 0.085134 0.003858 0.004630
0 0.195988 0.120628 0.003086 0.004630
0 0.260417 0.074846 0.003858 0.004630
0 0.388117 0.147634 0.004630 0.006173
0 0.397184 0.042695 0.003472 0.005144
0 0.390432 0.056584 0.003858 0.005144
0 0.757137 0.391461 0.003472 0.005144
0 0.279514 0.157665 0.003472 0.004630
0 0.570988 0.131944 0.006944 0.008745
0 0.759645 0.822788 0.006173 0.007716
0 0.251736 0.227623 0.003472 0.004630
0 0.326196 0.542695 0.004244 0.005144
0 0.009645 0.621914 0.003086 0.004115
0 0.340471 0.082047 0.003472 0.004630
0 0.495949 0.005401 0.005787 0.007716
0 0.485340 0.156379 0.003858 0.005144
0 0.242863 0.161265 0.004244 0.005658
0 0.670525 0.313014 0.003858 0.005658
0 0.002508 0.349794 0.003472 0.004115
0 0.145255 0.132202 0.003472 0.004115
0 0.535301 0.695473 0.005787 0.005144
0 0.287616 0.845165 0.003472 0.003086
0 0.487269 0.370885 0.006173 0.005144
0 0.245563 0.470936 0.003472 0.005658
0 0.758295 0.839506 0.005787 0.005144
0 0.685764 0.381430 0.003472 0.004630
0 0.016782 0.681584 0.002701 0.004115
0 0.067323 0.079733 0.002701 0.004115
0 0.072531 0.092593 0.003858 0.005144
0 0.415702 0.023405 0.003472 0.005658
0 0.176119 0.105710 0.003472 0.004630
0 0.041474 0.208848 0.004244 0.005144
0 0.273920 0.231224 0.003086 0.004630
0 0.628279 0.488426 0.002701 0.004630
0 0.080440 0.205761 0.003472 0.004115
0 0.378472 0.120885 0.003858 0.005144
0 0.021798 0.128858 0.004244 0.004630
0 0.056906 0.043724 0.003472 0.004115
0 0.057099 0.178241 0.003858 0.004630
0 0.678819 0.600823 0.003472 0.005144
0 0.217785 0.304527 0.003472 0.005144
0 0.201196 0.574588 0.003472 0.005144
0 0.061150 0.590278 0.003472 0.003601
0 0.115548 0.201646 0.003472 0.004115
0 0.084491 0.122942 0.003858 0.005144
0 0.108218 0.153292 0.003472 0.005144
0 0.334684 0.297325 0.005787 0.006173
0 0.173225 0.167181 0.003858 0.005144
0 0.076582 0.212963 0.003472 0.005144
0 0.011960 0.073045 0.003858 0.005144
0 0.154128 0.150977 0.003472 0.004630
0 0.287809 0.845422 0.003086 0.004630
0 0.141397 0.444187 0.003472 0.004630
0 0.261381 0.146862 0.004244 0.004630
0 0.221065 0.136574 0.003086 0.004630
0 0.410108 0.457819 0.003858 0.005144
0 0.055748 0.784208 0.003472 0.004630
0 0.299190 0.132716 0.003472 0.004115
0 0.411265 0.027263 0.003858 0.005144
0 0.047454 0.084105 0.003086 0.004630
0 0.560378 0.283436 0.004244 0.006173
0 0.225887 0.108796 0.003472 0.004630
0 0.364583 0.467850 0.003858 0.005658
0 0.523920 0.290381 0.003858 0.004630
0 0.760802 0.822274 0.003858 0.004630
0 0.038773 0.086163 0.003472 0.004630
0 0.422068 0.056584 0.003086 0.005144
0 0.301698 0.083333 0.003086 0.005144
0 0.613812 0.292695 0.003858 0.005144
0 0.231481 0.040381 0.003858 0.005658
0 0.240934 0.207819 0.004244 0.005144
0 0.094329 0.094650 0.003472 0.005144
0 0.420910 0.094136 0.003086 0.005144
0 0.060957 0.630658 0.004630 0.005144
0 0.024884 0.143004 0.003472 0.004115
0 0.242284 0.314815 0.003858 0.004115
0 0.201582 0.464249 0.003472 0.005658
0 0.210262 0.160494 0.003086 0.005144
0 0.432292 0.083333 0.003472 0.005144
0 0.283951 0.440329 0.003858 0.005144
0 0.521798 0.117027 0.002701 0.003601
0 0.156636 0.113683 0.003086 0.004115
0 0.188079 0.138117 0.003472 0.005658
0 0.250579 0.046811 0.003472 0.005144
0 0.589892 0.020833 0.003858 0.004630
0 0.466821 0.094907 0.004630 0.005658
0 0.286458 0.010545 0.005787 0.005658
0 0.000965 0.027263 0.001929 0.004115
0 0.225887 0.109311 0.003472 0.004630
0 0.123457 0.541924 0.003858 0.005658
0 0.140432 0.153807 0.006944 0.010288
0 0.065201 0.831533 0.006173 0.004630
0 0.106289 0.081790 0.004244 0.005144
0 0.624807 0.460648 0.005787 0.005658
0 0.610147 0.288323 0.002701 0.004630
0 0.031250 0.034979 0.003086 0.004115
0 0.533565 0.103138 0.003086 0.004630
0 0.585262 0.811986 0.003858 0.004630
0 0.083526 0.012860 0.003472 0.005144
0 0.218171 0.127315 0.004244 0.005658
0 0.422647 0.471965 0.003472 0.004630
0 0.458526 0.196245 0.003472 0.004630
0 0.470100 0.250000 0.005787 0.005144
0 0.001350 0.076132 0.002701 0.005144
0 0.226466 0.136574 0.003086 0.004630
0 0.070795 0.133230 0.003472 0.004115
0 0.370949 0.688529 0.004244 0.004630
0 0.374035 0.226080 0.007330 0.008745
0 0.076389 0.730195 0.004630 0.009774
0 0.487847 0.698817 0.001929 0.003601
0 0.561535 0.217850 0.003472 0.004630
0 0.173997 0.468879 0.003858 0.005658
0 0.240741 0.484311 0.006944 0.008745
0 0.533179 0.103909 0.003858 0.004115
0 0.624421 0.460905 0.003472 0.006173
0 0.267747 0.803755 0.003858 0.004630
0 0.078704 0.142233 0.003858 0.004630
0 0.422068 0.056584 0.003858 0.004115
0 0.458719 0.082305 0.003858 0.005144
0 0.084877 0.148148 0.003858 0.005144
