0 0.029238 0.326383 0.012770 0.015405
0 0.354756 0.049668 0.012770 0.015405
0 0.486005 0.108156 0.012770 0.015405
0 0.463724 0.231166 0.012770 0.015405
0 0.495753 0.268765 0.012770 0.015405
0 0.593233 0.345820 0.012770 0.015405
0 0.512116 0.319362 0.012770 0.015405
0 0.513509 0.344892 0.012770 0.015405
0 0.481828 0.328181 0.012770 0.015405
0 0.484439 0.345588 0.008007 0.009748
0 0.506546 0.371815 0.012770 0.015405
0 0.491228 0.359746 0.012770 0.015405
0 0.493665 0.393632 0.012770 0.015405
0 0.512464 0.440515 0.012770 0.015405
0 0.557026 0.450727 0.012770 0.015405
0 0.591144 0.450727 0.012770 0.015405
0 0.579307 0.476257 0.012770 0.015405
0 0.557723 0.481364 0.012770 0.015405
0 0.414636 0.164323 0.012770 0.015405
0 0.382259 0.312863 0.012770 0.015405
0 0.321335 0.281762 0.012770 0.015405
0 0.300098 0.271550 0.012770 0.015405
0 0.296965 0.306364 0.012770 0.015405
0 0.282343 0.289654 0.012770 0.015405
0 0.264587 0.270158 0.012770 0.015405
0 0.028199 0.129044 0.012770 0.015405
0 0.006963 0.107692 0.012770 0.015405
0 0.110709 0.250662 0.012770 0.015405
0 0.165019 0.317505 0.012770 0.015405
0 0.021585 0.397810 0.012770 0.015405
0 0.040384 0.403844 0.012770 0.015405
0 0.107924 0.401523 0.012770 0.015405
0 0.157012 0.391311 0.012770 0.015405
0 0.247529 0.385741 0.012770 0.015405
0 0.297313 0.355104 0.012770 0.015405
0 0.314024 0.324468 0.012770 0.015405
0 0.353364 0.322611 0.012770 0.015405
0 0.356497 0.339786 0.012770 0.015405
0 0.400711 0.341643 0.012770 0.015405
0 0.411155 0.372279 0.012770 0.015405
0 0.373382 0.328646 0.007311 0.007427
0 0.305919 0.195925 0.007130 0.007427
0 0.331096 0.376995 0.012770 0.015405
0 0.355606 0.400465 0.012770 0.015405
0 0.367860 0.388582 0.012770 0.015405
0 0.371425 0.369865 0.005793 0.005942
0 0.374433 0.363775 0.006907 0.006833
0 0.200418 0.437748 0.009581 0.007427
0 0.200975 0.430618 0.011141 0.006239
0 0.291659 0.447106 0.012770 0.015405
0 0.276285 0.456910 0.012770 0.015405
0 0.007353 0.495531 0.012770 0.015405
0 0.138922 0.467456 0.010026 0.010398
0 0.130567 0.471170 0.007130 0.007130
0 0.176243 0.489589 0.012770 0.015405
0 0.201866 0.497313 0.012770 0.015405
0 0.211893 0.520782 0.012770 0.015405
0 0.202089 0.539499 0.012770 0.015405
0 0.228381 0.552273 0.012770 0.015405
0 0.258906 0.550193 0.012770 0.015405
0 0.309261 0.543658 0.012770 0.015405
0 0.337112 0.554055 0.012770 0.015405
0 0.350258 0.534151 0.012770 0.015405
0 0.376995 0.532072 0.012770 0.015405
0 0.363850 0.505037 0.012770 0.015405
0 0.375659 0.498204 0.012770 0.015405
0 0.381229 0.471170 0.012770 0.015405
0 0.369643 0.439085 0.012770 0.015405
0 0.376661 0.334810 0.006016 0.007724
0 0.292684 0.597251 0.012770 0.015405
0 0.230297 0.578951 0.012770 0.015405
0 0.213720 0.565166 0.012770 0.015405
0 0.148303 0.609847 0.012770 0.015405
0 0.065685 0.640387 0.007665 0.006417
0 0.065417 0.633970 0.007486 0.007368
0 0.031015 0.697545 0.012770 0.015405
0 0.148837 0.678295 0.012770 0.015405
0 0.170049 0.657380 0.012770 0.015405
0 0.204986 0.694456 0.012770 0.015405
0 0.190548 0.699209 0.012770 0.015405
0 0.247944 0.694456 0.012770 0.015405
0 0.288941 0.676156 0.012770 0.015405
0 0.305696 0.668075 0.012770 0.015405
0 0.282613 0.606163 0.007665 0.010695
0 0.126467 0.701705 0.007665 0.011170
0 0.266660 0.717628 0.004634 0.007843
0 0.270759 0.714895 0.004634 0.006179
0 0.272542 0.720955 0.006060 0.006892
0 0.266481 0.757437 0.012770 0.015405
0 0.239031 0.723451 0.012770 0.015405
0 0.225930 0.741157 0.006595 0.007843
0 0.218354 0.738305 0.007130 0.007368
0 0.196786 0.731056 0.012770 0.015405
0 0.177535 0.739612 0.012770 0.015405
0 0.191795 0.749594 0.012770 0.015405
0 0.267729 0.797365 0.012770 0.015405
0 0.281811 0.814952 0.012770 0.015405
0 0.296427 0.838718 0.012770 0.015405
0 0.264164 0.840382 0.008556 0.009031
0 0.266214 0.832182 0.008378 0.007843
0 0.268799 0.865337 0.012770 0.015405
0 0.295536 0.881735 0.012770 0.015405
0 0.191617 0.805683 0.012770 0.015405
0 0.189122 0.778827 0.012770 0.015405
0 0.206412 0.760289 0.006060 0.007605
0 0.206679 0.770390 0.005526 0.005942
0 0.211759 0.749356 0.005347 0.008081
0 0.144381 0.755298 0.012770 0.015405
0 0.113366 0.718460 0.012770 0.015405
0 0.098037 0.726065 0.012770 0.015405
0 0.065417 0.780490 0.012770 0.015405
0 0.022459 0.717509 0.012770 0.015405
0 0.032798 0.730462 0.007130 0.007368
0 0.128874 0.806158 0.012770 0.015405
0 0.115861 0.794275 0.012770 0.015405
0 0.150263 0.812337 0.012770 0.015405
0 0.081103 0.825647 0.012770 0.015405
0 0.036274 0.826478 0.005882 0.012596
0 0.029946 0.822319 0.007130 0.008081
0 0.006385 0.876982 0.012770 0.015405
0 0.019073 0.885300 0.012770 0.015405
0 0.053831 0.860346 0.012770 0.015405
0 0.061496 0.876745 0.012770 0.015405
0 0.073617 0.887202 0.012770 0.015405
0 0.103028 0.883874 0.012770 0.015405
0 0.040819 0.891717 0.012770 0.015405
0 0.160067 0.869377 0.012770 0.015405
0 0.187517 0.876269 0.012770 0.015405
0 0.186270 0.906215 0.012770 0.015405
0 0.226732 0.984407 0.012770 0.015405
0 0.183596 0.953510 0.012770 0.015405
0 0.187339 0.924753 0.012770 0.015405
0 0.202490 0.931526 0.006773 0.006892
0 0.197945 0.926298 0.005882 0.006892
0 0.160245 0.912157 0.012770 0.015405
0 0.153918 0.923683 0.005882 0.007843
0 0.138143 0.929268 0.012770 0.015405
0 0.140816 0.969434 0.012770 0.015405
0 0.152581 0.984882 0.012770 0.015405
0 0.128250 0.933309 0.005882 0.007130
0 0.100532 0.942578 0.012770 0.015405
0 0.085203 0.944004 0.012770 0.015405
0 0.072101 0.908473 0.007665 0.007843
0 0.065417 0.909661 0.006060 0.009744
0 0.063456 0.959214 0.012770 0.015405
0 0.091976 0.981317 0.012770 0.015405
0 0.072904 0.987615 0.006417 0.009269
0 0.067200 0.988685 0.006060 0.007605
0 0.052049 0.954223 0.007843 0.008081
0 0.050979 0.944122 0.007843 0.007843
0 0.019251 0.947212 0.007486 0.009744
0 0.012299 0.944717 0.006773 0.008556
0 0.147501 0.923921 0.005526 0.009744
0 0.094650 0.608659 0.012770 0.015405
0 0.006385 0.794275 0.012770 0.015405
0 0.559789 0.967770 0.009447 0.007605
0 0.560770 0.959689 0.006417 0.007130
0 0.546866 0.946974 0.007486 0.008794
0 0.498383 0.940439 0.012770 0.015405
0 0.486618 0.877695 0.012770 0.015405
0 0.429757 0.918573 0.012770 0.015405
0 0.431539 0.945192 0.012770 0.015405
0 0.358101 0.896233 0.012770 0.015405
0 0.358814 0.879834 0.012770 0.015405
0 0.385195 0.849888 0.012770 0.015405
0 0.413358 0.855355 0.012770 0.015405
0 0.425301 0.850839 0.012770 0.015405
0 0.414071 0.821131 0.012770 0.015405
0 0.449899 0.832301 0.012770 0.015405
0 0.470576 0.815902 0.012770 0.015405
0 0.412289 0.794275 0.012770 0.015405
0 0.372361 0.802356 0.012770 0.015405
0 0.381095 0.762190 0.012770 0.015405
0 0.331899 0.749119 0.012770 0.015405
0 0.330829 0.926892 0.012770 0.015405
0 0.342593 0.948519 0.012770 0.015405
0 0.575386 0.769558 0.012770 0.015405
0 0.501769 0.779540 0.012770 0.015405
0 0.322273 0.736522 0.012770 0.015405
0 0.318352 0.717747 0.012770 0.015405
0 0.383947 0.707052 0.012770 0.015405
0 0.402485 0.726541 0.012770 0.015405
0 0.422270 0.713944 0.012770 0.015405
0 0.454533 0.682573 0.012770 0.015405
0 0.434035 0.647398 0.012770 0.015405
0 0.406763 0.658568 0.012770 0.015405
0 0.375035 0.670452 0.012770 0.015405
0 0.535458 0.670689 0.012770 0.015405
0 0.494996 0.622206 0.012770 0.015405
0 0.429935 0.608184 0.012770 0.015405
0 0.413180 0.602480 0.012770 0.015405
0 0.551144 0.620780 0.012770 0.015405
0 0.568256 0.634327 0.012770 0.015405
0 0.570217 0.620067 0.012770 0.015405
0 0.570930 0.650726 0.012770 0.015405
0 0.592676 0.640862 0.007130 0.008794
0 0.598380 0.637060 0.005704 0.010220
0 0.609075 0.653102 0.012770 0.015405
0 0.620126 0.646685 0.012770 0.015405
0 0.602123 0.706577 0.012770 0.015405
0 0.599449 0.743177 0.012770 0.015405
0 0.364340 0.594874 0.012770 0.015405
0 0.373252 0.568256 0.012770 0.015405
0 0.381808 0.567543 0.012770 0.015405
0 0.416032 0.534270 0.012770 0.015405
0 0.411576 0.514068 0.012770 0.015405
0 0.391968 0.502661 0.012770 0.015405
0 0.455603 0.738661 0.012770 0.015405
0 0.504265 0.722738 0.012770 0.015405
0 0.516742 0.739612 0.012770 0.015405
0 0.551590 0.645140 0.005882 0.007843
0 0.547223 0.637773 0.009269 0.009269
0 0.506225 0.608065 0.006417 0.007843
0 0.500343 0.608540 0.006060 0.009269
0 0.505156 0.590596 0.012770 0.015405
0 0.488044 0.591428 0.006773 0.007843
0 0.484212 0.583823 0.007308 0.009269
0 0.479756 0.600459 0.007665 0.006892
0 0.474586 0.590834 0.008734 0.012359
0 0.459703 0.554947 0.012770 0.015405
0 0.431896 0.590596 0.012770 0.015405
0 0.472358 0.542588 0.012770 0.015405
0 0.481805 0.542113 0.012770 0.015405
0 0.516920 0.549480 0.012770 0.015405
0 0.533676 0.563978 0.012770 0.015405
0 0.534923 0.539736 0.012770 0.015405
0 0.449721 0.530705 0.012770 0.015405
0 0.448473 0.515970 0.012770 0.015405
0 0.482162 0.508364 0.012770 0.015405
0 0.472715 0.508483 0.005347 0.005942
0 0.467367 0.507295 0.005347 0.007368
0 0.469595 0.513237 0.005526 0.005942
0 0.458811 0.486975 0.012770 0.015405
0 0.467011 0.445621 0.012770 0.015405
0 0.446512 0.446334 0.012770 0.015405
0 0.416567 0.464159 0.012770 0.015405
0 0.404980 0.453939 0.007486 0.009982
0 0.578416 0.517871 0.012770 0.015405
0 0.616561 0.527140 0.012770 0.015405
0 0.603371 0.563503 0.012770 0.015405
0 0.591963 0.559344 0.006060 0.009269
0 0.587150 0.564691 0.005704 0.007130
0 0.588755 0.578832 0.007486 0.007368
0 0.565939 0.569207 0.012770 0.015405
0 0.581892 0.581209 0.007308 0.007368
0 0.577525 0.596063 0.012770 0.015405
0 0.525922 0.510979 0.008734 0.007605
0 0.532250 0.515019 0.004991 0.006179
0 0.535636 0.520604 0.006417 0.006892
0 0.496422 0.536528 0.007130 0.007843
0 0.493837 0.544846 0.006239 0.008318
0 0.437778 0.433500 0.012770 0.015405
0 0.441343 0.406169 0.012770 0.015405
0 0.447136 0.394523 0.006595 0.008556
0 0.453197 0.382283 0.007308 0.007843
0 0.444284 0.381570 0.006595 0.007368
0 0.427618 0.396543 0.007130 0.007843
0 0.426103 0.404149 0.008021 0.007368
0 0.405159 0.411754 0.004991 0.007843
0 0.410239 0.409140 0.005526 0.009269
0 0.389829 0.412110 0.012770 0.015405
0 0.400346 0.432549 0.012770 0.015405
0 0.393394 0.362914 0.006060 0.008081
0 0.388136 0.368737 0.005882 0.006417
0 0.391612 0.375748 0.006417 0.008556
0 0.427083 0.365528 0.006060 0.006179
0 0.422449 0.359824 0.007843 0.007605
0 0.444819 0.347347 0.006952 0.007368
0 0.444730 0.353883 0.008199 0.005704
0 0.474676 0.343663 0.012770 0.015405
0 0.423073 0.163751 0.006952 0.009507
0 0.748109 0.951134 0.012770 0.015405
0 0.757912 0.892906 0.012770 0.015405
0 0.645081 0.933784 0.012770 0.015405
0 0.647933 0.784531 0.012770 0.015405
0 0.657737 0.770271 0.012770 0.015405
0 0.665223 0.692317 0.012770 0.015405
0 0.667362 0.659994 0.012770 0.015405
0 0.656311 0.662133 0.012770 0.015405
0 0.629039 0.659281 0.012770 0.015405
0 0.638664 0.641457 0.012770 0.015405
0 0.644368 0.608659 0.012770 0.015405
0 0.634921 0.590834 0.012770 0.015405
0 0.617631 0.585843 0.012770 0.015405
0 0.621552 0.600103 0.012770 0.015405
0 0.622800 0.722500 0.012770 0.015405
0 0.644457 0.751495 0.007308 0.008556
0 0.649626 0.759338 0.006239 0.008081
0 0.711033 0.721312 0.012770 0.015405
0 0.729036 0.737235 0.012770 0.015405
0 0.693921 0.748881 0.007843 0.008081
0 0.687237 0.750901 0.006952 0.008318
0 0.677611 0.765399 0.007665 0.006892
0 0.676631 0.775499 0.006773 0.006655
0 0.727254 0.668313 0.012770 0.015405
0 0.754882 0.647874 0.012770 0.015405
0 0.759516 0.629336 0.012770 0.015405
0 0.752208 0.604619 0.012770 0.015405
0 0.745257 0.619116 0.012770 0.015405
0 0.726897 0.613175 0.012770 0.015405
0 0.722352 0.625771 0.007665 0.007605
0 0.727075 0.644546 0.012770 0.015405
0 0.717985 0.652270 0.006773 0.006892
0 0.712192 0.656311 0.006595 0.008794
0 0.708894 0.664985 0.006773 0.006655
0 0.703101 0.656073 0.006952 0.005942
0 0.702566 0.649775 0.007308 0.006655
0 0.681265 0.644071 0.012770 0.015405
0 0.669501 0.635872 0.005704 0.007843
0 0.664243 0.636228 0.005526 0.007130
0 0.706755 0.626721 0.012770 0.015405
0 0.717182 0.633733 0.007308 0.006417
0 0.619146 0.623394 0.006239 0.007605
0 0.618255 0.616858 0.007308 0.006417
0 0.613442 0.621612 0.006239 0.006417
0 0.691158 0.618760 0.008378 0.008318
0 0.690000 0.611154 0.007843 0.006892
0 0.693119 0.602717 0.005526 0.009031
0 0.698556 0.600341 0.006060 0.008556
0 0.706755 0.606520 0.006417 0.009031
0 0.704883 0.598321 0.006952 0.006892
0 0.681355 0.576218 0.009091 0.010695
0 0.658271 0.512405 0.012770 0.015405
0 0.688395 0.530705 0.012770 0.015405
0 0.676274 0.542826 0.012770 0.015405
0 0.638664 0.558987 0.012770 0.015405
0 0.621196 0.553283 0.008199 0.007605
0 0.621285 0.543301 0.008734 0.008081
0 0.691960 0.492441 0.012770 0.015405
0 0.708359 0.474854 0.012770 0.015405
0 0.716915 0.516207 0.012770 0.015405
0 0.670392 0.469863 0.012770 0.015405
0 0.662371 0.439917 0.012770 0.015405
0 0.621730 0.414012 0.012770 0.015405
0 0.632604 0.426370 0.012770 0.015405
0 0.643655 0.435877 0.012770 0.015405
0 0.645259 0.456316 0.012770 0.015405
0 0.636169 0.477468 0.012770 0.015405
0 0.647576 0.478419 0.007486 0.007130
0 0.651231 0.485786 0.007308 0.007605
0 0.738038 0.495768 0.007665 0.009507
0 0.744989 0.497432 0.006952 0.011408
0 0.761121 0.497194 0.012770 0.015405
0 0.766646 0.469863 0.012770 0.015405
0 0.751852 0.527378 0.012770 0.015405
0 0.765755 0.527615 0.012770 0.015405
0 0.735988 0.572296 0.012770 0.015405
0 0.687237 0.565523 0.009447 0.011170
0 0.769320 0.556848 0.012770 0.015405
0 0.763081 0.573485 0.012770 0.015405
0 0.696951 0.410447 0.012770 0.015405
0 0.766112 0.402841 0.012770 0.015405
0 0.768251 0.440155 0.012770 0.015405
0 0.755952 0.449661 0.012770 0.015405
0 0.745791 0.446334 0.012770 0.015405
0 0.741246 0.433619 0.005882 0.007843
0 0.736166 0.435877 0.004991 0.009031
0 0.707111 0.423043 0.005704 0.006655
0 0.704081 0.427559 0.005704 0.004753
0 0.700784 0.431955 0.006239 0.007843
0 0.681889 0.434807 0.008378 0.004991
0 0.681800 0.428866 0.008556 0.006892
0 0.761299 0.365290 0.012770 0.015405
0 0.748109 0.385254 0.012770 0.015405
0 0.670392 0.320847 0.012770 0.015405
0 0.645259 0.345802 0.008556 0.011408
0 0.637416 0.354477 0.008199 0.010695
0 0.637238 0.384066 0.012770 0.015405
0 0.620483 0.303022 0.012770 0.015405
0 0.724936 0.285197 0.012770 0.015405
0 0.662371 0.288525 0.012770 0.015405
0 0.723332 0.041829 0.012770 0.015405
0 0.876091 0.957075 0.012770 0.015405
0 0.931883 0.910731 0.012770 0.015405
0 0.940617 0.871041 0.012770 0.015405
0 0.993615 0.887915 0.012770 0.015405
0 0.935626 0.844184 0.012770 0.015405
0 0.873595 0.832777 0.012770 0.015405
0 0.937587 0.640981 0.012770 0.015405
0 0.887677 0.605807 0.012770 0.015405
0 0.878408 0.597964 0.012770 0.015405
0 0.867713 0.590121 0.012770 0.015405
0 0.880725 0.574435 0.012770 0.015405
0 0.869496 0.568969 0.012770 0.015405
0 0.859157 0.572296 0.012770 0.015405
0 0.838659 0.566117 0.012770 0.015405
0 0.826538 0.580139 0.012770 0.015405
0 0.836876 0.612699 0.012770 0.015405
0 0.845967 0.544965 0.012770 0.015405
0 0.848462 0.531180 0.012770 0.015405
0 0.814952 0.523456 0.006417 0.008794
0 0.808713 0.514781 0.006417 0.009031
0 0.791066 0.521436 0.012770 0.015405
0 0.775291 0.523932 0.006952 0.009269
0 0.806396 0.539974 0.012770 0.015405
0 0.783669 0.555897 0.008734 0.009982
0 0.783937 0.563859 0.007843 0.005942
0 0.792314 0.572296 0.012770 0.015405
0 0.802474 0.573722 0.012770 0.015405
0 0.784471 0.582753 0.012770 0.015405
0 0.780015 0.627910 0.012770 0.015405
0 0.773420 0.642645 0.007130 0.006655
0 0.776183 0.649537 0.006239 0.007605
0 0.789640 0.644071 0.006417 0.008081
0 0.793740 0.651439 0.006773 0.008081
0 0.805683 0.665698 0.012770 0.015405
0 0.797662 0.687207 0.006060 0.008318
0 0.791690 0.686613 0.005169 0.009507
0 0.916375 0.538786 0.012770 0.015405
0 0.926001 0.513831 0.012770 0.015405
0 0.864505 0.504562 0.012770 0.015405
0 0.852206 0.476517 0.012770 0.015405
0 0.866109 0.476280 0.012770 0.015405
0 0.880012 0.458930 0.012770 0.015405
0 0.896055 0.466060 0.012770 0.015405
0 0.915127 0.463921 0.012770 0.015405
0 0.906928 0.497907 0.012770 0.015405
0 0.945073 0.503611 0.012770 0.015405
0 0.972523 0.505750 0.012770 0.015405
0 0.975019 0.525001 0.012770 0.015405
0 0.911206 0.423043 0.012770 0.015405
0 0.860049 0.385967 0.012770 0.015405
0 0.888212 0.372658 0.012770 0.015405
0 0.856484 0.427796 0.012770 0.015405
0 0.843828 0.426370 0.012770 0.015405
0 0.801048 0.481271 0.012770 0.015405
0 0.831351 0.484836 0.012770 0.015405
0 0.825468 0.497194 0.012770 0.015405
0 0.786076 0.493867 0.012770 0.015405
0 0.782511 0.472952 0.012770 0.015405
0 0.788927 0.408902 0.008556 0.007368
0 0.789017 0.402366 0.010160 0.006655
0 0.976801 0.440392 0.012770 0.015405
0 0.967889 0.417339 0.012770 0.015405
0 0.966552 0.399039 0.007308 0.008081
0 0.960224 0.393454 0.008199 0.009269
0 0.955768 0.381570 0.009269 0.009269
0 0.926892 0.394285 0.012770 0.015405
0 0.911384 0.378243 0.008199 0.009269
0 0.919316 0.383591 0.006239 0.008081
0 0.984644 0.360062 0.012770 0.015405
0 0.948282 0.342475 0.006060 0.008556
0 0.940350 0.352338 0.007665 0.008794
0 0.934467 0.341643 0.006239 0.008794
0 0.918603 0.330235 0.006239 0.007843
0 0.926179 0.293397 0.006417 0.006892
0 0.980366 0.250498 0.012770 0.015405
0 0.992487 0.336058 0.012770 0.015405
0 0.851493 0.342712 0.012770 0.015405
0 0.830638 0.316807 0.012770 0.015405
0 0.810852 0.253588 0.012770 0.015405
0 0.782332 0.319659 0.012770 0.015405
0 0.820745 0.631831 0.005526 0.007843
0 0.813971 0.635159 0.005169 0.007843
0 0.811743 0.645735 0.006060 0.006655
0 0.814595 0.641100 0.005347 0.004991
0 0.818695 0.639674 0.005704 0.005942
0 0.602285 0.051061 0.012770 0.015405
0 0.970009 0.842502 0.012770 0.015405
0 0.830752 0.646963 0.012770 0.015405
0 0.449242 0.468830 0.005570 0.006313
0 0.443532 0.465303 0.009191 0.006684
