0 0.079282 0.245885 0.004244 0.006173
0 0.058063 0.264146 0.004244 0.005658
0 0.016975 0.215535 0.003858 0.005144
0 0.038966 0.075617 0.003858 0.005144
0 0.149884 0.237397 0.003472 0.004630
0 0.075617 0.026235 0.003086 0.005144
0 0.205440 0.338992 0.005787 0.005144
0 0.021605 0.433385 0.003858 0.004630
0 0.242670 0.385288 0.004630 0.005144
0 0.310185 0.327932 0.003858 0.005658
0 0.322338 0.058899 0.003472 0.004630
0 0.118056 0.379887 0.003858 0.005658
0 0.064815 0.111626 0.003086 0.003086
0 0.005401 0.028807 0.003858 0.005144
0 0.166860 0.081533 0.003472 0.005658
0 0.053048 0.467593 0.002701 0.005144
0 0.045525 0.046811 0.003858 0.005144
0 0.227431 0.155607 0.003472 0.005658
0 0.005980 0.431842 0.004244 0.005658
0 0.039738 0.031121 0.003858 0.005658
0 0.244599 0.372171 0.003858 0.004630
0 0.096065 0.349023 0.003858 0.005658
0 0.129630 0.100051 0.006173 0.005658
0 0.174190 0.413837 0.007330 0.009774
0 0.025270 0.506430 0.003472 0.004630
0 0.306713 0.296811 0.004630 0.005144
0 0.033758 0.055556 0.004244 0.005144
0 0.111883 0.577675 0.003858 0.009259
0 0.127508 0.339763 0.003472 0.005658
0 0.119020 0.112654 0.004244 0.005144
0 0.008873 0.444702 0.003858 0.005658
0 0.131559 0.052469 0.003858 0.004115
0 0.095872 0.535751 0.004244 0.005658
0 0.044174 0.222222 0.003472 0.005144
0 0.067708 0.225309 0.003472 0.005144
0 0.173997 0.288066 0.003858 0.006173
0 0.217014 0.244084 0.004244 0.005658
0 0.157600 0.012603 0.003472 0.005658
0 0.091435 0.158693 0.004630 0.005658
0 0.056906 0.447274 0.003472 0.004630
0 0.106674 0.338220 0.004244 0.008745
0 0.132909 0.027006 0.003472 0.004630
0 0.333140 0.190844 0.003472 0.005144
0 0.033951 0.170267 0.003858 0.004115
0 0.161073 0.356996 0.003472 0.005144
0 0.057677 0.086934 0.003472 0.004115
0 0.066937 0.210905 0.005787 0.006173
0 0.145255 0.317644 0.004244 0.004630
0 0.048225 0.268261 0.003858 0.004630
0 0.060185 0.140689 0.006173 0.008745
0 0.079668 0.418210 0.004244 0.005144
0 0.074846 0.067387 0.006944 0.006173
0 0.214506 0.029321 0.003858 0.005144
0 0.043596 0.487140 0.003858 0.006173
0 0.121335 0.538580 0.004244 0.005144
0 0.305170 0.392747 0.004630 0.007716
0 0.078511 0.590021 0.004244 0.005144
0 0.314429 0.263117 0.003858 0.005658
0 0.300347 0.055556 0.003472 0.005144
0 0.098958 0.552469 0.003472 0.005144
0 0.229552 0.440072 0.004630 0.005658
0 0.081211 0.629630 0.004244 0.006173
0 0.053434 0.527006 0.003472 0.005658
0 0.183063 0.038837 0.002701 0.004630
0 0.067901 0.141975 0.003858 0.005144
0 0.154707 0.577418 0.003858 0.005658
0 0.025077 0.398148 0.003858 0.005144
0 0.322917 0.350566 0.003858 0.005658
0 0.006366 0.067130 0.003472 0.004630
0 0.115548 0.039609 0.003472 0.004115
0 0.255208 0.110082 0.003472 0.004115
0 0.260802 0.405350 0.003858 0.005144
0 0.077932 0.288837 0.003858 0.005658
0 0.083333 0.105453 0.003858 0.005144
0 0.129244 0.258488 0.003858 0.005658
0 0.331983 0.304012 0.004244 0.006173
0 0.180170 0.023920 0.003086 0.003601
0 0.297261 0.329733 0.004244 0.005144
0 0.125579 0.355967 0.004244 0.006173
0 0.055556 0.419239 0.003858 0.005144
0 0.295525 0.306327 0.003858 0.005658
0 0.029707 0.331790 0.003858 0.005144
0 0.102623 0.009774 0.003858 0.005144
0 0.194252 0.017490 0.003472 0.004115
0 0.016011 0.283693 0.004244 0.005658
0 0.300347 0.122171 0.004244 0.004630
0 0.101852 0.685442 0.006173 0.005658
0 0.108218 0.068416 0.003472 0.004115
0 0.076196 0.401235 0.003472 0.005144
0 0.101852 0.097737 0.003858 0.004115
0 0.055556 0.213992 0.003858 0.006173
0 0.150077 0.534465 0.004630 0.005144
0 0.170332 0.116255 0.003472 0.004115
0 0.073688 0.360340 0.003858 0.004630
0 0.047840 0.177984 0.003858 0.005144
0 0.176505 0.621142 0.004244 0.004630
0 0.301119 0.263374 0.003472 0.005144
0 0.234761 0.169239 0.004244 0.005144
0 0.103395 0.142233 0.004630 0.005658
0 0.228009 0.010545 0.003858 0.004630
0 0.113426 0.290638 0.003858 0.005144
0 0.301119 0.353395 0.003472 0.005144
0 0.021412 0.032150 0.003472 0.004630
0 0.036651 0.230967 0.003086 0.005144
0 0.225309 0.503086 0.003858 0.005144
0 0.200617 0.186728 0.003858 0.005144
0 0.320602 0.194187 0.003858 0.005658
0 0.201389 0.416667 0.004630 0.006173
0 0.303241 0.013889 0.003858 0.005144
0 0.274498 0.377315 0.004244 0.005658
0 0.061535 0.381944 0.003472 0.004630
0 0.108410 0.058385 0.003086 0.004630
0 0.190201 0.028035 0.003858 0.005658
0 0.317323 0.172068 0.003472 0.005658
0 0.020062 0.139660 0.003858 0.004630
0 0.156443 0.221708 0.004244 0.005144
0 0.086420 0.230453 0.003858 0.005144
0 0.142940 0.015175 0.003472 0.005658
0 0.162037 0.034722 0.004630 0.004630
0 0.009838 0.208591 0.004244 0.004630
0 0.217785 0.055041 0.004244 0.006173
0 0.117477 0.229681 0.004244 0.007716
0 0.096451 0.456790 0.003858 0.005144
0 0.106096 0.332047 0.004630 0.007716
0 0.026042 0.106224 0.005787 0.007716
0 0.074074 0.042181 0.003858 0.005144
0 0.091242 0.009002 0.003472 0.004630
0 0.333333 0.063272 0.003858 0.005144
0 0.007716 0.056842 0.003858 0.004630
0 0.026235 0.088735 0.007716 0.009774
0 0.093171 0.023920 0.003472 0.005658
0 0.049383 0.718621 0.003858 0.005144
0 0.092785 0.078704 0.003472 0.004115
0 0.064236 0.359311 0.006559 0.008745
0 0.030671 0.140432 0.003472 0.005144
0 0.120756 0.676698 0.004630 0.005658
0 0.302662 0.148405 0.003472 0.004630
0 0.110918 0.385802 0.004244 0.005144
0 0.262153 0.014660 0.003472 0.004630
0 0.023341 0.493313 0.003472 0.005144
0 0.154707 0.027263 0.003086 0.004115
0 0.097222 0.430041 0.006173 0.006173
0 0.045910 0.529321 0.003858 0.005144
0 0.074846 0.733539 0.003858 0.003086
0 0.114005 0.217850 0.003472 0.005658
0 0.236497 0.283436 0.003858 0.004115
0 0.062886 0.025977 0.003858 0.005658
0 0.328897 0.212449 0.004244 0.005144
0 0.019097 0.007202 0.002701 0.005144
0 0.031829 0.118827 0.003472 0.004115
0 0.098187 0.203704 0.005787 0.004115
0 0.099344 0.082047 0.004244 0.004630
0 0.085069 0.457047 0.003472 0.004630
0 0.290702 0.188529 0.004244 0.005658
0 0.322724 0.210391 0.004244 0.006173
0 0.108410 0.217850 0.003858 0.007716
0 0.154514 0.042438 0.003472 0.004630
0 0.371335 0.083333 0.004244 0.006173
0 0.090856 0.437243 0.004244 0.006173
0 0.174383 0.082305 0.003086 0.004115
0 0.210841 0.324074 0.007330 0.012346
0 0.222415 0.083076 0.004244 0.005658
0 0.089120 0.144547 0.003858 0.005144
0 0.072531 0.033436 0.003858 0.003086
0 0.213542 0.328961 0.008873 0.010802
0 0.137346 0.001543 0.003086 0.003086
0 0.224151 0.357510 0.003858 0.005144
0 0.001350 0.015689 0.001929 0.004630
0 0.094907 0.196502 0.003086 0.004115
0 0.150463 0.010288 0.006173 0.005144
0 0.297068 0.198302 0.003858 0.005658
0 0.054398 0.008488 0.002315 0.002572
0 0.218364 0.057613 0.004630 0.006173
0 0.051119 0.010545 0.003472 0.004630
