0 0.430941 0.965021 0.003858 0.004115
0 0.698495 0.954990 0.003472 0.004630
0 0.934606 0.704733 0.007330 0.008230
0 0.826196 0.775463 0.004244 0.005658
0 0.416667 0.596451 0.004630 0.005658
0 0.711613 0.986883 0.004244 0.004630
0 0.580247 0.713992 0.003858 0.004115
0 0.902006 0.986626 0.003858 0.005144
0 0.930941 0.922068 0.003858 0.005658
0 0.431134 0.464506 0.003472 0.004115
0 0.847415 0.959619 0.003472 0.004630
0 0.776620 0.540381 0.003858 0.005658
0 0.152585 0.784208 0.004244 0.008745
0 0.634645 0.618056 0.004630 0.007716
0 0.393711 0.455504 0.005787 0.007716
0 0.012346 0.660751 0.003086 0.005658
0 0.105324 0.742284 0.003086 0.005144
0 0.814043 0.774949 0.006173 0.009774
0 0.318287 0.488940 0.003086 0.004630
0 0.388310 0.443416 0.002701 0.003086
0 0.731481 0.912294 0.003858 0.004630
0 0.590085 0.772377 0.006559 0.008745
0 0.200810 0.720936 0.005787 0.007716
0 0.733025 0.889660 0.003858 0.005658
0 0.335455 0.697274 0.004244 0.004630
0 0.544946 0.690586 0.003472 0.004630
0 0.861883 0.712963 0.003858 0.005144
0 0.769290 0.941358 0.003858 0.005144
0 0.777006 0.976852 0.003086 0.004115
0 0.462384 0.914609 0.004244 0.004115
0 0.867284 0.966307 0.003858 0.005658
0 0.642747 0.609825 0.006173 0.007716
0 0.652971 0.786780 0.004244 0.005658
0 0.729552 0.731224 0.003858 0.005658
0 0.885802 0.975309 0.003858 0.005144
0 0.650270 0.877315 0.003472 0.005658
0 0.139082 0.764146 0.003472 0.005658
0 0.629051 0.821245 0.005787 0.005658
0 0.700617 0.971965 0.004630 0.005658
0 0.691551 0.851852 0.003472 0.005144
0 0.616127 0.718879 0.004630 0.005658
0 0.807485 0.944444 0.003858 0.004115
0 0.336806 0.400720 0.003858 0.005144
0 0.046296 0.672840 0.003858 0.005144
0 0.355517 0.925154 0.003472 0.004630
0 0.871914 0.915895 0.003858 0.005658
0 0.725116 0.938272 0.004244 0.005144
0 0.316358 0.879115 0.003858 0.005144
0 0.733025 0.983025 0.003858 0.005144
0 0.439815 0.877829 0.003858 0.004630
0 0.559414 0.911008 0.003858 0.005144
0 0.394097 0.477881 0.003472 0.005144
0 0.756173 0.783179 0.003858 0.005658
0 0.411458 0.713220 0.005787 0.005658
0 0.879823 0.922325 0.002701 0.004115
0 0.470100 0.704475 0.003472 0.003601
0 0.403742 0.696502 0.003472 0.005144
0 0.282215 0.379887 0.004244 0.004630
0 0.570988 0.752058 0.003858 0.005144
0 0.417631 0.989198 0.003472 0.005144
0 0.766975 0.855453 0.004630 0.006173
0 0.732832 0.794753 0.003472 0.005144
0 0.752701 0.882202 0.003086 0.005144
0 0.100116 0.764918 0.003472 0.005144
0 0.482253 0.905093 0.003858 0.004630
0 0.246721 0.548354 0.002701 0.004115
0 0.630401 0.679784 0.003858 0.005658
0 0.235725 0.706276 0.003858 0.005144
0 0.410880 0.815329 0.003858 0.005144
0 0.213735 0.555556 0.003086 0.004115
0 0.323881 0.449846 0.003472 0.004630
0 0.213735 0.645576 0.003086 0.004115
0 0.651620 0.851337 0.006173 0.005144
0 0.562114 0.746142 0.003858 0.004630
0 0.314815 0.474537 0.003858 0.005658
0 0.026813 0.549383 0.003472 0.004115
0 0.463349 0.476595 0.003086 0.003601
0 0.836613 0.883488 0.003472 0.005658
0 0.855710 0.753858 0.002315 0.002572
0 0.661458 0.757973 0.004244 0.007716
0 0.008102 0.712963 0.003858 0.005144
0 0.798611 0.603138 0.003858 0.004630
0 0.316551 0.672582 0.004244 0.004630
0 0.570988 0.708848 0.003858 0.005144
0 0.878279 0.939043 0.003472 0.004630
0 0.753086 0.936214 0.003086 0.005144
0 0.559606 0.993827 0.003472 0.005144
0 0.425154 0.613683 0.003086 0.004115
0 0.332562 0.516718 0.003858 0.004630
0 0.235725 0.535751 0.003086 0.004630
0 0.010417 0.467335 0.003858 0.004630
0 0.317515 0.942130 0.003858 0.004630
0 0.233796 0.476080 0.004630 0.007716
0 0.497685 0.731996 0.003858 0.005144
0 0.968557 0.774691 0.006559 0.010288
0 0.737847 0.841564 0.003472 0.005144
0 0.008102 0.703961 0.003858 0.005658
0 0.624228 0.398663 0.006173 0.009259
0 0.463542 0.422068 0.003472 0.004630
0 0.425540 0.664095 0.002315 0.004115
0 0.350116 0.402263 0.003472 0.005144
0 0.529707 0.817130 0.003086 0.004630
0 0.430556 0.594907 0.003086 0.003601
0 0.556713 0.791409 0.003858 0.004630
0 0.909336 0.769805 0.003858 0.004630
0 0.450039 0.978909 0.003472 0.005144
0 0.420718 0.762088 0.003472 0.004630
0 0.447338 0.757459 0.003472 0.003601
0 0.803627 0.722222 0.004630 0.005144
0 0.326196 0.798354 0.004244 0.006173
0 0.078704 0.657150 0.004630 0.005658
0 0.431906 0.839249 0.004244 0.004630
0 0.260610 0.662551 0.003472 0.005144
0 0.536073 0.796811 0.003472 0.004115
0 0.095679 0.878601 0.004630 0.008230
0 0.406636 0.950103 0.003858 0.006173
0 0.645833 0.840792 0.004630 0.007716
0 0.011381 0.653292 0.003472 0.005144
0 0.054591 0.623971 0.005787 0.008230
0 0.557485 0.879887 0.003858 0.004630
0 0.813272 0.548097 0.003086 0.004630
0 0.474923 0.714249 0.003086 0.003601
0 0.242284 0.516718 0.003858 0.004630
0 0.380401 0.854167 0.003858 0.004630
0 0.547647 0.889146 0.003472 0.004630
0 0.386381 0.993056 0.003472 0.004630
0 0.655478 0.720936 0.003086 0.004630
0 0.710262 0.829218 0.003858 0.005144
0 0.464506 0.751029 0.003858 0.005144
0 0.538002 0.443673 0.003472 0.004630
0 0.687693 0.899949 0.004244 0.004630
0 0.154514 0.603395 0.004244 0.005144
0 0.480131 0.745628 0.002701 0.004630
0 0.795910 0.995885 0.003086 0.004115
0 0.558449 0.886317 0.003472 0.005144
0 0.634838 0.992284 0.004244 0.005144
0 0.331597 0.990998 0.005787 0.008745
0 0.466242 0.837449 0.004244 0.005144
0 0.676890 0.761574 0.003472 0.004630
0 0.554205 0.537294 0.004244 0.005658
0 0.106867 0.815844 0.003858 0.006173
0 0.273148 0.442901 0.003858 0.005144
0 0.490934 0.604938 0.004244 0.005144
0 0.788580 0.893004 0.003086 0.005144
0 0.443287 0.455247 0.003086 0.005144
0 0.437307 0.953961 0.004244 0.004630
0 0.417245 0.875000 0.003472 0.004115
0 0.385031 0.667181 0.003858 0.005144
0 0.233989 0.415123 0.003472 0.005144
0 0.117670 0.771348 0.003858 0.005658
0 0.739390 0.990741 0.004244 0.005144
0 0.561535 0.386060 0.004244 0.005658
0 0.435571 0.450617 0.002315 0.005144
0 0.748071 0.835648 0.003858 0.005658
0 0.737654 0.745885 0.003086 0.006173
0 0.162423 0.662551 0.003086 0.005144
0 0.804591 0.988426 0.003472 0.004630
0 0.891011 0.884516 0.004244 0.005658
0 0.329475 0.412037 0.004630 0.004115
0 0.300926 0.728395 0.003858 0.005144
0 0.423997 0.348251 0.003858 0.004115
0 0.078511 0.918724 0.004244 0.006173
0 0.491127 0.778035 0.003858 0.005658
0 0.326389 0.823045 0.004630 0.005144
0 0.752894 0.973508 0.003472 0.003601
0 0.804977 0.994342 0.003472 0.003086
0 0.145062 0.648920 0.003086 0.004630
0 0.318287 0.795525 0.003858 0.004630
0 0.156829 0.690072 0.004244 0.007716
0 0.327932 0.756430 0.003858 0.004630
0 0.800347 0.964249 0.003472 0.004630
0 0.311535 0.735082 0.002701 0.004115
0 0.375193 0.440586 0.003472 0.004630
0 0.790123 0.969136 0.002315 0.004115
0 0.316551 0.436986 0.003472 0.004630
0 0.576196 0.385802 0.003472 0.006173
0 0.581211 0.385031 0.003472 0.005658
0 0.632716 0.790638 0.003858 0.005144
0 0.466821 0.927469 0.003858 0.006173
0 0.473573 0.936986 0.004244 0.005658
0 0.525656 0.979167 0.003472 0.004630
0 0.570602 0.983025 0.003858 0.005144
0 0.685764 0.997685 0.003472 0.004630
0 0.597801 0.998457 0.003472 0.003086
0 0.245563 0.766204 0.011960 0.012860
0 0.065779 0.953961 0.004244 0.004630
0 0.066165 0.863940 0.004244 0.005658
0 0.062500 0.718107 0.003858 0.005144
0 0.077546 0.718107 0.003858 0.005144
0 0.014660 0.707047 0.003858 0.003601
0 0.148920 0.691358 0.003858 0.003086
0 0.164931 0.668210 0.004244 0.006173
0 0.310957 0.895576 0.003858 0.005144
0 0.826582 0.976080 0.003472 0.004630
0 0.813272 0.952932 0.002315 0.003601
0 0.790509 0.954218 0.006944 0.012346
0 0.764660 0.874228 0.004630 0.007716
0 0.764853 0.924383 0.003472 0.003086
0 0.772569 0.922840 0.002701 0.005144
0 0.748843 0.964249 0.003086 0.003601
0 0.751736 0.990998 0.004244 0.002572
0 0.757716 0.996399 0.003086 0.004115
0 0.737269 0.958333 0.003086 0.005144
0 0.746914 0.500257 0.003858 0.005658
0 0.079475 0.947016 0.003086 0.005144
0 0.727238 0.968364 0.003086 0.005658
0 0.722608 0.969136 0.003858 0.005144
0 0.712384 0.949074 0.003472 0.005144
0 0.713735 0.954475 0.003858 0.004630
0 0.057870 0.818930 0.003858 0.004115
0 0.225887 0.633230 0.004244 0.006173
0 0.271054 0.375208 0.002812 0.008179
0 0.274121 0.379979 0.002812 0.003408
0 0.166134 0.675719 0.004792 0.006390
0 0.231430 0.991214 0.004393 0.004792
0 0.235423 0.987487 0.002796 0.004792
0 0.769010 0.920447 0.002556 0.005112
