0 0.210962 0.959633 0.010076 0.013867
0 0.218137 0.993433 0.009582 0.010054
0 0.167344 0.955582 0.009337 0.012929
0 0.194158 0.900267 0.009343 0.011577
0 0.206453 0.892831 0.009373 0.013878
0 0.139692 0.972189 0.009386 0.011272
0 0.013398 0.726146 0.007404 0.011139
0 0.242033 0.982321 0.008596 0.011729
0 0.152324 0.847653 0.008741 0.011902
0 0.249365 0.961555 0.009327 0.011666
0 0.073010 0.698428 0.010543 0.014507
0 0.308627 0.984332 0.009153 0.012448
0 0.288760 0.977098 0.009678 0.012919
0 0.174794 0.813771 0.010528 0.014273
0 0.173418 0.930407 0.009437 0.011980
0 0.076714 0.637238 0.011647 0.014805
0 0.230303 0.911239 0.008747 0.011998
0 0.174782 0.908238 0.009335 0.012819
0 0.032582 0.789878 0.010231 0.014284
0 0.319939 0.956581 0.009264 0.012509
0 0.119770 0.779423 0.008704 0.012328
0 0.253693 0.971097 0.007363 0.010292
0 0.209199 0.873295 0.008840 0.012343
0 0.214617 0.941047 0.006862 0.009321
0 0.097970 0.738624 0.009378 0.012765
0 0.133687 0.869849 0.009724 0.013370
0 0.005120 0.764492 0.007837 0.011709
0 0.303555 0.731416 0.010149 0.012860
0 0.014352 0.769241 0.009911 0.013537
0 0.193608 0.991560 0.008989 0.010939
0 0.142238 0.989823 0.011644 0.014923
0 0.194619 0.953610 0.009020 0.011603
0 0.206139 0.943452 0.006922 0.010438
0 0.074253 0.808247 0.007946 0.010981
0 0.095443 0.805105 0.009569 0.012280
0 0.268336 0.994080 0.006691 0.007537
0 0.172185 0.749178 0.010508 0.014065
0 0.198435 0.801188 0.010057 0.014254
0 0.332451 0.903113 0.010737 0.014788
0 0.326878 0.992325 0.008204 0.010551
0 0.313554 0.933478 0.009727 0.013314
0 0.087514 0.628186 0.009982 0.014109
0 0.071294 0.838256 0.010332 0.013390
0 0.372021 0.940343 0.009767 0.012819
0 0.232960 0.983768 0.007148 0.010821
0 0.094916 0.869789 0.009482 0.012846
0 0.331621 0.728081 0.007820 0.010511
0 0.246238 0.741030 0.010937 0.014555
0 0.255598 0.567189 0.009060 0.011775
0 0.023174 0.732494 0.009194 0.012411
0 0.104385 0.775751 0.008799 0.011814
0 0.278282 0.901162 0.010272 0.013278
0 0.268395 0.793804 0.009691 0.013499
0 0.092268 0.895068 0.010492 0.014052
0 0.218980 0.559430 0.011884 0.016604
0 0.004988 0.405384 0.009976 0.015202
0 0.018052 0.404117 0.007601 0.012668
0 0.024703 0.404117 0.005701 0.012668
0 0.066508 0.418052 0.012352 0.017736
0 0.056295 0.736975 0.009026 0.012035
0 0.061758 0.739509 0.005701 0.009501
0 0.241093 0.621378 0.008076 0.011401
0 0.373634 0.723040 0.007126 0.010768
0 0.352019 0.787332 0.008551 0.010135
0 0.297625 0.772763 0.006176 0.010135
0 0.255582 0.792399 0.008551 0.012668
0 0.179572 0.859541 0.006651 0.010135
0 0.190736 0.851940 0.006176 0.008868
0 0.087173 0.859541 0.009026 0.012668
0 0.321615 0.940934 0.004751 0.008234
0 0.233492 0.968488 0.005226 0.007601
0 0.179990 0.976367 0.006081 0.010135
0 0.184247 0.981637 0.006689 0.010945
0 0.164333 0.987110 0.005169 0.010540
0 0.169653 0.985286 0.006081 0.010135
0 0.156428 0.973124 0.006385 0.007702
0 0.154299 0.965219 0.006385 0.007297
0 0.129064 0.917992 0.006385 0.006892
0 0.379439 0.720975 0.005473 0.009324
0 0.410755 0.791512 0.010337 0.014999
0 0.001663 0.929533 0.003325 0.008234
0 0.001663 0.906097 0.003325 0.010768
0 0.001425 0.897546 0.002850 0.010135
