0 0.408838 0.409981 0.010896 0.014535
0 0.325880 0.358222 0.010795 0.014196
0 0.284486 0.617609 0.010576 0.014738
0 0.375487 0.413914 0.011078 0.015053
0 0.202455 0.534915 0.010461 0.014013
0 0.207763 0.492506 0.010762 0.014622
0 0.322315 0.539424 0.010468 0.014514
0 0.423413 0.275079 0.011158 0.014766
0 0.301171 0.620486 0.010617 0.014492
0 0.245981 0.478398 0.011669 0.014388
0 0.279490 0.580548 0.010946 0.014700
0 0.425287 0.013985 0.010566 0.014621
0 0.434734 0.096581 0.010804 0.014612
0 0.657033 0.525028 0.011254 0.015230
0 0.152048 0.576762 0.010784 0.014523
0 0.273366 0.517972 0.010757 0.014153
0 0.235319 0.398268 0.010743 0.014667
0 0.470501 0.395437 0.011115 0.015200
0 0.232732 0.786871 0.010804 0.014747
0 0.243630 0.466806 0.011436 0.015540
0 0.235343 0.819862 0.010695 0.014405
0 0.484047 0.604865 0.010738 0.013866
0 0.171375 0.529517 0.010665 0.014680
0 0.257062 0.477569 0.011243 0.015701
0 0.246716 0.169386 0.010260 0.014409
0 0.274063 0.628119 0.010847 0.015041
0 0.089526 0.084552 0.011022 0.014788
0 0.260572 0.138148 0.010447 0.014059
0 0.299599 0.713149 0.010947 0.015003
0 0.297505 0.857877 0.011383 0.015519
0 0.225408 0.353421 0.010701 0.014263
0 0.281968 0.518291 0.010322 0.014330
0 0.051800 0.126831 0.011019 0.015015
0 0.120019 0.547416 0.010275 0.014393
0 0.312860 0.851501 0.011104 0.015327
0 0.383794 0.475349 0.011157 0.014828
0 0.108770 0.571657 0.010644 0.014225
0 0.275262 0.378092 0.010778 0.014363
0 0.229609 0.904542 0.010605 0.014616
0 0.225982 0.219932 0.011042 0.014809
0 0.638658 0.593428 0.013658 0.018211
0 0.520487 0.597783 0.017221 0.015835
0 0.568884 0.217736 0.016627 0.017419
0 0.667458 0.157561 0.015439 0.017419
0 0.696259 0.923595 0.011283 0.019794
0 0.699822 0.869359 0.016033 0.015835
0 0.437945 0.882027 0.013658 0.020586
0 0.339371 0.919240 0.011283 0.012668
0 0.359264 0.967142 0.010689 0.013460
0 0.234857 0.962391 0.010095 0.015044
0 0.246734 0.904196 0.010095 0.014252
0 0.214371 0.920823 0.011876 0.017419
0 0.189133 0.867379 0.012470 0.015044
0 0.134798 0.890736 0.008873 0.011831
0 0.147268 0.814727 0.008873 0.011831
0 0.064846 0.327474 0.009976 0.013935
0 0.097862 0.411401 0.013302 0.014568
0 0.100475 0.444339 0.011876 0.017102
0 0.088361 0.427553 0.008873 0.011831
0 0.135392 0.457957 0.008873 0.011831
0 0.052732 0.445289 0.008873 0.011831
0 0.054157 0.527633 0.008873 0.011831
0 0.062233 0.516231 0.008873 0.011831
0 0.085511 0.532700 0.017102 0.021536
0 0.111876 0.535234 0.014727 0.015202
0 0.166271 0.584006 0.008873 0.011831
0 0.180523 0.611243 0.008873 0.011831
0 0.187173 0.616944 0.008873 0.011831
0 0.172209 0.632462 0.008076 0.009501
0 0.178147 0.629612 0.010451 0.016469
0 0.127791 0.646714 0.008873 0.011831
0 0.112114 0.655582 0.008873 0.011831
0 0.055582 0.680285 0.008873 0.011831
0 0.019952 0.694220 0.008873 0.011831
0 0.005701 0.663183 0.008873 0.011831
0 0.012827 0.659382 0.008873 0.011831
0 0.085986 0.765796 0.008873 0.011831
0 0.109264 0.767063 0.008873 0.011831
0 0.166033 0.711006 0.010926 0.018369
0 0.184798 0.730958 0.010451 0.012668
0 0.248456 0.795566 0.008873 0.011831
0 0.265083 0.812035 0.008873 0.011831
0 0.068409 0.838005 0.008873 0.011831
0 0.036580 0.827870 0.008873 0.011831
0 0.018527 0.887411 0.008873 0.011831
0 0.030879 0.904513 0.008873 0.011831
0 0.025178 0.932383 0.008873 0.011831
0 0.042280 0.952019 0.008873 0.011831
0 0.459620 0.646397 0.016627 0.019636
