0 0.545724 0.258116 0.011253 0.012860
0 0.523753 0.273951 0.011253 0.012860
0 0.532067 0.343626 0.011253 0.012860
0 0.517221 0.347585 0.011253 0.012860
0 0.498812 0.296120 0.011253 0.012860
0 0.500000 0.308789 0.011253 0.012860
0 0.500000 0.323040 0.011253 0.012860
0 0.486342 0.328583 0.011253 0.012860
0 0.451900 0.318290 0.011253 0.012860
0 0.431710 0.286619 0.011253 0.012860
0 0.429929 0.258116 0.011253 0.012860
0 0.365202 0.262074 0.011253 0.012860
0 0.402613 0.358670 0.011253 0.012860
0 0.414489 0.418052 0.011253 0.012860
0 0.426366 0.462391 0.011253 0.012860
0 0.432898 0.456849 0.011253 0.012860
0 0.437648 0.443389 0.011253 0.012860
0 0.442399 0.453682 0.011253 0.012860
0 0.475059 0.443389 0.011253 0.012860
0 0.484561 0.478226 0.011253 0.012860
0 0.473278 0.503563 0.011253 0.012860
0 0.516033 0.443389 0.011253 0.012860
0 0.553444 0.467142 0.011253 0.012860
0 0.574822 0.472684 0.011253 0.012860
0 0.582542 0.475851 0.011253 0.012860
0 0.574822 0.483769 0.011253 0.012860
0 0.583729 0.495645 0.011253 0.012860
0 0.600950 0.555819 0.011253 0.012860
0 0.574228 0.573238 0.011253 0.012860
0 0.573040 0.552652 0.011253 0.012860
0 0.620546 0.519398 0.011253 0.012860
0 0.643705 0.522565 0.011253 0.012860
0 0.690618 0.460016 0.011253 0.012860
0 0.735748 0.448931 0.011253 0.012860
0 0.729810 0.429929 0.011253 0.012860
0 0.684086 0.403800 0.011253 0.012860
0 0.673397 0.416469 0.011253 0.012860
0 0.701900 0.359462 0.011253 0.012860
0 0.674881 0.300871 0.012470 0.020586
0 0.394299 0.171021 0.011253 0.012860
0 0.397862 0.155186 0.011253 0.012860
0 0.384204 0.135392 0.011253 0.012860
0 0.361639 0.133017 0.011253 0.012860
0 0.344418 0.145685 0.011253 0.012860
