0 0.575039 0.519033 0.005787 0.008230
0 0.526813 0.474537 0.005787 0.008745
0 0.590664 0.481996 0.006173 0.008230
0 0.558449 0.512346 0.006559 0.009259
0 0.589120 0.452160 0.007716 0.009259
0 0.520062 0.465278 0.004630 0.007716
0 0.604167 0.519805 0.006173 0.008745
0 0.543403 0.530093 0.006559 0.009774
0 0.731289 0.424383 0.005787 0.008230
0 0.552276 0.415381 0.005787 0.008745
0 0.642361 0.512603 0.006173 0.008745
0 0.791088 0.288837 0.005787 0.007716
0 0.831019 0.205247 0.006173 0.008230
0 0.749228 0.545267 0.006173 0.008230
0 0.708333 0.438014 0.006173 0.008745
0 0.750386 0.410494 0.006173 0.008230
0 0.469136 0.543724 0.006173 0.008230
0 0.432677 0.602109 0.005787 0.007716
0 0.450810 0.180041 0.005787 0.008230
0 0.964120 0.263889 0.006173 0.008230
0 0.720293 0.509774 0.006173 0.008230
0 0.715471 0.543981 0.005787 0.007716
0 0.720293 0.363940 0.006173 0.008745
0 0.778164 0.117027 0.006173 0.008745
0 0.845486 0.322531 0.005787 0.008230
0 0.910301 0.304270 0.006559 0.008745
0 0.954475 0.117284 0.006173 0.008230
0 0.806713 0.417953 0.008488 0.010802
0 0.934992 0.640175 0.006559 0.009774
0 0.568866 0.699588 0.006559 0.009259
0 0.969907 0.599023 0.006944 0.009774
0 0.679205 0.439300 0.005787 0.008230
0 0.381944 0.262088 0.006173 0.008745
0 0.882330 0.379887 0.006944 0.010802
0 0.712191 0.676440 0.006944 0.010288
0 0.764468 0.196759 0.005787 0.007716
0 0.611497 0.418981 0.006173 0.007716
0 0.828125 0.324846 0.005787 0.007716
0 0.690394 0.581019 0.005787 0.008745
0 0.761960 0.165381 0.006944 0.007716
0 0.774691 0.502315 0.004630 0.007716
0 0.659144 0.780350 0.005787 0.009259
0 0.688272 0.233796 0.006173 0.007716
0 0.593364 0.365226 0.006173 0.008230
0 0.492863 0.352366 0.005787 0.006173
0 0.597029 0.402006 0.005787 0.008745
0 0.423804 0.599023 0.004244 0.005658
0 0.839313 0.479424 0.007330 0.009259
0 0.713156 0.691101 0.005787 0.009774
0 0.956597 0.220165 0.006559 0.008230
0 0.598380 0.576646 0.008488 0.009259
0 0.757716 0.278807 0.006944 0.010288
0 0.977045 0.429270 0.006559 0.008745
0 0.878858 0.539866 0.006173 0.008745
0 0.991127 0.164352 0.006173 0.007716
0 0.548804 0.224537 0.005787 0.007716
0 0.747685 0.674126 0.004630 0.008745
0 0.444252 0.050154 0.005787 0.007716
0 0.640625 0.391718 0.006559 0.007716
0 0.637153 0.762088 0.005787 0.008745
0 0.898534 0.634002 0.006944 0.008745
0 0.930556 0.537037 0.006944 0.009259
0 0.709684 0.191615 0.006559 0.010802
0 0.915895 0.103138 0.004630 0.005658
0 0.836806 0.314558 0.006173 0.008745
0 0.849151 0.177212 0.004630 0.007716
0 0.514275 0.334105 0.006173 0.008745
0 0.828511 0.404835 0.006559 0.008230
0 0.824460 0.530093 0.006173 0.008745
0 0.783758 0.047840 0.005787 0.008230
0 0.935957 0.216821 0.008488 0.015947
0 0.805941 0.480967 0.011574 0.018519
0 0.661073 0.135288 0.006559 0.009259
0 0.682870 0.064815 0.006173 0.008230
0 0.892554 0.405607 0.005787 0.007716
0 0.931520 0.356224 0.005787 0.007716
0 0.851273 0.653549 0.005787 0.009774
0 0.962770 0.022634 0.008873 0.008230
0 0.859761 0.001029 0.003472 0.002058
0 0.754437 0.230710 0.003472 0.003601
0 0.970679 0.293981 0.004630 0.007716
0 0.964892 0.297068 0.006173 0.007716
0 0.874035 0.252058 0.008102 0.011317
0 0.798418 0.152263 0.007330 0.011317
0 0.923418 0.240484 0.005787 0.007716
0 0.924383 0.139146 0.004630 0.008745
0 0.738618 0.169862 0.004393 0.011715
0 0.883387 0.107561 0.006390 0.008520
0 0.879992 0.100905 0.004393 0.007987
0 0.875998 0.097710 0.003594 0.006922
0 0.523163 0.346113 0.009585 0.010650
0 0.481708 0.289731 0.004988 0.007432
0 0.989680 0.491944 0.008965 0.012169
