0 0.340855 0.344418 0.011253 0.012860
0 0.421615 0.403009 0.011253 0.012860
0 0.440024 0.420428 0.011253 0.012860
0 0.434679 0.456849 0.011253 0.012860
0 0.375297 0.479018 0.011253 0.012860
0 0.399644 0.501979 0.011253 0.012860
0 0.404988 0.528108 0.011253 0.012860
0 0.428147 0.515439 0.011253 0.012860
0 0.450713 0.478226 0.011253 0.012860
0 0.457245 0.543943 0.011253 0.012860
0 0.470309 0.531275 0.011253 0.012860
0 0.477435 0.515439 0.011253 0.012860
0 0.414489 0.551861 0.011253 0.012860
0 0.447150 0.579572 0.011253 0.012860
0 0.418052 0.606492 0.011253 0.012860
0 0.408551 0.620744 0.011253 0.012860
0 0.367577 0.596200 0.011253 0.012860
0 0.381829 0.631829 0.011253 0.012860
0 0.385986 0.642914 0.011253 0.012860
0 0.397862 0.655582 0.011253 0.012860
0 0.393112 0.681710 0.011253 0.012860
0 0.417458 0.661916 0.011253 0.012860
0 0.426366 0.662708 0.011253 0.012860
0 0.441805 0.673001 0.011253 0.012860
0 0.434086 0.694378 0.011253 0.012860
0 0.456651 0.646081 0.011253 0.012860
0 0.471496 0.651623 0.011253 0.012860
0 0.445368 0.630245 0.011253 0.012860
0 0.493468 0.539192 0.011253 0.012860
0 0.526128 0.526524 0.011253 0.012860
0 0.536223 0.524149 0.011253 0.012860
0 0.536223 0.501188 0.011253 0.012860
0 0.548100 0.486144 0.011253 0.012860
0 0.558195 0.525732 0.011253 0.012860
0 0.573634 0.525732 0.011253 0.012860
0 0.584323 0.496437 0.011253 0.012860
0 0.527316 0.555819 0.011253 0.012860
0 0.536817 0.549485 0.011253 0.012860
0 0.552850 0.570863 0.011253 0.012860
0 0.562945 0.592241 0.011253 0.012860
0 0.577791 0.591449 0.011253 0.012860
0 0.576010 0.555819 0.011253 0.012860
0 0.596200 0.577197 0.011253 0.012860
0 0.614608 0.577197 0.011253 0.012860
0 0.605107 0.524941 0.011253 0.012860
0 0.603325 0.513064 0.011253 0.012860
0 0.623515 0.509105 0.011253 0.012860
0 0.633017 0.514648 0.011253 0.012860
0 0.645487 0.513064 0.011253 0.012860
0 0.640143 0.482977 0.011253 0.012860
0 0.634204 0.450515 0.011253 0.012860
0 0.622922 0.463183 0.011253 0.012860
0 0.615202 0.454473 0.011253 0.012860
0 0.583135 0.452098 0.011253 0.012860
0 0.555226 0.453682 0.011253 0.012860
0 0.549287 0.441805 0.011253 0.012860
0 0.533254 0.459224 0.011253 0.012860
0 0.527316 0.471101 0.011253 0.012860
0 0.527910 0.425970 0.011253 0.012860
0 0.539192 0.411718 0.011253 0.012860
0 0.550475 0.419636 0.011253 0.012860
0 0.335511 0.605701 0.011253 0.012860
0 0.339074 0.646081 0.011253 0.012860
0 0.353919 0.616785 0.011253 0.012860
0 0.362233 0.632621 0.011253 0.012860
0 0.382423 0.711006 0.011253 0.012860
0 0.374109 0.718923 0.011253 0.012860
0 0.396081 0.738717 0.011253 0.012860
0 0.420428 0.744260 0.011253 0.012860
0 0.447150 0.745843 0.011253 0.012860
0 0.435867 0.778306 0.011253 0.012860
0 0.465558 0.721298 0.011253 0.012860
0 0.478029 0.716548 0.011253 0.012860
0 0.486936 0.708630 0.011253 0.012860
0 0.464964 0.686461 0.011253 0.012860
0 0.447743 0.702296 0.011253 0.012860
0 0.479810 0.739509 0.011253 0.012860
0 0.524941 0.714173 0.011253 0.012860
0 0.523753 0.730008 0.011253 0.012860
0 0.544537 0.724466 0.011253 0.012860
0 0.550475 0.713381 0.011253 0.012860
0 0.564727 0.699921 0.011253 0.012860
0 0.584917 0.659541 0.011253 0.012860
0 0.579572 0.635788 0.011253 0.012860
0 0.568290 0.613618 0.011253 0.012860
0 0.568587 0.637767 0.016033 0.024545
0 0.603919 0.619952 0.011253 0.012860
0 0.623515 0.643705 0.011253 0.012860
0 0.616390 0.662708 0.011253 0.012860
0 0.631235 0.660333 0.011253 0.012860
0 0.651425 0.666667 0.011253 0.012860
0 0.640736 0.685669 0.011253 0.012860
0 0.630641 0.692795 0.011253 0.012860
0 0.619952 0.697546 0.011253 0.012860
0 0.626485 0.708630 0.011253 0.012860
0 0.624703 0.725257 0.011253 0.012860
0 0.650238 0.709422 0.011253 0.012860
0 0.599169 0.707838 0.011253 0.012860
0 0.591449 0.715756 0.011253 0.012860
0 0.608670 0.733175 0.011253 0.012860
0 0.616983 0.739509 0.011253 0.012860
0 0.611639 0.752177 0.011253 0.012860
0 0.594418 0.752177 0.011253 0.012860
0 0.584917 0.762470 0.011253 0.012860
0 0.577791 0.751386 0.011253 0.012860
0 0.564133 0.748219 0.011253 0.012860
0 0.559976 0.742676 0.011253 0.012860
0 0.634798 0.604909 0.011253 0.012860
0 0.648456 0.610451 0.011253 0.012860
0 0.656176 0.620744 0.011253 0.012860
0 0.476247 0.371338 0.011253 0.012860
0 0.520784 0.393508 0.011253 0.012860
0 0.527316 0.384006 0.011253 0.012860
0 0.502375 0.357878 0.011253 0.012860
0 0.494062 0.365004 0.011253 0.012860
0 0.502969 0.309580 0.011253 0.012860
0 0.529691 0.319082 0.011253 0.012860
0 0.526722 0.327791 0.011253 0.012860
0 0.535629 0.351544 0.011253 0.012860
0 0.556413 0.353127 0.011253 0.012860
0 0.576603 0.362629 0.011253 0.012860
0 0.574228 0.380048 0.011253 0.012860
0 0.585511 0.418844 0.011253 0.012860
0 0.625891 0.387965 0.011253 0.012860
0 0.624703 0.399842 0.011253 0.012860
0 0.608670 0.405384 0.011253 0.012860
0 0.637173 0.391132 0.011253 0.012860
0 0.640736 0.402217 0.011253 0.012860
0 0.655582 0.373713 0.011253 0.012860
0 0.660926 0.425970 0.011253 0.012860
0 0.672803 0.425970 0.011253 0.012860
0 0.665677 0.440222 0.011253 0.012860
0 0.689430 0.454473 0.011253 0.012860
0 0.700119 0.447348 0.011253 0.012860
0 0.678147 0.464766 0.011253 0.012860
0 0.668646 0.475851 0.011253 0.012860
0 0.671615 0.489311 0.011253 0.012860
0 0.676366 0.498812 0.011253 0.012860
0 0.690618 0.497229 0.011253 0.012860
0 0.697150 0.525732 0.011253 0.012860
0 0.675772 0.534442 0.011253 0.012860
0 0.669834 0.550277 0.011253 0.012860
0 0.711995 0.513856 0.011253 0.012860
0 0.719121 0.505146 0.011253 0.012860
0 0.718527 0.491686 0.011253 0.012860
0 0.458432 0.608868 0.014252 0.015835
0 0.676960 0.356295 0.011253 0.012860
0 0.681710 0.338876 0.011253 0.012860
0 0.682898 0.327791 0.011253 0.012860
0 0.660926 0.315123 0.011253 0.012860
0 0.644299 0.293745 0.011253 0.012860
0 0.629454 0.260491 0.011253 0.012860
0 0.620546 0.247823 0.011253 0.012860
0 0.630641 0.228029 0.011253 0.012860
0 0.644893 0.245447 0.011253 0.012860
0 0.663895 0.257324 0.011253 0.012860
0 0.668052 0.241489 0.011253 0.012860
0 0.706309 0.129973 0.011253 0.012860
0 0.725805 0.176020 0.011253 0.012860
0 0.986494 0.108806 0.008912 0.013369
0 0.542265 0.076127 0.011253 0.012860
0 0.588777 0.077241 0.011253 0.012860
0 0.572623 0.079469 0.011253 0.012860
0 0.551735 0.039735 0.011253 0.012860
0 0.555077 0.388062 0.007798 0.008912
0 0.552709 0.394746 0.006406 0.007427
0 0.547557 0.397345 0.007241 0.008170
0 0.572623 0.289097 0.007241 0.010026
0 0.351261 0.208254 0.009581 0.013072
0 0.440608 0.272943 0.011253 0.012860
0 0.457319 0.268115 0.011253 0.012860
0 0.459547 0.285940 0.011253 0.012860
0 0.099655 0.230354 0.011253 0.012860
0 0.321738 0.647874 0.006060 0.007605
0 0.320134 0.640031 0.006773 0.008556
0 0.595670 0.218169 0.011253 0.012860
0 0.541360 0.211670 0.011253 0.012860
0 0.636403 0.196352 0.011253 0.012860
0 0.650676 0.210742 0.011253 0.012860
0 0.678876 0.194031 0.011253 0.012860
0 0.703594 0.220490 0.011253 0.012860
0 0.695587 0.265052 0.011253 0.012860
0 0.706379 0.255304 0.011253 0.012860
0 0.575130 0.058024 0.011253 0.012860
0 0.527434 0.285476 0.011253 0.012860
0 0.777661 0.183935 0.011253 0.012860
0 0.762865 0.204823 0.011253 0.012860
0 0.779837 0.206564 0.011253 0.012860
0 0.403148 0.123010 0.011253 0.012860
0 0.304972 0.226524 0.011253 0.012860
0 0.506546 0.042241 0.011253 0.012860
0 0.748852 0.234879 0.011253 0.012860
0 0.772526 0.233487 0.011253 0.012860
0 0.761733 0.244163 0.011253 0.012860
0 0.747112 0.251126 0.011253 0.012860
0 0.716127 0.272015 0.011253 0.012860
0 0.733534 0.271086 0.011253 0.012860
0 0.719260 0.285476 0.011253 0.012860
0 0.732141 0.289189 0.011253 0.012860
0 0.732490 0.308221 0.011253 0.012860
0 0.761037 0.261338 0.011253 0.012860
0 0.772874 0.263659 0.011253 0.012860
0 0.786451 0.275728 0.011253 0.012860
0 0.765563 0.300330 0.011253 0.012860
0 0.778444 0.316112 0.011253 0.012860
0 0.084947 0.364667 0.011253 0.012860
0 0.140562 0.518150 0.011253 0.012860
0 0.291568 0.598803 0.011253 0.012860
0 0.301142 0.564569 0.011253 0.012860
0 0.626933 0.295224 0.011253 0.012860
0 0.767025 0.335330 0.011253 0.012860
0 0.760619 0.354269 0.011253 0.012860
0 0.753657 0.362067 0.011253 0.012860
0 0.718982 0.361881 0.006406 0.010026
0 0.711740 0.351855 0.005292 0.010769
0 0.717032 0.348513 0.008077 0.009284
0 0.735275 0.365781 0.011253 0.012860
0 0.756163 0.371537 0.011141 0.010026
0 0.762290 0.382863 0.011253 0.012860
0 0.776495 0.395489 0.011253 0.012860
0 0.767861 0.408857 0.011253 0.012860
0 0.758670 0.413314 0.011253 0.012860
0 0.767861 0.421483 0.011253 0.012860
0 0.757834 0.476072 0.011253 0.012860
0 0.732211 0.462332 0.011253 0.012860
0 0.747529 0.451563 0.011253 0.012860
0 0.794319 0.417770 0.011253 0.012860
0 0.730261 0.432995 0.011253 0.012860
0 0.721906 0.412199 0.011253 0.012860
0 0.761455 0.539201 0.011253 0.012860
0 0.760619 0.518777 0.011253 0.012860
0 0.774545 0.514692 0.011253 0.012860
0 0.788749 0.495382 0.011253 0.012860
0 0.773710 0.566310 0.011253 0.012860
0 0.724691 0.530289 0.011253 0.012860
0 0.724413 0.549971 0.011253 0.012860
0 0.704499 0.401430 0.006963 0.010398
0 0.701714 0.408300 0.009748 0.009284
0 0.825791 0.215012 0.011253 0.012860
0 0.812423 0.246577 0.011253 0.012860
0 0.800447 0.247691 0.011253 0.012860
0 0.829969 0.246206 0.011253 0.012860
0 0.828577 0.261060 0.011253 0.012860
0 0.816044 0.269972 0.011253 0.012860
0 0.804624 0.281855 0.011253 0.012860
0 0.806574 0.303394 0.011253 0.012860
0 0.839996 0.289282 0.011253 0.012860
0 0.797940 0.322333 0.011253 0.012860
0 0.819943 0.327903 0.011253 0.012860
0 0.808524 0.349813 0.011253 0.012860
0 0.812980 0.360767 0.008912 0.012255
0 0.743630 0.418512 0.011253 0.012860
0 0.733325 0.412199 0.011253 0.012860
0 0.738338 0.401059 0.011253 0.012860
0 0.697675 0.562597 0.011253 0.012860
0 0.690434 0.573737 0.011253 0.012860
0 0.687370 0.582650 0.011253 0.012860
0 0.695447 0.585992 0.011253 0.012860
0 0.704360 0.593419 0.011253 0.012860
0 0.193622 0.647042 0.011253 0.012860
0 0.238630 0.661005 0.011253 0.012860
0 0.253336 0.675561 0.011253 0.012860
0 0.294333 0.676453 0.011253 0.012860
0 0.298789 0.640209 0.011253 0.012860
0 0.311712 0.625355 0.011253 0.012860
0 0.315723 0.635159 0.008021 0.010101
0 0.335051 0.759041 0.011253 0.012860
0 0.353712 0.744558 0.011253 0.012860
0 0.370701 0.739360 0.011253 0.012860
0 0.364574 0.793205 0.011253 0.012860
0 0.404123 0.795062 0.011253 0.012860
0 0.099986 0.808802 0.011253 0.012860
0 0.089403 0.874531 0.011253 0.012860
0 0.149283 0.817343 0.011253 0.012860
0 0.159031 0.786892 0.011253 0.012860
0 0.184376 0.793205 0.011253 0.012860
0 0.183262 0.824028 0.011253 0.012860
0 0.243978 0.841481 0.011253 0.012860
0 0.235622 0.853736 0.011253 0.012860
0 0.228102 0.879730 0.011253 0.012860
0 0.226431 0.913894 0.011253 0.012860
0 0.199972 0.870075 0.011253 0.012860
0 0.315277 0.814744 0.011253 0.012860
0 0.308593 0.835539 0.011253 0.012860
0 0.295224 0.857820 0.011253 0.012860
0 0.378221 0.815858 0.011253 0.012860
0 0.419441 0.804717 0.011253 0.012860
0 0.418605 0.829226 0.011253 0.012860
0 0.374322 0.835911 0.011253 0.012860
0 0.497703 0.772038 0.011253 0.012860
0 0.491019 0.789863 0.011253 0.012860
0 0.502159 0.803232 0.011253 0.012860
0 0.487119 0.804346 0.011253 0.012860
0 0.485448 0.820685 0.011253 0.012860
0 0.168500 0.650235 0.011253 0.012860
0 0.188553 0.948801 0.011253 0.012860
0 0.158195 0.954372 0.011253 0.012860
0 0.165158 0.918351 0.011253 0.012860
0 0.323632 0.889385 0.011253 0.012860
0 0.327531 0.868961 0.011253 0.012860
0 0.382399 0.877131 0.011253 0.012860
0 0.407743 0.887157 0.011253 0.012860
0 0.442000 0.877131 0.011253 0.012860
0 0.404680 0.949173 0.011253 0.012860
0 0.463446 0.894213 0.011253 0.012860
0 0.498260 0.901269 0.011253 0.012860
0 0.514971 0.855592 0.011253 0.012860
0 0.516363 0.818457 0.011253 0.012860
0 0.527225 0.818086 0.011253 0.012860
0 0.543101 0.811773 0.011253 0.012860
0 0.523605 0.878245 0.011253 0.012860
0 0.701018 0.611986 0.011253 0.012860
0 0.609053 0.548857 0.006907 0.009804
0 0.618299 0.544252 0.006239 0.008912
0 0.623535 0.545440 0.006016 0.009507
0 0.675561 0.662044 0.008467 0.010992
0 0.679683 0.668877 0.006907 0.009804
0 0.714776 0.579902 0.011253 0.012860
0 0.716447 0.592082 0.006907 0.008912
0 0.724134 0.594013 0.006684 0.014557
0 0.725360 0.569058 0.007798 0.012774
0 0.731487 0.570395 0.007576 0.012477
0 0.684251 0.701705 0.011253 0.012860
0 0.700071 0.709429 0.011253 0.012860
0 0.704304 0.727254 0.011253 0.012860
0 0.641249 0.754882 0.011253 0.012860
0 0.625206 0.787858 0.011253 0.012860
0 0.643477 0.790532 0.011253 0.012860
0 0.570172 0.786373 0.011253 0.012860
0 0.573737 0.802415 0.011253 0.012860
0 0.585769 0.812516 0.011253 0.012860
0 0.574851 0.819646 0.011253 0.012860
0 0.610278 0.822319 0.011253 0.012860
0 0.670660 0.740919 0.011253 0.012860
0 0.709429 0.671105 0.011253 0.012860
0 0.732824 0.666649 0.011253 0.012860
0 0.739285 0.723094 0.011253 0.012860
0 0.771816 0.672294 0.011253 0.012860
0 0.761566 0.685365 0.011253 0.012860
0 0.762458 0.578713 0.011253 0.012860
0 0.762903 0.592082 0.011253 0.012860
0 0.766023 0.606936 0.011253 0.012860
0 0.755996 0.614363 0.011253 0.012860
0 0.747084 0.624464 0.011253 0.012860
0 0.788526 0.606639 0.011253 0.012860
0 0.766691 0.625949 0.011253 0.012860
0 0.770924 0.654469 0.011253 0.012860
0 0.779168 0.646448 0.011253 0.012860
0 0.753991 0.637832 0.011253 0.012860
0 0.743519 0.647339 0.011253 0.012860
0 0.724134 0.636050 0.011253 0.012860
0 0.724357 0.651795 0.011253 0.012860
0 0.711211 0.623275 0.011253 0.012860
0 0.673723 0.762755 0.011253 0.012860
0 0.674559 0.777609 0.011253 0.012860
0 0.674280 0.792463 0.011253 0.012860
0 0.668014 0.798404 0.011419 0.010398
0 0.738338 0.689599 0.011253 0.012860
0 0.730540 0.702967 0.011253 0.012860
0 0.670103 0.815858 0.011253 0.012860
0 0.680408 0.818457 0.011253 0.012860
0 0.540037 0.857449 0.011253 0.012860
0 0.559533 0.850022 0.011253 0.012860
0 0.563711 0.831826 0.011253 0.012860
0 0.563432 0.869704 0.011253 0.012860
0 0.586827 0.870818 0.011253 0.012860
0 0.577358 0.896441 0.011253 0.012860
0 0.547835 0.898669 0.011253 0.012860
0 0.782900 0.725620 0.011253 0.012860
0 0.718564 0.689227 0.007798 0.011883
0 0.719678 0.700368 0.009469 0.014111
0 0.758113 0.709280 0.011253 0.012860
0 0.786800 0.628326 0.011253 0.012860
0 0.610292 0.874067 0.011253 0.012860
0 0.622477 0.886600 0.011253 0.012860
0 0.606114 0.906560 0.011253 0.012860
0 0.605070 0.926056 0.011253 0.012860
0 0.757277 0.728962 0.011253 0.012860
0 0.751985 0.748272 0.011253 0.012860
0 0.784293 0.766097 0.011253 0.012860
0 0.767025 0.766840 0.011253 0.012860
0 0.773431 0.787635 0.011253 0.012860
0 0.763126 0.746787 0.011253 0.012860
0 0.695447 0.813630 0.011253 0.012860
0 0.726641 0.788378 0.011253 0.012860
0 0.730261 0.765354 0.011253 0.012860
0 0.756999 0.783922 0.011253 0.012860
0 0.750871 0.793948 0.011253 0.012860
0 0.734439 0.777980 0.011253 0.012860
0 0.740009 0.790606 0.011253 0.012860
0 0.734996 0.808059 0.011253 0.012860
0 0.710487 0.809174 0.011253 0.012860
0 0.698789 0.796548 0.011253 0.012860
0 0.672052 0.875274 0.011253 0.012860
0 0.650328 0.886043 0.011253 0.012860
0 0.638631 0.884929 0.011253 0.012860
0 0.660912 0.886043 0.011253 0.012860
0 0.640859 0.904239 0.011253 0.012860
0 0.655341 0.912038 0.011253 0.012860
0 0.692662 0.887157 0.011253 0.012860
0 0.706031 0.882701 0.011253 0.012860
0 0.717450 0.887900 0.011253 0.012860
0 0.730261 0.886043 0.011253 0.012860
0 0.741681 0.894584 0.011253 0.012860
0 0.683750 0.943603 0.011253 0.012860
0 0.712437 0.941003 0.011253 0.012860
0 0.772595 0.908324 0.011253 0.012860
0 0.760898 0.913523 0.011253 0.012860
0 0.778444 0.939889 0.011253 0.012860
0 0.788471 0.688484 0.011253 0.012860
0 0.819107 0.122546 0.011253 0.012860
0 0.823006 0.195331 0.011253 0.012860
0 0.948616 0.043077 0.011253 0.012860
0 0.910181 0.088382 0.011253 0.012860
0 0.934133 0.089496 0.011253 0.012860
0 0.952236 0.080954 0.011253 0.012860
0 0.959756 0.094694 0.011253 0.012860
0 0.975632 0.093580 0.011253 0.012860
0 0.986494 0.090610 0.011253 0.012860
0 0.946109 0.114747 0.011253 0.012860
0 0.952236 0.132944 0.011253 0.012860
0 0.962541 0.147798 0.011253 0.012860
0 0.926613 0.135172 0.011253 0.012860
0 0.857542 0.142970 0.011253 0.012860
0 0.874253 0.153739 0.011253 0.012860
0 0.908231 0.151140 0.011253 0.012860
0 0.918258 0.155596 0.011253 0.012860
0 0.956971 0.171193 0.011253 0.012860
0 0.915473 0.176392 0.011253 0.012860
0 0.931626 0.186418 0.011253 0.012860
0 0.943324 0.187161 0.011253 0.012860
0 0.849604 0.184933 0.008634 0.010398
0 0.854896 0.191803 0.008634 0.008541
0 0.870771 0.194588 0.009191 0.012626
0 0.864087 0.190874 0.008077 0.014111
0 0.935943 0.154296 0.009191 0.012997
0 0.943324 0.156710 0.009469 0.011883
0 0.888805 0.213527 0.011253 0.012860
0 0.889850 0.233487 0.011253 0.012860
0 0.870005 0.246948 0.011253 0.012860
0 0.863391 0.250198 0.011253 0.012860
0 0.849117 0.293831 0.011253 0.012860
0 0.782274 0.442836 0.011253 0.012860
0 0.817958 0.296152 0.008704 0.010212
0 0.796548 0.382027 0.008355 0.008355
0 0.804033 0.379938 0.007311 0.009748
0 0.803859 0.390383 0.008355 0.009284
0 0.817088 0.382027 0.011253 0.012860
0 0.824051 0.367637 0.011253 0.012860
0 0.823006 0.412199 0.011253 0.012860
0 0.839021 0.389918 0.011253 0.012860
0 0.861302 0.387133 0.011253 0.012860
0 0.823006 0.313327 0.011253 0.012860
0 0.866524 0.271550 0.011253 0.012860
0 0.872094 0.281762 0.011253 0.012860
0 0.889850 0.282691 0.011253 0.012860
0 0.906560 0.263195 0.011253 0.012860
0 0.915264 0.277585 0.011253 0.012860
0 0.911852 0.050875 0.011253 0.012860
0 0.804346 0.409971 0.011253 0.012860
0 0.836793 0.335701 0.006963 0.010398
0 0.842920 0.335144 0.005849 0.013740
0 0.847794 0.327903 0.007798 0.009655
0 0.860884 0.362067 0.011253 0.012860
0 0.878430 0.329017 0.011253 0.012860
0 0.936640 0.305993 0.011253 0.012860
0 0.947223 0.294853 0.011253 0.012860
0 0.959756 0.314534 0.011253 0.012860
0 0.973960 0.312677 0.011253 0.012860
0 0.900433 0.375064 0.011253 0.012860
0 0.906560 0.360953 0.011253 0.012860
0 0.893470 0.344614 0.011253 0.012860
0 0.863112 0.334587 0.011253 0.012860
0 0.872999 0.340529 0.008634 0.009655
0 0.878430 0.347027 0.010026 0.008541
0 0.879823 0.356868 0.011253 0.012860
0 0.825513 0.442650 0.011253 0.012860
0 0.881494 0.437080 0.011253 0.012860
0 0.914637 0.422597 0.011253 0.012860
0 0.931626 0.414799 0.011253 0.012860
0 0.932462 0.448963 0.011253 0.012860
0 0.956693 0.346099 0.011253 0.012860
0 0.936083 0.252890 0.011253 0.012860
0 0.890128 0.200529 0.011253 0.012860
0 0.858099 0.461218 0.011253 0.012860
0 0.853086 0.476072 0.011253 0.012860
0 0.809638 0.445621 0.011253 0.012860
0 0.809498 0.430767 0.008634 0.008912
0 0.815208 0.424825 0.007798 0.009655
0 0.834286 0.456205 0.008634 0.009284
0 0.834286 0.448406 0.006406 0.007798
0 0.846958 0.410343 0.007241 0.008912
0 0.841527 0.368751 0.006963 0.008912
0 0.868822 0.314906 0.006406 0.009655
0 0.915473 0.318805 0.008912 0.011512
0 0.933298 0.321590 0.007798 0.009655
0 0.939843 0.323075 0.006406 0.010398
0 0.936640 0.338115 0.011141 0.012255
0 0.930095 0.347584 0.010305 0.009655
0 0.931348 0.360210 0.008912 0.011883
0 0.911574 0.289839 0.006684 0.012255
0 0.913662 0.305065 0.008077 0.010769
0 0.918536 0.298752 0.006127 0.012255
0 0.882190 0.292439 0.009191 0.010026
0 0.889989 0.294853 0.005849 0.013369
0 0.885950 0.299866 0.006127 0.008541
0 0.889432 0.308778 0.008077 0.009284
0 0.883861 0.315091 0.006963 0.012255
0 0.872303 0.305065 0.006684 0.008541
0 0.876620 0.310821 0.007520 0.010398
0 0.837768 0.363181 0.006684 0.008912
0 0.834704 0.354083 0.009469 0.010026
0 0.924385 0.372836 0.011253 0.012860
0 0.942210 0.373950 0.011253 0.012860
0 0.947780 0.383605 0.011253 0.012860
0 0.957528 0.382491 0.011253 0.012860
0 0.936640 0.396231 0.011253 0.012860
0 0.945552 0.407001 0.011253 0.012860
0 0.954465 0.401430 0.011253 0.012860
0 0.966441 0.401430 0.011253 0.012860
0 0.962820 0.411828 0.011253 0.012860
0 0.941653 0.426311 0.011253 0.012860
0 0.956414 0.431510 0.011253 0.012860
0 0.981202 0.385834 0.011253 0.012860
0 0.984544 0.396603 0.011253 0.012860
0 0.994292 0.379892 0.011253 0.012860
0 0.994292 0.403658 0.011253 0.012860
0 0.993178 0.428539 0.011253 0.012860
0 0.969783 0.457876 0.011253 0.012860
0 0.906560 0.441908 0.011253 0.012860
0 0.902104 0.432252 0.011253 0.012860
0 0.861998 0.409229 0.011253 0.012860
0 0.892078 0.399574 0.011253 0.012860
0 0.885672 0.409600 0.011253 0.012860
0 0.874531 0.415913 0.011253 0.012860
0 0.861163 0.424825 0.011253 0.012860
0 0.866454 0.445250 0.011253 0.012860
0 0.916308 0.196073 0.006127 0.010398
0 0.908510 0.198301 0.009469 0.008170
0 0.906560 0.207585 0.011698 0.008912
0 0.908788 0.217055 0.006684 0.009284
0 0.908231 0.226153 0.009469 0.008912
0 0.927867 0.232466 0.009191 0.008170
0 0.928563 0.242492 0.011253 0.012860
0 0.916030 0.255118 0.005570 0.012626
0 0.923271 0.260874 0.008912 0.015968
0 0.962541 0.064986 0.011253 0.012860
0 0.980506 0.158195 0.008634 0.007427
0 0.981202 0.165437 0.008355 0.007056
0 0.987468 0.167294 0.007520 0.007798
0 0.982177 0.179734 0.009748 0.009655
0 0.988025 0.183633 0.008077 0.012997
0 0.994918 0.192731 0.010164 0.009655
0 0.980366 0.201272 0.008912 0.010398
0 0.973821 0.212413 0.010862 0.011141
0 0.981759 0.218354 0.011698 0.013369
0 0.995127 0.201086 0.008355 0.010026
0 0.994779 0.214269 0.010443 0.014111
0 0.948894 0.213712 0.007798 0.014483
0 0.956275 0.215383 0.007520 0.013369
0 0.965605 0.224853 0.007798 0.010769
0 0.955718 0.228938 0.009191 0.008541
0 0.968251 0.234322 0.009191 0.009655
0 0.977442 0.229123 0.009191 0.014854
0 0.967137 0.247505 0.008634 0.012255
0 0.949730 0.259017 0.007241 0.012255
0 0.956275 0.253261 0.008634 0.014854
0 0.993178 0.231723 0.012255 0.014111
0 0.994431 0.247691 0.010305 0.014111
0 0.996589 0.269229 0.006822 0.008170
0 0.972986 0.256975 0.008077 0.008170
0 0.979949 0.266816 0.011976 0.009284
0 0.977581 0.277585 0.011698 0.011512
0 0.976885 0.290768 0.015875 0.014111
0 0.900572 0.301351 0.008634 0.008541
0 0.903775 0.312492 0.012812 0.008541
0 0.901547 0.320847 0.011698 0.011141
0 0.977024 0.353340 0.012255 0.010026
0 0.974935 0.334030 0.016432 0.019682
0 0.994374 0.311935 0.011253 0.012860
0 0.801561 0.490926 0.011253 0.012860
0 0.795712 0.511721 0.011253 0.012860
0 0.804207 0.504851 0.007520 0.017453
0 0.811727 0.497982 0.007520 0.008912
0 0.819525 0.486655 0.013647 0.012997
0 0.829551 0.495568 0.009748 0.011512
0 0.822449 0.509679 0.013369 0.015968
0 0.838742 0.509679 0.010305 0.011512
0 0.848769 0.500395 0.009748 0.013740
0 0.845009 0.521191 0.011698 0.016711
0 0.885672 0.475700 0.010583 0.012626
0 0.896255 0.476443 0.009469 0.009655
0 0.895977 0.488512 0.009469 0.009284
0 0.913523 0.479414 0.008355 0.011141
0 0.922714 0.473844 0.008355 0.010398
0 0.917562 0.489069 0.010305 0.009655
0 0.916308 0.502623 0.012255 0.012997
0 0.872025 0.493897 0.016154 0.018568
0 0.878152 0.524347 0.011253 0.012860
0 0.942210 0.480157 0.011253 0.012860
0 0.947919 0.466788 0.007520 0.012626
0 0.956275 0.458247 0.016432 0.014854
0 0.958085 0.476815 0.013926 0.011883
0 0.963098 0.500581 0.015597 0.013369
0 0.972289 0.488141 0.008912 0.011512
0 0.992760 0.477186 0.013647 0.020796
0 0.805321 0.537530 0.011419 0.010026
0 0.814929 0.544586 0.013926 0.011512
0 0.815347 0.570209 0.009748 0.012997
0 0.827045 0.566867 0.010862 0.013740
0 0.833868 0.550342 0.014483 0.013369
0 0.849604 0.557583 0.011976 0.018196
0 0.861441 0.549414 0.013926 0.013740
0 0.843338 0.575408 0.007798 0.011512
0 0.894584 0.543286 0.012255 0.020053
0 0.934412 0.523233 0.011253 0.012860
0 0.914080 0.535488 0.011253 0.012860
0 0.911574 0.550713 0.011253 0.012860
0 0.925778 0.536231 0.011253 0.012860
0 0.979809 0.528061 0.011253 0.012860
0 0.970061 0.513207 0.011253 0.012860
0 0.886507 0.574480 0.011253 0.012860
0 0.900154 0.568538 0.011253 0.012860
0 0.904054 0.588220 0.011253 0.012860
0 0.824120 0.606416 0.011253 0.012860
0 0.789863 0.584135 0.011253 0.012860
0 0.832476 0.616071 0.011253 0.012860
0 0.828855 0.638352 0.011253 0.012860
0 0.858099 0.595275 0.011253 0.012860
0 0.882608 0.591933 0.011253 0.012860
0 0.857820 0.620156 0.011253 0.012860
0 0.870354 0.652463 0.011253 0.012860
