0 0.722801 0.425669 0.008102 0.010802
0 0.561728 0.468364 0.006944 0.009774
0 0.511960 0.181842 0.006944 0.009774
0 0.701582 0.368570 0.008102 0.010802
0 0.537423 0.029578 0.006944 0.009774
0 0.169560 0.511317 0.009645 0.013374
0 0.564236 0.283179 0.007330 0.008745
0 0.665509 0.248200 0.006944 0.009774
0 0.319059 0.070473 0.009259 0.011317
0 0.190972 0.562243 0.006944 0.009259
0 0.074074 0.148663 0.007716 0.005144
0 0.075424 0.156636 0.008102 0.007716
0 0.220100 0.525977 0.005787 0.009774
0 0.216054 0.514643 0.005591 0.010117
0 0.687500 0.759585 0.004393 0.011182
