0 0.614776 0.423868 0.006559 0.009259
0 0.466049 0.587191 0.006173 0.008745
0 0.648341 0.392747 0.006559 0.008745
0 0.729745 0.347994 0.005787 0.007716
0 0.649306 0.479167 0.006173 0.008745
0 0.629823 0.446502 0.005787 0.008230
0 0.260224 0.821502 0.006559 0.009259
0 0.711613 0.373457 0.005787 0.008230
0 0.265239 0.879630 0.008102 0.010288
0 0.949267 0.323302 0.007330 0.012860
0 0.647955 0.872942 0.008102 0.011317
0 0.404900 0.730453 0.011960 0.011317
0 0.934992 0.543724 0.008102 0.011317
0 0.760224 0.867027 0.008102 0.011831
0 0.711998 0.887603 0.006559 0.012860
0 0.660687 0.894290 0.005787 0.011831
0 0.152392 0.653807 0.006944 0.008230
0 0.996914 0.327932 0.006173 0.008745
0 0.937114 0.277521 0.006944 0.008745
0 0.121721 0.936214 0.009645 0.012346
0 0.554977 0.932613 0.008873 0.013374
0 0.817708 0.306070 0.007330 0.010288
