0 0.887539 0.415123 0.002701 0.004115
0 0.507330 0.800926 0.002315 0.003086
0 0.217785 0.194959 0.004244 0.005144
0 0.573688 0.287551 0.002315 0.004115
0 0.857446 0.619342 0.002701 0.003086
0 0.621528 0.890175 0.002315 0.003601
0 0.981867 0.653807 0.003086 0.003086
0 0.581790 0.857510 0.003858 0.004115
0 0.942901 0.567644 0.002315 0.003601
0 0.721451 0.330247 0.003086 0.003086
0 0.815394 0.819702 0.002701 0.003601
0 0.815586 0.224794 0.002315 0.004115
0 0.917824 0.433385 0.002315 0.003601
0 0.752508 0.301440 0.002701 0.004115
0 0.561343 0.256430 0.003086 0.004630
0 0.989390 0.630144 0.001929 0.003086
0 0.852816 0.238169 0.002701 0.004115
0 0.618634 0.931842 0.002701 0.003601
0 0.711034 0.470422 0.003086 0.003601
0 0.833140 0.253601 0.002701 0.005144
0 0.655285 0.515432 0.002701 0.003086
0 0.395833 0.423611 0.002315 0.003601
0 0.920718 0.397634 0.002701 0.003086
0 0.345679 0.527778 0.003858 0.005144
0 0.533372 0.273405 0.003472 0.004630
0 0.799190 0.239198 0.004244 0.005144
0 0.274884 0.894290 0.003472 0.003601
0 0.916281 0.311986 0.001543 0.003601
0 0.939815 0.425669 0.003086 0.003601
0 0.971258 0.538837 0.003472 0.002572
0 0.424576 0.599023 0.002701 0.004630
0 0.975502 0.308642 0.002701 0.004115
0 0.738619 0.396091 0.002701 0.004115
0 0.837963 0.239712 0.003086 0.004115
0 0.991319 0.563786 0.002701 0.004115
0 0.673611 0.297582 0.002315 0.003601
0 0.952353 0.976337 0.002701 0.003086
0 0.908372 0.509774 0.003472 0.004115
0 0.486690 0.890689 0.003472 0.003601
0 0.584298 0.935700 0.002701 0.004115
0 0.403356 0.491512 0.003472 0.004630
0 0.832755 0.701646 0.002701 0.003086
0 0.885802 0.990741 0.003858 0.005144
0 0.406636 0.226080 0.003086 0.004630
0 0.755401 0.533179 0.002315 0.003601
0 0.928819 0.459105 0.002701 0.003601
0 0.935185 0.448817 0.002315 0.003601
0 0.881944 0.431584 0.003086 0.004115
0 0.765239 0.892747 0.002701 0.004630
0 0.802469 0.519547 0.002315 0.004115
0 0.794367 0.395833 0.002315 0.003601
0 0.663580 0.953961 0.003086 0.003601
0 0.765432 0.388632 0.002315 0.003601
0 0.377315 0.438786 0.003086 0.004115
