0 0.223573 0.650977 0.002701 0.003601
0 0.728395 0.381944 0.003086 0.004630
0 0.684799 0.681842 0.002315 0.003601
0 0.723765 0.723508 0.002315 0.003601
0 0.543789 0.284465 0.004244 0.005144
0 0.680556 0.572788 0.003086 0.004630
0 0.057292 0.392233 0.002701 0.003601
0 0.522569 0.031893 0.002701 0.004115
0 0.418596 0.786265 0.002315 0.003601
0 0.753858 0.746656 0.002315 0.002572
0 0.978588 0.578447 0.001929 0.003601
0 0.185571 0.985340 0.002315 0.003601
0 0.553434 0.761831 0.002701 0.004115
0 0.061150 0.190844 0.002701 0.004115
0 0.712577 0.806842 0.002315 0.003601
0 0.635995 0.757459 0.002701 0.003601
0 0.772569 0.656893 0.002701 0.003086
0 0.724344 0.761831 0.002701 0.004115
0 0.518133 0.297582 0.002315 0.003601
0 0.633102 0.698817 0.002315 0.003601
0 0.352238 0.927212 0.003086 0.003601
0 0.665895 0.727109 0.003086 0.003601
0 0.705054 0.803241 0.002701 0.003601
0 0.136574 0.498457 0.002315 0.004115
0 0.977623 0.447531 0.002315 0.004115
0 0.074074 0.653035 0.002315 0.003601
0 0.056134 0.934414 0.002701 0.002572
0 0.654514 0.987397 0.003472 0.003601
0 0.941358 0.632459 0.002315 0.003601
0 0.739776 0.849023 0.002701 0.003601
0 0.722608 0.542695 0.003086 0.004115
0 0.958526 0.721708 0.003472 0.004115
0 0.816551 0.778807 0.001929 0.004115
0 0.161458 0.588735 0.002701 0.003601
0 0.692901 0.545525 0.002315 0.003601
0 0.591049 0.775977 0.002315 0.002572
0 0.708719 0.774691 0.002315 0.003086
0 0.989583 0.414609 0.003086 0.004115
0 0.419753 0.953189 0.002315 0.004115
0 0.870563 0.786523 0.002701 0.004115
0 0.308063 0.393261 0.002701 0.003601
0 0.721451 0.743313 0.003086 0.003086
0 0.632137 0.723508 0.002701 0.003601
0 0.709684 0.918210 0.003472 0.005144
0 0.488040 0.831276 0.003086 0.004115
0 0.698302 0.779064 0.002315 0.003601
0 0.058642 0.112397 0.003858 0.004630
0 0.571373 0.780607 0.003086 0.003601
0 0.613040 0.986883 0.003086 0.003601
0 0.294367 0.784722 0.002315 0.003601
0 0.745756 0.806584 0.002315 0.004115
0 0.275463 0.683642 0.002315 0.004115
0 0.679591 0.842593 0.001157 0.003086
0 0.621721 0.889146 0.001929 0.002572
0 0.261381 0.921811 0.002701 0.003086
0 0.322724 0.609568 0.002701 0.004115
0 0.647569 0.772634 0.002701 0.004115
0 0.926890 0.742798 0.002701 0.004115
0 0.340471 0.450360 0.001929 0.003601
0 0.988426 0.331276 0.002315 0.004115
0 0.636381 0.832305 0.002701 0.004115
0 0.973573 0.399691 0.001929 0.004115
0 0.324846 0.720936 0.002315 0.003601
0 0.406829 0.456276 0.004244 0.005144
0 0.038002 0.963992 0.002701 0.003086
0 0.305941 0.547325 0.003086 0.004115
0 0.369406 0.971708 0.002701 0.004115
0 0.308256 0.827675 0.002315 0.004115
0 0.586227 0.636317 0.004244 0.004115
0 0.060957 0.859825 0.003086 0.003601
0 0.552469 0.825360 0.003086 0.003601
0 0.534336 0.986111 0.003086 0.004115
0 0.242477 0.556584 0.002701 0.003086
0 0.730324 0.941101 0.002315 0.003601
0 0.929784 0.095422 0.002315 0.003601
0 0.042824 0.712706 0.003086 0.004630
0 0.556520 0.712706 0.002701 0.004630
0 0.051698 0.962191 0.002315 0.002572
0 0.913194 0.387346 0.002315 0.003086
0 0.386381 0.930556 0.002701 0.004115
0 0.607060 0.037551 0.002701 0.003086
0 0.487847 0.615741 0.002701 0.004115
0 0.373071 0.381173 0.003086 0.004115
0 0.264468 0.658436 0.002701 0.003086
0 0.026427 0.609568 0.002701 0.003086
0 0.380208 0.727109 0.003472 0.003601
0 0.137539 0.464763 0.002701 0.002572
0 0.568866 0.818158 0.002701 0.003601
0 0.110918 0.816615 0.003472 0.005658
0 0.605131 0.664095 0.002701 0.003086
0 0.989005 0.369084 0.002701 0.002572
0 0.192130 0.839763 0.002315 0.002572
0 0.717014 0.824846 0.002701 0.003601
0 0.680363 0.668210 0.002701 0.004115
0 0.026042 0.824331 0.002701 0.003601
0 0.337963 0.848765 0.002315 0.003086
0 0.701389 0.683128 0.002315 0.003086
0 0.456790 0.980967 0.002315 0.003086
0 0.027778 0.798097 0.002315 0.002572
0 0.738233 0.367541 0.002701 0.004630
0 0.612076 0.931327 0.002701 0.003601
0 0.439815 0.767490 0.002315 0.003086
0 0.678241 0.512603 0.003858 0.004630
0 0.643326 0.702675 0.002701 0.002058
0 0.581983 0.860854 0.001929 0.002572
0 0.272569 0.962449 0.002701 0.003086
0 0.964699 0.438786 0.002701 0.003086
0 0.696566 0.811728 0.002701 0.003086
0 0.326196 0.944702 0.002701 0.003601
0 0.393904 0.942130 0.002315 0.002572
0 0.293210 0.748714 0.002315 0.003601
0 0.514082 0.639403 0.002701 0.003086
0 0.276042 0.487912 0.003472 0.004630
0 0.748264 0.992027 0.002701 0.003601
0 0.663002 0.366512 0.002701 0.003601
0 0.646412 0.561471 0.004244 0.005658
0 0.428434 0.781893 0.002701 0.003086
0 0.363619 0.734311 0.002701 0.003601
0 0.429012 0.308899 0.002315 0.004630
0 0.152392 0.896605 0.003086 0.004115
0 0.847415 0.057356 0.002701 0.003601
0 0.498457 0.971193 0.003086 0.004115
0 0.776813 0.772377 0.002701 0.003601
0 0.635610 0.971965 0.002701 0.003601
0 0.219907 0.524434 0.003086 0.003601
0 0.488233 0.774949 0.002701 0.003601
0 0.861111 0.809414 0.002315 0.003601
0 0.434028 0.695730 0.002315 0.003601
0 0.478009 0.953447 0.002315 0.003601
0 0.401235 0.679012 0.002315 0.003086
0 0.251157 0.674897 0.003086 0.004115
0 0.722222 0.471708 0.002315 0.004115
0 0.176505 0.213220 0.002701 0.003601
0 0.499035 0.846451 0.002701 0.004630
0 0.324074 0.330504 0.002315 0.003601
0 0.021026 0.587449 0.002701 0.003086
0 0.676505 0.706790 0.001929 0.003086
0 0.579090 0.068673 0.003086 0.003601
0 0.815972 0.914609 0.002315 0.004115
0 0.494406 0.795525 0.001929 0.003601
0 0.097994 0.144805 0.002315 0.003601
0 0.132137 0.929012 0.001929 0.003086
0 0.227431 0.726852 0.002701 0.003086
0 0.940008 0.618827 0.002701 0.004115
0 0.755980 0.763632 0.002701 0.003601
0 0.771219 0.720936 0.002315 0.003601
0 0.638310 0.025977 0.001929 0.003601
0 0.193480 0.371914 0.002701 0.004115
0 0.292245 0.073560 0.002701 0.004115
0 0.528742 0.294239 0.002701 0.004115
0 0.990548 0.691872 0.002701 0.003086
0 0.869020 0.842593 0.002701 0.004115
0 0.951003 0.345936 0.002315 0.003601
0 0.682485 0.378086 0.002315 0.005144
0 0.646991 0.730967 0.002315 0.004115
0 0.668017 0.883488 0.002701 0.003601
0 0.933063 0.185442 0.002701 0.003601
0 0.651427 0.918467 0.002701 0.003601
0 0.374421 0.539095 0.002701 0.003086
0 0.691551 0.899434 0.001929 0.003601
0 0.693673 0.737140 0.002315 0.003086
0 0.160494 0.553241 0.003086 0.003601
0 0.160880 0.120628 0.003086 0.002572
0 0.599730 0.931842 0.002701 0.003601
0 0.086227 0.976852 0.003472 0.004115
0 0.399691 0.704733 0.002315 0.003086
0 0.951968 0.567387 0.002701 0.004115
0 0.304012 0.309156 0.001543 0.003086
0 0.667245 0.688014 0.002701 0.003601
0 0.694059 0.053498 0.002315 0.004115
0 0.197531 0.492541 0.003086 0.003601
0 0.440972 0.807613 0.002315 0.004115
0 0.068094 0.570473 0.003472 0.005144
0 0.053048 0.835134 0.002701 0.003601
0 0.981096 0.144033 0.001543 0.004115
0 0.014082 0.972479 0.002701 0.003601
0 0.639082 0.685442 0.002701 0.003601
0 0.660301 0.781379 0.002701 0.004115
0 0.258681 0.764146 0.002701 0.003601
0 0.605517 0.027263 0.002701 0.003086
0 0.591049 0.335134 0.003086 0.004630
0 0.211227 0.763374 0.002701 0.004115
0 0.354167 0.483539 0.003086 0.003086
0 0.504244 0.605453 0.003086 0.004115
0 0.899498 0.807099 0.002701 0.004115
0 0.927083 0.637603 0.003086 0.003601
0 0.371335 0.760802 0.002701 0.004115
0 0.272184 0.984053 0.002701 0.003086
0 0.245563 0.416409 0.002701 0.003601
0 0.447338 0.806327 0.002701 0.003601
0 0.532986 0.816101 0.002701 0.003601
0 0.171296 0.855710 0.003086 0.003601
0 0.990934 0.170525 0.002701 0.004630
0 0.698688 0.854167 0.003858 0.003601
0 0.066744 0.830247 0.001543 0.002058
0 0.704475 0.629887 0.002315 0.003601
0 0.324846 0.678498 0.002315 0.004115
0 0.660687 0.938014 0.002701 0.004630
0 0.868248 0.153292 0.002701 0.003086
0 0.020640 0.788580 0.002701 0.003086
0 0.327353 0.911523 0.002701 0.003086
0 0.885031 0.427984 0.003086 0.004115
0 0.333526 0.993056 0.002701 0.003601
0 0.880208 0.508230 0.003472 0.004115
0 0.322338 0.537294 0.004244 0.003601
0 0.914545 0.069702 0.002701 0.003601
0 0.602238 0.763374 0.003086 0.004115
0 0.373264 0.188786 0.003472 0.004115
0 0.323110 0.438014 0.002701 0.003601
0 0.530093 0.661523 0.003086 0.005144
0 0.538387 0.297840 0.002701 0.004115
0 0.266975 0.544239 0.002315 0.003086
0 0.491319 0.984568 0.001929 0.002058
0 0.928048 0.545267 0.002701 0.004115
0 0.374035 0.431842 0.002701 0.003601
0 0.833333 0.171553 0.002315 0.004630
0 0.388696 0.990484 0.002701 0.004630
0 0.676505 0.045782 0.001929 0.003086
0 0.519097 0.569702 0.003472 0.004630
0 0.964699 0.154064 0.001929 0.003601
0 0.931713 0.388374 0.002315 0.004115
0 0.646412 0.356481 0.002701 0.003086
0 0.357060 0.966564 0.004244 0.004115
0 0.703704 0.487140 0.003086 0.004115
0 0.331211 0.650463 0.002701 0.003601
0 0.477045 0.263374 0.002701 0.004115
0 0.962577 0.950103 0.003086 0.003086
0 0.827160 0.048868 0.003086 0.005144
0 0.623457 0.546553 0.004630 0.005658
0 0.295332 0.037294 0.002701 0.003601
0 0.417052 0.317901 0.003086 0.005144
0 0.992477 0.800926 0.002701 0.004115
0 0.479745 0.623714 0.001929 0.004630
0 0.467400 0.257973 0.002701 0.003601
0 0.830247 0.637603 0.003858 0.004630
0 0.709105 0.341307 0.003086 0.004630
0 0.889082 0.120628 0.002701 0.003601
0 0.609954 0.868056 0.003086 0.003601
0 0.519869 0.886060 0.002701 0.003601
0 0.261574 0.466821 0.003086 0.004630
0 0.951775 0.141461 0.002315 0.003086
0 0.761381 0.160237 0.002701 0.003601
0 0.782407 0.711677 0.002315 0.003601
0 0.946181 0.038837 0.002701 0.003601
0 0.849923 0.024434 0.002315 0.003601
0 0.245177 0.687500 0.002701 0.003601
0 0.612654 0.046296 0.002315 0.003086
0 0.757716 0.263632 0.003086 0.003601
0 0.534915 0.700360 0.002701 0.003601
0 0.242091 0.147634 0.002701 0.004115
0 0.058063 0.706019 0.001929 0.002572
0 0.616319 0.793210 0.002701 0.004115
0 0.202546 0.705504 0.002315 0.003601
0 0.628858 0.951389 0.002315 0.003601
0 0.458526 0.496914 0.002701 0.004115
0 0.358025 0.816615 0.002315 0.003601
0 0.543210 0.791152 0.003086 0.004115
0 0.245177 0.589249 0.002701 0.003601
0 0.732639 0.152263 0.002315 0.004115
0 0.024113 0.735597 0.002701 0.003086
0 0.341049 0.995113 0.003086 0.003601
0 0.888696 0.753858 0.002701 0.004630
0 0.880401 0.923097 0.002315 0.003601
0 0.689043 0.752058 0.003086 0.003086
0 0.956019 0.527778 0.002315 0.003086
0 0.656250 0.761831 0.003086 0.004115
0 0.149884 0.936214 0.002701 0.003086
