0 0.506559 0.572531 0.002315 0.004115
0 0.004630 0.537809 0.002315 0.003601
0 0.258102 0.488683 0.003858 0.003086
0 0.320216 0.573045 0.002315 0.003086
0 0.477045 0.571759 0.002701 0.004630
0 0.307485 0.246656 0.002315 0.003601
0 0.345486 0.892233 0.002701 0.004630
0 0.263117 0.514918 0.002315 0.004115
0 0.434992 0.597994 0.002701 0.003601
0 0.052662 0.843621 0.002701 0.004115
0 0.244985 0.610340 0.003086 0.003601
0 0.365934 0.574846 0.002701 0.003601
0 0.272569 0.573817 0.001929 0.003601
0 0.164352 0.636317 0.002315 0.003086
0 0.272955 0.845679 0.002701 0.003086
0 0.028742 0.599794 0.001929 0.003086
0 0.180556 0.718879 0.003086 0.003601
0 0.005401 0.787551 0.002315 0.003086
0 0.091628 0.669753 0.002701 0.004115
0 0.066551 0.804270 0.002701 0.003601
0 0.175926 0.782665 0.003086 0.004630
0 0.026042 0.441872 0.001929 0.003086
0 0.550926 0.724023 0.003086 0.003601
0 0.278164 0.451646 0.003086 0.003086
0 0.338927 0.904835 0.002701 0.004115
0 0.195602 0.612654 0.003086 0.003086
0 0.212963 0.725823 0.002315 0.003086
0 0.339892 0.976595 0.002315 0.003601
0 0.217978 0.558385 0.002315 0.003601
0 0.009066 0.725823 0.002701 0.003086
0 0.435957 0.900720 0.003086 0.003086
0 0.443866 0.490484 0.002701 0.003601
0 0.026427 0.612140 0.002701 0.003086
0 0.521991 0.768519 0.003086 0.004115
0 0.558449 0.816872 0.002701 0.004115
0 0.346836 0.955761 0.002315 0.003086
0 0.162037 0.616770 0.003086 0.004115
0 0.137346 0.451389 0.002315 0.003601
0 0.434606 0.568158 0.002701 0.002572
0 0.127315 0.579218 0.002315 0.003086
0 0.277971 0.829475 0.002701 0.003601
0 0.455826 0.746914 0.002701 0.003086
0 0.329668 0.444702 0.002701 0.003601
0 0.215664 0.455247 0.002315 0.003086
0 0.025656 0.778807 0.002701 0.003086
0 0.565201 0.943930 0.002315 0.003086
0 0.329282 0.878086 0.002701 0.004115
0 0.048611 0.403807 0.003086 0.003086
0 0.247299 0.440844 0.003086 0.003086
0 0.262731 0.804012 0.003086 0.004115
0 0.379630 0.920782 0.002315 0.003086
0 0.555748 0.637088 0.002701 0.002572
0 0.596836 0.982510 0.003858 0.004115
0 0.525463 0.507973 0.003858 0.003601
0 0.228974 0.615484 0.002701 0.003601
0 0.154514 0.595422 0.002701 0.003601
0 0.110340 0.893519 0.003086 0.003086
0 0.254051 0.722222 0.002701 0.003086
0 0.445409 0.444702 0.002701 0.003601
0 0.222994 0.961934 0.002315 0.003086
0 0.198881 0.758488 0.002701 0.003601
0 0.043017 0.786523 0.002701 0.003086
0 0.206597 0.454990 0.001929 0.002572
0 0.174383 0.818158 0.002315 0.002572
0 0.090856 0.769033 0.002701 0.003086
0 0.269676 0.549126 0.002315 0.003601
0 0.205826 0.539095 0.002701 0.003086
0 0.342207 0.451903 0.003086 0.003601
0 0.182099 0.904835 0.003086 0.004115
0 0.305556 0.407407 0.002315 0.003086
0 0.570409 0.989712 0.002701 0.005144
0 0.386767 0.467850 0.002701 0.004630
0 0.408179 0.746142 0.002315 0.003601
0 0.504630 0.961420 0.002315 0.004115
0 0.566937 0.827418 0.003472 0.005658
0 0.292052 0.602623 0.002315 0.003601
0 0.066358 0.680556 0.003086 0.004115
0 0.017747 0.646348 0.003086 0.004630
0 0.041281 0.505144 0.002315 0.003086
0 0.170139 0.755916 0.001543 0.002572
0 0.053434 0.116512 0.001929 0.002572
0 0.395255 0.950360 0.002701 0.003601
0 0.521412 0.731996 0.002701 0.004115
0 0.197724 0.638632 0.002701 0.003601
0 0.072724 0.448817 0.002701 0.003601
0 0.295525 0.504887 0.003086 0.003601
0 0.370756 0.970422 0.002315 0.003601
0 0.308835 0.579990 0.002701 0.003601
0 0.094522 0.725823 0.003086 0.004115
0 0.074267 0.563272 0.002701 0.004115
0 0.502122 0.620628 0.003472 0.004630
0 0.134066 0.565072 0.002701 0.003601
0 0.294753 0.773405 0.002315 0.003601
0 0.262924 0.563272 0.003472 0.004115
0 0.588156 0.879887 0.003472 0.005658
0 0.315972 0.540381 0.002315 0.003601
0 0.174190 0.551183 0.003472 0.003601
0 0.177083 0.950360 0.003086 0.003601
0 0.230710 0.922582 0.006944 0.007716
0 0.104167 0.423868 0.002315 0.003086
0 0.333719 0.805298 0.002315 0.003601
0 0.256366 0.836934 0.002701 0.003086
0 0.194059 0.512603 0.002315 0.003601
0 0.135031 0.553498 0.003086 0.004115
0 0.641975 0.942387 0.006173 0.005144
0 0.547840 0.662551 0.003086 0.004115
0 0.356289 0.498714 0.002701 0.003601
0 0.220872 0.941101 0.002701 0.003601
0 0.385031 0.449846 0.003858 0.007716
0 0.178819 0.709619 0.004244 0.004630
0 0.353202 0.479167 0.002701 0.004630
0 0.240548 0.630144 0.002701 0.004115
0 0.131944 0.924640 0.002315 0.003601
0 0.293789 0.977623 0.002701 0.003601
0 0.457369 0.911265 0.003472 0.004630
0 0.365934 0.574588 0.002701 0.004115
0 0.341821 0.870628 0.002315 0.003601
0 0.384066 0.783179 0.002701 0.003601
0 0.108410 0.518519 0.003086 0.004115
0 0.192708 0.995628 0.002701 0.004630
0 0.417824 0.576132 0.002315 0.004115
0 0.106096 0.996399 0.002315 0.003086
0 0.522569 0.713220 0.002701 0.003601
0 0.397955 0.776749 0.002701 0.003086
0 0.383873 0.783179 0.003086 0.002572
0 0.305748 0.478395 0.003472 0.004115
0 0.577546 0.924640 0.003086 0.003601
0 0.146219 0.791667 0.003086 0.004115
0 0.481289 0.709362 0.002701 0.004115
0 0.245563 0.600566 0.002701 0.002572
0 0.140046 0.505658 0.003858 0.005144
0 0.014275 0.530864 0.003086 0.004115
0 0.221644 0.689558 0.002701 0.003601
0 0.538387 0.837963 0.002701 0.003086
0 0.237461 0.854167 0.001929 0.002572
0 0.261767 0.867027 0.002701 0.002572
0 0.090085 0.427469 0.002701 0.004115
0 0.384645 0.675926 0.002315 0.004115
0 0.277006 0.373971 0.003086 0.004115
0 0.178627 0.975566 0.002315 0.003601
0 0.041667 0.663837 0.002315 0.003601
0 0.001543 0.513889 0.002315 0.004115
0 0.081404 0.885288 0.002315 0.004115
0 0.315586 0.784979 0.002315 0.003086
