0 0.539738 0.369856 0.004630 0.006173
0 0.549576 0.470679 0.007330 0.005144
0 0.872299 0.803241 0.003858 0.004630
0 0.729167 0.912294 0.003086 0.004630
0 0.307099 0.262603 0.003858 0.007716
0 0.418981 0.929012 0.003086 0.004115
0 0.783565 0.497685 0.003086 0.003601
0 0.604552 0.930298 0.003858 0.004630
0 0.580440 0.649691 0.003472 0.004115
0 0.418981 0.856224 0.003858 0.004630
0 0.778164 0.649691 0.003086 0.005144
0 0.662809 0.838735 0.003086 0.004630
0 0.861883 0.432870 0.003086 0.004630
0 0.771605 0.970422 0.003086 0.004630
0 0.448110 0.242541 0.003472 0.004630
0 0.722222 0.346965 0.003086 0.004630
0 0.519097 0.789352 0.005787 0.004630
0 0.481481 0.859825 0.003858 0.004630
0 0.699267 0.382459 0.003472 0.004630
0 0.760802 0.440072 0.006944 0.007716
0 0.649884 0.445216 0.003472 0.004630
0 0.950231 0.515689 0.003858 0.005658
0 0.470679 0.786265 0.003858 0.004630
0 0.798611 0.576646 0.003086 0.004115
0 0.700617 0.495885 0.003086 0.004115
0 0.838927 0.537037 0.003472 0.004115
0 0.942323 0.424126 0.003472 0.005658
0 0.411073 0.504630 0.004244 0.005144
0 0.833526 0.846708 0.003472 0.005144
0 0.826196 0.402521 0.002701 0.004630
0 0.755401 0.286523 0.003086 0.004115
0 0.551698 0.540123 0.006173 0.006173
0 0.964699 0.490998 0.002701 0.003601
0 0.574846 0.214763 0.003858 0.005658
0 0.831983 0.683385 0.002701 0.004630
0 0.556906 0.907922 0.003472 0.004115
0 0.663966 0.783693 0.003086 0.003601
0 0.655478 0.589249 0.003086 0.004630
0 0.511960 0.591564 0.003086 0.004115
0 0.771219 0.662037 0.003086 0.004115
0 0.861497 0.451132 0.003086 0.004115
0 0.633873 0.965792 0.003086 0.003601
0 0.736690 0.875000 0.003472 0.004115
0 0.334684 0.302212 0.004244 0.005658
0 0.486304 0.726852 0.004244 0.004115
0 0.926119 0.507459 0.002701 0.004630
0 0.762539 0.546296 0.002701 0.004115
0 0.579090 0.579475 0.003086 0.004630
0 0.691744 0.826646 0.003086 0.004115
0 0.663387 0.696245 0.003472 0.005658
0 0.652971 0.856224 0.002701 0.003601
0 0.880401 0.707047 0.003086 0.004630
0 0.851466 0.285494 0.003858 0.006173
0 0.934028 0.442901 0.003086 0.004115
0 0.743634 0.862912 0.003472 0.004630
0 0.737654 0.453447 0.003858 0.003601
0 0.728009 0.501800 0.003086 0.004630
0 0.474344 0.901492 0.002701 0.004630
0 0.514275 0.861368 0.003086 0.003601
0 0.640046 0.557870 0.003086 0.005658
0 0.598958 0.229424 0.004244 0.005144
0 0.541088 0.274691 0.002701 0.004115
0 0.480131 0.300669 0.004244 0.004630
0 0.552276 0.924383 0.003472 0.004115
0 0.767747 0.691615 0.002315 0.003601
0 0.502122 0.365226 0.003472 0.004115
0 0.618248 0.915638 0.003472 0.004115
0 0.389660 0.568158 0.003858 0.004630
0 0.389853 0.536008 0.003472 0.004115
0 0.625386 0.778292 0.003858 0.005144
0 0.610340 0.390689 0.003086 0.004630
0 0.392940 0.548097 0.003472 0.003601
0 0.566937 0.882716 0.002701 0.004115
0 0.702353 0.849794 0.002701 0.003086
0 0.682677 0.281893 0.004244 0.008230
0 0.995563 0.633230 0.002701 0.004115
0 0.715278 0.789866 0.002315 0.003601
0 0.646219 0.870370 0.003086 0.003086
0 0.725116 0.686986 0.003472 0.004630
0 0.670910 0.631173 0.003858 0.008230
0 0.482446 0.842850 0.004244 0.004630
0 0.816358 0.264660 0.004630 0.008745
0 0.986111 0.628601 0.003086 0.003086
0 0.744020 0.620113 0.004244 0.004630
0 0.475887 0.245885 0.002701 0.004115
0 0.432485 0.593364 0.003858 0.004630
0 0.409722 0.625772 0.003086 0.004630
0 0.364005 0.587963 0.005787 0.008230
0 0.390818 0.567901 0.004630 0.005144
0 0.854167 0.652778 0.002315 0.002058
0 0.668403 0.854938 0.002701 0.004115
0 0.494792 0.417695 0.002701 0.006173
0 0.336034 0.494342 0.003858 0.005144
0 0.541088 0.528035 0.003472 0.004630
0 0.804591 0.348251 0.004244 0.008230
0 0.478974 0.301183 0.003472 0.004630
0 0.778164 0.818158 0.001543 0.001543
