0 0.194444 0.260545 0.003858 0.007716
0 0.100502 0.342850 0.002701 0.003601
0 0.268133 0.424126 0.003086 0.004630
0 0.766975 0.811214 0.003086 0.004115
0 0.114776 0.869856 0.002701 0.004115
0 0.018326 0.553498 0.002701 0.005144
0 0.116127 0.449331 0.003086 0.003601
0 0.502508 0.221965 0.004244 0.008745
0 0.974537 0.659208 0.003086 0.004630
0 0.748264 0.620113 0.003472 0.004630
0 0.028356 0.440844 0.003472 0.004115
0 0.401813 0.632459 0.002701 0.003601
0 0.149113 0.657150 0.002701 0.003601
0 0.082755 0.860082 0.003472 0.004115
0 0.069637 0.822016 0.003472 0.003086
0 0.901620 0.735597 0.003086 0.004115
0 0.862461 0.744342 0.003472 0.005144
0 0.788194 0.841307 0.003086 0.004630
0 0.209877 0.679270 0.003086 0.003601
0 0.716242 0.599280 0.003472 0.003086
0 0.138696 0.436214 0.005787 0.006173
0 0.471644 0.647377 0.003472 0.004630
0 0.133488 0.282922 0.003086 0.003086
0 0.908951 0.970422 0.003858 0.004630
0 0.682099 0.912037 0.003086 0.004115
0 0.003858 0.773920 0.003086 0.004630
0 0.161844 0.493570 0.002701 0.003601
0 0.033951 0.585134 0.003086 0.003601
0 0.103202 0.682099 0.002701 0.004115
0 0.079282 0.827160 0.002701 0.004115
0 0.194637 0.426440 0.005787 0.005144
0 0.693480 0.960905 0.003472 0.005144
0 0.514275 0.650977 0.003086 0.004630
0 0.997106 0.221708 0.003472 0.006173
0 0.042245 0.779064 0.003472 0.003601
0 0.397762 0.424383 0.003086 0.004115
0 0.633295 0.434671 0.003472 0.004115
0 0.229360 0.282150 0.003472 0.005658
0 0.080440 0.845165 0.003472 0.004115
0 0.217207 0.532665 0.003086 0.004630
0 0.019869 0.869342 0.004244 0.004115
0 0.194444 0.263117 0.003858 0.007716
0 0.517747 0.254630 0.006944 0.008230
0 0.884838 0.967335 0.003472 0.004630
0 0.615548 0.966307 0.003472 0.005658
0 0.239776 0.429012 0.003472 0.004115
0 0.011574 0.961163 0.003086 0.003601
0 0.879051 0.444702 0.001929 0.003601
0 0.586420 0.892747 0.003086 0.003601
0 0.204090 0.398920 0.003086 0.004630
0 0.276620 0.411265 0.003858 0.004630
0 0.412230 0.761060 0.002701 0.003601
0 0.483025 0.361626 0.003086 0.004115
0 0.148920 0.965021 0.003086 0.004115
0 0.106481 0.497942 0.003086 0.004115
0 0.127508 0.933128 0.003472 0.004115
0 0.121721 0.857767 0.003472 0.003601
0 0.019097 0.577932 0.002701 0.003601
0 0.717014 0.609825 0.002701 0.003601
0 0.327739 0.511317 0.004244 0.005144
0 0.764082 0.664352 0.003472 0.004630
0 0.436343 0.682099 0.003086 0.004115
0 0.798225 0.517233 0.003086 0.004630
0 0.582948 0.832047 0.003858 0.004630
0 0.107060 0.907407 0.003472 0.004115
0 0.984182 0.898920 0.003086 0.004630
0 0.920139 0.905093 0.003858 0.004630
0 0.250193 0.799640 0.003472 0.004630
0 0.176698 0.572016 0.003086 0.004115
0 0.239583 0.448045 0.003086 0.004115
0 0.211034 0.842078 0.003086 0.004115
0 0.121721 0.616512 0.005787 0.007716
0 0.338156 0.664866 0.003472 0.004630
0 0.311343 0.438786 0.003086 0.004115
0 0.404900 0.771605 0.003472 0.005144
0 0.077546 0.378086 0.003858 0.005144
0 0.342207 0.487654 0.003086 0.004115
0 0.372685 0.629115 0.003086 0.004115
0 0.531829 0.234311 0.004244 0.005658
0 0.363040 0.624743 0.003858 0.004630
0 0.969329 0.971708 0.003472 0.004115
0 0.023920 0.864969 0.003086 0.004630
0 0.697145 0.396348 0.003858 0.004630
0 0.428819 0.338735 0.002701 0.003601
0 0.402392 0.758745 0.003086 0.004115
0 0.320023 0.420010 0.003472 0.004630
0 0.543789 0.467335 0.002701 0.003601
0 0.183063 0.344650 0.004244 0.005144
0 0.391011 0.234053 0.003472 0.005144
0 0.364969 0.854938 0.003086 0.004115
0 0.538966 0.495370 0.003858 0.005144
0 0.692515 0.426698 0.002315 0.003601
0 0.185185 0.967078 0.003086 0.004115
0 0.792245 0.856996 0.003472 0.005144
0 0.518326 0.911780 0.002701 0.003601
0 0.257909 0.702160 0.003472 0.004115
0 0.907407 0.552469 0.006173 0.005144
0 0.060764 0.277521 0.003472 0.005658
0 0.078897 0.491512 0.003472 0.003601
0 0.793017 0.889918 0.004244 0.006173
0 0.884066 0.542181 0.004244 0.006173
0 0.774306 0.774177 0.003086 0.004115
0 0.378858 0.594650 0.003086 0.004115
