0 0.978202 0.297582 0.004244 0.005658
0 0.531636 0.059928 0.004630 0.007716
0 0.135610 0.463220 0.003472 0.005658
0 0.907793 0.319444 0.003858 0.005144
0 0.400849 0.069702 0.004630 0.005658
0 0.990162 0.128344 0.003472 0.004630
0 0.804398 0.156379 0.003086 0.005144
0 0.791088 0.162037 0.003472 0.005144
0 0.741705 0.197531 0.004244 0.005144
0 0.387346 0.221193 0.004630 0.006173
0 0.712577 0.277006 0.003858 0.004630
0 0.369599 0.277006 0.003858 0.004630
0 0.967207 0.181327 0.003086 0.004630
0 0.085648 0.196759 0.003086 0.004630
0 0.798804 0.211934 0.003472 0.004115
0 0.798032 0.058385 0.003472 0.005658
0 0.337770 0.172840 0.003472 0.004115
0 0.416281 0.330247 0.003858 0.005144
0 0.023920 0.746656 0.003858 0.004630
0 0.581404 0.118827 0.003086 0.005144
0 0.989776 0.306070 0.003472 0.005144
0 0.930941 0.447788 0.003858 0.004630
0 0.813465 0.210134 0.003472 0.003601
0 0.982446 0.033179 0.003472 0.004630
0 0.790316 0.641461 0.003472 0.004115
0 0.096836 0.758745 0.004630 0.005144
0 0.051505 0.225566 0.005787 0.008745
0 0.250965 0.252058 0.003472 0.005144
0 0.960648 0.362654 0.003858 0.005144
0 0.826196 0.619084 0.004244 0.005658
0 0.221644 0.123971 0.004244 0.005144
0 0.867091 0.154835 0.002701 0.005144
0 0.372685 0.514403 0.006173 0.005144
0 0.856867 0.413066 0.003858 0.005144
0 0.363426 0.194959 0.003858 0.005144
0 0.794367 0.027778 0.003086 0.005144
0 0.135417 0.567130 0.003086 0.005658
0 0.397569 0.469136 0.003472 0.004115
0 0.824074 0.421296 0.003858 0.005144
0 0.350116 0.334877 0.003472 0.005144
0 0.842400 0.335905 0.003472 0.005144
0 0.204668 0.256173 0.003472 0.005144
0 0.943480 0.183899 0.003472 0.004630
0 0.198881 0.496142 0.003472 0.004630
0 0.938272 0.631944 0.003858 0.005658
0 0.276620 0.436214 0.003858 0.005144
0 0.238040 0.393004 0.003086 0.005144
0 0.595679 0.361626 0.003858 0.005144
0 0.853781 0.690329 0.003858 0.005144
0 0.798225 0.230195 0.003086 0.004630
0 0.138117 0.526235 0.003858 0.005144
0 0.288966 0.323560 0.003858 0.004115
0 0.401427 0.023663 0.003472 0.005144
0 0.830247 0.108282 0.003858 0.005658
0 0.856674 0.387860 0.004244 0.005144
0 0.806520 0.028549 0.004244 0.004630
0 0.729360 0.451132 0.006559 0.006173
0 0.761381 0.358796 0.003472 0.004630
0 0.862654 0.269805 0.003858 0.004630
0 0.159529 0.506687 0.002701 0.004115
0 0.794367 0.242027 0.003086 0.003601
0 0.972608 0.755658 0.006944 0.008230
0 0.102431 0.554270 0.003472 0.004630
0 0.735340 0.350051 0.003858 0.004630
0 0.778164 0.057870 0.003086 0.004630
0 0.463542 0.326389 0.003472 0.004630
0 0.503472 0.058642 0.003858 0.005144
0 0.817901 0.235340 0.003858 0.005658
0 0.630594 0.244599 0.006559 0.007716
0 0.903742 0.191358 0.003472 0.005144
0 0.793403 0.265175 0.003472 0.004630
0 0.433642 0.055298 0.003858 0.004630
0 0.946181 0.136317 0.003472 0.005144
0 0.542631 0.371399 0.003472 0.005144
0 0.925347 0.156636 0.003472 0.004630
0 0.971258 0.314300 0.003472 0.005144
0 0.364005 0.298868 0.004244 0.006173
0 0.183063 0.576903 0.006559 0.007716
0 0.932485 0.373971 0.003858 0.005144
0 0.891782 0.134259 0.003472 0.005144
0 0.478009 0.355967 0.003858 0.005144
0 0.440586 0.295267 0.003858 0.004115
0 0.241319 0.191872 0.003472 0.005144
0 0.400270 0.196502 0.004244 0.005144
0 0.911073 0.120628 0.003472 0.004630
0 0.367863 0.134002 0.003472 0.004630
0 0.471258 0.132973 0.003472 0.004630
0 0.823302 0.265947 0.003086 0.005144
0 0.379823 0.327160 0.003472 0.005144
0 0.336613 0.135288 0.003472 0.005144
0 0.977816 0.163066 0.003472 0.005144
0 0.763117 0.065072 0.003858 0.005658
0 0.250772 0.138889 0.003858 0.005144
0 0.158565 0.064558 0.003858 0.004630
0 0.821373 0.152006 0.003086 0.004630
0 0.433835 0.330247 0.003472 0.005144
0 0.955054 0.378601 0.004244 0.005144
0 0.126543 0.575874 0.004630 0.005658
0 0.782215 0.024434 0.003472 0.004630
0 0.084877 0.355453 0.003858 0.005144
0 0.157600 0.441101 0.003472 0.004630
0 0.009645 0.317644 0.003858 0.005658
0 0.908565 0.564043 0.003858 0.005658
0 0.944252 0.390947 0.003472 0.005144
0 0.596644 0.243827 0.003472 0.005144
0 0.821566 0.214763 0.003472 0.004630
0 0.451389 0.065586 0.003086 0.004630
0 0.955440 0.252058 0.005787 0.006173
0 0.167052 0.063272 0.003086 0.004115
0 0.568094 0.037294 0.004244 0.004630
0 0.505594 0.046296 0.002701 0.004115
0 0.271798 0.299126 0.003472 0.005658
0 0.941165 0.533179 0.005787 0.008745
0 0.713156 0.245370 0.003472 0.004115
0 0.353395 0.165381 0.003858 0.004630
0 0.991127 0.215021 0.003086 0.005144
0 0.987847 0.169496 0.003472 0.004630
0 0.161073 0.406379 0.003472 0.004115
0 0.853009 0.073045 0.003858 0.004115
0 0.779900 0.100309 0.003472 0.004115
0 0.940779 0.213735 0.003472 0.004630
0 0.802662 0.491255 0.005787 0.008230
0 0.112076 0.526749 0.003472 0.005144
0 0.092014 0.429012 0.006559 0.006173
0 0.957369 0.485082 0.003472 0.005144
0 0.992670 0.051183 0.003086 0.003601
0 0.981674 0.012088 0.005787 0.007716
0 0.286458 0.150720 0.003472 0.005144
0 0.620756 0.201903 0.003086 0.004630
0 0.950231 0.463735 0.003858 0.005658
0 0.129630 0.206790 0.003858 0.005144
0 0.984954 0.147377 0.003858 0.004630
0 0.474151 0.267233 0.006173 0.008745
0 0.980903 0.185185 0.002701 0.004115
0 0.081019 0.668210 0.004630 0.008230
0 0.884645 0.064558 0.003858 0.004630
0 0.696181 0.394033 0.003472 0.004115
0 0.653935 0.173611 0.003086 0.004630
0 0.439815 0.485597 0.006173 0.008230
0 0.875965 0.126029 0.004244 0.004115
0 0.948688 0.147634 0.003086 0.005144
0 0.856674 0.173611 0.003472 0.004630
0 0.896026 0.247171 0.003472 0.004630
0 0.281443 0.486883 0.004244 0.005658
0 0.044560 0.781893 0.004244 0.005144
0 0.442130 0.263889 0.003858 0.005144
0 0.238619 0.242027 0.004244 0.007716
0 0.078511 0.618570 0.004244 0.004630
0 0.630208 0.424640 0.004244 0.007716
0 0.895833 0.277263 0.003858 0.005144
0 0.535301 0.184156 0.002701 0.005144
0 0.975887 0.451132 0.002701 0.005144
0 0.791474 0.354938 0.003472 0.005144
0 0.955633 0.346193 0.003858 0.005144
0 0.853009 0.161523 0.003086 0.004115
0 0.199074 0.007716 0.003858 0.004115
0 0.017554 0.332819 0.004244 0.005144
0 0.775849 0.235082 0.003086 0.004115
0 0.521605 0.429270 0.003086 0.004630
0 0.473573 0.018776 0.003472 0.004630
0 0.935185 0.097994 0.003858 0.003601
0 0.744213 0.023148 0.003858 0.005144
0 0.857446 0.332305 0.004244 0.005144
0 0.751736 0.087706 0.003472 0.004630
0 0.784529 0.006687 0.003472 0.004115
0 0.947338 0.101080 0.003472 0.004630
0 0.783951 0.121656 0.003086 0.004630
0 0.924383 0.184928 0.003086 0.004630
0 0.994213 0.290381 0.003858 0.004630
0 0.816358 0.171811 0.003086 0.005144
0 0.771412 0.174640 0.003472 0.003601
0 0.908951 0.777778 0.003858 0.006173
0 0.883873 0.109311 0.003858 0.004630
0 0.037230 0.663837 0.003472 0.005658
0 0.981096 0.117284 0.006173 0.005144
0 0.353588 0.182099 0.003472 0.005144
0 0.646412 0.101852 0.003472 0.004115
0 0.630980 0.390175 0.003472 0.005658
0 0.979552 0.251029 0.003086 0.005144
0 0.674576 0.310442 0.003472 0.004630
0 0.892554 0.161780 0.003472 0.003601
0 0.959105 0.201646 0.003086 0.005144
0 0.400463 0.287809 0.006173 0.005658
0 0.848573 0.230967 0.003472 0.004115
0 0.668596 0.155350 0.003858 0.005144
0 0.989583 0.090021 0.003858 0.004115
0 0.471836 0.395319 0.003858 0.005658
0 0.172454 0.732510 0.003858 0.005144
0 0.245949 0.360854 0.005787 0.007716
0 0.079668 0.784722 0.003472 0.004630
0 0.085262 0.289095 0.003858 0.006173
0 0.541860 0.425154 0.004244 0.008745
0 0.852623 0.183642 0.003858 0.005144
0 0.642940 0.310442 0.003472 0.004630
0 0.440779 0.235854 0.004244 0.005658
0 0.868827 0.345422 0.003858 0.004630
0 0.902585 0.125772 0.003472 0.004630
0 0.306713 0.487140 0.004630 0.006173
0 0.350116 0.474537 0.003472 0.004630
0 0.948495 0.355195 0.004244 0.005658
0 0.795139 0.043981 0.003086 0.003601
0 0.328318 0.059156 0.003858 0.005144
0 0.876350 0.138117 0.003472 0.004630
0 0.579475 0.550926 0.006173 0.005144
0 0.475116 0.150977 0.003472 0.004630
0 0.895255 0.406893 0.004244 0.005144
0 0.836613 0.364712 0.003472 0.005144
0 0.748843 0.160237 0.003086 0.004630
0 0.644483 0.009002 0.006559 0.010802
0 0.936150 0.031379 0.003472 0.005144
0 0.869213 0.300926 0.003086 0.005144
0 0.995370 0.225823 0.003086 0.005144
0 0.159529 0.196502 0.003472 0.005144
0 0.760224 0.200874 0.003472 0.004630
0 0.891782 0.377572 0.003472 0.005144
0 0.026235 0.173611 0.004630 0.007716
0 0.408179 0.288066 0.004630 0.006173
0 0.925540 0.102366 0.002315 0.004115
0 0.424769 0.489198 0.003858 0.005144
0 0.911651 0.168724 0.004630 0.006173
0 0.956404 0.007202 0.003086 0.005144
0 0.996528 0.271605 0.003086 0.004115
0 0.774498 0.143004 0.003472 0.004115
0 0.255787 0.207562 0.003858 0.004630
0 0.517940 0.062757 0.003472 0.004115
0 0.151235 0.311986 0.003858 0.005658
0 0.094522 0.126800 0.003858 0.005658
0 0.762924 0.245370 0.003472 0.005144
0 0.897762 0.659208 0.003086 0.005658
0 0.921103 0.313529 0.003472 0.004630
0 0.653935 0.091307 0.003858 0.004630
0 0.804784 0.278035 0.003858 0.004630
0 0.191551 0.448302 0.003472 0.004630
0 0.957948 0.154835 0.003086 0.004115
0 0.779707 0.570730 0.003858 0.004630
0 0.963927 0.019033 0.003472 0.005144
0 0.682099 0.027521 0.003858 0.004630
0 0.742863 0.044239 0.003472 0.005144
0 0.847801 0.289609 0.003472 0.005144
0 0.362269 0.432099 0.004630 0.008230
0 0.870177 0.116255 0.003472 0.004115
0 0.472994 0.114455 0.003858 0.005658
0 0.153549 0.267233 0.006173 0.007716
0 0.314622 0.305556 0.003472 0.004115
0 0.786844 0.336163 0.003472 0.004630
0 0.556134 0.079733 0.003472 0.005144
0 0.415509 0.269547 0.003858 0.004115
0 0.771605 0.204990 0.003086 0.004630
0 0.124807 0.642233 0.004244 0.005658
0 0.886188 0.260545 0.003858 0.004630
0 0.777971 0.253858 0.006559 0.005658
0 0.584684 0.049126 0.003472 0.003601
0 0.826775 0.234053 0.003858 0.005144
0 0.940586 0.145576 0.003086 0.005144
0 0.484954 0.202160 0.003858 0.005144
0 0.459105 0.407407 0.003858 0.004115
0 0.015239 0.496399 0.004244 0.005144
0 0.361883 0.355967 0.003086 0.004115
0 0.427855 0.245885 0.002315 0.004115
0 0.860147 0.178755 0.003472 0.004630
0 0.208719 0.374486 0.003858 0.005144
0 0.379630 0.097737 0.003858 0.005144
0 0.817130 0.099280 0.003086 0.004115
0 0.825039 0.186728 0.002701 0.004115
0 0.600309 0.392490 0.003086 0.005144
0 0.979552 0.022634 0.003086 0.005144
0 0.294753 0.110082 0.003858 0.004115
0 0.873843 0.266461 0.003858 0.005144
0 0.815201 0.223508 0.003858 0.003601
0 0.204282 0.533179 0.005787 0.007716
0 0.669946 0.101080 0.002701 0.004630
0 0.937307 0.168467 0.003472 0.004630
0 0.920525 0.096708 0.003086 0.004115
0 0.886767 0.321502 0.002701 0.004115
0 0.534722 0.200360 0.003858 0.005658
0 0.818866 0.283179 0.003472 0.004630
0 0.723187 0.080247 0.004244 0.005144
0 0.423804 0.357767 0.002701 0.003601
0 0.647377 0.205247 0.003086 0.005144
0 0.440201 0.112397 0.003086 0.004630
0 0.311535 0.111368 0.003472 0.004630
0 0.260224 0.313272 0.004244 0.005144
0 0.658372 0.209105 0.003472 0.005658
0 0.508102 0.365226 0.003086 0.005144
0 0.836613 0.113426 0.001929 0.004630
0 0.138310 0.478652 0.004244 0.005658
0 0.333526 0.150206 0.003472 0.004115
0 0.427276 0.095165 0.003472 0.004115
0 0.962191 0.030607 0.003086 0.003601
0 0.928627 0.343364 0.003086 0.004630
0 0.660494 0.294496 0.003086 0.004630
0 0.979360 0.604938 0.003472 0.005144
0 0.770833 0.099023 0.003086 0.004630
0 0.546103 0.223765 0.003472 0.005144
0 0.390239 0.256430 0.003472 0.004630
0 0.055748 0.292953 0.003472 0.004630
0 0.988233 0.438272 0.003472 0.005144
0 0.465085 0.023663 0.003472 0.004115
0 0.658372 0.219907 0.003472 0.004630
0 0.014660 0.064815 0.003086 0.004115
0 0.171875 0.587449 0.004244 0.006173
0 0.826775 0.225051 0.003086 0.003601
0 0.581983 0.137088 0.004244 0.004630
0 0.770833 0.122942 0.003858 0.005144
0 0.526813 0.819444 0.005787 0.008230
0 0.457176 0.196759 0.003086 0.004630
0 0.701968 0.017747 0.003472 0.004630
0 0.178241 0.478395 0.003858 0.005144
0 0.514082 0.360340 0.004244 0.007716
0 0.741512 0.497685 0.003858 0.005658
0 0.846644 0.241770 0.002701 0.005144
0 0.076003 0.019547 0.006173 0.008230
0 0.287230 0.264660 0.003472 0.004630
0 0.637346 0.234568 0.004630 0.006173
0 0.187114 0.040123 0.003858 0.005144
0 0.330826 0.238940 0.003472 0.004630
0 0.897184 0.072016 0.003472 0.004115
0 0.840085 0.264918 0.003472 0.005144
0 0.798611 0.178755 0.003858 0.004630
0 0.895062 0.258488 0.003858 0.004630
0 0.729745 0.181842 0.002701 0.004630
0 0.740548 0.105453 0.003472 0.004115
0 0.883102 0.034208 0.003086 0.004630
0 0.949653 0.312757 0.003472 0.005144
0 0.738619 0.015689 0.003472 0.004630
0 0.093171 0.467335 0.003472 0.004630
0 0.814815 0.040381 0.003086 0.005658
0 0.795332 0.393004 0.003472 0.005144
0 0.713542 0.105453 0.004244 0.006173
0 0.190972 0.575360 0.003086 0.004630
0 0.926312 0.332562 0.003858 0.004630
0 0.689622 0.053241 0.003472 0.004630
0 0.842014 0.055813 0.003472 0.004630
0 0.831211 0.456790 0.004244 0.009259
0 0.789738 0.015689 0.003858 0.004630
0 0.842593 0.142747 0.003086 0.004630
0 0.885610 0.045267 0.003472 0.004115
0 0.861497 0.069444 0.003086 0.004115
0 0.867670 0.032150 0.003086 0.004630
0 0.864198 0.015175 0.003086 0.004630
0 0.297261 0.033951 0.003472 0.005144
0 0.458719 0.467593 0.004630 0.006173
0 0.281250 0.183642 0.003858 0.005144
0 0.585455 0.351595 0.003472 0.005658
0 0.902778 0.018776 0.003086 0.004630
0 0.335841 0.202675 0.004244 0.006173
0 0.856867 0.085648 0.003858 0.004630
0 0.856867 0.013889 0.003858 0.005144
0 0.506559 0.330761 0.003086 0.003086
0 0.720679 0.167695 0.003858 0.004115
0 0.912037 0.250257 0.004630 0.005658
0 0.831211 0.647377 0.004244 0.008745
0 0.828704 0.386317 0.003858 0.005144
0 0.457562 0.012860 0.003858 0.004115
0 0.584491 0.423354 0.002315 0.003086
0 0.608025 0.227366 0.003086 0.004115
0 0.881559 0.155350 0.006173 0.008230
0 0.108989 0.581276 0.004244 0.005144
0 0.970486 0.138117 0.004244 0.005658
0 0.743056 0.096451 0.003086 0.004630
0 0.512731 0.135802 0.003858 0.005144
0 0.930941 0.247685 0.003858 0.004630
0 0.885995 0.280607 0.005787 0.007716
0 0.683063 0.167181 0.003472 0.004115
0 0.726659 0.241255 0.002701 0.005144
0 0.842207 0.466564 0.003086 0.004115
0 0.767554 0.076646 0.002701 0.004115
0 0.834105 0.052212 0.003858 0.003601
0 0.898148 0.474794 0.003086 0.004115
0 0.422261 0.372942 0.004244 0.005144
0 0.965471 0.259774 0.003472 0.005144
0 0.953704 0.208076 0.003858 0.004630
0 0.772569 0.331019 0.002701 0.003601
0 0.723958 0.015432 0.003472 0.005144
0 0.846258 0.040895 0.003472 0.004630
0 0.430556 0.088992 0.003858 0.005144
0 0.821181 0.079218 0.002701 0.004115
0 0.861883 0.099280 0.002315 0.005144
0 0.846258 0.020576 0.003472 0.004115
0 0.909915 0.157922 0.003472 0.005144
0 0.746528 0.001800 0.002315 0.003601
0 0.839699 0.671553 0.008873 0.010802
0 0.740548 0.120885 0.002701 0.004115
0 0.195023 0.420267 0.004244 0.004115
0 0.711613 0.398920 0.003472 0.004630
0 0.500386 0.338735 0.003858 0.005658
0 0.425540 0.010545 0.004630 0.007716
0 0.779707 0.337191 0.003086 0.003601
0 0.280093 0.088735 0.003858 0.004630
0 0.696373 0.206276 0.003858 0.004115
0 0.266397 0.066358 0.003472 0.004115
0 0.263889 0.070730 0.003858 0.004630
0 0.253279 0.384774 0.003472 0.004115
0 0.253472 0.390432 0.003858 0.005144
0 0.478974 0.114455 0.003472 0.004630
0 0.423804 0.017490 0.004244 0.006173
0 0.051728 0.263210 0.005679 0.006255
0 0.217037 0.311276 0.004938 0.004938
0 0.214815 0.281481 0.003951 0.006584
0 0.061728 0.321646 0.004444 0.006584
0 0.426794 0.061031 0.004466 0.007656
0 0.420813 0.064009 0.003987 0.005954
0 0.461722 0.083785 0.004785 0.005529
0 0.343301 0.187241 0.002711 0.003615
0 0.343301 0.195322 0.003349 0.006167
0 0.427831 0.254333 0.003349 0.005529
0 0.432376 0.256034 0.003828 0.005954
0 0.305183 0.254333 0.003349 0.004253
0 0.301116 0.255715 0.003828 0.005742
0 0.348565 0.269963 0.004625 0.004891
0 0.349841 0.274960 0.004306 0.004678
0 0.437002 0.276342 0.003509 0.006592
0 0.431898 0.279532 0.004466 0.007868
0 0.418022 0.370760 0.003509 0.006592
0 0.438915 0.376927 0.005104 0.005742
0 0.412281 0.379054 0.003828 0.004466
0 0.403828 0.384902 0.004147 0.004678
0 0.408054 0.382775 0.003030 0.004253
0 0.466348 0.377990 0.003828 0.004466
0 0.465550 0.383200 0.003828 0.005529
0 0.471212 0.379160 0.003668 0.006380
0 0.473285 0.457948 0.003349 0.004040
0 0.472329 0.464859 0.004306 0.008081
0 0.479665 0.463690 0.003030 0.006167
0 0.481100 0.469856 0.004944 0.005316
0 0.101675 0.456871 0.003987 0.004652
0 0.488686 0.498239 0.004984 0.007642
0 0.279231 0.009636 0.004236 0.003987
0 0.323963 0.002658 0.003987 0.005316
0 0.020092 0.165097 0.003427 0.006230
0 0.318045 0.441089 0.003738 0.008307
0 0.017133 0.008307 0.003738 0.005815
0 0.212566 0.622862 0.003837 0.005627
0 0.207770 0.624141 0.004988 0.007162
0 0.015540 0.567098 0.004221 0.007674
0 0.018034 0.573237 0.005372 0.004604
0 0.018417 0.579632 0.005372 0.006139
0 0.698321 0.646139 0.006139 0.008185
0 0.945420 0.587818 0.004604 0.006139
0 0.567305 0.430197 0.005423 0.005529
0 0.565231 0.435938 0.003828 0.004253
0 0.569697 0.436151 0.004466 0.005529
0 0.765710 0.320680 0.004147 0.007656
0 0.789098 0.261926 0.003640 0.004920
0 0.726475 0.262201 0.005423 0.005529
0 0.726156 0.268793 0.004147 0.005954
0 0.529187 0.320893 0.004466 0.005529
0 0.528389 0.335566 0.004785 0.005104
0 0.524880 0.340032 0.002871 0.007230
0 0.410367 0.387241 0.004147 0.005529
0 0.619777 0.347262 0.004466 0.005529
0 0.616587 0.344285 0.003828 0.004678
0 0.632376 0.311324 0.004147 0.004253
0 0.609091 0.298777 0.006061 0.008081
0 0.577352 0.301329 0.003828 0.005529
0 0.573206 0.301116 0.003828 0.005104
0 0.585805 0.271345 0.004785 0.006805
0 0.459392 0.055149 0.002874 0.005200
0 0.463087 0.055833 0.003695 0.007116
0 0.462061 0.062128 0.002874 0.003832
0 0.621053 0.021053 0.004785 0.004253
0 0.547847 0.022541 0.002871 0.004678
0 0.549920 0.088464 0.004147 0.004253
0 0.535965 0.077937 0.004625 0.005742
0 0.536603 0.084423 0.007177 0.004678
0 0.639793 0.019883 0.004306 0.004466
0 0.642823 0.030728 0.003668 0.005316
0 0.656619 0.016906 0.003509 0.005742
0 0.680223 0.036045 0.005104 0.005316
0 0.685566 0.032961 0.004944 0.005104
0 0.714673 0.035300 0.004466 0.004678
0 0.712201 0.040617 0.004306 0.005529
0 0.728469 0.012547 0.003349 0.005104
0 0.742105 0.001914 0.002552 0.003828
0 0.767464 0.001595 0.002871 0.003190
0 0.753907 0.008612 0.004466 0.006167
0 0.759490 0.034769 0.003828 0.005742
0 0.765869 0.031579 0.004147 0.004040
0 0.766108 0.038065 0.005582 0.006805
0 0.739952 0.061457 0.003349 0.004678
0 0.722727 0.072302 0.003987 0.004678
0 0.727831 0.083147 0.003349 0.003828
0 0.693142 0.103137 0.003509 0.005529
0 0.688437 0.100585 0.002711 0.003828
0 0.675678 0.101967 0.003668 0.004466
0 0.648644 0.225518 0.003509 0.004466
0 0.651914 0.231047 0.005582 0.006167
0 0.670734 0.200638 0.003668 0.004891
0 0.666667 0.203296 0.003190 0.003402
0 0.651914 0.166826 0.003349 0.005742
0 0.590989 0.160340 0.005582 0.005104
0 0.586922 0.162573 0.002871 0.004040
0 0.661882 0.164381 0.003509 0.005104
0 0.667225 0.160659 0.003030 0.004040
0 0.670494 0.164700 0.002871 0.004466
0 0.668979 0.171292 0.003668 0.005742
0 0.702472 0.193939 0.004306 0.004253
0 0.706619 0.186284 0.004306 0.005104
0 0.710925 0.180755 0.003030 0.003402
0 0.712201 0.176077 0.003349 0.002977
0 0.716108 0.175013 0.002871 0.004253
0 0.712679 0.149389 0.003030 0.004891
0 0.709968 0.154492 0.003030 0.005742
0 0.717544 0.148644 0.003190 0.005529
0 0.697767 0.076130 0.003828 0.004678
0 0.701276 0.071451 0.006699 0.003402
0 0.739394 0.127273 0.002552 0.004891
0 0.742743 0.128442 0.003509 0.004253
0 0.747049 0.133971 0.002871 0.004253
0 0.745614 0.123551 0.003190 0.003828
0 0.757416 0.115683 0.003509 0.003402
0 0.759410 0.121425 0.005263 0.003828
0 0.764992 0.120255 0.003349 0.004466
0 0.761643 0.101542 0.003349 0.004891
0 0.765311 0.104625 0.002392 0.003828
0 0.762600 0.107921 0.002392 0.002764
0 0.731978 0.145136 0.002392 0.004466
0 0.733732 0.163424 0.003349 0.004040
0 0.733812 0.157895 0.002871 0.003615
0 0.728150 0.165550 0.002392 0.004891
0 0.771053 0.062945 0.003987 0.004678
0 0.792903 0.084955 0.003349 0.005742
0 0.794099 0.094312 0.003509 0.004891
0 0.798086 0.095162 0.004147 0.004466
0 0.810367 0.052738 0.003190 0.004253
0 0.814115 0.052844 0.003349 0.004466
0 0.804466 0.039234 0.003828 0.004040
0 0.812440 0.013610 0.005423 0.003402
0 0.814992 0.017969 0.006061 0.004891
0 0.820255 0.007018 0.004466 0.005104
0 0.836603 0.018713 0.004306 0.005954
0 0.840271 0.017863 0.002711 0.004253
0 0.825040 0.007868 0.004147 0.005529
0 0.835885 0.029027 0.004147 0.005316
0 0.838038 0.034131 0.003030 0.003615
0 0.839314 0.041680 0.003030 0.004678
0 0.827990 0.063264 0.003349 0.004466
0 0.827831 0.075066 0.003349 0.005954
0 0.813955 0.094205 0.003349 0.005529
0 0.834211 0.118767 0.003668 0.005742
0 0.847767 0.056140 0.003030 0.002977
0 0.852313 0.048379 0.003509 0.003615
0 0.852313 0.054439 0.002233 0.004253
0 0.850957 0.059968 0.002073 0.004253
0 0.852472 0.065178 0.003190 0.004466
0 0.860367 0.076449 0.003668 0.006592
0 0.862201 0.086018 0.003509 0.006592
0 0.859968 0.093780 0.002871 0.004253
0 0.865630 0.098246 0.003349 0.004678
0 0.868022 0.092079 0.002711 0.002552
0 0.870335 0.087507 0.003190 0.002764
0 0.877113 0.086337 0.003349 0.004678
0 0.884928 0.074322 0.004625 0.004891
0 0.890510 0.079638 0.005582 0.004891
0 0.897289 0.084104 0.002871 0.004040
0 0.887002 0.094737 0.003668 0.003615
0 0.889314 0.098884 0.002871 0.003828
0 0.895933 0.091972 0.003668 0.002764
0 0.869458 0.037321 0.003030 0.003190
0 0.858612 0.024030 0.003349 0.003402
0 0.874561 0.031366 0.003030 0.004040
0 0.874003 0.036470 0.002552 0.004040
0 0.878549 0.039979 0.002711 0.003402
0 0.881818 0.042531 0.003190 0.003828
0 0.894498 0.040723 0.003987 0.004040
0 0.897608 0.044551 0.003509 0.003190
0 0.902951 0.046890 0.002711 0.004040
0 0.908134 0.046571 0.005104 0.005104
0 0.919219 0.041467 0.003668 0.002977
0 0.924083 0.044125 0.004466 0.005316
0 0.934530 0.053695 0.005582 0.005742
0 0.940191 0.050186 0.003509 0.004253
0 0.939952 0.055396 0.003030 0.003190
0 0.960287 0.024030 0.002233 0.003828
0 0.921531 0.002446 0.003828 0.004040
0 0.993700 0.003509 0.003987 0.004891
0 0.998166 0.017757 0.003668 0.005316
0 0.997368 0.033068 0.004625 0.006592
0 0.997767 0.041148 0.003190 0.004040
0 0.966986 0.075173 0.002552 0.004891
0 0.962121 0.076236 0.002711 0.004040
0 0.922967 0.072302 0.004147 0.003828
0 0.922010 0.078788 0.003509 0.004040
0 0.914673 0.081340 0.003828 0.004891
0 0.930781 0.084848 0.005104 0.004678
0 0.935247 0.083466 0.001914 0.004466
0 0.931260 0.090165 0.002233 0.003402
0 0.895614 0.064646 0.002711 0.004253
0 0.898644 0.062307 0.002711 0.002977
0 0.875518 0.062307 0.003030 0.002977
0 0.875120 0.068368 0.003190 0.003190
0 0.879346 0.058373 0.002073 0.004466
0 0.952233 0.096970 0.003668 0.003402
0 0.956858 0.096863 0.003349 0.004466
0 0.955263 0.102818 0.003668 0.004466
0 0.929825 0.100053 0.004147 0.005742
0 0.930383 0.125678 0.003030 0.005529
0 0.897448 0.116640 0.005104 0.005316
0 0.889553 0.114514 0.003668 0.004040
0 0.871053 0.136310 0.002392 0.004253
0 0.868341 0.140351 0.002711 0.005104
0 0.869856 0.146411 0.003190 0.003615
0 0.875199 0.148751 0.004625 0.005742
0 0.858453 0.142690 0.003030 0.002977
0 0.851595 0.135566 0.004625 0.003615
0 0.848006 0.145029 0.004466 0.002977
0 0.853748 0.104519 0.002871 0.004466
0 0.850478 0.107283 0.002073 0.004891
0 0.850957 0.116853 0.003030 0.003615
0 0.966986 0.132908 0.004466 0.002977
0 0.933014 0.133333 0.002871 0.004253
0 0.930223 0.138650 0.003030 0.002977
0 0.898804 0.136842 0.003030 0.004040
0 0.982137 0.155768 0.003190 0.005316
0 0.969139 0.164593 0.003668 0.004253
0 0.993062 0.186390 0.004625 0.006167
0 0.846332 0.157363 0.003987 0.003828
0 0.842903 0.159596 0.002871 0.004466
0 0.839394 0.161085 0.002552 0.005316
0 0.836523 0.164700 0.003190 0.004891
0 0.846571 0.180755 0.002871 0.003402
0 0.848724 0.185433 0.002392 0.004678
0 0.840271 0.196598 0.004625 0.007443
0 0.836045 0.190750 0.002552 0.002977
0 0.831100 0.199468 0.002233 0.004678
0 0.834530 0.198086 0.002073 0.003615
0 0.875279 0.191281 0.002233 0.004466
0 0.875917 0.213610 0.003828 0.006592
0 0.869777 0.221053 0.002711 0.004891
0 0.871770 0.226475 0.003509 0.004678
0 0.876156 0.228708 0.003668 0.006167
0 0.873445 0.233705 0.004306 0.005529
0 0.878309 0.222967 0.003828 0.003615
0 0.887002 0.228177 0.004625 0.005529
0 0.892982 0.229984 0.003509 0.006167
0 0.897049 0.237427 0.004306 0.006592
0 0.931340 0.225518 0.003668 0.004040
0 0.932297 0.230941 0.003668 0.005104
0 0.938118 0.237214 0.005104 0.006167
0 0.964753 0.232323 0.003190 0.004040
0 0.968182 0.235407 0.003987 0.004253
0 0.967783 0.222754 0.003828 0.006167
0 0.971292 0.226688 0.003828 0.004678
0 0.793142 0.179479 0.003858 0.005144
0 0.777352 0.207549 0.003858 0.005144
0 0.734928 0.241574 0.003858 0.005144
0 0.622807 0.265603 0.003858 0.005144
0 0.621531 0.271558 0.003858 0.005144
0 0.857735 0.337586 0.003509 0.004891
0 0.825758 0.287826 0.004306 0.004891
0 0.826316 0.294418 0.003828 0.006592
0 0.804625 0.249654 0.003190 0.004678
0 0.811882 0.252100 0.004306 0.004466
0 0.809729 0.261669 0.002552 0.004040
0 0.806858 0.257097 0.002552 0.002977
0 0.852951 0.251781 0.005104 0.005104
0 0.855343 0.258161 0.003190 0.005104
0 0.839314 0.276342 0.002711 0.003615
0 0.834769 0.275492 0.002871 0.004891
0 0.834051 0.215098 0.003349 0.003615
0 0.839952 0.216268 0.003668 0.003828
0 0.807337 0.222648 0.002552 0.004253
0 0.874561 0.302711 0.002711 0.004040
0 0.883174 0.296863 0.004944 0.003402
0 0.883333 0.301754 0.003668 0.003402
0 0.885088 0.271239 0.002711 0.003615
0 0.895136 0.300585 0.003987 0.004466
0 0.901356 0.297820 0.003668 0.004040
0 0.902472 0.303030 0.002711 0.004253
0 0.939234 0.308453 0.004147 0.003615
0 0.941627 0.303668 0.001914 0.003828
0 0.934928 0.336629 0.003190 0.004253
0 0.930303 0.333971 0.002233 0.007018
0 0.923365 0.341733 0.003668 0.004678
0 0.906858 0.352366 0.004466 0.005104
