0 0.715085 0.329218 0.005787 0.009259
0 0.057870 0.237654 0.006173 0.008230
0 0.137731 0.956533 0.006944 0.005658
0 0.769483 0.736626 0.005787 0.009259
0 0.326003 0.847994 0.003858 0.005658
0 0.557870 0.737912 0.004630 0.005658
0 0.244213 0.449846 0.004630 0.009774
0 0.137346 0.977366 0.006173 0.008230
0 0.408758 0.774177 0.005787 0.006173
0 0.520833 0.860082 0.003858 0.005144
0 0.576775 0.693158 0.003858 0.004630
0 0.827160 0.394290 0.003858 0.005658
0 0.852816 0.529064 0.003472 0.004630
0 0.621335 0.350051 0.004244 0.007716
0 0.288002 0.942387 0.003472 0.005144
0 0.271412 0.941615 0.003472 0.004630
0 0.019483 0.991770 0.004244 0.008230
0 0.126543 0.650977 0.007716 0.007716
0 0.134838 0.590792 0.006559 0.007716
0 0.699267 0.818930 0.004244 0.005144
0 0.110532 0.671553 0.004244 0.005658
0 0.072531 0.522119 0.003858 0.005144
0 0.100116 0.451646 0.004244 0.006173
0 0.427662 0.939815 0.004244 0.006173
0 0.978974 0.964249 0.003472 0.004630
0 0.163387 0.831790 0.006559 0.005144
0 0.078318 0.751286 0.003858 0.005658
0 0.843364 0.987912 0.006944 0.007716
0 0.440779 0.845936 0.003472 0.005658
0 0.512924 0.768776 0.004244 0.005658
0 0.434606 0.770062 0.006559 0.008230
0 0.667245 0.978138 0.003472 0.004630
0 0.363619 0.957819 0.005787 0.005144
0 0.492863 0.852109 0.004244 0.007716
0 0.028742 0.653549 0.003472 0.005658
0 0.827353 0.859568 0.004244 0.005144
0 0.182292 0.459105 0.004244 0.005658
0 0.501543 0.894805 0.006173 0.005658
0 0.882716 0.963735 0.004630 0.007716
0 0.611497 0.399434 0.003086 0.005658
0 0.839506 0.406121 0.006173 0.007716
0 0.435764 0.669496 0.003472 0.004630
0 0.845293 0.981481 0.003858 0.005144
0 0.468750 0.705504 0.003858 0.005658
0 0.569637 0.700874 0.003472 0.004630
0 0.487269 0.989455 0.003858 0.004630
0 0.202739 0.651492 0.006559 0.009774
0 0.687114 0.441872 0.003858 0.005144
0 0.568673 0.974023 0.004630 0.005658
0 0.717593 0.912294 0.003086 0.004630
0 0.355903 0.916152 0.004244 0.005144
0 0.071181 0.201132 0.008873 0.013374
0 0.218557 0.976080 0.004244 0.005658
0 0.528164 0.588992 0.003858 0.005144
0 0.163773 0.181842 0.005787 0.008745
0 0.395833 0.827675 0.006173 0.006173
0 0.465664 0.993570 0.003858 0.005658
0 0.169946 0.884516 0.005787 0.007716
0 0.773341 0.925669 0.008873 0.012860
0 0.122878 0.675669 0.005787 0.009774
0 0.573302 0.957819 0.004630 0.006173
0 0.317323 0.971451 0.002701 0.004630
0 0.104745 0.996656 0.003472 0.004630
0 0.178048 0.465792 0.006559 0.007716
0 0.436921 0.291409 0.005787 0.007716
0 0.187886 0.579733 0.003086 0.004115
0 0.968943 0.787294 0.004244 0.003601
0 0.803819 0.573817 0.003472 0.003601
0 0.103781 0.780864 0.006173 0.006173
0 0.594715 0.972222 0.003472 0.004115
0 0.585648 0.954475 0.003858 0.005658
0 0.163966 0.172582 0.006173 0.008745
0 0.159722 0.688272 0.003086 0.005144
0 0.580826 0.930298 0.004244 0.004630
0 0.583912 0.936728 0.004244 0.005144
0 0.570795 0.896862 0.003472 0.004630
0 0.036073 0.320988 0.006559 0.007202
0 0.126929 0.689043 0.004630 0.006687
0 0.119985 0.686471 0.007716 0.006687
0 0.884259 0.925926 0.003858 0.007202
0 0.880015 0.924640 0.004630 0.005658
0 0.835841 0.870370 0.004244 0.009259
0 0.647654 0.841728 0.004938 0.004609
0 0.648272 0.846502 0.005679 0.004938
0 0.645185 0.852922 0.003457 0.005267
0 0.553349 0.976768 0.005263 0.005529
0 0.558692 0.975598 0.004147 0.006167
0 0.579266 0.980808 0.005104 0.006380
0 0.584211 0.982084 0.004785 0.005954
0 0.593939 0.986124 0.004785 0.004253
0 0.595056 0.979745 0.003509 0.004678
0 0.598246 0.977725 0.003509 0.005316
0 0.604067 0.979213 0.003349 0.003615
0 0.607656 0.977937 0.003509 0.004466
0 0.601356 0.983998 0.002711 0.003828
0 0.606699 0.985593 0.003828 0.004040
0 0.604785 0.990165 0.004466 0.004678
0 0.610048 0.993142 0.005104 0.003402
0 0.610606 0.997927 0.002392 0.004040
0 0.616587 0.997395 0.004147 0.003828
0 0.594019 0.938065 0.002711 0.005104
0 0.597129 0.934343 0.002871 0.003615
0 0.597767 0.928814 0.002871 0.005742
0 0.588038 0.927220 0.004785 0.006380
0 0.591946 0.924668 0.004625 0.005529
0 0.590351 0.932004 0.003987 0.004466
0 0.588517 0.896810 0.004466 0.005104
0 0.568979 0.955396 0.003987 0.005742
0 0.580691 0.961169 0.002963 0.004214
0 0.577432 0.964066 0.003951 0.004741
