0 0.105909 0.398561 0.009543 0.012528
0 0.184698 0.161948 0.009183 0.011809
0 0.005132 0.647898 0.009156 0.011805
0 0.028000 0.504286 0.009476 0.012270
0 0.477937 0.472606 0.009476 0.012698
0 0.036866 0.505657 0.008474 0.012426
0 0.083009 0.409875 0.008973 0.011527
0 0.174690 0.691536 0.009788 0.012140
0 0.099168 0.463271 0.010142 0.013064
0 0.060060 0.984988 0.008900 0.011610
0 0.321623 0.386248 0.009833 0.012782
0 0.435657 0.037730 0.009341 0.011874
0 0.447614 0.605842 0.010253 0.013705
0 0.004979 0.629999 0.009119 0.012711
0 0.199913 0.984592 0.009246 0.011831
0 0.021230 0.900789 0.008849 0.011776
0 0.155789 0.325353 0.008719 0.011486
0 0.145728 0.445580 0.009679 0.013002
0 0.540084 0.223775 0.010681 0.014458
0 0.037057 0.723976 0.009727 0.012305
0 0.084284 0.815146 0.009197 0.011607
0 0.610375 0.689252 0.010402 0.014024
0 0.349514 0.214115 0.010452 0.013644
0 0.449715 0.329744 0.009344 0.012440
0 0.024444 0.340790 0.009475 0.012338
0 0.067843 0.775554 0.008700 0.013079
0 0.036841 0.568841 0.009237 0.012322
0 0.588520 0.470968 0.010780 0.014061
0 0.402927 0.630741 0.009235 0.011724
0 0.558317 0.985231 0.009744 0.012859
0 0.646145 0.201005 0.011536 0.015083
0 0.090765 0.722189 0.009677 0.013079
0 0.472956 0.677986 0.008685 0.012076
0 0.142260 0.495453 0.008673 0.010976
0 0.488243 0.992292 0.009395 0.011904
0 0.212148 0.959259 0.009530 0.012347
0 0.097369 0.710172 0.009068 0.012233
0 0.552623 0.972694 0.009860 0.012891
0 0.396533 0.620162 0.009587 0.011939
0 0.222724 0.680796 0.009293 0.011217
0 0.130221 0.837399 0.009424 0.012366
0 0.378057 0.481942 0.009098 0.013255
0 0.317435 0.448804 0.009470 0.012713
0 0.244434 0.941340 0.009226 0.012256
0 0.239881 0.964157 0.008839 0.012636
0 0.500894 0.846122 0.009821 0.012809
0 0.181533 0.981475 0.009795 0.013027
0 0.086955 0.885856 0.010396 0.013113
0 0.059202 0.506736 0.009551 0.011983
0 0.068247 0.700436 0.009409 0.012282
0 0.499495 0.879400 0.009858 0.012835
0 0.180648 0.889704 0.009423 0.012161
0 0.419790 0.973300 0.009122 0.012266
0 0.097989 0.991715 0.009411 0.011944
0 0.048406 0.683248 0.008955 0.011970
0 0.403696 0.680616 0.009165 0.012177
0 0.055457 0.202391 0.010072 0.014290
0 0.180801 0.680662 0.009929 0.013600
0 0.161493 0.256440 0.008860 0.010565
0 0.167121 0.067254 0.010781 0.014143
0 0.717366 0.754296 0.009455 0.010969
0 0.435813 0.772759 0.010148 0.012721
0 0.176682 0.730766 0.008525 0.011606
0 0.387334 0.511420 0.009568 0.012244
0 0.091398 0.950239 0.009055 0.010835
0 0.120652 0.507459 0.009193 0.012350
0 0.147536 0.731718 0.009862 0.012343
0 0.118043 0.579269 0.008732 0.010933
0 0.324068 0.743600 0.008664 0.012036
0 0.181886 0.408646 0.009723 0.013083
0 0.655322 0.383674 0.011382 0.014423
0 0.183195 0.523637 0.008828 0.011015
0 0.052840 0.486865 0.009248 0.011877
0 0.231935 0.963757 0.009157 0.013491
0 0.333260 0.512805 0.008372 0.011031
0 0.552822 0.866480 0.010111 0.013457
0 0.505203 0.690403 0.008932 0.012077
0 0.123266 0.465237 0.009817 0.012431
0 0.435793 0.721847 0.008202 0.010354
0 0.056177 0.665395 0.010067 0.013714
0 0.111741 0.442120 0.010230 0.013828
0 0.148548 0.505697 0.009468 0.012387
0 0.134060 0.696280 0.009614 0.013029
0 0.329269 0.472483 0.010286 0.013746
0 0.238965 0.637594 0.009263 0.011199
0 0.223658 0.546586 0.007201 0.010605
0 0.239430 0.881044 0.008046 0.011383
0 0.082523 0.400370 0.009348 0.010954
0 0.318470 0.693317 0.009493 0.012024
0 0.385475 0.293996 0.009456 0.013139
0 0.544390 0.668119 0.010023 0.013023
0 0.126859 0.817707 0.008829 0.012102
0 0.189998 0.531604 0.009441 0.012686
0 0.572312 0.675038 0.008742 0.011688
0 0.573400 0.436533 0.009440 0.013515
0 0.393937 0.320774 0.010418 0.013445
0 0.261908 0.326091 0.009718 0.011511
0 0.163022 0.449583 0.009851 0.013083
0 0.062972 0.803662 0.009180 0.012556
0 0.345826 0.278794 0.010525 0.014217
0 0.085491 0.735262 0.010020 0.013012
0 0.385929 0.629188 0.008583 0.011222
0 0.555224 0.767248 0.012242 0.016499
0 0.105994 0.669266 0.008792 0.011396
0 0.250805 0.422967 0.009875 0.012618
0 0.254519 0.670785 0.008651 0.011484
0 0.401964 0.480650 0.011384 0.015092
0 0.165587 0.410100 0.010005 0.014071
0 0.168677 0.950017 0.007831 0.010885
0 0.431485 0.414114 0.008967 0.011914
0 0.123388 0.950345 0.009782 0.012270
0 0.318713 0.766751 0.009815 0.012108
0 0.232136 0.782625 0.009208 0.011799
0 0.382079 0.971243 0.009602 0.012810
0 0.215621 0.670903 0.009285 0.011909
0 0.295467 0.513579 0.008232 0.011491
0 0.205248 0.452734 0.009071 0.011786
0 0.446133 0.214995 0.009932 0.013401
0 0.004265 0.201063 0.007666 0.009990
0 0.120900 0.820170 0.008352 0.010478
0 0.211727 0.847944 0.008440 0.012357
0 0.188191 0.919965 0.009131 0.011610
0 0.214816 0.928207 0.008764 0.011512
0 0.065948 0.180794 0.010071 0.013145
0 0.224392 0.906969 0.009866 0.012853
0 0.434922 0.692896 0.008483 0.012000
0 0.020472 0.669439 0.007871 0.010164
0 0.368992 0.522984 0.009437 0.012718
0 0.355559 0.633394 0.008775 0.010288
0 0.161102 0.951967 0.008690 0.013154
0 0.245821 0.825401 0.009722 0.012241
0 0.111462 0.460277 0.011355 0.014406
0 0.021648 0.919820 0.009748 0.012130
0 0.206475 0.647571 0.009000 0.012170
0 0.304252 0.513329 0.010292 0.013317
0 0.024128 0.727783 0.009348 0.012818
0 0.418790 0.679910 0.009239 0.011684
0 0.241638 0.462699 0.009290 0.011937
0 0.287956 0.673649 0.010255 0.013288
0 0.307414 0.253579 0.008772 0.012498
0 0.267486 0.540277 0.008932 0.011692
0 0.550072 0.650522 0.008938 0.011424
0 0.392152 0.993663 0.007699 0.010543
0 0.005863 0.706205 0.010963 0.016481
0 0.003694 0.317566 0.007389 0.011207
0 0.459631 0.719727 0.010397 0.012592
0 0.263044 0.535483 0.008435 0.011225
0 0.659084 0.922684 0.007496 0.010671
0 0.153957 0.890188 0.010480 0.013350
0 0.332589 0.501800 0.008780 0.011328
0 0.375012 0.482787 0.010179 0.013436
0 0.407301 0.969366 0.009969 0.012686
0 0.087624 0.988576 0.010025 0.013336
0 0.254688 0.482012 0.009380 0.012028
0 0.004591 0.363014 0.008272 0.011510
0 0.217488 0.991940 0.009590 0.012183
0 0.009226 0.271703 0.009896 0.012457
0 0.303849 0.255287 0.009509 0.011717
0 0.003480 0.685961 0.006961 0.011044
0 0.180671 0.903990 0.008640 0.010679
0 0.255773 0.826149 0.008861 0.011391
0 0.135255 0.226738 0.009143 0.012242
0 0.622215 0.472303 0.010577 0.014432
0 0.216035 0.743203 0.009666 0.012359
0 0.090761 0.654240 0.009120 0.011796
0 0.195816 0.794289 0.009538 0.011838
0 0.307344 0.941539 0.010073 0.012371
0 0.094831 0.958275 0.009407 0.012130
0 0.246389 0.576003 0.007450 0.010960
0 0.493162 0.523241 0.008322 0.010760
0 0.566378 0.666389 0.008990 0.011400
0 0.339152 0.544476 0.008339 0.011823
0 0.235922 0.813203 0.009696 0.012492
0 0.230720 0.556596 0.008813 0.010569
0 0.069307 0.251243 0.009703 0.012069
0 0.169883 0.966432 0.009490 0.011427
0 0.513490 0.767947 0.008705 0.010867
0 0.339335 0.924074 0.009316 0.011755
0 0.206186 0.580682 0.009497 0.013235
0 0.036321 0.222263 0.010625 0.014450
0 0.235253 0.829172 0.008771 0.013802
0 0.617777 0.632000 0.010125 0.013231
0 0.182788 0.564866 0.008073 0.010158
0 0.538150 0.849238 0.010729 0.013983
0 0.094797 0.874689 0.009024 0.013468
0 0.201168 0.386918 0.009114 0.011760
0 0.149998 0.558803 0.009089 0.012549
0 0.172805 0.929277 0.009084 0.011919
0 0.328472 0.694798 0.009057 0.011948
0 0.472633 0.923287 0.008773 0.011659
0 0.202252 0.627177 0.009488 0.011854
0 0.422451 0.944446 0.008134 0.010616
0 0.395852 0.891706 0.009249 0.011512
0 0.396869 0.795078 0.010360 0.012816
0 0.048605 0.179402 0.009706 0.012873
0 0.083140 0.442031 0.008891 0.011177
0 0.331030 0.920211 0.008992 0.011839
0 0.075160 0.226118 0.008271 0.011052
0 0.159083 0.766572 0.008523 0.011625
0 0.183830 0.879434 0.008692 0.011229
0 0.183960 0.827643 0.009283 0.011903
0 0.355715 0.775739 0.009928 0.013264
0 0.185015 0.719703 0.008583 0.011684
0 0.213928 0.443097 0.008890 0.011957
0 0.395412 0.264703 0.008427 0.010498
0 0.489687 0.752980 0.009087 0.012100
0 0.578499 0.422382 0.008487 0.010452
0 0.287188 0.806469 0.008389 0.011817
0 0.432246 0.838904 0.010202 0.012373
0 0.386683 0.290477 0.009357 0.012469
0 0.025587 0.831105 0.008987 0.011955
0 0.119422 0.588898 0.008201 0.009580
0 0.203651 0.848852 0.009028 0.013406
0 0.181282 0.845904 0.009678 0.012328
0 0.329428 0.710386 0.009513 0.012968
0 0.444151 0.636048 0.008539 0.012004
0 0.143135 0.674550 0.008736 0.011184
0 0.528120 0.693338 0.008364 0.009973
0 0.294362 0.109644 0.010154 0.013322
0 0.300976 0.542595 0.009927 0.013296
0 0.009511 0.819709 0.010577 0.013266
0 0.218406 0.545491 0.008574 0.011294
0 0.182586 0.784539 0.007692 0.010973
0 0.256458 0.956827 0.010437 0.013316
0 0.256671 0.658897 0.009520 0.011369
0 0.575503 0.367041 0.008224 0.012216
0 0.289826 0.538463 0.009786 0.012927
0 0.219847 0.842472 0.008741 0.012173
0 0.231377 0.801122 0.008685 0.011309
0 0.145353 0.638757 0.007924 0.010813
0 0.269423 0.860509 0.008017 0.010433
0 0.469883 0.734902 0.009692 0.013400
0 0.434401 0.791732 0.009216 0.012698
0 0.110373 0.984133 0.008435 0.011145
0 0.569058 0.695537 0.010023 0.010962
0 0.429058 0.878609 0.009719 0.012594
0 0.227031 0.590808 0.008008 0.009601
0 0.504515 0.774694 0.009160 0.012063
0 0.231286 0.946820 0.010098 0.012635
0 0.138681 0.670460 0.008601 0.011629
0 0.051741 0.230950 0.011937 0.016270
0 0.133156 0.776526 0.008880 0.013584
0 0.237939 0.994762 0.008108 0.008678
0 0.264805 0.972265 0.008721 0.011858
0 0.089994 0.332980 0.008837 0.011499
0 0.143992 0.570560 0.010174 0.014672
0 0.299051 0.928536 0.008930 0.011498
0 0.250673 0.786330 0.008103 0.011129
0 0.373336 0.706312 0.009433 0.012375
0 0.469966 0.988256 0.009548 0.013024
0 0.292520 0.658075 0.008005 0.010513
0 0.401035 0.696570 0.010517 0.015033
0 0.403023 0.819797 0.008503 0.010693
0 0.067653 0.233925 0.008651 0.013260
0 0.050848 0.720079 0.008742 0.012018
0 0.359998 0.745882 0.010366 0.014555
0 0.364954 0.639200 0.010181 0.013364
0 0.032212 0.943395 0.010517 0.014323
0 0.269648 0.647900 0.008084 0.010942
0 0.518905 0.711197 0.009039 0.012338
0 0.783831 0.913317 0.010297 0.013262
0 0.392068 0.588256 0.009318 0.011725
0 0.073845 0.654029 0.009406 0.012352
0 0.122994 0.809632 0.008795 0.010389
0 0.510730 0.782559 0.008353 0.011308
0 0.524883 0.820226 0.008632 0.011460
0 0.409566 0.762783 0.007991 0.009733
0 0.380094 0.933047 0.008126 0.011638
0 0.316284 0.911590 0.008386 0.011010
0 0.305823 0.633829 0.009199 0.011965
0 0.211889 0.908068 0.008514 0.012219
0 0.432849 0.974601 0.010023 0.013238
0 0.406917 0.656909 0.010060 0.013400
0 0.305972 0.801700 0.008135 0.012021
0 0.149667 0.938199 0.008449 0.011661
0 0.159274 0.266171 0.008296 0.010551
0 0.165490 0.542471 0.009706 0.012584
0 0.059229 0.720336 0.009231 0.012993
0 0.394951 0.256555 0.008459 0.009832
0 0.406946 0.776818 0.009201 0.012518
0 0.041480 0.347285 0.009416 0.013137
0 0.416724 0.950470 0.008189 0.010917
0 0.427005 0.958295 0.009665 0.012861
0 0.185099 0.808148 0.009447 0.012091
0 0.168946 0.796697 0.007934 0.011824
0 0.399336 0.989352 0.008857 0.012498
0 0.374174 0.783478 0.009222 0.012224
0 0.293239 0.858905 0.008437 0.010214
0 0.180102 0.799705 0.008070 0.009674
0 0.332496 0.546037 0.008254 0.011190
0 0.038222 0.144372 0.008581 0.011255
0 0.347035 0.599006 0.008676 0.012114
0 0.051367 0.188151 0.005798 0.010204
0 0.040699 0.205467 0.006261 0.011441
0 0.049280 0.209177 0.006261 0.006493
0 0.044062 0.212578 0.004638 0.007112
0 0.045105 0.229276 0.008580 0.013914
0 0.027481 0.224019 0.007653 0.010822
0 0.020060 0.225720 0.006261 0.012987
0 0.115488 0.090442 0.007421 0.008967
0 0.116068 0.096008 0.006725 0.004638
0 0.113749 0.100955 0.005798 0.006493
0 0.312606 0.230512 0.004638 0.007730
0 0.419057 0.362833 0.006885 0.009663
0 0.394055 0.366215 0.009059 0.010629
0 0.445146 0.366939 0.012682 0.012078
0 0.478301 0.160883 0.009421 0.015460
0 0.352929 0.174169 0.009421 0.012078
0 0.345319 0.172720 0.008696 0.014011
0 0.303830 0.120783 0.007609 0.011595
0 0.036177 0.351257 0.006493 0.010513
0 0.102617 0.520083 0.007189 0.009895
0 0.085920 0.536161 0.009044 0.011750
0 0.091950 0.532296 0.005798 0.010822
0 0.095892 0.538326 0.005798 0.006803
0 0.160245 0.544510 0.006493 0.009276
0 0.187494 0.555796 0.010436 0.008349
0 0.201640 0.560743 0.011363 0.013296
0 0.162680 0.576513 0.009044 0.010204
0 0.165231 0.585789 0.008117 0.008349
0 0.166275 0.593364 0.006957 0.009895
0 0.157926 0.583934 0.006957 0.010822
0 0.150737 0.580223 0.004174 0.010204
0 0.131837 0.581460 0.006261 0.007730
0 0.127315 0.584088 0.005102 0.006803
0 0.130562 0.588263 0.005566 0.007112
0 0.126967 0.592901 0.005334 0.007730
0 0.130214 0.600167 0.004870 0.007421
0 0.138215 0.598930 0.007885 0.007421
0 0.065397 0.623203 0.007885 0.012677
0 0.059599 0.625831 0.005566 0.012368
0 0.022611 0.660307 0.008580 0.008349
0 0.087080 0.674685 0.008580 0.010513
0 0.117111 0.631087 0.010204 0.009276
0 0.132069 0.639281 0.008580 0.008349
0 0.144476 0.626604 0.006493 0.008967
0 0.148650 0.633716 0.006029 0.007730
0 0.155955 0.651031 0.006725 0.008349
0 0.161405 0.652732 0.004638 0.009895
0 0.165231 0.648094 0.005798 0.008039
0 0.180537 0.658452 0.008117 0.011441
0 0.189118 0.696020 0.009044 0.009895
0 0.183552 0.643610 0.008580 0.010204
0 0.212076 0.611144 0.008117 0.007730
0 0.217062 0.604341 0.006493 0.008967
0 0.201756 0.592746 0.006493 0.010513
0 0.193756 0.590427 0.006725 0.008349
0 0.185871 0.598466 0.005798 0.008967
0 0.189929 0.598775 0.004638 0.007112
0 0.195495 0.605269 0.006957 0.007112
0 0.198162 0.616091 0.008117 0.007112
0 0.250456 0.622739 0.011241 0.012860
0 0.269936 0.613154 0.011241 0.012860
0 0.275965 0.571102 0.011241 0.012860
0 0.265762 0.579759 0.011241 0.012860
0 0.300779 0.580996 0.006957 0.007421
0 0.307157 0.582697 0.006261 0.008349
0 0.302055 0.587644 0.006261 0.007730
0 0.322230 0.634798 0.007189 0.011750
0 0.316665 0.634952 0.004406 0.008349
0 0.314230 0.641910 0.007421 0.008658
0 0.297069 0.662626 0.006957 0.008039
0 0.275038 0.640673 0.006957 0.009895
0 0.251616 0.643301 0.008349 0.010822
0 0.200017 0.679169 0.010899 0.010204
0 0.197698 0.688136 0.006261 0.008349
0 0.206278 0.686744 0.009044 0.013605
0 0.233643 0.693392 0.009044 0.008349
0 0.231556 0.699267 0.009508 0.007112
0 0.239093 0.702668 0.007421 0.006493
0 0.233991 0.706997 0.006957 0.007112
0 0.239441 0.685662 0.005334 0.010204
0 0.242571 0.681488 0.005566 0.006184
0 0.246514 0.685817 0.006493 0.008658
0 0.243615 0.674376 0.005334 0.007421
0 0.247325 0.670202 0.004870 0.007112
0 0.277009 0.684271 0.006261 0.009276
0 0.280140 0.705606 0.007421 0.012368
0 0.290112 0.716119 0.006493 0.009276
0 0.298112 0.716892 0.007189 0.008967
0 0.299040 0.740237 0.007653 0.011131
0 0.297301 0.750750 0.007885 0.008039
0 0.299388 0.758944 0.006957 0.008967
0 0.276777 0.731734 0.006725 0.008967
0 0.270400 0.728023 0.006957 0.010204
0 0.262283 0.724777 0.006957 0.007421
0 0.265994 0.730342 0.004638 0.006803
0 0.010870 0.765282 0.006087 0.008503
0 0.109864 0.883940 0.006957 0.010822
0 0.117691 0.885293 0.008696 0.013528
0 0.128272 0.884713 0.005508 0.007730
0 0.134504 0.886452 0.006377 0.008117
0 0.138707 0.860170 0.006667 0.008890
0 0.163782 0.855338 0.006957 0.009276
0 0.163347 0.864228 0.006667 0.006957
0 0.168855 0.867707 0.007827 0.006957
0 0.143780 0.801227 0.008117 0.010049
0 0.142766 0.777457 0.008407 0.010436
0 0.138418 0.759098 0.007827 0.010049
0 0.151172 0.760258 0.006087 0.007730
0 0.159144 0.739580 0.007537 0.008890
0 0.113343 0.724506 0.006957 0.006571
0 0.111894 0.731270 0.008696 0.010822
0 0.097689 0.800068 0.005798 0.010049
0 0.080297 0.803546 0.006377 0.006957
0 0.062614 0.776878 0.007537 0.007730
0 0.187552 0.740159 0.010436 0.011595
0 0.181320 0.745764 0.007247 0.010436
0 0.191321 0.761997 0.005218 0.005798
0 0.189002 0.766635 0.006377 0.005798
0 0.187117 0.770500 0.004348 0.008117
0 0.182624 0.769920 0.006377 0.007730
0 0.187987 0.786154 0.005508 0.006957
0 0.190596 0.779390 0.005508 0.005798
0 0.198713 0.778424 0.005508 0.006957
0 0.205525 0.779776 0.008117 0.009663
0 0.208568 0.786347 0.005508 0.008117
0 0.215670 0.767408 0.007537 0.007344
0 0.217700 0.773786 0.006377 0.008503
0 0.220598 0.761417 0.008117 0.008503
0 0.222773 0.783835 0.006087 0.007730
0 0.225961 0.791565 0.004928 0.006184
0 0.223497 0.809731 0.006957 0.008503
0 0.207409 0.815528 0.007827 0.006957
0 0.199582 0.819200 0.007827 0.008890
0 0.207409 0.822679 0.009566 0.009663
0 0.349450 0.613579 0.006667 0.008890
0 0.349450 0.646818 0.006667 0.008890
0 0.369162 0.676772 0.007247 0.009276
0 0.352349 0.675613 0.007247 0.006957
0 0.357712 0.679478 0.008117 0.010049
0 0.337855 0.716196 0.007247 0.007730
0 0.326405 0.728758 0.009276 0.008890
0 0.348870 0.747310 0.006667 0.012755
0 0.343797 0.761031 0.006957 0.010049
0 0.392352 0.751755 0.007827 0.010822
0 0.398005 0.759098 0.005798 0.008503
0 0.387424 0.758712 0.007827 0.009276
0 0.386844 0.766828 0.007827 0.008503
0 0.362350 0.789439 0.007537 0.010436
0 0.404527 0.806832 0.006087 0.007344
0 0.398874 0.811470 0.008117 0.008890
0 0.376119 0.818040 0.005508 0.008890
0 0.380612 0.836206 0.006957 0.008117
0 0.379018 0.843357 0.005508 0.005411
0 0.372930 0.840265 0.008407 0.011595
0 0.340174 0.597152 0.006087 0.008503
0 0.225671 0.595799 0.009566 0.005025
0 0.224947 0.600824 0.005218 0.007344
0 0.240310 0.575701 0.006377 0.008890
0 0.250746 0.727212 0.006957 0.008117
0 0.228425 0.734748 0.006957 0.012368
0 0.235382 0.738227 0.007537 0.010049
0 0.233498 0.747117 0.008407 0.010822
0 0.267994 0.758325 0.007247 0.011595
0 0.278429 0.761611 0.008407 0.009663
0 0.288865 0.778617 0.007827 0.009663
0 0.274951 0.770693 0.008407 0.008503
0 0.258283 0.779197 0.006957 0.007730
0 0.265095 0.779390 0.007827 0.008117
0 0.260167 0.785381 0.004928 0.007730
0 0.261471 0.794464 0.005798 0.007344
0 0.266254 0.794077 0.005508 0.009663
0 0.255819 0.803740 0.008986 0.008117
0 0.247557 0.812243 0.008696 0.009663
0 0.276400 0.804899 0.006667 0.008117
0 0.281618 0.802000 0.005508 0.010822
0 0.297272 0.800261 0.006667 0.008890
0 0.299301 0.811277 0.007247 0.010049
0 0.276110 0.813982 0.008407 0.006957
0 0.279589 0.820360 0.005508 0.005798
0 0.286691 0.826544 0.007537 0.008890
0 0.279444 0.828090 0.005218 0.006571
0 0.274226 0.837366 0.007537 0.008890
0 0.281038 0.842390 0.006667 0.008117
0 0.268574 0.848574 0.007247 0.007344
0 0.249586 0.838912 0.006377 0.008890
0 0.256399 0.838525 0.004928 0.010436
0 0.307128 0.817654 0.007247 0.007344
0 0.343362 0.805286 0.006667 0.010436
0 0.186393 0.709819 0.006377 0.008117
0 0.123054 0.752528 0.006087 0.008503
0 0.119575 0.756586 0.006087 0.006571
0 0.124213 0.760451 0.005508 0.006571
0 0.124648 0.774365 0.006377 0.009663
0 0.119865 0.771080 0.006087 0.006957
0 0.156680 0.818234 0.007827 0.008503
0 0.152622 0.825964 0.008407 0.007730
0 0.165231 0.800841 0.006957 0.008503
0 0.208279 0.861329 0.006087 0.008117
0 0.192480 0.870992 0.005798 0.008117
0 0.211612 0.884713 0.005798 0.007730
0 0.220309 0.885486 0.006377 0.007730
0 0.232918 0.869059 0.005508 0.007344
0 0.234078 0.879495 0.004928 0.009663
0 0.254224 0.879108 0.006957 0.006571
0 0.257848 0.885099 0.006667 0.009276
0 0.261182 0.864614 0.007537 0.007730
0 0.239875 0.842777 0.006087 0.009663
0 0.200887 0.885486 0.005798 0.006957
0 0.206394 0.889544 0.005218 0.006571
0 0.202481 0.892636 0.004348 0.008890
0 0.196973 0.900173 0.006667 0.006957
0 0.199147 0.907130 0.006377 0.008503
0 0.205525 0.905391 0.004058 0.008890
0 0.186827 0.907710 0.005508 0.006571
0 0.177841 0.911575 0.006667 0.008890
0 0.183204 0.914087 0.005218 0.006957
0 0.189146 0.944621 0.007247 0.010822
0 0.152622 0.933026 0.004928 0.006957
0 0.158129 0.932640 0.003768 0.010822
0 0.102038 0.946747 0.006377 0.010436
0 0.107545 0.954477 0.005798 0.008117
0 0.109430 0.937084 0.004928 0.009663
0 0.107400 0.943848 0.005508 0.006184
0 0.112328 0.945588 0.008407 0.008890
0 0.240310 0.777071 0.005798 0.010436
0 0.315534 0.817074 0.005508 0.007730
0 0.323361 0.820360 0.006667 0.008890
0 0.310026 0.823838 0.006087 0.007344
0 0.314954 0.824225 0.004348 0.008117
0 0.319447 0.825964 0.003479 0.006957
0 0.323216 0.829056 0.004058 0.007730
0 0.326405 0.832534 0.004638 0.006957
0 0.334231 0.827123 0.006377 0.006957
0 0.338000 0.831375 0.003479 0.007730
0 0.343218 0.833694 0.004058 0.006957
0 0.348870 0.833887 0.006087 0.008117
0 0.359016 0.829636 0.006087 0.008117
0 0.365103 0.830988 0.008986 0.008503
0 0.401628 0.864035 0.006667 0.009663
0 0.407281 0.862489 0.005798 0.010436
0 0.363509 0.860363 0.006377 0.009276
0 0.361770 0.866354 0.005798 0.007344
0 0.370466 0.871958 0.004638 0.009276
0 0.376409 0.869639 0.006087 0.007730
0 0.371626 0.878142 0.005798 0.007730
0 0.375104 0.884713 0.005218 0.006957
0 0.373945 0.631358 0.008696 0.011209
0 0.381916 0.642567 0.006667 0.013528
0 0.297648 0.282304 0.010436 0.014223
0 0.309939 0.238397 0.009508 0.011750
0 0.208945 0.446801 0.005566 0.006184
0 0.095196 0.521320 0.006725 0.009895
0 0.097863 0.594601 0.006029 0.009895
0 0.105632 0.591664 0.009508 0.010204
0 0.115372 0.605423 0.005334 0.008039
0 0.109690 0.611607 0.006029 0.009276
0 0.103661 0.605733 0.006957 0.009895
0 0.203496 0.729724 0.009972 0.011750
0 0.142737 0.977861 0.006261 0.007730
0 0.105632 0.986673 0.005334 0.008039
0 0.147027 0.971213 0.006493 0.008039
0 0.151549 0.965802 0.008117 0.007730
0 0.151201 0.958536 0.004638 0.005566
0 0.156303 0.958072 0.003710 0.007112
0 0.174044 0.941065 0.004870 0.005875
0 0.174508 0.948332 0.003942 0.008039
0 0.270168 0.894375 0.005566 0.007112
0 0.277937 0.899168 0.007189 0.006184
0 0.273530 0.905043 0.005798 0.009895
0 0.293126 0.834544 0.006957 0.007421
0 0.293358 0.840883 0.006957 0.007730
0 0.287909 0.842429 0.006725 0.007112
0 0.290923 0.845366 0.004870 0.006184
0 0.293358 0.850932 0.004638 0.006184
0 0.302055 0.854643 0.007189 0.007421
0 0.301359 0.862064 0.006261 0.006803
0 0.297069 0.870876 0.005102 0.008967
0 0.302055 0.871494 0.006725 0.008967
0 0.308432 0.879070 0.005566 0.007421
0 0.310983 0.872886 0.005102 0.005566
0 0.317940 0.873504 0.007885 0.009276
0 0.299968 0.879843 0.006261 0.006493
0 0.305881 0.884790 0.005102 0.008349
0 0.301127 0.886336 0.005798 0.008349
0 0.294402 0.891283 0.005334 0.008967
0 0.289996 0.893448 0.005334 0.008967
0 0.291039 0.903188 0.005102 0.008658
0 0.291851 0.921122 0.004870 0.008039
0 0.281879 0.929316 0.007189 0.009585
0 0.288372 0.931480 0.006725 0.007112
0 0.261124 0.936891 0.005566 0.009276
0 0.275270 0.950342 0.005102 0.007730
0 0.279676 0.947095 0.003247 0.008658
0 0.283039 0.945703 0.004406 0.008349
0 0.288024 0.942302 0.005102 0.009585
0 0.292663 0.948023 0.005566 0.008658
0 0.296605 0.958690 0.005566 0.008349
0 0.300431 0.965338 0.006261 0.008658
0 0.314693 0.977088 0.007421 0.008039
0 0.286053 0.966729 0.005334 0.006493
0 0.288720 0.970904 0.004638 0.005566
0 0.293010 0.969048 0.004870 0.008658
0 0.316781 0.922668 0.005102 0.005566
0 0.314925 0.934108 0.004638 0.008658
0 0.308896 0.931016 0.005566 0.005566
0 0.307620 0.925296 0.004870 0.005875
0 0.311331 0.922822 0.004406 0.005875
0 0.310751 0.901487 0.005566 0.007730
0 0.324085 0.894375 0.006725 0.006493
0 0.328492 0.879997 0.009972 0.009276
0 0.325129 0.861136 0.006957 0.007421
0 0.324897 0.849386 0.006493 0.007421
0 0.320143 0.844439 0.006725 0.007421
0 0.316433 0.849077 0.005798 0.006803
0 0.316433 0.856189 0.005798 0.007421
0 0.275502 0.976315 0.007421 0.008349
0 0.269820 0.986673 0.006725 0.008039
0 0.273299 0.983117 0.004406 0.007730
0 0.253239 0.995022 0.005566 0.009276
0 0.211380 0.990538 0.005798 0.009585
0 0.458599 0.868129 0.008606 0.007851
0 0.440481 0.858769 0.006794 0.009663
0 0.433732 0.589905 0.010146 0.010629
0 0.405288 0.518643 0.010508 0.013045
0 0.481563 0.503908 0.013769 0.016427
0 0.491165 0.689914 0.006885 0.008696
0 0.496600 0.686049 0.006160 0.014494
0 0.497687 0.696919 0.006885 0.007247
0 0.498593 0.702958 0.007247 0.008696
0 0.512725 0.707548 0.010870 0.011112
0 0.469967 0.813837 0.007247 0.008213
0 0.471598 0.821809 0.009059 0.008696
0 0.494064 0.819635 0.005435 0.010146
0 0.499318 0.822050 0.005073 0.011112
0 0.503847 0.823983 0.006885 0.012078
0 0.446777 0.819152 0.007972 0.010146
0 0.421775 0.800551 0.008696 0.012561
0 0.419782 0.810455 0.006160 0.012078
0 0.422862 0.821809 0.007247 0.007730
0 0.437718 0.821567 0.007247 0.008213
0 0.439349 0.807073 0.010508 0.010146
0 0.437900 0.830505 0.005435 0.008696
0 0.443697 0.831713 0.006885 0.008213
0 0.444603 0.838719 0.005798 0.007730
0 0.339340 0.848623 0.004711 0.008213
0 0.334086 0.851038 0.004348 0.008213
0 0.337347 0.858285 0.005798 0.009180
0 0.330282 0.865774 0.005435 0.009663
0 0.336623 0.869156 0.007247 0.007730
0 0.335536 0.879302 0.005798 0.007730
0 0.329919 0.900560 0.006160 0.007730
0 0.338253 0.903217 0.009783 0.009180
0 0.342420 0.911430 0.005798 0.010146
0 0.350754 0.905149 0.006522 0.009180
0 0.359813 0.883650 0.005798 0.008696
0 0.354378 0.869156 0.005798 0.009663
0 0.364705 0.889206 0.005435 0.009180
0 0.369778 0.888481 0.006885 0.008696
0 0.387714 0.887273 0.007247 0.010146
0 0.391700 0.882925 0.005073 0.008213
0 0.396954 0.883650 0.006885 0.004831
0 0.447864 0.901526 0.007247 0.009663
0 0.429203 0.916503 0.009059 0.011595
0 0.406737 0.920368 0.007609 0.007730
0 0.409636 0.926166 0.006160 0.009663
0 0.369597 0.912396 0.007972 0.008213
0 0.373039 0.918677 0.007609 0.007247
0 0.370502 0.925682 0.006160 0.009663
0 0.363799 0.941626 0.007972 0.010629
0 0.375938 0.953946 0.007609 0.009180
0 0.363074 0.970372 0.005798 0.010146
0 0.342602 0.978827 0.009783 0.008696
0 0.332275 0.947423 0.006522 0.008696
0 0.396773 0.941626 0.007972 0.010629
0 0.387895 0.933896 0.006885 0.008696
0 0.386084 0.923750 0.009059 0.009663
0 0.450219 0.977861 0.008334 0.011595
0 0.408730 0.953463 0.005798 0.008213
0 0.314157 0.996419 0.009421 0.007162
0 0.484280 0.842100 0.005435 0.011595
0 0.489715 0.841859 0.007609 0.011112
0 0.461633 0.735811 0.007972 0.011595
0 0.475403 0.764075 0.009421 0.014011
0 0.481019 0.758277 0.005435 0.009180
0 0.486092 0.762625 0.005435 0.012078
0 0.483193 0.714795 0.009783 0.014011
0 0.668309 0.966568 0.007700 0.010267
0 0.739646 0.251229 0.005435 0.010870
