0 0.618248 0.744599 0.003472 0.005658
0 0.665895 0.892490 0.004630 0.006173
0 0.833140 0.680041 0.005787 0.005144
0 0.763117 0.733539 0.003086 0.004115
0 0.940779 0.726852 0.002701 0.004115
0 0.664159 0.864455 0.003472 0.003601
0 0.743441 0.772891 0.006173 0.004630
0 0.771798 0.698045 0.002701 0.004115
0 0.834105 0.651749 0.004630 0.006173
0 0.917052 0.686471 0.003858 0.005658
0 0.715856 0.963992 0.003472 0.005144
0 0.589313 0.975051 0.002701 0.003601
0 0.821952 0.697788 0.002701 0.003601
0 0.741127 0.185700 0.003858 0.005144
0 0.868827 0.639146 0.004630 0.004630
0 0.856481 0.826132 0.003858 0.004115
0 0.561343 0.597222 0.003858 0.005144
0 0.727045 0.631687 0.002701 0.004115
0 0.724923 0.886574 0.003086 0.004630
0 0.708140 0.308385 0.002701 0.003601
0 0.878086 0.789095 0.003858 0.004115
0 0.775849 0.907150 0.003086 0.003601
0 0.861497 0.581276 0.003086 0.004115
0 0.704475 0.678755 0.003086 0.004630
0 0.833333 0.619084 0.003086 0.003601
0 0.441165 0.817387 0.003472 0.004115
0 0.689815 0.974023 0.004630 0.005658
0 0.904321 0.563786 0.003086 0.004115
0 0.892940 0.726595 0.003472 0.003601
0 0.775077 0.946759 0.003086 0.003601
0 0.765432 0.460391 0.003858 0.006173
0 0.772569 0.631173 0.002701 0.004115
0 0.934606 0.271862 0.003472 0.004630
0 0.823302 0.733282 0.003858 0.005658
0 0.895255 0.815072 0.003472 0.005658
0 0.663194 0.993570 0.003086 0.003601
0 0.486497 0.737397 0.003086 0.003601
0 0.541281 0.957305 0.003086 0.004115
0 0.665123 0.914352 0.004630 0.005658
0 0.650656 0.583848 0.003472 0.004115
0 0.880594 0.834877 0.004244 0.008230
0 0.791281 0.921039 0.003858 0.005658
0 0.800347 0.697274 0.002701 0.004630
0 0.862076 0.771348 0.002701 0.004630
0 0.714120 0.141204 0.003086 0.004630
0 0.791281 0.530350 0.003086 0.004115
0 0.818094 0.703961 0.003472 0.003601
0 0.740741 0.876800 0.003858 0.003601
0 0.403935 0.992541 0.003086 0.004630
0 0.687307 0.881173 0.004244 0.008230
0 0.972608 0.545010 0.002315 0.003601
0 0.496528 0.690586 0.003086 0.003601
0 0.466242 0.884259 0.003472 0.005144
0 0.692515 0.770319 0.003086 0.004630
0 0.789352 0.743827 0.004630 0.006173
0 0.560764 0.892490 0.002701 0.005144
0 0.818673 0.889660 0.003086 0.003601
0 0.769290 0.968364 0.002315 0.003601
0 0.908565 0.810700 0.003086 0.005144
0 0.763310 0.289095 0.005787 0.006173
0 0.759259 0.148405 0.006173 0.004630
0 0.551312 0.694444 0.002315 0.003086
0 0.495756 0.980195 0.003858 0.007716
0 0.941358 0.516718 0.002315 0.002572
0 0.719907 0.950103 0.003086 0.004115
0 0.668789 0.921553 0.003472 0.007716
0 0.588349 0.948045 0.002315 0.004115
0 0.582369 0.920267 0.003472 0.005144
0 0.968943 0.610340 0.004244 0.005658
0 0.964120 0.597222 0.003086 0.005144
0 0.744020 0.857253 0.002701 0.003601
0 0.993441 0.993827 0.006173 0.005144
0 0.475309 0.630916 0.002315 0.003601
0 0.490548 0.700617 0.003472 0.004115
0 0.899306 0.710391 0.003086 0.004115
0 0.672454 0.910751 0.003086 0.004630
0 0.655671 0.962449 0.002701 0.004115
0 0.669367 0.928241 0.003086 0.003601
0 0.594907 0.905864 0.007716 0.008230
0 0.836613 0.870885 0.002701 0.004115
0 0.758488 0.627058 0.003086 0.004115
0 0.945216 0.607510 0.003086 0.004115
0 0.822145 0.997942 0.003086 0.003086
0 0.836420 0.881430 0.004630 0.004630
0 0.958140 0.582562 0.004244 0.004630
0 0.979360 0.979681 0.002701 0.003601
0 0.977238 0.974794 0.003086 0.004115
0 0.735725 0.873714 0.003858 0.005658
0 0.818795 0.728417 0.003897 0.003597
0 0.818046 0.733413 0.002998 0.003197
0 0.815198 0.731615 0.002698 0.003597
0 0.566397 0.922462 0.003297 0.005596
0 0.562350 0.924860 0.003597 0.004796
0 0.576439 0.927858 0.002998 0.004396
0 0.580785 0.928257 0.004496 0.004396
0 0.582134 0.932854 0.002998 0.004796
0 0.693795 0.959432 0.003297 0.003597
0 0.697992 0.959832 0.002698 0.004396
0 0.701439 0.961831 0.002998 0.005196
0 0.825390 0.881695 0.003897 0.003997
0 0.969275 0.843925 0.003897 0.005196
0 0.977218 0.967026 0.002998 0.006795
0 0.962201 0.605369 0.002552 0.003190
0 0.665630 0.680968 0.003030 0.005529
0 0.948884 0.839819 0.003668 0.005954
0 0.945056 0.836310 0.003668 0.006167
