0 0.771605 0.648663 0.003086 0.004115
0 0.917245 0.871142 0.002701 0.004630
0 0.707755 0.421039 0.002701 0.002572
0 0.721451 0.403035 0.002315 0.004630
0 0.505401 0.782407 0.003858 0.005144
0 0.698110 0.538323 0.002701 0.004630
0 0.643519 0.379372 0.003086 0.004630
0 0.758295 0.614969 0.002701 0.004630
0 0.719522 0.631430 0.003086 0.003601
0 0.490741 0.472994 0.003086 0.004630
0 0.731867 0.494856 0.003858 0.003086
0 0.525849 0.872428 0.003086 0.004115
0 0.738619 0.380658 0.004244 0.004115
0 0.742091 0.511317 0.003472 0.004115
0 0.541088 0.309928 0.003472 0.003601
0 0.884452 0.941101 0.003472 0.004630
0 0.896026 0.782407 0.003472 0.004115
0 0.736304 0.924640 0.003472 0.003601
0 0.816358 0.515175 0.003858 0.003601
0 0.712384 0.870628 0.003472 0.004630
0 0.923418 0.985597 0.003472 0.004115
0 0.914931 0.716049 0.003472 0.004115
0 0.784915 0.816358 0.003472 0.004115
0 0.698688 0.252058 0.003086 0.004115
0 0.860725 0.650463 0.003086 0.004630
0 0.497124 0.464265 0.002701 0.003086
0 0.793596 0.641204 0.002315 0.003601
0 0.863426 0.815844 0.002315 0.004115
0 0.604745 0.717850 0.003472 0.004630
0 0.161844 0.400977 0.003472 0.003601
0 0.679977 0.969136 0.002701 0.004115
0 0.808642 0.789095 0.003086 0.004115
0 0.808642 0.746656 0.003086 0.003601
0 0.130787 0.323045 0.003086 0.004115
0 0.769675 0.862913 0.006559 0.009259
0 0.760224 0.661523 0.002701 0.004115
0 0.552469 0.308385 0.002315 0.003601
0 0.825617 0.696245 0.002315 0.004630
0 0.555748 0.235854 0.003472 0.004630
0 0.885417 0.578961 0.003086 0.003601
0 0.385802 0.683642 0.003086 0.004115
0 0.563850 0.340535 0.003472 0.004115
0 0.934992 0.914352 0.003472 0.003601
0 0.923997 0.803241 0.003858 0.004630
0 0.740355 0.721451 0.003086 0.003601
0 0.918789 0.689300 0.002315 0.003601
0 0.714120 0.897119 0.003086 0.004115
0 0.666088 0.403035 0.003472 0.004115
0 0.175733 0.202675 0.003472 0.005144
0 0.228395 0.463992 0.003086 0.004115
0 0.489005 0.795010 0.002701 0.003601
0 0.125965 0.130401 0.004244 0.007716
0 0.846451 0.934928 0.003086 0.004630
0 0.940008 0.878086 0.002701 0.004115
0 0.726852 0.376029 0.003086 0.004115
0 0.074267 0.721965 0.003472 0.005658
0 0.221065 0.765689 0.003086 0.003601
0 0.809221 0.578961 0.003472 0.003601
0 0.892554 0.569187 0.002701 0.004630
0 0.880015 0.793467 0.003086 0.004630
0 0.887153 0.788323 0.002701 0.003601
0 0.760417 0.721965 0.003086 0.003601
0 0.021026 0.559671 0.006559 0.006173
0 0.512346 0.450617 0.003858 0.005144
0 0.814429 0.609053 0.003086 0.004115
0 0.341049 0.370113 0.003086 0.003601
0 0.705826 0.913837 0.002701 0.003601
0 0.222415 0.389660 0.002701 0.004115
0 0.767554 0.620370 0.002701 0.003086
0 0.115741 0.200103 0.003086 0.004115
0 0.836227 0.570988 0.002701 0.004115
0 0.909722 0.683385 0.002315 0.003601
0 0.862654 0.622942 0.002701 0.003601
0 0.587191 0.518261 0.003086 0.004630
0 0.830247 0.851080 0.003086 0.002572
0 0.144676 0.453704 0.003086 0.003086
0 0.793596 0.462963 0.003086 0.004115
0 0.771026 0.414609 0.003472 0.004115
0 0.861883 0.894033 0.003086 0.004115
0 0.763117 0.911523 0.003086 0.004115
0 0.532407 0.352881 0.003858 0.004115
0 0.661458 0.377058 0.003472 0.004115
0 0.806327 0.701132 0.003086 0.004115
0 0.606481 0.295525 0.003086 0.003601
0 0.664545 0.741512 0.003472 0.004630
0 0.815586 0.734053 0.003086 0.005144
0 0.727238 0.605710 0.003086 0.004630
0 0.839313 0.514918 0.002701 0.004115
0 0.714506 0.640689 0.003086 0.002572
0 0.844522 0.650206 0.003858 0.004115
0 0.746528 0.650977 0.003086 0.003601
0 0.793017 0.445216 0.002701 0.003601
0 0.916281 0.889403 0.003086 0.003086
0 0.661265 0.357253 0.003086 0.003601
0 0.360725 0.715021 0.003086 0.004115
0 0.644676 0.233539 0.003858 0.004115
0 0.862847 0.681584 0.002701 0.004115
0 0.853009 0.644547 0.003086 0.004115
0 0.926505 0.854167 0.002701 0.004630
0 0.750965 0.351595 0.003472 0.004630
0 0.497685 0.871142 0.003086 0.003601
0 0.306713 0.317901 0.004630 0.008230
0 0.125579 0.152521 0.004244 0.005658
0 0.903549 0.747171 0.002315 0.003601
0 0.183642 0.341307 0.003086 0.004630
0 0.884645 0.715278 0.002315 0.003601
0 0.869020 0.693673 0.002701 0.003601
0 0.877508 0.143519 0.002701 0.004115
0 0.693480 0.963992 0.002701 0.003086
0 0.595486 0.340792 0.002701 0.003601
0 0.903164 0.649177 0.003086 0.005144
0 0.205054 0.012088 0.005787 0.004630
0 0.891975 0.726080 0.003086 0.005658
0 0.761960 0.523405 0.003086 0.003601
0 0.755015 0.440844 0.002315 0.004115
0 0.661265 0.959877 0.003086 0.004115
0 0.543403 0.138117 0.003472 0.004630
0 0.789931 0.766975 0.003472 0.004115
0 0.528164 0.137603 0.002315 0.003601
0 0.753665 0.799640 0.003472 0.004630
0 0.834684 0.586420 0.002701 0.004115
0 0.788194 0.178755 0.002315 0.004630
0 0.199653 0.886574 0.003472 0.004630
0 0.122685 0.231224 0.003086 0.003601
0 0.277971 0.871142 0.001929 0.004630
0 0.610725 0.274434 0.003086 0.003601
0 0.322917 0.440586 0.003086 0.004630
0 0.815586 0.913066 0.002315 0.004115
0 0.375772 0.536008 0.004630 0.005144
0 0.712770 0.670525 0.002701 0.003601
0 0.729552 0.587963 0.003086 0.003086
0 0.911458 0.858282 0.003472 0.004630
0 0.840278 0.685185 0.003086 0.004115
0 0.630980 0.949588 0.003472 0.004115
0 0.722994 0.444187 0.003086 0.003601
0 0.740162 0.394290 0.003472 0.003601
0 0.401427 0.472479 0.002701 0.003601
0 0.277199 0.120885 0.003472 0.004115
0 0.837770 0.746399 0.002701 0.003086
0 0.877508 0.649434 0.002701 0.003601
0 0.771605 0.529578 0.003086 0.002572
0 0.475309 0.634259 0.003858 0.005144
0 0.419174 0.536523 0.002701 0.004115
0 0.964313 0.854681 0.002701 0.004630
0 0.618248 0.548611 0.003472 0.004630
0 0.526235 0.890432 0.003086 0.004115
0 0.844136 0.477109 0.003858 0.004630
0 0.767554 0.399691 0.002701 0.004115
0 0.253086 0.331533 0.003086 0.004630
0 0.757523 0.401235 0.003086 0.003601
0 0.817515 0.579218 0.002315 0.004115
0 0.021026 0.128858 0.002701 0.004630
0 0.904321 0.464763 0.003086 0.004630
0 0.735147 0.694187 0.003472 0.004630
0 0.861690 0.636060 0.002701 0.003601
0 0.731481 0.653549 0.003086 0.003601
0 0.694830 0.825617 0.003086 0.004115
0 0.216242 0.907150 0.005787 0.005658
0 0.542245 0.324588 0.002701 0.004115
0 0.884066 0.741512 0.002701 0.003601
0 0.349151 0.044239 0.003086 0.005144
0 0.856674 0.682613 0.002701 0.004115
0 0.763696 0.701646 0.002701 0.003086
0 0.477238 0.545010 0.003858 0.004630
0 0.866512 0.869599 0.003086 0.004630
0 0.398727 0.799640 0.002701 0.005658
0 0.278935 0.390175 0.003858 0.004630
0 0.748650 0.411265 0.002701 0.003601
0 0.906443 0.804270 0.003472 0.003601
0 0.927083 0.224794 0.004630 0.006173
0 0.806327 0.485854 0.003086 0.004630
0 0.902006 0.664352 0.003086 0.003601
0 0.850309 0.887603 0.003086 0.003601
0 0.714120 0.568930 0.002315 0.004115
0 0.268519 0.286008 0.003472 0.003086
0 0.620177 0.445473 0.002315 0.003086
0 0.928241 0.433385 0.003858 0.004630
0 0.791281 0.815329 0.003086 0.004115
0 0.815586 0.532665 0.003086 0.003601
0 0.254051 0.766975 0.002701 0.003086
0 0.520062 0.701389 0.002315 0.003601
0 0.736883 0.641718 0.002315 0.003601
0 0.835069 0.412294 0.002701 0.003601
0 0.743827 0.670782 0.003086 0.003086
0 0.677083 0.342850 0.003086 0.003601
0 0.683449 0.692901 0.003086 0.003086
0 0.787037 0.450360 0.002315 0.003601
0 0.592593 0.845679 0.002315 0.004115
0 0.553048 0.976080 0.002701 0.004630
0 0.250772 0.748457 0.003858 0.005144
0 0.782986 0.369599 0.002701 0.004630
0 0.532986 0.496656 0.004244 0.005658
0 0.053030 0.632225 0.004244 0.008745
0 0.386381 0.706276 0.002701 0.005144
0 0.799383 0.618570 0.003086 0.003601
0 0.896798 0.808642 0.001929 0.004115
0 0.527778 0.827418 0.003858 0.004630
0 0.652585 0.253344 0.003472 0.004630
0 0.618441 0.638117 0.003086 0.004630
0 0.919174 0.814558 0.002701 0.003601
0 0.776042 0.756430 0.002701 0.004630
0 0.335648 0.065072 0.003858 0.005658
0 0.634259 0.193158 0.003086 0.004630
0 0.852045 0.725566 0.002701 0.003601
0 0.825231 0.895833 0.004630 0.005658
0 0.462770 0.245885 0.003472 0.006173
0 0.869213 0.741255 0.003086 0.004115
0 0.700039 0.712191 0.002701 0.003601
0 0.348380 0.402006 0.002315 0.003601
0 0.833912 0.687500 0.003472 0.004630
0 0.701775 0.182099 0.003086 0.006173
0 0.805748 0.806842 0.002701 0.003601
0 0.471065 0.777263 0.003086 0.004115
0 0.777971 0.881944 0.001929 0.003601
0 0.276235 0.807099 0.003086 0.004115
0 0.768711 0.695473 0.001929 0.003086
0 0.754630 0.636060 0.003086 0.004630
0 0.958333 0.847994 0.003086 0.003601
0 0.177662 0.415895 0.004244 0.004630
0 0.317323 0.066872 0.002701 0.003086
0 0.798225 0.661008 0.003086 0.004115
0 0.832755 0.616770 0.003472 0.004115
0 0.657600 0.988426 0.003472 0.003601
0 0.701389 0.788837 0.003086 0.004630
0 0.660494 0.680556 0.003086 0.004115
0 0.512346 0.355710 0.003086 0.003601
0 0.186343 0.671296 0.003858 0.005144
0 0.830054 0.859053 0.002701 0.004115
0 0.833719 0.753344 0.003086 0.003601
0 0.323688 0.012346 0.003086 0.004115
0 0.550154 0.850566 0.002315 0.004630
0 0.639468 0.367284 0.002701 0.005144
0 0.376736 0.486111 0.002701 0.004115
0 0.455247 0.475051 0.002315 0.003601
0 0.697917 0.373971 0.003086 0.004115
0 0.839699 0.708333 0.002701 0.003601
0 0.838735 0.556070 0.003086 0.003086
0 0.623264 0.172068 0.004244 0.003601
0 0.902392 0.522377 0.003086 0.003601
0 0.583912 0.492798 0.002701 0.004115
0 0.756752 0.692130 0.003472 0.003601
0 0.423225 0.440844 0.003086 0.004115
0 0.702160 0.878086 0.002315 0.004115
0 0.910880 0.696502 0.002315 0.003086
0 0.834298 0.631430 0.002701 0.002572
0 0.643711 0.325617 0.002701 0.004115
0 0.806134 0.616255 0.003472 0.003086
0 0.844715 0.622942 0.003472 0.003086
0 0.645833 0.761574 0.003086 0.003601
0 0.908758 0.658179 0.002701 0.003601
0 0.807677 0.588735 0.002701 0.003601
0 0.837577 0.918724 0.003086 0.004115
0 0.809799 0.658951 0.003086 0.005144
0 0.455826 0.955504 0.002701 0.003601
0 0.773534 0.968364 0.003086 0.004630
0 0.326668 0.374286 0.003858 0.007716
0 0.717785 0.429527 0.003472 0.005144
0 0.401813 0.434414 0.002701 0.003601
0 0.778164 0.560442 0.003086 0.003601
0 0.722029 0.697531 0.003472 0.006173
0 0.782407 0.716307 0.003086 0.004630
0 0.154321 0.008230 0.003086 0.004115
0 0.761574 0.533436 0.003086 0.004115
0 0.227816 0.707047 0.003472 0.005658
0 0.650077 0.919239 0.003086 0.004115
0 0.350502 0.516718 0.002701 0.004630
0 0.706211 0.684928 0.002701 0.003601
0 0.933642 0.902263 0.003086 0.004115
0 0.735725 0.422068 0.003086 0.004630
0 0.831790 0.725566 0.002315 0.004630
0 0.501543 0.351337 0.002315 0.003086
0 0.371528 0.563786 0.003086 0.004115
0 0.620370 0.974280 0.002701 0.003086
0 0.614005 0.251029 0.002701 0.004115
0 0.666306 0.149135 0.005787 0.008230
0 0.122878 0.267747 0.002701 0.004630
0 0.853395 0.709877 0.003086 0.003086
0 0.612269 0.026492 0.003086 0.003601
0 0.673997 0.306070 0.003086 0.003086
0 0.197917 0.748971 0.003086 0.004115
0 0.505787 0.074074 0.003472 0.005658
0 0.824460 0.574074 0.002315 0.004115
0 0.318866 0.614712 0.003472 0.002058
0 0.754437 0.682870 0.002701 0.003601
0 0.738040 0.485597 0.003086 0.004115
0 0.922840 0.900977 0.003086 0.004630
0 0.791667 0.577160 0.003086 0.004115
0 0.025677 0.159385 0.006173 0.006173
0 0.335648 0.618056 0.003086 0.004630
0 0.909529 0.639403 0.002701 0.004115
0 0.861690 0.712191 0.002701 0.003601
0 0.563850 0.657407 0.003472 0.004115
0 0.786265 0.568158 0.003086 0.003601
0 0.681713 0.314558 0.003086 0.003601
0 0.284336 0.480453 0.003086 0.004115
0 0.611883 0.844393 0.003086 0.004630
0 0.539545 0.556070 0.003472 0.005144
0 0.605131 0.280093 0.002701 0.005658
0 0.756559 0.494599 0.003086 0.003601
0 0.229938 0.452675 0.003086 0.004115
0 0.469715 0.299126 0.003472 0.004630
0 0.774306 0.406636 0.003086 0.003601
0 0.831404 0.771862 0.002315 0.003601
0 0.535687 0.970165 0.002701 0.004115
0 0.728781 0.624228 0.003086 0.003601
0 0.616319 0.704475 0.002701 0.003601
0 0.846644 0.706019 0.002701 0.003601
0 0.786458 0.802726 0.002701 0.003601
0 0.231289 0.540123 0.002701 0.004115
0 0.125000 0.102109 0.003086 0.004630
0 0.806327 0.535494 0.002315 0.004115
0 0.548997 0.917181 0.003086 0.004115
0 0.685957 0.443673 0.003086 0.004630
0 0.750579 0.671553 0.002701 0.003601
0 0.711806 0.776749 0.003086 0.004115
0 0.628086 0.157407 0.003086 0.004115
0 0.318673 0.351080 0.003086 0.003601
0 0.626543 0.366255 0.003086 0.004115
0 0.383102 0.757973 0.002315 0.003601
0 0.731867 0.432613 0.001543 0.002058
0 0.618827 0.089506 0.004630 0.004115
0 0.150077 0.206790 0.004630 0.005144
0 0.778356 0.631430 0.002701 0.003601
0 0.138283 0.934694 0.006173 0.005144
0 0.501350 0.324074 0.003472 0.005144
0 0.795332 0.394290 0.003472 0.004630
0 0.691358 0.342593 0.003086 0.004115
0 0.306327 0.446245 0.003858 0.003601
0 0.224730 0.361368 0.002701 0.004630
0 0.727431 0.835134 0.003472 0.004630
0 0.687307 0.982510 0.002701 0.004115
0 0.294928 0.109838 0.004244 0.003086
0 0.896026 0.691872 0.002701 0.004115
0 0.488040 0.764403 0.001929 0.003086
0 0.331019 0.714506 0.003858 0.004115
0 0.339506 0.030607 0.003858 0.004630
0 0.901813 0.823560 0.002701 0.004115
0 0.500772 0.800926 0.003086 0.004115
0 0.811150 0.767490 0.002701 0.004115
0 0.747685 0.485340 0.003086 0.003601
0 0.881559 0.544496 0.002315 0.003601
0 0.192130 0.525463 0.003858 0.004630
0 0.681520 0.408693 0.002701 0.003601
0 0.598187 0.314300 0.002315 0.003086
0 0.516590 0.962963 0.003086 0.004115
0 0.794560 0.590535 0.002701 0.002058
0 0.314622 0.334105 0.003472 0.004630
0 0.560185 0.203961 0.004630 0.005144
0 0.748071 0.603395 0.003086 0.004115
0 0.150656 0.352881 0.002315 0.003601
0 0.782793 0.850309 0.003086 0.004115
0 0.460262 0.300412 0.002315 0.004115
0 0.865741 0.846193 0.003086 0.003086
0 0.052785 0.827108 0.006173 0.005658
0 0.947724 0.968107 0.002701 0.003086
0 0.937693 0.954990 0.003472 0.004115
0 0.232446 0.374228 0.003472 0.004630
0 0.740548 0.828961 0.002701 0.003601
0 0.806906 0.830504 0.003472 0.003601
0 0.789738 0.567130 0.003858 0.004115
0 0.918596 0.833591 0.003858 0.003601
0 0.673804 0.435957 0.003472 0.004630
0 0.626350 0.736883 0.002701 0.003601
0 0.838349 0.159722 0.003086 0.003601
0 0.887731 0.752829 0.003086 0.005658
0 0.049190 0.211420 0.002701 0.004115
0 0.625579 0.653292 0.004244 0.004115
0 0.809221 0.737140 0.002701 0.003086
0 0.818287 0.675412 0.002315 0.004115
0 0.663002 0.805813 0.002701 0.003601
0 0.714313 0.513374 0.002701 0.004115
0 0.519483 0.121142 0.002701 0.003601
0 0.666281 0.070988 0.003086 0.005144
0 0.185378 0.125257 0.003472 0.004630
0 0.626929 0.726852 0.003086 0.003086
0 0.822917 0.733025 0.003086 0.003086
0 0.529514 0.385802 0.002701 0.004115
0 0.892168 0.771091 0.003472 0.004115
0 0.711420 0.487912 0.002315 0.003601
0 0.891397 0.814043 0.002701 0.004630
0 0.775270 0.960905 0.002701 0.004115
0 0.371528 0.551440 0.002315 0.004115
0 0.523727 0.445473 0.002701 0.005144
0 0.820216 0.710391 0.003086 0.004115
0 0.320602 0.712963 0.003858 0.005144
0 0.813850 0.598508 0.002701 0.003601
0 0.802469 0.611111 0.003086 0.002058
0 0.365548 0.039352 0.002701 0.004630
0 0.748843 0.575103 0.003086 0.002058
0 0.691744 0.089506 0.002315 0.004115
0 0.876929 0.691101 0.003086 0.003601
0 0.677662 0.743313 0.002701 0.003086
0 0.129244 0.160237 0.003858 0.005658
0 0.831211 0.447788 0.002701 0.003601
0 0.642361 0.349537 0.003086 0.003601
0 0.884452 0.677984 0.002701 0.004115
0 0.773341 0.474023 0.003472 0.003601
0 0.739005 0.146091 0.002701 0.004115
0 0.164738 0.307613 0.003858 0.003086
0 0.881944 0.815844 0.002315 0.004115
0 0.363619 0.521605 0.003472 0.004115
0 0.235918 0.152263 0.003472 0.006173
0 0.811728 0.432356 0.002315 0.003086
0 0.534529 0.608282 0.003472 0.002572
0 0.545910 0.881430 0.002315 0.003601
0 0.551119 0.478395 0.002701 0.004115
0 0.924769 0.708591 0.003086 0.004630
0 0.347029 0.481224 0.002701 0.003601
0 0.902778 0.843879 0.003086 0.004630
0 0.352623 0.343107 0.001929 0.003601
0 0.152006 0.721708 0.002315 0.002058
0 0.696952 0.436214 0.002701 0.004115
0 0.982060 0.385802 0.003472 0.004115
0 0.477045 0.735340 0.003472 0.004630
0 0.781443 0.434156 0.002701 0.005144
0 0.214892 0.780607 0.003086 0.004630
0 0.781636 0.954733 0.003086 0.005144
0 0.239198 0.717335 0.002315 0.003601
0 0.809992 0.005658 0.003472 0.004115
0 0.560571 0.193158 0.004630 0.005658
0 0.529514 0.588992 0.003472 0.004115
0 0.815972 0.844393 0.003086 0.004630
0 0.764082 0.483282 0.002701 0.003601
0 0.809799 0.519805 0.003086 0.004630
0 0.044954 0.641705 0.004630 0.004630
0 0.983989 0.076389 0.002701 0.004630
0 0.482639 0.810185 0.003086 0.005144
0 0.617477 0.161008 0.003472 0.005144
0 0.417052 0.948045 0.003086 0.004115
0 0.845679 0.720165 0.003086 0.004115
0 0.931520 0.751286 0.003472 0.004630
0 0.348958 0.466564 0.003472 0.004115
0 0.885802 0.722479 0.003086 0.004630
0 0.875000 0.735854 0.002315 0.004630
0 0.876157 0.628601 0.002315 0.003086
0 0.755787 0.486626 0.002315 0.003086
0 0.249421 0.587963 0.003472 0.004630
0 0.679398 0.379887 0.002701 0.003601
0 0.688272 0.377058 0.003086 0.004115
0 0.506944 0.515947 0.002315 0.003086
0 0.803241 0.634774 0.003086 0.004115
0 0.627122 0.832819 0.003472 0.004115
0 0.504437 0.831790 0.002701 0.003086
0 0.290123 0.331533 0.003858 0.004630
0 0.439622 0.223251 0.003472 0.004115
0 0.915702 0.856224 0.003472 0.003601
0 0.780285 0.682870 0.003472 0.004630
0 0.707562 0.478909 0.002315 0.004115
0 0.870370 0.710905 0.003086 0.002058
0 0.664545 0.170010 0.005787 0.005658
0 0.293017 0.635288 0.004244 0.005144
0 0.784529 0.907407 0.002701 0.003086
0 0.855131 0.781379 0.002701 0.004115
0 0.901042 0.689815 0.002701 0.004115
0 0.493056 0.308128 0.003086 0.004115
0 0.194637 0.301955 0.004244 0.005144
0 0.787037 0.274434 0.001543 0.002572
0 0.824846 0.985854 0.003086 0.004630
0 0.799961 0.559671 0.002701 0.003086
0 0.593171 0.569959 0.002701 0.004115
0 0.729958 0.261252 0.005787 0.004630
0 0.729938 0.364198 0.003086 0.004115
0 0.793403 0.729424 0.002701 0.004115
0 0.295139 0.119342 0.004630 0.005144
0 0.506944 0.172840 0.002315 0.003086
0 0.218943 0.991255 0.004244 0.005144
0 0.379261 0.474556 0.001929 0.003086
0 0.879437 0.555556 0.002701 0.004115
0 0.228974 0.207819 0.003472 0.004115
0 0.705826 0.127829 0.003472 0.005658
0 0.467593 0.378858 0.003086 0.004630
0 0.451196 0.236626 0.003472 0.005144
0 0.894869 0.699588 0.003472 0.004115
0 0.119533 0.795518 0.003858 0.005658
0 0.620370 0.002315 0.003086 0.003601
0 0.821181 0.422325 0.002701 0.004115
0 0.409915 0.077160 0.006559 0.007716
0 0.595486 0.386317 0.005787 0.006173
0 0.415123 0.617541 0.003086 0.004630
0 0.456597 0.280093 0.002701 0.003601
0 0.560957 0.508230 0.003086 0.004115
0 0.348765 0.382202 0.003086 0.008230
0 0.148920 0.123457 0.004630 0.005144
0 0.196730 0.111962 0.003987 0.005316
0 0.198302 0.113940 0.004944 0.005104
0 0.179984 0.188942 0.003030 0.004891
0 0.161643 0.200638 0.002711 0.004466
0 0.158214 0.198618 0.002233 0.005104
0 0.154466 0.197342 0.003668 0.004253
0 0.132536 0.149601 0.003828 0.006592
0 0.056025 0.146708 0.004625 0.006167
0 0.042903 0.157469 0.003190 0.004040
0 0.041088 0.165638 0.003987 0.005316
0 0.037809 0.164609 0.003349 0.004253
0 0.306327 0.252058 0.007177 0.004891
0 0.434414 0.213992 0.005263 0.003402
0 0.436842 0.217757 0.003509 0.003402
0 0.435965 0.209250 0.004625 0.003828
0 0.491926 0.158028 0.003389 0.003987
0 0.464613 0.297714 0.002990 0.004785
0 0.313098 0.311005 0.002990 0.004253
0 0.305921 0.256247 0.003389 0.003721
0 0.281300 0.238038 0.002791 0.005051
0 0.148006 0.117065 0.004147 0.003615
0 0.390046 0.416667 0.002552 0.003615
0 0.386585 0.419773 0.003509 0.004253
0 0.390510 0.420627 0.004306 0.003402
0 0.390351 0.437427 0.003349 0.003402
0 0.389082 0.439815 0.003190 0.004466
0 0.369617 0.458267 0.003987 0.005529
0 0.383174 0.477618 0.003349 0.006380
0 0.294896 0.437214 0.005104 0.005104
0 0.228868 0.356087 0.002871 0.004040
0 0.233812 0.356938 0.002552 0.004466
0 0.239969 0.355967 0.002711 0.003190
0 0.235726 0.364062 0.002871 0.004253
0 0.237719 0.358107 0.002711 0.003828
0 0.092185 0.373206 0.002871 0.004253
0 0.051435 0.471239 0.002711 0.003402
0 0.047049 0.475492 0.002871 0.004678
0 0.022184 0.419239 0.002711 0.004040
0 0.027113 0.415843 0.003190 0.003190
0 0.028356 0.424383 0.003987 0.003402
0 0.232631 0.187566 0.004236 0.003655
0 0.139678 0.466341 0.002741 0.004984
0 0.531026 0.154007 0.003240 0.003655
0 0.531524 0.169624 0.002741 0.004320
0 0.663238 0.157150 0.004306 0.006805
0 0.669792 0.159182 0.005742 0.002764
0 0.703349 0.176502 0.003190 0.003828
0 0.650159 0.162998 0.003987 0.004040
0 0.643541 0.170441 0.003190 0.004466
0 0.577592 0.186922 0.003030 0.005529
0 0.710207 0.241467 0.003828 0.004040
0 0.714912 0.244657 0.003349 0.003615
0 0.685805 0.217119 0.004466 0.003828
0 0.637933 0.245357 0.004306 0.005529
0 0.737161 0.251887 0.003509 0.004891
0 0.758293 0.311855 0.002392 0.006167
0 0.782456 0.355343 0.003190 0.004678
0 0.777193 0.350346 0.001914 0.004040
0 0.548884 0.272302 0.003349 0.004466
0 0.551698 0.271348 0.003828 0.003828
0 0.502711 0.291015 0.002552 0.004040
0 0.506858 0.287932 0.003190 0.003828
0 0.545614 0.342052 0.003190 0.005742
0 0.553589 0.414567 0.003509 0.004466
0 0.580223 0.426156 0.002552 0.002552
0 0.578628 0.430409 0.002552 0.003828
0 0.585885 0.440191 0.003030 0.003828
0 0.619599 0.390947 0.001754 0.005104
0 0.623206 0.393089 0.001754 0.003615
0 0.631898 0.362148 0.003190 0.005104
0 0.641069 0.339288 0.003668 0.005316
0 0.634769 0.334184 0.004147 0.005316
0 0.678788 0.331845 0.001914 0.004466
0 0.648884 0.310792 0.003030 0.003190
0 0.648086 0.295375 0.004306 0.004678
0 0.608931 0.282828 0.002871 0.004253
0 0.515869 0.465178 0.004306 0.002339
0 0.520335 0.440936 0.003030 0.004891
0 0.789314 0.426050 0.002552 0.004891
0 0.792743 0.425412 0.003030 0.002764
0 0.798006 0.420734 0.003668 0.004891
0 0.801754 0.423498 0.002871 0.004040
0 0.794737 0.467305 0.001914 0.003615
0 0.789633 0.470175 0.003190 0.004678
0 0.797289 0.488145 0.001914 0.002764
0 0.802469 0.488683 0.001435 0.003190
0 0.811535 0.480453 0.002233 0.003828
0 0.749761 0.466135 0.002871 0.002977
0 0.711563 0.474641 0.002711 0.003828
0 0.720016 0.498246 0.002711 0.005104
0 0.679506 0.481552 0.003668 0.003615
0 0.661483 0.478894 0.003349 0.004678
0 0.656938 0.489102 0.002233 0.005104
0 0.689043 0.445473 0.001914 0.002977
0 0.692743 0.439022 0.003030 0.002764
0 0.724641 0.415417 0.002073 0.004466
0 0.720494 0.413078 0.003668 0.004466
0 0.726555 0.410845 0.002711 0.002977
0 0.751037 0.415311 0.003509 0.003402
0 0.749123 0.425199 0.002552 0.004891
0 0.751435 0.446784 0.004625 0.004253
0 0.758533 0.457842 0.005104 0.005104
0 0.689793 0.388942 0.002233 0.003828
0 0.683642 0.386574 0.002233 0.002339
0 0.680781 0.383626 0.003030 0.002977
0 0.687081 0.387772 0.002552 0.001914
0 0.703110 0.358958 0.003030 0.003402
0 0.710766 0.362360 0.002711 0.003402
0 0.706778 0.362786 0.001754 0.004678
0 0.706004 0.269047 0.002492 0.003323
0 0.703848 0.270468 0.002990 0.004652
0 0.823673 0.246925 0.004486 0.004652
0 0.439892 0.552233 0.003788 0.004519
0 0.424841 0.601409 0.003589 0.005582
0 0.425738 0.607390 0.002990 0.006380
0 0.436304 0.645800 0.003788 0.006645
0 0.396531 0.666401 0.002791 0.006380
0 0.351475 0.785885 0.003589 0.007709
0 0.185054 0.622879 0.006978 0.005848
0 0.063465 0.667953 0.003389 0.005051
0 0.070275 0.668793 0.004187 0.005316
0 0.252990 0.624934 0.003190 0.004253
0 0.283468 0.572684 0.003894 0.004153
0 0.430458 0.500000 0.006619 0.007268
0 0.125380 0.896647 0.004673 0.008307
0 0.126192 0.791882 0.004984 0.007709
0 0.126729 0.769524 0.005781 0.010101
0 0.118810 0.763655 0.004585 0.004519
0 0.122964 0.768973 0.003788 0.006380
0 0.113812 0.757716 0.004386 0.004253
0 0.873278 0.684694 0.003176 0.004268
0 0.862865 0.572290 0.002587 0.005288
0 0.776399 0.596429 0.003221 0.005182
0 0.819444 0.694187 0.003047 0.004161
0 0.780864 0.658951 0.003937 0.004617
0 0.827353 0.661523 0.004747 0.004894
0 0.890625 0.808385 0.004889 0.003170
0 0.661055 0.629350 0.003337 0.005577
0 0.828499 0.707071 0.003724 0.005163
0 0.831983 0.729938 0.003519 0.004583
0 0.758856 0.564024 0.003107 0.004096
0 0.717464 0.582297 0.003349 0.004253
0 0.720574 0.574960 0.002552 0.003615
0 0.725359 0.580914 0.003828 0.005316
0 0.710686 0.553801 0.002233 0.003402
0 0.710367 0.525199 0.003828 0.004466
0 0.718900 0.511696 0.002392 0.004253
0 0.767065 0.512440 0.003349 0.004040
0 0.813477 0.502339 0.002392 0.004253
0 0.817863 0.503190 0.002552 0.005529
0 0.809968 0.502658 0.003349 0.003615
0 0.793062 0.565391 0.002073 0.003615
0 0.786523 0.548272 0.002711 0.003402
0 0.786443 0.541999 0.002871 0.003615
0 0.765869 0.569431 0.002233 0.004040
0 0.764514 0.581233 0.002392 0.003828
0 0.764753 0.590696 0.003509 0.004466
0 0.760526 0.585380 0.003349 0.004040
0 0.749282 0.581127 0.003509 0.003615
0 0.733971 0.616002 0.003190 0.003615
0 0.709410 0.625572 0.003509 0.005742
0 0.695215 0.640564 0.003509 0.004253
0 0.679266 0.640989 0.003190 0.004678
0 0.780781 0.591228 0.003668 0.003402
0 0.773525 0.581871 0.002552 0.002977
0 0.796093 0.559330 0.002711 0.002977
0 0.788676 0.598990 0.003828 0.004891
0 0.792026 0.604413 0.002871 0.002552
0 0.794976 0.609410 0.002711 0.003615
0 0.813557 0.581978 0.002552 0.003615
0 0.843381 0.591653 0.002552 0.003402
0 0.846172 0.594737 0.002711 0.002764
0 0.843461 0.605157 0.002392 0.004040
0 0.863876 0.581446 0.003349 0.002977
0 0.844817 0.583785 0.003190 0.004253
0 0.899761 0.554439 0.002392 0.002552
0 0.902313 0.557948 0.002392 0.003190
0 0.944019 0.631845 0.002233 0.002977
0 0.879187 0.624827 0.002392 0.003828
0 0.843939 0.630675 0.002711 0.003190
0 0.813796 0.625253 0.003030 0.002552
0 0.811244 0.628868 0.001435 0.002127
0 0.812679 0.634822 0.003349 0.005529
0 0.810048 0.639926 0.002552 0.003828
0 0.805183 0.606964 0.002711 0.003828
0 0.779825 0.616853 0.002711 0.003190
0 0.777113 0.622275 0.002392 0.003828
0 0.700797 0.676289 0.003828 0.004678
0 0.683094 0.749016 0.003828 0.004253
0 0.535407 0.696704 0.003190 0.004253
0 0.529027 0.758905 0.003509 0.003190
0 0.848325 0.664168 0.004147 0.004678
0 0.889314 0.675970 0.001914 0.004466
0 0.892026 0.675970 0.003190 0.004466
0 0.895375 0.680649 0.003509 0.004466
0 0.918022 0.667889 0.003509 0.003615
0 0.915391 0.672142 0.003668 0.004040
0 0.937081 0.713929 0.002392 0.004253
0 0.851754 0.680755 0.003349 0.003828
0 0.849681 0.683307 0.002711 0.003402
0 0.844896 0.692026 0.002711 0.003402
0 0.846571 0.697767 0.002871 0.004253
0 0.851037 0.693727 0.002552 0.003828
0 0.787321 0.681606 0.002711 0.003402
0 0.784211 0.684689 0.002552 0.003615
0 0.804147 0.717969 0.003190 0.003828
0 0.806778 0.711164 0.002711 0.003402
0 0.808373 0.715630 0.002711 0.003402
0 0.800718 0.697448 0.002073 0.004891
0 0.792344 0.645774 0.003190 0.003615
0 0.795694 0.645667 0.002552 0.003402
0 0.789872 0.660340 0.003668 0.004253
0 0.739793 0.648644 0.002392 0.002977
0 0.737400 0.651090 0.002073 0.003190
0 0.734769 0.653854 0.002233 0.004040
0 0.721611 0.707018 0.003030 0.003190
0 0.735805 0.707762 0.003030 0.004678
0 0.739075 0.708825 0.003190 0.005954
0 0.732616 0.707974 0.003030 0.004253
0 0.530064 0.580489 0.002711 0.003615
0 0.776954 0.729027 0.002711 0.003828
0 0.796970 0.737427 0.002871 0.004466
0 0.799920 0.741255 0.003030 0.003615
0 0.797289 0.745933 0.004147 0.005316
0 0.784051 0.751675 0.002552 0.004040
0 0.782297 0.756778 0.004147 0.003615
0 0.811005 0.677884 0.003828 0.004040
0 0.814195 0.681180 0.002552 0.004253
0 0.817624 0.682031 0.002392 0.004253
0 0.811643 0.724561 0.003190 0.004678
0 0.815072 0.739128 0.003030 0.004040
0 0.826874 0.749548 0.003349 0.005316
0 0.827592 0.756566 0.003190 0.004891
0 0.827911 0.761244 0.003828 0.004040
0 0.835247 0.761244 0.002552 0.006167
0 0.854785 0.762733 0.003668 0.004040
0 0.849362 0.748910 0.003349 0.004040
0 0.850718 0.758054 0.001914 0.004040
0 0.847209 0.758161 0.003190 0.003828
0 0.773604 0.534024 0.003668 0.004678
0 0.794338 0.550505 0.004306 0.005316
0 0.883174 0.551356 0.002711 0.003190
0 0.833413 0.643753 0.002711 0.004678
0 0.825598 0.646518 0.003030 0.003402
0 0.821292 0.648857 0.003349 0.002977
0 0.825917 0.652578 0.003349 0.004466
0 0.829745 0.654173 0.002073 0.002977
0 0.844418 0.661085 0.003030 0.004466
0 0.808852 0.663849 0.003987 0.003190
0 0.807416 0.668846 0.002711 0.003828
0 0.790351 0.651302 0.002073 0.004040
0 0.780702 0.673525 0.003190 0.005104
0 0.737959 0.739766 0.002552 0.003615
0 0.784689 0.722435 0.003190 0.002977
0 0.803110 0.710845 0.002392 0.002764
0 0.806459 0.652578 0.002392 0.003190
0 0.832935 0.675970 0.003349 0.004040
0 0.749681 0.807815 0.003349 0.003615
0 0.750159 0.811643 0.003349 0.002764
0 0.748485 0.815470 0.004147 0.004466
0 0.945056 0.750718 0.003030 0.005104
0 0.861085 0.718926 0.003509 0.004040
0 0.849681 0.769431 0.003349 0.004678
0 0.827432 0.724561 0.003509 0.004253
0 0.826635 0.729559 0.003509 0.004040
0 0.870096 0.716693 0.003349 0.005104
0 0.858214 0.824402 0.004466 0.004040
0 0.866746 0.829399 0.003030 0.004253
0 0.926475 0.824189 0.004147 0.005316
0 0.932536 0.831632 0.002871 0.004040
0 0.816667 0.791653 0.002711 0.004040
0 0.810845 0.796970 0.003828 0.004040
0 0.797608 0.812600 0.004147 0.003402
0 0.812520 0.818022 0.003668 0.003190
0 0.792982 0.826635 0.002871 0.003402
0 0.683652 0.832802 0.002711 0.003402
0 0.671292 0.811217 0.003190 0.004891
0 0.687321 0.765072 0.004306 0.004891
0 0.654785 0.833333 0.003349 0.003615
0 0.707576 0.833121 0.003030 0.002764
0 0.663876 0.856725 0.003668 0.004040
0 0.608772 0.799415 0.004466 0.004678
0 0.561962 0.815896 0.002711 0.003615
0 0.566906 0.830675 0.003349 0.003828
0 0.546491 0.855343 0.002392 0.004253
0 0.788437 0.733280 0.003668 0.005104
0 0.883333 0.750399 0.003030 0.004040
0 0.869856 0.779851 0.003828 0.003828
0 0.819697 0.817703 0.003668 0.004253
0 0.820096 0.776768 0.002871 0.003615
0 0.750478 0.947422 0.003668 0.005529
0 0.703110 0.891600 0.003030 0.003190
0 0.617065 0.823339 0.002871 0.004040
0 0.594896 0.907124 0.003509 0.004891
0 0.547608 0.938065 0.004306 0.004678
0 0.590670 0.957416 0.003349 0.003828
0 0.595136 0.990803 0.004306 0.004253
0 0.597368 0.996544 0.002073 0.003402
0 0.608054 0.997953 0.002392 0.004094
0 0.594019 0.997528 0.003668 0.004944
0 0.590590 0.993886 0.002233 0.003190
0 0.589713 0.998272 0.003668 0.003456
0 0.544817 0.960500 0.002871 0.004466
0 0.921930 0.943913 0.003349 0.005742
0 0.946172 0.936789 0.003349 0.004678
0 0.943381 0.940404 0.003509 0.004678
0 0.984769 0.963690 0.003349 0.004466
0 0.867624 0.926794 0.004466 0.005529
0 0.837879 0.737533 0.003030 0.004253
0 0.835646 0.733705 0.003030 0.004253
0 0.618262 0.554864 0.003349 0.003828
0 0.784370 0.584317 0.002233 0.003190
0 0.797608 0.604838 0.003190 0.004253
