0 0.274691 0.348251 0.003086 0.004115
0 0.026813 0.691872 0.003472 0.004115
0 0.073881 0.214506 0.003472 0.004115
0 0.048032 0.581019 0.003472 0.004630
0 0.379630 0.881173 0.003086 0.004115
0 0.628665 0.561728 0.003472 0.005144
0 0.032407 0.295010 0.003086 0.004630
0 0.364583 0.661008 0.003086 0.004115
0 0.419367 0.558642 0.003086 0.004115
0 0.148727 0.213220 0.003472 0.004630
0 0.076582 0.503858 0.003472 0.004630
0 0.245370 0.316872 0.003086 0.004115
0 0.103974 0.230453 0.003472 0.004115
0 0.033565 0.891204 0.003086 0.004630
0 0.500386 0.495113 0.006944 0.005658
0 0.127122 0.436986 0.005787 0.004630
0 0.065779 0.799640 0.003472 0.004630
0 0.109568 0.514403 0.003858 0.006173
0 0.132523 0.629887 0.003472 0.004630
0 0.006366 0.811214 0.012731 0.011317
0 0.114969 0.763374 0.003086 0.004115
0 0.341242 0.899434 0.006559 0.008745
0 0.092785 0.724280 0.003472 0.004115
0 0.195988 0.733539 0.003086 0.004115
0 0.775656 0.218107 0.003472 0.005144
0 0.009452 0.909979 0.003472 0.004115
0 0.485532 0.817387 0.011960 0.010288
0 0.049769 0.530864 0.003858 0.005144
0 0.022955 0.658693 0.003472 0.005658
0 0.188272 0.954733 0.003086 0.004115
0 0.057870 0.973251 0.003858 0.005144
0 0.022184 0.858282 0.003472 0.004630
0 0.254244 0.614198 0.003086 0.004115
0 0.312500 0.743570 0.003858 0.004630
0 0.002701 0.849537 0.003086 0.004630
0 0.168981 0.809671 0.010031 0.010288
0 0.123071 0.739198 0.003086 0.004115
0 0.402006 0.343364 0.004630 0.007716
0 0.289545 0.915381 0.006559 0.014918
0 0.030671 0.874486 0.003472 0.005144
0 0.225309 0.481481 0.004630 0.005144
0 0.201196 0.988940 0.003472 0.004630
0 0.139660 0.436728 0.004630 0.008230
0 0.045910 0.875257 0.003858 0.004630
0 0.033951 0.906379 0.003086 0.004115
0 0.392168 0.771862 0.003472 0.004630
0 0.116127 0.988169 0.003086 0.004115
0 0.296103 0.080504 0.005787 0.005658
0 0.121335 0.826132 0.005787 0.005144
0 0.062500 0.940844 0.004630 0.006173
0 0.194444 0.825103 0.010031 0.009259
0 0.030093 0.666152 0.003858 0.004115
0 0.095486 0.566872 0.006559 0.009259
0 0.241319 0.883745 0.003472 0.004115
0 0.146991 0.970422 0.003858 0.004630
0 0.154900 0.990484 0.003472 0.004630
0 0.213542 0.979938 0.005787 0.006173
0 0.215856 0.981224 0.005787 0.005658
0 0.428819 0.962706 0.005787 0.007716
0 0.136574 0.930556 0.003086 0.005144
0 0.146219 0.907407 0.003086 0.004115
0 0.205633 0.914866 0.003086 0.004630
0 0.168210 0.884259 0.006173 0.004115
0 0.172261 0.896348 0.004244 0.005658
0 0.166088 0.894547 0.005787 0.008230
