0 0.273148 0.029578 0.003858 0.004630
0 0.244020 0.046553 0.002701 0.003601
0 0.729745 0.498971 0.004244 0.005144
0 0.346258 0.559671 0.002701 0.003086
0 0.496142 0.404321 0.003086 0.005144
0 0.947145 0.639918 0.003086 0.004115
0 0.300733 0.148920 0.001929 0.004630
0 0.229745 0.419239 0.003472 0.004115
0 0.372106 0.063786 0.003472 0.005144
0 0.277006 0.047325 0.002701 0.002572
0 0.369406 0.441872 0.002701 0.004115
0 0.488619 0.054012 0.003472 0.004115
0 0.500386 0.085905 0.003086 0.005144
0 0.182099 0.699588 0.003086 0.004115
0 0.325231 0.326389 0.002315 0.004630
0 0.857832 0.442644 0.003472 0.004630
0 0.402778 0.036265 0.002315 0.003601
0 0.418596 0.076646 0.003086 0.006173
0 0.152006 0.175669 0.003086 0.004630
0 0.241127 0.184414 0.003858 0.005658
0 0.224537 0.164866 0.003858 0.004630
0 0.261188 0.100823 0.003086 0.003086
0 0.081404 0.111368 0.003086 0.004630
0 0.540123 0.492284 0.003086 0.004115
0 0.298032 0.086163 0.002701 0.004630
0 0.111690 0.055041 0.005787 0.005144
0 0.222029 0.030864 0.003472 0.004115
0 0.719522 0.631430 0.003086 0.003601
0 0.238619 0.061471 0.002701 0.004630
0 0.264468 0.440072 0.004244 0.005658
0 0.100116 0.004887 0.005787 0.006687
0 0.494406 0.013374 0.005015 0.010288
0 0.475185 0.228148 0.003704 0.005926
0 0.437284 0.222058 0.003951 0.004938
0 0.444938 0.307819 0.003951 0.007901
0 0.371481 0.302551 0.004198 0.005926
0 0.377343 0.301432 0.007654 0.008230
0 0.134645 0.033951 0.004691 0.006914
0 0.144290 0.045782 0.003704 0.006914
0 0.163086 0.042469 0.003210 0.007243
0 0.145743 0.076192 0.004938 0.007572
0 0.151582 0.073085 0.005432 0.010206
0 0.244444 0.266667 0.003704 0.005761
0 0.381944 0.129835 0.004012 0.005350
0 0.329167 0.584156 0.002778 0.005350
0 0.648920 0.524691 0.003395 0.004938
0 0.598370 0.615226 0.003160 0.006058
0 0.602123 0.613909 0.004346 0.005531
0 0.672642 0.553992 0.003556 0.006848
0 0.677855 0.552984 0.003358 0.005531
0 0.841547 0.001595 0.002711 0.003190
0 0.871378 0.162065 0.003470 0.004225
0 0.526134 0.338293 0.003277 0.004372
0 0.938833 0.430456 0.005292 0.006200
0 0.885904 0.351083 0.004400 0.005832
0 0.697697 0.419740 0.003762 0.004995
0 0.697256 0.328281 0.004069 0.004377
0 0.544476 0.101784 0.003909 0.006076
0 0.942880 0.180412 0.003859 0.004687
0 0.971026 0.121863 0.004413 0.005077
0 0.548887 0.329874 0.003996 0.004653
0 0.543712 0.163525 0.003176 0.004673
0 0.534803 0.235534 0.002885 0.003628
0 0.915963 0.347786 0.004150 0.004787
0 0.564899 0.381298 0.003372 0.003665
0 0.685798 0.348714 0.004462 0.004511
0 0.863617 0.357618 0.003430 0.004406
0 0.910809 0.016902 0.003029 0.004026
0 0.707704 0.233246 0.003114 0.003784
0 0.800027 0.038744 0.003146 0.004888
0 0.694792 0.238724 0.002867 0.003980
0 0.636162 0.245059 0.003243 0.004218
0 0.896018 0.058289 0.003671 0.004152
0 0.627691 0.117976 0.003195 0.004355
0 0.955701 0.232915 0.003666 0.004570
0 0.856807 0.201718 0.003617 0.004773
0 0.715690 0.149229 0.003011 0.004233
0 0.945280 0.219472 0.004099 0.005682
0 0.716435 0.162294 0.002958 0.003413
0 0.934462 0.121389 0.002548 0.003898
0 0.744878 0.361952 0.003420 0.005342
0 0.763276 0.215893 0.003417 0.004874
0 0.700301 0.038176 0.002896 0.004247
0 0.676929 0.016128 0.003461 0.004728
0 0.518249 0.077138 0.003520 0.004564
0 0.545064 0.035124 0.004269 0.004318
0 0.677363 0.128696 0.003319 0.004008
0 0.724756 0.141367 0.004272 0.004070
0 0.910891 0.111548 0.003263 0.004654
0 0.676708 0.079218 0.003104 0.003458
0 0.522061 0.058707 0.005174 0.005133
0 0.925426 0.138854 0.002877 0.004464
0 0.767021 0.393053 0.005068 0.005484
0 0.721259 0.278828 0.003391 0.005662
0 0.535797 0.348739 0.003523 0.004347
0 0.830741 0.048102 0.002902 0.003405
0 0.565033 0.210852 0.003277 0.005495
0 0.830396 0.088622 0.003525 0.003994
0 0.673679 0.257832 0.004259 0.005398
0 0.506934 0.071406 0.003199 0.004374
0 0.854098 0.277068 0.004394 0.005569
0 0.876730 0.138367 0.004405 0.004834
0 0.532657 0.286750 0.005024 0.004524
0 0.880617 0.308333 0.003604 0.003658
0 0.701285 0.252448 0.004210 0.005651
0 0.950735 0.339016 0.003518 0.003518
0 0.840036 0.121274 0.003338 0.003773
0 0.566539 0.190565 0.002697 0.004545
0 0.910258 0.091103 0.003166 0.005329
0 0.795006 0.086901 0.004189 0.004621
0 0.752495 0.101093 0.003538 0.004742
0 0.915070 0.072456 0.002941 0.003888
0 0.615066 0.289497 0.003788 0.006108
0 0.659629 0.035800 0.002909 0.003744
0 0.941556 0.169154 0.003011 0.005554
0 0.748360 0.194026 0.004574 0.004246
0 0.611303 0.179812 0.004051 0.005115
0 0.947553 0.143727 0.003619 0.006254
0 0.542997 0.147916 0.002714 0.006299
0 0.934261 0.091658 0.003071 0.006342
0 0.739867 0.107138 0.004411 0.006130
0 0.845503 0.315708 0.004330 0.004365
0 0.690273 0.017737 0.003123 0.004865
0 0.931859 0.071115 0.004108 0.006878
0 0.603257 0.280886 0.003600 0.004074
0 0.822935 0.088309 0.003018 0.004733
0 0.675976 0.231334 0.003270 0.006162
0 0.894063 0.206414 0.003303 0.006616
0 0.521507 0.106977 0.004180 0.005531
0 0.919804 0.127022 0.004211 0.006584
0 0.546682 0.341821 0.004584 0.006088
0 0.826775 0.181327 0.003680 0.003455
0 0.775732 0.180802 0.003524 0.004025
0 0.720390 0.183560 0.004584 0.003737
0 0.707685 0.098081 0.003492 0.004623
0 0.940303 0.099784 0.003460 0.004563
0 0.815941 0.078100 0.002574 0.002938
0 0.965586 0.116863 0.003212 0.006113
0 0.782330 0.132507 0.006796 0.007804
0 0.793466 0.222827 0.003671 0.004784
0 0.793755 0.120849 0.003366 0.004276
0 0.554094 0.242387 0.003212 0.005841
0 0.840664 0.127315 0.002979 0.003845
0 0.724151 0.049307 0.003491 0.005199
0 0.627766 0.318750 0.003102 0.003950
0 0.950175 0.330893 0.003504 0.005625
0 0.572026 0.247180 0.004428 0.004956
0 0.646861 0.219933 0.003396 0.003884
0 0.932126 0.251615 0.003695 0.007208
0 0.832911 0.004113 0.002597 0.003284
0 0.878667 0.049539 0.003042 0.005400
0 0.931444 0.210234 0.004357 0.006650
0 0.585747 0.325638 0.003128 0.005689
0 0.872559 0.086013 0.003594 0.005361
0 0.623244 0.268122 0.004377 0.005319
0 0.773133 0.299286 0.003367 0.005759
0 0.631148 0.323567 0.003767 0.004752
0 0.818071 0.059254 0.003459 0.004277
0 0.845966 0.411950 0.004539 0.005476
0 0.642443 0.106635 0.004336 0.005787
0 0.847204 0.017317 0.003143 0.003873
0 0.888261 0.064752 0.003344 0.005992
0 0.713936 0.060373 0.002764 0.006184
0 0.786156 0.234714 0.003564 0.003944
0 0.876049 0.098852 0.004429 0.004603
0 0.924798 0.158150 0.003171 0.006683
0 0.867771 0.094463 0.002619 0.003624
0 0.900556 0.039133 0.003758 0.005451
0 0.954332 0.372457 0.005410 0.005468
0 0.720661 0.103613 0.003844 0.006420
0 0.801819 0.086783 0.003072 0.004510
0 0.728364 0.168925 0.004243 0.005947
0 0.614114 0.265971 0.003220 0.004840
0 0.607637 0.119022 0.004365 0.003182
0 0.932003 0.169251 0.003404 0.005336
0 0.935759 0.320358 0.004381 0.005467
0 0.797830 0.005936 0.003554 0.003746
0 0.579516 0.090708 0.005067 0.004873
0 0.623096 0.074837 0.004180 0.006611
0 0.564154 0.154041 0.004530 0.006036
0 0.517138 0.143756 0.004823 0.006323
0 0.826127 0.112516 0.003997 0.006389
0 0.817901 0.100566 0.002586 0.003634
0 0.665374 0.190142 0.005214 0.005501
0 0.583507 0.106558 0.004218 0.006192
0 0.509900 0.130459 0.003715 0.003305
0 0.790669 0.150825 0.004813 0.005215
0 0.697066 0.023995 0.004350 0.004385
0 0.923951 0.122205 0.003893 0.005048
0 0.517650 0.258485 0.003860 0.006576
0 0.787158 0.226534 0.004419 0.005751
0 0.884370 0.006299 0.004743 0.003216
0 0.697425 0.106287 0.004253 0.006466
0 0.876498 0.116951 0.004834 0.005750
0 0.763954 0.070354 0.004569 0.005552
0 0.693545 0.120863 0.004334 0.004029
0 0.903887 0.054184 0.003619 0.006318
0 0.861146 0.154415 0.004327 0.006770
0 0.865290 0.051539 0.003847 0.003659
0 0.505662 0.041255 0.003030 0.004678
0 0.640032 0.012015 0.003190 0.004040
0 0.856699 0.029027 0.003030 0.005316
0 0.859729 0.028495 0.002392 0.005529
0 0.858692 0.019032 0.003190 0.004891
0 0.844338 0.004997 0.003190 0.002764
0 0.847129 0.008931 0.002711 0.003828
0 0.825120 0.005742 0.003987 0.003828
0 0.824721 0.010633 0.003190 0.004253
0 0.818820 0.008719 0.004147 0.003402
0 0.818182 0.018075 0.002552 0.004253
0 0.807257 0.017438 0.003030 0.002977
0 0.809569 0.013291 0.002552 0.002764
0 0.807177 0.010207 0.001914 0.002977
0 0.787400 0.001276 0.002233 0.002552
0 0.938278 0.020308 0.003828 0.004466
0 0.952153 0.019989 0.003509 0.004253
0 0.897209 0.020096 0.001754 0.003190
0 0.895455 0.024136 0.003030 0.002764
0 0.891228 0.020415 0.003509 0.003828
0 0.892105 0.011483 0.002073 0.003402
0 0.877193 0.012440 0.002552 0.003190
0 0.836842 0.020415 0.002871 0.004253
0 0.842982 0.024030 0.002392 0.003828
0 0.844179 0.031685 0.002871 0.005104
0 0.837081 0.027645 0.002392 0.002977
0 0.837640 0.032323 0.002233 0.003828
0 0.841148 0.042531 0.002233 0.003402
0 0.858772 0.039234 0.002711 0.003190
0 0.863477 0.032323 0.002552 0.003402
0 0.821212 0.038384 0.003509 0.003190
0 0.792584 0.029133 0.002711 0.003828
0 0.786364 0.027964 0.002392 0.003190
0 0.794258 0.024030 0.002233 0.003402
0 0.750000 0.013291 0.002711 0.004040
0 0.640590 0.002127 0.004306 0.004253
0 0.685008 0.083360 0.003190 0.005529
0 0.632217 0.096757 0.002233 0.002977
0 0.566826 0.123339 0.002871 0.003828
0 0.563636 0.128655 0.002552 0.004253
0 0.532536 0.101435 0.002552 0.003402
0 0.668341 0.105795 0.002392 0.003615
0 0.759888 0.086762 0.002392 0.004253
0 0.762281 0.083147 0.003030 0.002552
0 0.761404 0.079001 0.002552 0.003615
0 0.797528 0.073578 0.002392 0.003828
0 0.821053 0.067198 0.003190 0.004253
0 0.808373 0.082722 0.002392 0.004678
0 0.803190 0.097501 0.002871 0.004040
0 0.898884 0.076768 0.003190 0.004253
0 0.905742 0.077193 0.003509 0.004253
0 0.899522 0.082828 0.003190 0.003190
0 0.890670 0.084211 0.003349 0.002977
0 0.927432 0.083254 0.002552 0.004466
0 0.926635 0.100691 0.002552 0.003615
0 0.954466 0.201808 0.003349 0.003828
0 0.951196 0.204785 0.002871 0.003828
0 0.992265 0.227539 0.003987 0.005104
0 0.877512 0.193408 0.002871 0.004040
0 0.868581 0.194258 0.002552 0.002764
0 0.869139 0.227858 0.003987 0.004891
0 0.847927 0.186816 0.002711 0.003615
0 0.835646 0.163530 0.004625 0.007656
0 0.796252 0.175439 0.002711 0.003402
0 0.607018 0.228283 0.002552 0.004466
0 0.561962 0.231898 0.003668 0.004040
0 0.579585 0.322382 0.003828 0.004678
0 0.611962 0.261031 0.004147 0.004040
0 0.610048 0.266986 0.003190 0.003190
0 0.606858 0.263902 0.002552 0.003402
0 0.605582 0.268793 0.003509 0.003828
0 0.805502 0.294205 0.003668 0.004466
0 0.801675 0.296225 0.002073 0.004253
0 0.802073 0.375120 0.002871 0.006380
0 0.878469 0.332270 0.003509 0.004466
0 0.875120 0.335035 0.002552 0.004040
0 0.610686 0.333440 0.003828 0.004253
