0 0.714120 0.167953 0.003858 0.004630
0 0.815201 0.328961 0.003086 0.005658
0 0.332755 0.403292 0.004244 0.006173
0 0.990741 0.086934 0.003086 0.005144
0 0.329475 0.201389 0.003086 0.004630
0 0.710841 0.033436 0.003472 0.004115
0 0.927855 0.223765 0.003086 0.004115
0 0.474344 0.229681 0.003472 0.004630
0 0.908372 0.078189 0.002701 0.006173
0 0.996721 0.071245 0.002701 0.004630
0 0.629630 0.253601 0.003086 0.004115
0 0.730324 0.187500 0.003858 0.005658
0 0.892361 0.037809 0.002315 0.004630
0 0.719329 0.422325 0.003472 0.004115
0 0.507330 0.492027 0.002315 0.002572
0 0.819444 0.586934 0.003086 0.004115
0 0.986690 0.406121 0.003472 0.004630
0 0.589699 0.010031 0.003472 0.005658
0 0.965278 0.229938 0.003086 0.004115
0 0.787809 0.088477 0.003086 0.005144
0 0.641011 0.179012 0.003472 0.005144
0 0.861111 0.305298 0.004630 0.005658
0 0.859722 0.445062 0.004012 0.006173
0 0.756327 0.444239 0.003395 0.006996
0 0.765741 0.049177 0.004321 0.004527
0 0.762500 0.031481 0.004012 0.008642
0 0.978704 0.054733 0.003704 0.006584
0 0.984414 0.013992 0.004630 0.007407
0 0.995370 0.040947 0.004321 0.007819
0 0.635185 0.080453 0.004938 0.003704
0 0.634259 0.048148 0.003704 0.006584
0 0.635957 0.056173 0.003395 0.006173
0 0.626543 0.043621 0.003086 0.005761
0 0.629938 0.042593 0.004321 0.006996
0 0.570525 0.115226 0.004012 0.005761
0 0.672377 0.703704 0.003395 0.004938
0 0.836728 0.563169 0.003704 0.005350
