0 0.553101 0.210644 0.009810 0.012646
0 0.651177 0.242024 0.008838 0.010319
0 0.441738 0.174445 0.009700 0.012822
0 0.666886 0.221626 0.009560 0.011912
0 0.629845 0.157937 0.009800 0.012801
0 0.553742 0.277120 0.010464 0.013655
0 0.668523 0.252485 0.009434 0.012594
0 0.587790 0.294200 0.010244 0.012657
0 0.509372 0.190157 0.010059 0.012656
0 0.572437 0.213043 0.009913 0.013170
0 0.520139 0.264109 0.009786 0.012833
0 0.739869 0.246996 0.010136 0.013350
0 0.482808 0.246284 0.009696 0.012779
0 0.786781 0.366250 0.010131 0.013268
0 0.539787 0.263553 0.010478 0.013259
0 0.455100 0.222859 0.009899 0.013134
0 0.646307 0.234093 0.008864 0.011985
0 0.666220 0.165601 0.009778 0.013400
0 0.635687 0.259005 0.009242 0.012393
0 0.503473 0.213384 0.009874 0.013194
0 0.571054 0.275698 0.010180 0.013302
0 0.566995 0.310008 0.009323 0.012441
0 0.740656 0.100972 0.010466 0.013058
0 0.783357 0.142489 0.009937 0.012026
0 0.589264 0.266223 0.008953 0.013268
0 0.401196 0.122044 0.009750 0.012896
0 0.403829 0.071078 0.010583 0.014434
0 0.658735 0.188134 0.009584 0.013083
0 0.705772 0.011231 0.009333 0.012953
0 0.371398 0.055082 0.009516 0.012691
0 0.763959 0.048982 0.009139 0.013260
0 0.407019 0.169245 0.010020 0.013276
0 0.733341 0.287093 0.011054 0.014525
0 0.518449 0.233324 0.009932 0.012736
0 0.713686 0.111439 0.009489 0.013005
0 0.543279 0.174004 0.009905 0.013044
0 0.787342 0.130211 0.010129 0.013056
0 0.737745 0.079195 0.008907 0.012077
0 0.697021 0.024478 0.009773 0.012006
0 0.613719 0.165157 0.009934 0.013160
0 0.583353 0.266763 0.009446 0.013813
0 0.395016 0.054445 0.010000 0.012899
0 0.799848 0.354355 0.009996 0.013854
0 0.434212 0.181260 0.009286 0.012737
0 0.806938 0.171843 0.010381 0.013552
0 0.873488 0.148955 0.010517 0.013885
0 0.753843 0.185736 0.009632 0.012722
0 0.720212 0.278149 0.009978 0.013122
0 0.803509 0.227240 0.011570 0.015206
0 0.755815 0.047245 0.009445 0.013247
0 0.348756 0.021938 0.009707 0.013139
0 0.322094 0.102684 0.009883 0.013321
0 0.784134 0.105059 0.010440 0.013661
0 0.366618 0.091262 0.010420 0.014067
0 0.740785 0.017330 0.010129 0.011850
0 0.810495 0.138612 0.010514 0.013608
0 0.499156 0.201474 0.009529 0.012212
0 0.697633 0.078245 0.010102 0.013033
0 0.419064 0.165655 0.009755 0.012372
0 0.530607 0.230209 0.010933 0.014014
0 0.793068 0.149703 0.009909 0.013292
0 0.630410 0.122728 0.009903 0.012927
0 0.802272 0.148027 0.009586 0.013401
0 0.630362 0.192221 0.010239 0.013359
0 0.743706 0.048107 0.009383 0.012071
0 0.594987 0.203490 0.009662 0.012735
0 0.707442 0.222462 0.008971 0.012095
0 0.606200 0.109135 0.009755 0.012627
0 0.736241 0.311981 0.010902 0.014961
0 0.577975 0.102090 0.009791 0.013055
0 0.783526 0.089520 0.010218 0.014241
0 0.749487 0.059310 0.009428 0.011832
0 0.651054 0.100975 0.008852 0.011040
0 0.983261 0.112725 0.010183 0.012962
0 0.627645 0.080739 0.009470 0.012685
0 0.348750 0.074682 0.009241 0.012372
0 0.801623 0.101763 0.009154 0.012621
0 0.786435 0.299359 0.010201 0.013388
0 0.759120 0.196659 0.010635 0.014012
0 0.686992 0.015020 0.010233 0.012977
0 0.885675 0.219247 0.009893 0.013529
0 0.821685 0.189767 0.009756 0.013343
0 0.775826 0.062805 0.010674 0.015016
0 0.971449 0.134891 0.011330 0.015218
0 0.734012 0.024277 0.008727 0.012334
0 0.360297 0.116113 0.010301 0.013545
0 0.750955 0.147349 0.011118 0.014411
0 0.803362 0.043287 0.009992 0.012357
0 0.697573 0.014510 0.009498 0.012572
0 0.645076 0.248215 0.008494 0.012153
0 0.721265 0.153776 0.011085 0.014714
0 0.809686 0.086922 0.010116 0.013093
0 0.855741 0.057128 0.009291 0.013075
0 0.607489 0.228082 0.010860 0.013330
0 0.679991 0.217612 0.010123 0.013537
0 0.707855 0.082268 0.010813 0.014442
0 0.785464 0.171503 0.010039 0.012930
0 0.821269 0.265041 0.010991 0.014415
0 0.951916 0.101439 0.011039 0.014428
0 0.933161 0.082872 0.010359 0.013659
0 0.769141 0.005781 0.009623 0.011274
0 0.799707 0.179455 0.010755 0.012837
0 0.717845 0.121634 0.010303 0.011624
0 0.377960 0.023926 0.008805 0.011469
0 0.967940 0.060577 0.010498 0.013928
0 0.558538 0.175116 0.008863 0.011634
0 0.799741 0.086469 0.009576 0.012892
0 0.767304 0.077022 0.010964 0.014294
0 0.657487 0.108281 0.009884 0.013674
0 0.765457 0.295594 0.011050 0.014289
0 0.787122 0.037387 0.009168 0.012052
0 0.986116 0.283878 0.012189 0.015732
0 0.884758 0.164163 0.010518 0.013336
0 0.807380 0.116568 0.008848 0.011819
0 0.894541 0.063400 0.010028 0.013480
0 0.761000 0.011690 0.008821 0.011346
0 0.862022 0.149124 0.011330 0.013675
0 0.887520 0.373930 0.010669 0.014433
0 0.423655 0.059322 0.010118 0.013589
0 0.884789 0.176936 0.011488 0.014240
0 0.878283 0.363129 0.010490 0.013021
0 0.818395 0.078176 0.008550 0.012673
0 0.810058 0.101806 0.009420 0.011738
0 0.724765 0.040244 0.009654 0.013107
0 0.825726 0.149301 0.010567 0.013958
0 0.683720 0.070560 0.010229 0.013537
0 0.977438 0.165570 0.010826 0.015054
0 0.976278 0.004662 0.008735 0.009323
0 0.875332 0.298834 0.010607 0.013991
0 0.947760 0.083442 0.009824 0.012882
0 0.890477 0.046192 0.011176 0.015394
0 0.694290 0.105213 0.009794 0.012636
0 0.641401 0.287515 0.010851 0.014638
0 0.364130 0.022608 0.009482 0.012110
0 0.590761 0.224282 0.009156 0.012271
0 0.603633 0.022215 0.011582 0.015703
0 0.781512 0.046201 0.009875 0.014327
0 0.716620 0.136010 0.010600 0.013030
0 0.861596 0.200813 0.011051 0.014347
0 0.826448 0.208103 0.010461 0.013991
0 0.878354 0.039461 0.010696 0.012247
0 0.835184 0.130468 0.010400 0.014294
0 0.878533 0.095280 0.010688 0.014171
0 0.769432 0.109984 0.009811 0.012764
0 0.867581 0.139252 0.010135 0.013920
0 0.806651 0.195798 0.011418 0.015593
0 0.934571 0.061684 0.010652 0.014982
0 0.932610 0.235103 0.010021 0.013359
0 0.975943 0.200695 0.010873 0.013815
0 0.735569 0.066047 0.010077 0.012618
0 0.363446 0.070694 0.009137 0.012140
0 0.849272 0.094826 0.009138 0.011707
0 0.791541 0.114125 0.010329 0.014347
0 0.664343 0.113175 0.008931 0.011908
0 0.893527 0.095605 0.010572 0.013662
0 0.981463 0.185232 0.011228 0.014436
0 0.384949 0.021213 0.008686 0.011675
0 0.894058 0.315273 0.011230 0.014331
0 0.378151 0.051931 0.009258 0.013018
0 0.918907 0.121842 0.008697 0.012708
0 0.769195 0.015449 0.009482 0.012194
0 0.792672 0.101680 0.009050 0.011819
0 0.814654 0.217623 0.011459 0.014852
0 0.831541 0.218954 0.010447 0.013571
0 0.941772 0.091447 0.009561 0.012450
0 0.927120 0.394234 0.010978 0.014660
0 0.808278 0.108884 0.009093 0.010215
0 0.852627 0.112418 0.010617 0.014424
0 0.877542 0.348925 0.010950 0.014824
0 0.866599 0.116969 0.010628 0.012875
0 0.392110 0.009990 0.010165 0.015027
0 0.889612 0.187622 0.010409 0.013202
0 0.849173 0.013090 0.009419 0.012197
0 0.881536 0.011089 0.010903 0.012493
0 0.342324 0.042558 0.009145 0.011803
0 0.779185 0.114143 0.009619 0.014476
0 0.920027 0.220187 0.010825 0.013934
0 0.845480 0.138587 0.011777 0.013855
0 0.822916 0.024154 0.010289 0.013329
0 0.897715 0.331815 0.011201 0.015009
0 0.438676 0.033633 0.012408 0.016169
0 0.881473 0.025197 0.011577 0.014943
0 0.282620 0.025820 0.010108 0.012920
0 0.995690 0.455219 0.008594 0.013215
0 0.991320 0.260760 0.012507 0.016974
0 0.833639 0.105860 0.009255 0.012438
0 0.930203 0.138235 0.011335 0.014017
0 0.909127 0.358763 0.010564 0.013954
0 0.853855 0.179899 0.010800 0.014075
0 0.869971 0.365018 0.010597 0.014413
0 0.994529 0.429768 0.009999 0.014378
0 0.647021 0.022246 0.010674 0.012907
0 0.974707 0.399663 0.015106 0.019269
0 0.620041 0.624444 0.009823 0.013622
0 0.878321 0.109040 0.010776 0.014532
0 0.847993 0.387507 0.009952 0.012995
0 0.827391 0.134186 0.009876 0.013680
0 0.821352 0.178682 0.010501 0.012595
0 0.367840 0.040409 0.009687 0.013045
0 0.908585 0.097246 0.010371 0.013444
0 0.864257 0.004862 0.009206 0.009724
0 0.807737 0.004930 0.009464 0.009860
0 0.868986 0.333567 0.010183 0.013663
0 0.920558 0.153137 0.009325 0.011315
0 0.829291 0.359010 0.011553 0.014438
0 0.266475 0.027872 0.010272 0.013923
0 0.864841 0.358189 0.009674 0.013489
0 0.382706 0.045984 0.008913 0.010608
0 0.688236 0.123230 0.010310 0.015161
0 0.858339 0.044673 0.009601 0.011053
0 0.799524 0.034969 0.009113 0.012333
0 0.882917 0.107991 0.010445 0.012763
0 0.931901 0.428928 0.011328 0.014572
0 0.948904 0.375176 0.012015 0.016797
0 0.551532 0.169341 0.009692 0.014692
0 0.829444 0.342012 0.011848 0.016040
0 0.717487 0.032124 0.008670 0.011203
0 0.893165 0.153224 0.009679 0.012716
0 0.876253 0.323876 0.009889 0.014164
0 0.890070 0.004086 0.009352 0.008173
0 0.929526 0.179269 0.011327 0.014459
0 0.936603 0.361830 0.011844 0.015600
0 0.918943 0.139273 0.010901 0.014537
0 0.301805 0.033561 0.010573 0.014368
0 0.790675 0.005911 0.008599 0.011138
0 0.951722 0.438798 0.012662 0.016947
0 0.891464 0.031505 0.010408 0.013077
0 0.639855 0.244213 0.009903 0.013469
0 0.939865 0.392152 0.010817 0.013708
0 0.859040 0.004125 0.009107 0.008251
0 0.910906 0.234941 0.010219 0.013116
0 0.880302 0.071472 0.009956 0.012765
0 0.824005 0.072296 0.008885 0.012839
0 0.846886 0.047141 0.009900 0.012126
0 0.937427 0.406263 0.013606 0.016991
0 0.917800 0.348860 0.012446 0.016423
0 0.710754 0.217613 0.009949 0.012978
0 0.834248 0.041715 0.008957 0.012746
0 0.841179 0.367676 0.010770 0.013930
0 0.722040 0.015378 0.008296 0.011469
0 0.912806 0.155746 0.011116 0.013446
0 0.941394 0.441013 0.011877 0.016194
0 0.892188 0.083853 0.010763 0.013682
0 0.984275 0.195842 0.011582 0.013881
0 0.753727 0.031211 0.011071 0.014001
0 0.566879 0.101344 0.007377 0.010375
0 0.942777 0.114252 0.009198 0.012420
0 0.755550 0.027162 0.009925 0.014296
0 0.978024 0.438689 0.012292 0.015957
0 0.831234 0.034118 0.012618 0.016129
0 0.797772 0.006538 0.010098 0.013076
0 0.838418 0.389443 0.010303 0.013262
0 0.951378 0.117920 0.010125 0.012898
0 0.792730 0.039643 0.009842 0.012121
0 0.856053 0.357187 0.010448 0.014098
0 0.718620 0.014018 0.008971 0.012929
0 0.726517 0.003345 0.008853 0.006689
0 0.810592 0.522118 0.013000 0.017301
0 0.963417 0.251227 0.009915 0.013070
0 0.744663 0.038359 0.010057 0.013419
0 0.766609 0.030110 0.009525 0.013064
0 0.841830 0.044678 0.008504 0.012674
0 0.836717 0.103744 0.008634 0.011591
0 0.759964 0.046320 0.012398 0.018177
0 0.845530 0.170074 0.012208 0.013677
0 0.914439 0.121453 0.011516 0.014423
0 0.845214 0.322964 0.012152 0.014789
0 0.842212 0.073165 0.010793 0.015116
0 0.883365 0.154334 0.009805 0.012984
0 0.761725 0.014799 0.012076 0.015685
0 0.794354 0.092462 0.009595 0.012506
0 0.837738 0.025611 0.010532 0.014359
0 0.877719 0.097215 0.015932 0.022437
0 0.655019 0.104738 0.012174 0.015063
0 0.841351 0.318477 0.010165 0.012156
0 0.821920 0.074762 0.011274 0.015294
0 0.803813 0.225263 0.016385 0.022288
0 0.899390 0.160400 0.011188 0.014008
0 0.810339 0.521798 0.018068 0.025311
0 0.253324 0.012972 0.009000 0.012324
0 0.386615 0.009567 0.005594 0.008108
0 0.961855 0.032106 0.005594 0.007783
0 0.948599 0.027242 0.006324 0.008432
0 0.858238 0.011026 0.004135 0.006486
0 0.860914 0.017350 0.005594 0.007459
0 0.854104 0.015567 0.004621 0.009729
0 0.691869 0.143992 0.007054 0.010378
0 0.696733 0.147560 0.005594 0.008432
0 0.600293 0.245176 0.006810 0.011026
0 0.594942 0.248257 0.005838 0.008756
0 0.946896 0.116426 0.005838 0.009081
0 0.911019 0.062429 0.009486 0.008108
0 0.911384 0.070861 0.008270 0.008108
0 0.804606 0.085617 0.005351 0.009081
0 0.832091 0.072807 0.005351 0.008108
0 0.833915 0.078482 0.004621 0.007783
0 0.850698 0.071672 0.007054 0.008432
0 0.851914 0.076861 0.005108 0.005838
0 0.850212 0.082374 0.006081 0.005838
0 0.976448 0.268526 0.007054 0.010378
0 0.972070 0.262202 0.007540 0.009405
0 0.985570 0.007946 0.005838 0.006810
0 0.982529 0.002432 0.006567 0.004865
