0 0.806721 0.873676 0.011089 0.014650
0 0.823687 0.625988 0.012306 0.016096
0 0.742854 0.757405 0.009966 0.013092
0 0.641554 0.880289 0.013304 0.017791
0 0.755734 0.795541 0.010839 0.014757
0 0.590311 0.657763 0.011513 0.015410
0 0.790863 0.908883 0.010278 0.013300
0 0.593565 0.900949 0.012680 0.016699
0 0.403740 0.916367 0.010415 0.014341
0 0.531588 0.897517 0.010589 0.013976
0 0.525170 0.754812 0.010430 0.013722
0 0.779637 0.684970 0.011807 0.015416
0 0.705737 0.796922 0.010761 0.014084
0 0.714446 0.871972 0.010027 0.013247
0 0.396067 0.922444 0.010829 0.014117
0 0.446729 0.816745 0.010358 0.013071
0 0.644781 0.988762 0.012241 0.015588
0 0.398929 0.898096 0.009649 0.013124
0 0.738853 0.906837 0.010059 0.013795
0 0.636859 0.574547 0.011388 0.015119
0 0.531905 0.814254 0.012228 0.015517
0 0.161559 0.880758 0.010516 0.013084
0 0.639332 0.862327 0.011316 0.015318
0 0.152785 0.820111 0.009126 0.011989
0 0.995279 0.601552 0.009442 0.015890
0 0.791527 0.570410 0.008466 0.012486
0 0.520155 0.778130 0.009326 0.012619
0 0.145424 0.829644 0.009824 0.013309
0 0.362598 0.795808 0.010307 0.013438
0 0.793057 0.940317 0.010513 0.013327
0 0.652424 0.908731 0.010289 0.013690
0 0.801628 0.929819 0.010689 0.014576
0 0.602856 0.976189 0.010453 0.013467
0 0.205392 0.921428 0.010013 0.013154
0 0.235132 0.857791 0.010293 0.013325
0 0.418510 0.947004 0.010162 0.013601
0 0.842463 0.880269 0.011320 0.015161
0 0.661402 0.900063 0.010617 0.014102
0 0.461747 0.830656 0.010864 0.014282
0 0.512842 0.930203 0.010240 0.012945
0 0.468621 0.772586 0.011623 0.014478
0 0.995750 0.481272 0.008228 0.012885
0 0.175661 0.870248 0.010282 0.013330
0 0.234918 0.896838 0.010467 0.013451
0 0.506146 0.950482 0.012179 0.014903
0 0.563254 0.910501 0.011181 0.015469
0 0.548952 0.628405 0.012507 0.016454
0 0.561722 0.992887 0.011760 0.013112
0 0.025528 0.379993 0.011425 0.014580
0 0.016215 0.734521 0.013435 0.017631
0 0.827335 0.656546 0.011468 0.014236
0 0.783876 0.573668 0.009557 0.013485
0 0.044587 0.789441 0.009872 0.013403
0 0.816208 0.669380 0.011703 0.014798
0 0.590099 0.641734 0.008853 0.011675
0 0.861127 0.927945 0.011731 0.015709
0 0.872242 0.882010 0.010730 0.014216
0 0.773993 0.992562 0.011303 0.013088
0 0.742700 0.947267 0.010306 0.014564
0 0.547889 0.671174 0.010712 0.013239
0 0.340537 0.994148 0.009533 0.010576
0 0.955659 0.989803 0.011877 0.016102
0 0.435851 0.781891 0.010650 0.013552
0 0.608812 0.986541 0.010900 0.015554
0 0.200543 0.944820 0.009991 0.013179
0 0.521687 0.601450 0.011282 0.014555
0 0.258593 0.861754 0.010525 0.014425
0 0.863674 0.919585 0.009762 0.011625
0 0.270456 0.866495 0.013124 0.017198
0 0.711982 0.300379 0.012620 0.017361
0 0.688050 0.829670 0.015039 0.019465
0 0.917104 0.794431 0.012295 0.018006
0 0.344917 0.948229 0.011639 0.015280
0 0.979782 0.767838 0.011064 0.014147
0 0.706793 0.983062 0.011539 0.015777
0 0.484557 0.992858 0.014352 0.014232
0 0.303128 0.897402 0.010845 0.014144
0 0.501076 0.937731 0.010940 0.014092
0 0.278769 0.835445 0.010040 0.013648
0 0.960077 0.804141 0.012392 0.016096
0 0.944484 0.868328 0.011364 0.015009
0 0.298385 0.848280 0.013185 0.016659
0 0.354317 0.607586 0.011632 0.015699
0 0.051993 0.410082 0.010405 0.014780
0 0.676437 0.943466 0.011207 0.014534
0 0.375664 0.944106 0.010130 0.012623
0 0.290857 0.798056 0.009655 0.012242
0 0.988960 0.871897 0.011127 0.014414
0 0.081149 0.981022 0.011927 0.015729
0 0.052077 0.942047 0.010621 0.013456
0 0.423982 0.736487 0.009507 0.012510
0 0.890112 0.524474 0.014634 0.019727
0 0.771112 0.680384 0.008762 0.011920
0 0.459433 0.673571 0.009625 0.010306
0 0.515233 0.966974 0.010899 0.015698
0 0.626182 0.818706 0.009829 0.012529
0 0.988719 0.834431 0.013170 0.016989
0 0.243109 0.584684 0.012980 0.016866
0 0.460991 0.682604 0.010252 0.013021
0 0.089042 0.434708 0.011410 0.014578
0 0.670097 0.908929 0.010703 0.014033
0 0.458627 0.684358 0.008621 0.010328
0 0.391795 0.461647 0.013195 0.017083
0 0.512789 0.506159 0.010473 0.013244
0 0.963584 0.921242 0.011231 0.015007
0 0.712468 0.996252 0.008079 0.007497
0 0.488111 0.907341 0.010193 0.013851
0 0.484675 0.890515 0.014274 0.018434
0 0.676144 0.837036 0.007092 0.010787
0 0.570813 0.502437 0.012036 0.015368
0 0.775009 0.376134 0.011631 0.015625
0 0.970795 0.486222 0.009309 0.012502
0 0.024634 0.382273 0.016241 0.022615
0 0.671657 0.911750 0.009890 0.012489
0 0.842642 0.881398 0.016694 0.021864
0 0.237272 0.975478 0.010401 0.013335
0 0.535542 0.573586 0.011265 0.014438
0 0.472239 0.891398 0.011647 0.016315
0 0.637828 0.574208 0.015775 0.022036
0 0.967933 0.829288 0.011526 0.015371
0 0.785894 0.144237 0.011961 0.014838
0 0.889215 0.522501 0.020813 0.027914
0 0.488258 0.816858 0.009334 0.012019
0 0.423301 0.737107 0.014709 0.018622
0 0.758314 0.377672 0.013064 0.022169
0 0.957542 0.525732 0.023159 0.019002
0 0.827197 0.666667 0.010689 0.014252
0 0.043943 0.505146 0.015439 0.022169
0 0.520784 0.905780 0.011876 0.019002
0 0.338480 0.956057 0.008314 0.018211
0 0.768705 0.690816 0.011283 0.016627
0 0.588480 0.745051 0.014252 0.017419
0 0.582542 0.757720 0.011876 0.015835
