0 0.111883 0.531636 0.006944 0.009774
0 0.417052 0.395833 0.006173 0.008745
0 0.423804 0.241255 0.006559 0.008230
0 0.315394 0.486626 0.006559 0.009259
0 0.582369 0.459362 0.004244 0.008230
0 0.438272 0.504887 0.006173 0.008745
0 0.488619 0.265689 0.006559 0.008745
0 0.435185 0.151492 0.004630 0.007716
0 0.372106 0.211163 0.006559 0.009774
0 0.349730 0.061471 0.005787 0.008745
0 0.284915 0.561214 0.007330 0.010288
0 0.635417 0.241512 0.006173 0.008745
0 0.194059 0.215535 0.006944 0.010288
0 0.618248 0.179270 0.005787 0.008745
0 0.534144 0.117798 0.005787 0.008230
0 0.235918 0.043210 0.007330 0.009259
0 0.610340 0.279321 0.006173 0.008230
0 0.536844 0.092593 0.004244 0.006173
0 0.247299 0.056070 0.006944 0.012346
0 0.596258 0.071502 0.005787 0.006173
0 0.572724 0.121142 0.005787 0.007716
0 0.395255 0.163580 0.007330 0.009259
0 0.704861 0.138374 0.006173 0.008230
0 0.544560 0.262346 0.005787 0.008230
0 0.377894 0.298611 0.007330 0.009774
0 0.565008 0.270576 0.005787 0.008230
0 0.641397 0.374486 0.006559 0.008230
0 0.575039 0.038837 0.005787 0.007716
0 0.383102 0.179784 0.006173 0.009774
0 0.631173 0.095422 0.004630 0.007716
0 0.619020 0.257973 0.005787 0.007716
0 0.561150 0.359311 0.006559 0.008745
0 0.697338 0.055813 0.005787 0.007716
0 0.466242 0.333076 0.006559 0.008745
0 0.690008 0.174897 0.005787 0.008230
0 0.538387 0.319187 0.007330 0.008745
0 0.663580 0.574846 0.006173 0.008745
0 0.601080 0.367027 0.006173 0.009774
0 0.541474 0.760031 0.006559 0.010802
0 0.658565 0.340021 0.004630 0.008230
0 0.515046 0.422325 0.006173 0.009259
0 0.584491 0.327160 0.006173 0.008230
0 0.573302 0.317644 0.006173 0.008745
0 0.646605 0.257459 0.004630 0.007716
0 0.638889 0.437243 0.006173 0.008230
0 0.252894 0.364969 0.007330 0.010802
0 0.563079 0.338477 0.005787 0.008230
0 0.647762 0.720679 0.007716 0.011317
0 0.715471 0.310700 0.005787 0.008230
0 0.548804 0.038066 0.005787 0.008230
0 0.665316 0.495885 0.005787 0.008230
0 0.587577 0.040638 0.004630 0.008230
0 0.594522 0.142233 0.004630 0.007716
0 0.724537 0.037294 0.004630 0.007716
0 0.607639 0.150206 0.004630 0.008230
0 0.469715 0.161523 0.005787 0.009259
0 0.619406 0.153035 0.005787 0.007716
0 0.570602 0.172068 0.003858 0.005658
0 0.693480 0.344650 0.005787 0.008230
0 0.568094 0.051698 0.005787 0.007716
0 0.829861 0.304270 0.006173 0.007716
0 0.655285 0.385802 0.005787 0.008230
0 0.689043 0.034722 0.004630 0.007716
0 0.543017 0.046811 0.004244 0.006173
0 0.601273 0.249486 0.005787 0.008230
0 0.822145 0.272119 0.006173 0.008230
0 0.704668 0.077675 0.005787 0.006173
0 0.701582 0.262603 0.005787 0.007716
0 0.634838 0.125000 0.004244 0.006173
0 0.687114 0.148148 0.004630 0.006173
0 0.629244 0.157665 0.004630 0.007716
0 0.760224 0.437500 0.006559 0.008745
0 0.655478 0.134516 0.004630 0.007716
0 0.745563 0.360340 0.006559 0.008745
0 0.712191 0.038837 0.004630 0.007716
0 0.585455 0.190072 0.005787 0.007716
0 0.711806 0.066615 0.004630 0.007716
0 0.742091 0.190586 0.005787 0.007716
0 0.868827 0.421296 0.006944 0.008230
0 0.796489 0.259774 0.005787 0.008230
0 0.669560 0.114969 0.005787 0.007716
0 0.823495 0.079990 0.008102 0.008745
0 0.767747 0.277521 0.006173 0.007716
0 0.718557 0.067644 0.004244 0.005658
0 0.822338 0.165381 0.005787 0.007716
0 0.791667 0.030350 0.004630 0.006173
0 0.702932 0.094650 0.004630 0.006173
0 0.795332 0.134002 0.005787 0.007716
0 0.634452 0.149949 0.004244 0.005658
0 0.768133 0.486368 0.007716 0.011831
0 0.923418 0.431070 0.008102 0.010288
0 0.992863 0.462963 0.008873 0.011317
0 0.907215 0.309671 0.006559 0.009259
0 0.783179 0.283179 0.008488 0.015947
0 0.814043 0.172582 0.006944 0.009774
0 0.746721 0.087706 0.005787 0.007716
0 0.839699 0.043210 0.005787 0.006173
0 0.795332 0.459105 0.006559 0.008745
0 0.990355 0.219907 0.009259 0.009774
0 0.901235 0.046553 0.006173 0.007716
0 0.796103 0.227109 0.005787 0.007716
0 0.745949 0.464249 0.006559 0.008745
0 0.781057 0.264146 0.011188 0.018004
0 0.804977 0.151492 0.005787 0.007716
0 0.581019 0.832047 0.006944 0.012860
0 0.734568 0.047582 0.004630 0.007716
0 0.948688 0.191101 0.006944 0.008745
0 0.858025 0.033951 0.006173 0.008230
0 0.978395 0.225051 0.006944 0.008745
0 0.794560 0.568673 0.006559 0.009774
0 0.812307 0.106739 0.005787 0.007716
0 0.803819 0.738683 0.007330 0.012346
0 0.702546 0.594393 0.004630 0.008745
0 0.804398 0.117027 0.004630 0.005658
0 0.832948 0.427469 0.006944 0.009259
0 0.698110 0.358539 0.003472 0.005144
0 0.793789 0.546039 0.005787 0.008745
0 0.932099 0.143004 0.007716 0.009259
0 0.917438 0.117798 0.009259 0.009259
0 0.772569 0.577160 0.009645 0.020576
0 0.867477 0.384002 0.006559 0.008745
0 0.944637 0.365741 0.007330 0.009259
0 0.879823 0.516718 0.007330 0.010802
0 0.923804 0.136831 0.005787 0.006173
0 0.950039 0.312757 0.007330 0.009259
0 0.794174 0.433128 0.011188 0.012346
0 0.983410 0.296553 0.007716 0.009774
0 0.886188 0.473251 0.006944 0.010288
0 0.880401 0.352109 0.007716 0.009774
0 0.782022 0.497685 0.008488 0.016975
0 0.914738 0.585391 0.009259 0.012346
0 0.910880 0.470679 0.007716 0.010288
0 0.895255 0.540638 0.007330 0.010288
0 0.648148 0.096451 0.003086 0.004630
0 0.919367 0.535494 0.006944 0.009259
0 0.483796 0.001029 0.006173 0.002058
0 0.900077 0.454990 0.007716 0.010802
0 0.998457 0.121914 0.003086 0.008230
0 0.975887 0.818158 0.009645 0.018004
0 0.964506 0.398405 0.007716 0.009774
0 0.478009 0.001800 0.003086 0.003601
0 0.260610 0.321245 0.004244 0.007716
0 0.973573 0.793467 0.009645 0.014918
0 0.971836 0.571502 0.009259 0.015432
0 0.604938 0.318930 0.007716 0.008230
0 0.461998 0.216307 0.008873 0.007716
0 0.336806 0.172068 0.006944 0.010802
0 0.412037 0.210134 0.006173 0.005658
0 0.947145 0.148148 0.004630 0.008230
0 0.714313 0.499228 0.005787 0.008745
0 0.115753 0.058733 0.005531 0.008428
0 0.111111 0.064263 0.006123 0.008428
0 0.410074 0.215967 0.005136 0.004741
0 0.466765 0.224132 0.007111 0.005794
0 0.454815 0.339753 0.004444 0.005926
0 0.439877 0.363951 0.007160 0.005597
0 0.440617 0.370864 0.006667 0.006255
0 0.644198 0.002634 0.004741 0.005267
0 0.646963 0.008296 0.004346 0.005531
0 0.652593 0.010535 0.004543 0.005267
0 0.690222 0.013827 0.004346 0.006058
0 0.691704 0.024099 0.004543 0.005531
0 0.623457 0.021860 0.004346 0.003687
0 0.558568 0.008823 0.005333 0.007111
0 0.565877 0.018436 0.005728 0.007901
0 0.764198 0.005399 0.005728 0.006584
0 0.766568 0.030156 0.005728 0.006584
0 0.804494 0.003951 0.004543 0.007374
0 0.821778 0.012247 0.004741 0.005531
0 0.961136 0.026469 0.004938 0.005004
0 0.771802 0.099556 0.005531 0.006848
0 0.896444 0.188708 0.003556 0.007111
0 0.897136 0.198584 0.004938 0.006848
0 0.844198 0.186601 0.005333 0.005531
0 0.853778 0.200428 0.004346 0.007374
0 0.860593 0.195029 0.004148 0.007111
0 0.875012 0.167111 0.004938 0.005531
0 0.892889 0.133136 0.003556 0.005004
0 0.852790 0.106798 0.004346 0.008691
0 0.824247 0.150387 0.003753 0.005267
0 0.788494 0.116280 0.003753 0.008165
0 0.942074 0.150914 0.002765 0.003687
0 0.921136 0.188840 0.003160 0.006848
0 0.913432 0.192658 0.004741 0.007111
0 0.712346 0.205037 0.005531 0.005531
0 0.709481 0.213860 0.004938 0.007374
0 0.666519 0.261136 0.003556 0.008165
0 0.660889 0.261926 0.004938 0.007638
0 0.606568 0.327506 0.009679 0.006584
0 0.589679 0.482634 0.007111 0.005531
0 0.584543 0.489745 0.004346 0.007111
0 0.224228 0.931070 0.008333 0.007819
0 0.694136 0.505350 0.006790 0.009877
0 0.695525 0.515638 0.005864 0.007407
