0 0.517940 0.375772 0.005787 0.007716
0 0.230517 0.772119 0.005787 0.008230
0 0.555941 0.387346 0.004630 0.006173
0 0.268519 0.350051 0.004630 0.007716
0 0.376157 0.757973 0.004630 0.008745
0 0.623457 0.600051 0.004630 0.007716
0 0.161265 0.120628 0.006944 0.011831
0 0.537230 0.772891 0.004244 0.007716
0 0.347608 0.393004 0.004630 0.006173
0 0.391782 0.578189 0.006559 0.008230
0 0.434799 0.314815 0.004630 0.006173
0 0.432870 0.636574 0.004630 0.005658
0 0.635802 0.367284 0.004630 0.006173
0 0.415316 0.442644 0.005787 0.007716
0 0.506752 0.650720 0.004244 0.006173
0 0.446373 0.654321 0.004630 0.006173
0 0.231096 0.472479 0.006944 0.008745
0 0.552083 0.633745 0.004630 0.006173
0 0.653549 0.503086 0.004630 0.006173
0 0.441744 0.611111 0.006173 0.009259
0 0.475694 0.553755 0.004630 0.005658
0 0.379630 0.340535 0.004630 0.006173
0 0.657600 0.294496 0.005787 0.007716
0 0.340664 0.406379 0.006944 0.009259
0 0.498071 0.581790 0.004630 0.006173
0 0.197917 0.128858 0.006173 0.009774
0 0.396798 0.299126 0.005787 0.007716
0 0.473187 0.382202 0.004244 0.006173
0 0.593943 0.425412 0.004244 0.006173
0 0.508873 0.825103 0.004630 0.008230
0 0.447917 0.549897 0.004630 0.006173
0 0.425540 0.264403 0.004630 0.006173
0 0.410494 0.476080 0.006173 0.007716
0 0.689429 0.136574 0.004630 0.007716
0 0.316937 0.654064 0.005787 0.009774
0 0.396991 0.215021 0.004630 0.006173
0 0.689429 0.287551 0.004630 0.006173
0 0.611690 0.537037 0.004244 0.006173
0 0.477045 0.880144 0.007330 0.011317
0 0.622685 0.586163 0.004630 0.007716
0 0.583140 0.527521 0.004244 0.005658
0 0.615548 0.579990 0.004244 0.007716
0 0.699653 0.398405 0.004244 0.005658
0 0.553241 0.352366 0.004630 0.006173
0 0.469715 0.422325 0.004244 0.006173
0 0.578318 0.476852 0.004630 0.006173
0 0.395062 0.158179 0.004630 0.005658
0 0.528935 0.596451 0.004630 0.005658
0 0.319830 0.809671 0.004630 0.008230
0 0.500000 0.154321 0.006944 0.009259
0 0.560378 0.713220 0.004244 0.007716
0 0.650463 0.583848 0.004630 0.006173
0 0.371528 0.724537 0.004630 0.007716
0 0.589892 0.412294 0.004630 0.007716
0 0.366898 0.531893 0.004630 0.006173
0 0.630787 0.525720 0.004630 0.006173
0 0.611690 0.682099 0.004244 0.006173
0 0.448110 0.518776 0.004244 0.005658
0 0.387153 0.295010 0.004244 0.005658
0 0.553434 0.566872 0.004244 0.006173
0 0.434414 0.455504 0.004630 0.007716
0 0.496914 0.540638 0.004630 0.006173
0 0.482253 0.337449 0.004630 0.006173
0 0.576003 0.537294 0.003858 0.005658
0 0.386767 0.697788 0.005787 0.007716
0 0.446181 0.320473 0.004244 0.006173
0 0.556713 0.434671 0.004630 0.006173
0 0.340471 0.308899 0.005787 0.007716
0 0.618827 0.330247 0.004630 0.006173
0 0.684992 0.359311 0.005787 0.008745
0 0.439429 0.390175 0.006944 0.009774
0 0.435378 0.778292 0.004244 0.006173
0 0.579090 0.504372 0.004630 0.007716
0 0.550733 0.475309 0.005787 0.006173
0 0.729552 0.213220 0.004630 0.007716
0 0.452932 0.137346 0.004630 0.006173
0 0.666474 0.230453 0.005787 0.006173
0 0.754630 0.043210 0.004630 0.008230
0 0.560764 0.444959 0.004244 0.006173
0 0.560957 0.469136 0.004630 0.006173
0 0.691358 0.360340 0.004630 0.005658
0 0.514660 0.648148 0.004630 0.006173
0 0.662423 0.242541 0.004630 0.007716
0 0.657022 0.632459 0.004630 0.007716
0 0.743634 0.513374 0.004244 0.006173
0 0.509838 0.502572 0.004244 0.006173
0 0.409915 0.164352 0.004244 0.007716
0 0.639275 0.401749 0.004630 0.006173
0 0.397569 0.393519 0.004244 0.006173
0 0.554591 0.794239 0.004244 0.008230
0 0.515625 0.608539 0.004244 0.006173
0 0.611111 0.078447 0.004630 0.008745
0 0.540316 0.570988 0.004244 0.006173
0 0.424769 0.362654 0.004630 0.006173
0 0.767554 0.171039 0.005787 0.007716
0 0.619020 0.062757 0.006559 0.009259
0 0.625772 0.393261 0.004630 0.007716
0 0.562500 0.273663 0.004630 0.006173
0 0.564429 0.368313 0.004630 0.006173
0 0.601080 0.503601 0.004630 0.006173
0 0.668403 0.444959 0.004244 0.006173
0 0.554591 0.811471 0.004244 0.008745
0 0.691744 0.227366 0.004630 0.006173
0 0.601659 0.284722 0.005787 0.007716
0 0.684992 0.559156 0.005787 0.008230
0 0.688850 0.430041 0.004244 0.006173
0 0.572724 0.471451 0.004244 0.005658
0 0.497685 0.466821 0.004630 0.007716
0 0.505015 0.895062 0.004630 0.009259
0 0.451196 0.832819 0.004244 0.008230
0 0.672647 0.179784 0.005787 0.007716
0 0.448881 0.939300 0.004244 0.009259
0 0.480517 0.405093 0.005787 0.007716
0 0.488233 0.714506 0.007330 0.008230
0 0.632716 0.453189 0.004630 0.006173
0 0.592785 0.506687 0.004244 0.006173
0 0.638889 0.501286 0.004630 0.007716
0 0.725309 0.004887 0.004630 0.007716
0 0.648148 0.380144 0.004630 0.006173
0 0.402585 0.592593 0.004244 0.006173
0 0.611111 0.279578 0.004630 0.007716
0 0.911073 0.037809 0.004244 0.005658
0 0.516782 0.541409 0.004244 0.005658
0 0.410687 0.572016 0.004244 0.006173
0 0.523341 0.511831 0.006559 0.006173
0 0.609375 0.630658 0.005787 0.008230
0 0.604938 0.896605 0.004630 0.010288
0 0.447338 0.466821 0.004244 0.005658
0 0.767168 0.535751 0.005787 0.007716
0 0.739005 0.486111 0.004244 0.006173
0 0.438079 0.552726 0.005787 0.007716
0 0.713735 0.439815 0.004630 0.006173
0 0.408951 0.395062 0.004630 0.006173
0 0.692515 0.183128 0.004630 0.006173
0 0.546682 0.582819 0.004630 0.006173
0 0.704861 0.701132 0.004630 0.008230
0 0.456404 0.889146 0.004630 0.008745
0 0.625772 0.490998 0.004630 0.007716
0 0.742284 0.388374 0.004630 0.006173
0 0.717978 0.430298 0.004630 0.007716
0 0.277199 0.940844 0.008102 0.011317
0 0.662809 0.097222 0.004630 0.006173
0 0.761381 0.308899 0.005787 0.007716
0 0.531636 0.764660 0.004630 0.007716
0 0.237654 0.375257 0.007716 0.010802
0 0.732060 0.378344 0.004244 0.007716
0 0.517168 0.790895 0.004244 0.007716
0 0.623264 0.142490 0.004244 0.008230
0 0.586034 0.317901 0.004630 0.006173
0 0.516204 0.508230 0.004630 0.006173
0 0.697338 0.453189 0.004244 0.006173
0 0.453704 0.192387 0.004630 0.006173
0 0.768519 0.484311 0.004630 0.007716
0 0.617477 0.759002 0.004244 0.007716
0 0.451775 0.782665 0.004630 0.011831
0 0.603781 0.581790 0.004630 0.006173
0 0.873843 0.007973 0.006173 0.008745
0 0.677469 0.675412 0.004630 0.008230
0 0.684799 0.513889 0.004630 0.006173
0 0.705247 0.502058 0.004630 0.006173
0 0.694059 0.157407 0.004630 0.006173
0 0.633488 0.659979 0.004630 0.006173
0 0.627701 0.480967 0.006173 0.006173
0 0.786265 0.266975 0.004630 0.006173
0 0.665509 0.664352 0.004630 0.007716
0 0.917631 0.082047 0.005787 0.007716
0 0.346258 0.879372 0.006559 0.008745
0 0.658951 0.742541 0.004630 0.008745
0 0.375193 0.865741 0.007330 0.008230
0 0.556327 0.526749 0.004630 0.006173
0 0.366898 0.479424 0.004630 0.006173
0 0.747299 0.470679 0.004630 0.006173
0 0.768133 0.409722 0.004630 0.007716
0 0.809028 0.107767 0.004630 0.015947
0 0.597801 0.786008 0.004244 0.008230
0 0.776235 0.287551 0.004630 0.006173
0 0.749807 0.574588 0.006559 0.011317
0 0.826582 0.103652 0.005787 0.007716
0 0.602623 0.248457 0.006944 0.005144
0 0.447338 0.379372 0.008102 0.011831
0 0.776235 0.463477 0.004630 0.006173
0 0.655864 0.266975 0.004630 0.006173
0 0.729745 0.556842 0.004244 0.007716
0 0.638117 0.271605 0.004630 0.006173
0 0.559414 0.372428 0.004630 0.006173
0 0.722608 0.450874 0.004630 0.007716
0 0.450039 0.808385 0.004244 0.007716
0 0.632909 0.341307 0.004244 0.007716
0 0.730710 0.415381 0.004630 0.005658
0 0.663773 0.361111 0.005787 0.006173
0 0.932099 0.136574 0.006173 0.007716
0 0.699074 0.678498 0.004630 0.008230
0 0.524498 0.444959 0.004244 0.006173
0 0.593943 0.799640 0.004244 0.008745
0 0.476852 0.320730 0.004630 0.007716
0 0.670332 0.549383 0.004244 0.008230
0 0.766590 0.338735 0.006173 0.007716
0 0.681327 0.545782 0.004630 0.006173
0 0.587770 0.206276 0.004244 0.006173
0 0.744792 0.497685 0.005787 0.007716
0 0.742477 0.575874 0.005787 0.007716
0 0.678627 0.211677 0.004630 0.007716
0 0.726273 0.332562 0.008873 0.010802
0 0.406443 0.177212 0.005787 0.007716
0 0.726080 0.173868 0.004630 0.006173
0 0.622299 0.219136 0.004630 0.006173
0 0.945023 0.114712 0.007330 0.010288
0 0.770255 0.268004 0.005787 0.006173
0 0.630401 0.870885 0.004630 0.010288
0 0.847415 0.167438 0.005787 0.007716
0 0.688850 0.480195 0.004244 0.005658
0 0.946952 0.242027 0.005787 0.007716
0 0.669753 0.794496 0.004630 0.008745
0 0.461806 0.820216 0.003858 0.007716
0 0.761381 0.383488 0.004244 0.005658
0 0.796682 0.111883 0.006173 0.007716
0 0.632523 0.128858 0.005787 0.008745
0 0.736111 0.500257 0.004630 0.007716
0 0.799190 0.222479 0.005787 0.007716
0 0.612269 0.819959 0.004630 0.009259
0 0.744599 0.652006 0.004630 0.007716
0 0.734182 0.450617 0.004630 0.006173
0 0.729552 0.725566 0.004630 0.009774
0 0.729938 0.520833 0.004630 0.007716
0 0.469136 0.902263 0.004630 0.009259
0 0.778356 0.113940 0.005787 0.007716
0 0.536073 0.920010 0.004244 0.011831
0 0.625386 0.825617 0.004630 0.009259
0 0.738233 0.423868 0.004244 0.006173
0 0.451003 0.343621 0.004630 0.006173
0 0.671875 0.827932 0.005787 0.010802
0 0.511767 0.810185 0.002701 0.008230
0 0.467593 0.374228 0.004630 0.007716
0 0.282407 0.353138 0.006944 0.005658
0 0.728781 0.750000 0.004630 0.009259
0 0.846258 0.335134 0.005787 0.007716
0 0.531443 0.281893 0.004244 0.006173
0 0.760417 0.467593 0.004630 0.006173
0 0.660108 0.794496 0.004630 0.008745
0 0.414352 0.928498 0.006173 0.009259
0 0.675154 0.724537 0.004630 0.010802
0 0.780093 0.631944 0.006173 0.008745
0 0.682677 0.819959 0.004244 0.009259
0 0.785880 0.349794 0.004630 0.006173
0 0.682099 0.434928 0.004630 0.005658
0 0.735918 0.397634 0.004244 0.006173
0 0.681713 0.730195 0.003858 0.005658
0 0.792824 0.448817 0.004630 0.007716
0 0.676505 0.776749 0.004244 0.009259
0 0.430941 0.061986 0.008488 0.011831
0 0.760031 0.531636 0.004630 0.007716
0 0.760031 0.477366 0.004630 0.006173
0 0.763117 0.446502 0.004630 0.006173
0 0.690586 0.706790 0.004630 0.008230
0 0.287616 0.357253 0.007330 0.005658
0 0.775849 0.278549 0.004630 0.007716
0 0.562307 0.322531 0.005787 0.008230
0 0.899884 0.106739 0.006559 0.008745
0 0.847415 0.356224 0.005787 0.007716
0 0.609375 0.520062 0.004244 0.006173
0 0.955247 0.407922 0.006173 0.008230
0 0.730517 0.364969 0.004244 0.005658
0 0.646991 0.790123 0.004630 0.009259
0 0.740741 0.737654 0.004630 0.009259
0 0.743441 0.824074 0.006173 0.010288
0 0.605710 0.851337 0.004630 0.009259
0 0.991705 0.298097 0.007330 0.008745
0 0.835648 0.325874 0.004630 0.007716
0 0.951582 0.188786 0.005787 0.009259
0 0.518519 0.446502 0.004630 0.006173
0 0.483218 0.039866 0.005787 0.008745
0 0.273534 0.995885 0.006944 0.008230
0 0.656636 0.905864 0.004630 0.011317
0 0.670139 0.906121 0.004630 0.010802
0 0.681327 0.921296 0.003858 0.010288
0 0.691551 0.912037 0.005787 0.010288
0 0.657793 0.860340 0.004630 0.009774
0 0.519290 0.500514 0.008488 0.009259
0 0.694252 0.406893 0.004244 0.006173
0 0.661458 0.447531 0.005787 0.008230
0 0.690586 0.456019 0.004630 0.007716
0 0.716049 0.489198 0.004630 0.006173
0 0.722801 0.509259 0.004244 0.006173
0 0.465664 0.493570 0.004630 0.007716
0 0.464699 0.499228 0.005787 0.007716
0 0.799961 0.343107 0.005787 0.006173
0 0.789545 0.307099 0.004244 0.006173
0 0.665895 0.198045 0.003858 0.006173
0 0.767940 0.217335 0.004244 0.005658
0 0.811150 0.215021 0.006559 0.008230
0 0.841435 0.291667 0.004630 0.006173
0 0.821181 0.344650 0.005787 0.008230
0 0.822338 0.354938 0.004244 0.006173
0 0.743056 0.438014 0.004630 0.005658
0 0.781443 0.426955 0.004244 0.005144
0 0.790123 0.422840 0.004630 0.006173
0 0.796489 0.421039 0.005787 0.007716
0 0.796489 0.457305 0.004244 0.006173
0 0.792824 0.496914 0.004630 0.006173
0 0.798804 0.521605 0.005787 0.006173
0 0.859375 0.173097 0.005787 0.007716
0 0.953318 0.158951 0.004630 0.005144
0 0.981674 0.161265 0.005787 0.007716
0 0.959105 0.265947 0.006173 0.009259
0 0.970100 0.255658 0.005787 0.006173
0 0.949653 0.341307 0.005787 0.007716
0 0.956983 0.366512 0.009645 0.009774
0 0.874614 0.346451 0.004630 0.005658
0 0.864776 0.355710 0.005787 0.007716
0 0.875772 0.360082 0.004630 0.006173
0 0.892168 0.369856 0.006559 0.006173
0 0.890818 0.381687 0.004630 0.005144
0 0.892747 0.394033 0.004630 0.006173
0 0.870949 0.393004 0.005787 0.008230
0 0.848187 0.409979 0.005787 0.006173
0 0.831019 0.419753 0.004630 0.006173
0 0.830633 0.437500 0.004630 0.005658
0 0.831404 0.462963 0.004630 0.006173
0 0.841628 0.481996 0.005787 0.006173
0 0.851273 0.475823 0.004244 0.006173
0 0.850309 0.453704 0.004630 0.006173
0 0.867091 0.432356 0.005787 0.007716
0 0.870949 0.413323 0.005787 0.007716
0 0.879051 0.439558 0.004244 0.005658
0 0.840856 0.571245 0.005787 0.007716
0 0.832176 0.525206 0.006173 0.008230
0 0.836420 0.508745 0.004630 0.006173
0 0.901620 0.559671 0.007716 0.009259
0 0.871142 0.591307 0.007716 0.008745
0 0.876736 0.474537 0.005787 0.007716
0 0.891590 0.456019 0.006173 0.007716
0 0.902006 0.454733 0.004630 0.006173
0 0.908951 0.447274 0.004630 0.007716
0 0.911458 0.428755 0.005787 0.007716
0 0.918403 0.406379 0.005787 0.009259
0 0.938272 0.441358 0.006173 0.008230
0 0.955054 0.426440 0.006559 0.008230
0 0.980131 0.424897 0.006559 0.008230
0 0.969522 0.406893 0.006173 0.006173
0 0.988040 0.396348 0.006944 0.008745
0 0.992863 0.411008 0.006559 0.008230
0 0.989583 0.421553 0.004630 0.008745
0 0.983025 0.482767 0.006173 0.005658
0 0.926505 0.471965 0.006559 0.008745
0 0.939429 0.474023 0.006944 0.007716
0 0.944252 0.479424 0.006559 0.006173
0 0.895833 0.500257 0.006173 0.007716
0 0.886574 0.495370 0.004630 0.006173
0 0.879244 0.502315 0.004630 0.007716
0 0.869985 0.502315 0.006173 0.004630
0 0.930363 0.525720 0.007330 0.010288
0 0.954861 0.561986 0.006944 0.008745
0 0.713156 0.758230 0.005787 0.009259
0 0.708333 0.796296 0.004630 0.009259
0 0.734954 0.810957 0.006173 0.009774
0 0.715085 0.859568 0.004244 0.009259
0 0.722608 0.879630 0.004630 0.010288
0 0.729360 0.904578 0.005787 0.009774
0 0.715664 0.944702 0.004630 0.010802
0 0.758102 0.914866 0.006944 0.010802
0 0.793403 0.903035 0.006559 0.010802
0 0.784144 0.894033 0.005787 0.011317
0 0.781636 0.846451 0.006173 0.009774
0 0.788966 0.848251 0.006173 0.010288
0 0.766397 0.759259 0.006559 0.009259
0 0.795718 0.649434 0.005787 0.008745
0 0.760031 0.718879 0.004630 0.008745
0 0.842785 0.625000 0.005787 0.009259
0 0.832562 0.671553 0.006173 0.008745
0 0.890432 0.076646 0.004630 0.006173
0 0.842785 0.128344 0.006559 0.007716
0 0.814815 0.082819 0.009259 0.015432
0 0.840586 0.017284 0.004012 0.007407
0 0.572840 0.163374 0.005556 0.003292
0 0.568981 0.168930 0.002160 0.006996
0 0.908293 0.132695 0.005104 0.007230
0 0.953110 0.165231 0.005742 0.005104
0 0.587400 0.430622 0.003190 0.005954
0 0.590909 0.437002 0.004466 0.004678
0 0.555423 0.456034 0.003668 0.004891
0 0.550159 0.456885 0.003349 0.006592
0 0.528469 0.462095 0.003668 0.005529
0 0.533014 0.467305 0.003509 0.005316
0 0.503907 0.458480 0.004625 0.005954
0 0.508293 0.454120 0.003828 0.005316
0 0.642823 0.456034 0.004944 0.005742
0 0.643222 0.462520 0.003509 0.003828
0 0.640590 0.468368 0.004625 0.005316
0 0.631260 0.420627 0.005423 0.006380
0 0.635327 0.425093 0.004306 0.005104
0 0.670813 0.461563 0.003828 0.006167
0 0.675439 0.466454 0.004466 0.006592
0 0.692743 0.473897 0.003668 0.005742
0 0.696970 0.470707 0.003828 0.005316
0 0.723684 0.397980 0.003668 0.004891
0 0.727671 0.395215 0.003030 0.005742
0 0.730861 0.401808 0.004306 0.004040
0 0.764115 0.373844 0.003828 0.003828
0 0.769139 0.370973 0.003030 0.003615
0 0.772408 0.366188 0.002871 0.004678
0 0.782137 0.365231 0.003190 0.004891
0 0.821053 0.362573 0.005104 0.004253
0 0.819059 0.300585 0.004944 0.004040
0 0.823844 0.286550 0.003349 0.004466
0 0.938596 0.319936 0.005423 0.004040
0 0.934051 0.326316 0.004625 0.006592
0 0.860287 0.368634 0.004785 0.005742
0 0.854785 0.369910 0.004625 0.009144
0 0.894019 0.375651 0.004306 0.004891
0 0.873923 0.401063 0.005582 0.006380
0 0.898644 0.412334 0.004625 0.005954
0 0.893541 0.415417 0.003668 0.005742
0 0.819537 0.398618 0.003668 0.005316
0 0.816268 0.422116 0.003828 0.008931
0 0.782376 0.454120 0.003987 0.005316
0 0.784131 0.461031 0.003987 0.007230
0 0.750159 0.413716 0.004944 0.006592
0 0.748485 0.420308 0.004785 0.004891
0 0.753589 0.421903 0.004785 0.004678
0 0.755263 0.428495 0.002711 0.005954
0 0.778070 0.369697 0.003349 0.005742
0 0.744737 0.444125 0.003349 0.004891
0 0.707815 0.462945 0.003190 0.004678
0 0.709490 0.457097 0.003030 0.003190
0 0.725120 0.489421 0.002392 0.004891
0 0.729187 0.493461 0.004147 0.005316
0 0.726954 0.499522 0.003828 0.005954
0 0.876196 0.482589 0.004386 0.004519
0 0.877891 0.488437 0.002990 0.005051
0 0.821172 0.483785 0.004386 0.003190
0 0.801136 0.471159 0.003788 0.005582
0 0.275867 0.655170 0.003987 0.007310
0 0.280353 0.654506 0.004486 0.005981
0 0.468002 0.679094 0.004486 0.005316
0 0.443331 0.812832 0.003489 0.007642
0 0.192353 0.931172 0.006230 0.008826
0 0.042248 0.645368 0.005062 0.007268
0 0.471117 0.503157 0.003738 0.004320
0 0.876047 0.537713 0.004984 0.006978
0 0.866951 0.508141 0.005233 0.005649
0 0.716059 0.512128 0.002990 0.005649
0 0.711075 0.510965 0.002990 0.005981
0 0.558563 0.535719 0.003489 0.006313
0 0.553952 0.536550 0.004236 0.004652
0 0.536508 0.506479 0.007227 0.004984
0 0.543860 0.504818 0.004984 0.006978
0 0.532646 0.519438 0.003987 0.006313
0 0.526914 0.522927 0.005482 0.003987
0 0.642544 0.707170 0.003987 0.006313
0 0.641796 0.714813 0.003987 0.006978
0 0.686030 0.717637 0.005233 0.006645
0 0.686528 0.725611 0.005732 0.005316
0 0.674193 0.744551 0.006479 0.007974
0 0.670455 0.753522 0.004984 0.005981
0 0.671202 0.781100 0.002990 0.007310
0 0.640550 0.769969 0.004984 0.004320
0 0.632825 0.779273 0.003489 0.005649
0 0.723659 0.652678 0.004735 0.008971
0 0.758423 0.595694 0.004486 0.005316
0 0.755308 0.602339 0.004735 0.003987
0 0.544483 0.874801 0.004735 0.006645
0 0.549218 0.878954 0.003738 0.006313
0 0.678927 0.830609 0.004984 0.005981
0 0.834734 0.911703 0.008231 0.011354
0 0.852657 0.746198 0.005989 0.007415
0 0.834670 0.826323 0.006242 0.008056
0 0.832956 0.772997 0.005517 0.007560
0 0.823901 0.747907 0.006780 0.008499
0 0.868464 0.785584 0.006434 0.008479
0 0.851284 0.695691 0.004856 0.006423
0 0.887994 0.736318 0.004581 0.006397
0 0.847997 0.861256 0.006738 0.009225
0 0.868297 0.826574 0.006158 0.008037
0 0.957027 0.712285 0.005474 0.007354
0 0.923422 0.787162 0.010328 0.013180
0 0.870270 0.716883 0.005461 0.007967
0 0.823015 0.763770 0.006770 0.008411
0 0.839168 0.806884 0.005282 0.007270
0 0.915716 0.768297 0.005305 0.006774
0 0.928520 0.721327 0.006806 0.008952
0 0.895936 0.748293 0.004623 0.007485
0 0.841137 0.733205 0.006085 0.008843
0 0.907298 0.787360 0.006378 0.008246
0 0.864637 0.772756 0.005589 0.007503
0 0.896110 0.710228 0.005416 0.007815
0 0.873553 0.808162 0.005415 0.006138
0 0.939072 0.762211 0.006129 0.008536
0 0.946640 0.699232 0.006587 0.009445
0 0.827324 0.858371 0.007224 0.008775
0 0.794584 0.819910 0.006202 0.008117
0 0.795051 0.758335 0.006994 0.009402
0 0.766486 0.911036 0.006348 0.007297
0 0.790212 0.809926 0.005869 0.006640
0 0.748464 0.785188 0.005164 0.006711
0 0.785714 0.933196 0.008397 0.012509
0 0.762685 0.994143 0.006314 0.007101
0 0.702185 0.909322 0.006340 0.007906
0 0.613008 0.994984 0.005854 0.006770
0 0.586954 0.993711 0.007083 0.009633
0 0.625803 0.996283 0.006804 0.007050
0 0.919354 0.517324 0.006149 0.007982
0 0.871629 0.559446 0.004667 0.006367
0 0.941918 0.514458 0.005993 0.008281
0 0.917986 0.567130 0.005254 0.006951
0 0.970727 0.533258 0.004700 0.007194
0 0.978915 0.533364 0.005381 0.007624
0 0.961030 0.530231 0.005084 0.006588
0 0.981825 0.559216 0.004684 0.006006
0 0.807172 0.526519 0.005434 0.007624
0 0.975332 0.587449 0.006029 0.007225
0 0.972675 0.511616 0.006355 0.008934
0 0.939094 0.526214 0.005475 0.006787
0 0.904400 0.511669 0.005060 0.008056
0 0.903128 0.679351 0.006640 0.009702
0 0.783358 0.497253 0.004030 0.005513
0 0.928262 0.539507 0.005893 0.007059
0 0.946988 0.626321 0.005485 0.008390
0 0.598039 0.870165 0.006017 0.008145
