0 0.128858 0.522119 0.006173 0.009259
0 0.755208 0.636060 0.007330 0.009774
0 0.173032 0.437243 0.005787 0.008230
0 0.398341 0.471451 0.006559 0.007716
0 0.149306 0.461163 0.006173 0.008745
0 0.135610 0.479938 0.005787 0.008230
0 0.168403 0.541667 0.005787 0.008230
0 0.242477 0.469136 0.005787 0.008230
0 0.224537 0.825617 0.006944 0.010288
0 0.927662 0.123971 0.005787 0.008230
0 0.160108 0.476852 0.006173 0.008230
0 0.903164 0.094650 0.006173 0.008230
0 0.118056 0.427469 0.006173 0.006173
0 0.065394 0.179012 0.006559 0.009259
0 0.157215 0.315844 0.005787 0.006173
0 0.052662 0.743313 0.006559 0.009259
0 0.546103 0.684414 0.005787 0.008745
0 0.385031 0.465021 0.006173 0.008230
0 0.496528 0.555813 0.003858 0.005658
0 0.793403 0.208591 0.006559 0.010802
0 0.368248 0.305556 0.005787 0.006173
0 0.625193 0.356739 0.005787 0.007716
0 0.082562 0.433385 0.006173 0.007716
0 0.117091 0.390175 0.005787 0.007716
0 0.294560 0.142490 0.004244 0.006173
0 0.291281 0.241512 0.004630 0.007716
0 0.213542 0.032407 0.004244 0.006173
0 0.194444 0.372171 0.004630 0.007716
0 0.222029 0.800669 0.006559 0.008745
0 0.080054 0.310442 0.005787 0.007716
0 0.547261 0.223765 0.005787 0.008230
0 0.018519 0.283693 0.004630 0.007716
0 0.229167 0.231739 0.004630 0.007716
0 0.667052 0.215021 0.006173 0.008230
0 0.092014 0.050154 0.004244 0.007716
0 0.073688 0.172068 0.004630 0.007716
0 0.214313 0.405607 0.005787 0.007716
0 0.163580 0.590792 0.004630 0.007716
0 0.765046 0.592850 0.006944 0.010802
0 0.258681 0.330504 0.005787 0.007716
0 0.144097 0.547068 0.005787 0.007716
0 0.047261 0.233796 0.005787 0.007716
0 0.378858 0.302984 0.004630 0.006173
0 0.541474 0.084619 0.005787 0.008745
0 0.338927 0.413580 0.005787 0.009259
0 0.217785 0.604424 0.005787 0.006173
0 0.286844 0.042438 0.005787 0.007716
0 0.300347 0.445988 0.005787 0.006173
0 0.370370 0.437757 0.006173 0.008230
0 0.399691 0.165638 0.006173 0.009259
0 0.110340 0.040895 0.004630 0.007716
0 0.199653 0.197788 0.005787 0.007716
0 0.624421 0.074588 0.005787 0.006173
0 0.574846 0.076646 0.004630 0.006173
0 0.064043 0.113426 0.004630 0.007716
0 0.072531 0.278549 0.004630 0.007716
0 0.043789 0.573560 0.006559 0.008230
0 0.233989 0.302726 0.005787 0.007716
0 0.194252 0.006687 0.005787 0.008230
0 0.031057 0.504372 0.009645 0.014918
0 0.221065 0.578189 0.006173 0.009259
0 0.017747 0.491770 0.007716 0.011317
0 0.183449 0.149434 0.006559 0.008745
0 0.153549 0.053498 0.004630 0.006173
0 0.437693 0.033693 0.004244 0.007716
0 0.056327 0.158179 0.004630 0.007716
0 0.200039 0.319187 0.005787 0.007716
0 0.010224 0.443158 0.005787 0.007716
0 0.291088 0.200617 0.004244 0.006173
0 0.582562 0.026749 0.004630 0.006173
0 0.676119 0.300669 0.008102 0.012860
0 0.044753 0.464506 0.006173 0.008230
0 0.410494 0.218879 0.004630 0.007716
0 0.438850 0.624228 0.007330 0.005658
0 0.378858 0.086420 0.006173 0.008230
0 0.269097 0.301955 0.005787 0.008230
0 0.257137 0.222994 0.005787 0.007716
0 0.399498 0.226595 0.005787 0.007716
0 0.258102 0.236111 0.004630 0.006173
0 0.043017 0.551183 0.005787 0.007716
0 0.321181 0.550926 0.005787 0.005144
0 0.076389 0.157407 0.004630 0.006173
0 0.406057 0.287809 0.005787 0.007716
0 0.636767 0.440586 0.005787 0.007716
0 0.557292 0.234568 0.007330 0.009259
0 0.730131 0.036780 0.005787 0.008745
0 0.020448 0.582047 0.006173 0.007716
0 0.172454 0.197016 0.006173 0.009259
0 0.044367 0.037037 0.004630 0.008230
0 0.518904 0.200360 0.004630 0.005658
0 0.265432 0.226337 0.004630 0.006173
0 0.667438 0.126286 0.006173 0.009774
0 0.945409 0.233282 0.011960 0.015947
0 0.543596 0.071245 0.006173 0.007716
0 0.046875 0.140947 0.005787 0.008230
0 0.075617 0.086420 0.008488 0.009259
0 0.445602 0.095165 0.004630 0.006173
0 0.047068 0.266204 0.004630 0.007716
0 0.018904 0.036265 0.004630 0.007716
0 0.424961 0.048868 0.005787 0.006173
0 0.251929 0.128601 0.004630 0.006173
0 0.321373 0.075360 0.006944 0.011831
0 0.374035 0.038323 0.005787 0.007716
0 0.569252 0.219393 0.005787 0.007716
0 0.474923 0.215792 0.004630 0.005658
0 0.130208 0.358025 0.007330 0.009259
0 0.175154 0.143519 0.004630 0.006173
0 0.472029 0.459619 0.006559 0.008745
0 0.958333 0.718364 0.007716 0.011831
0 0.324267 0.119599 0.005787 0.008745
0 0.241512 0.226595 0.008488 0.009774
0 0.056134 0.123971 0.004244 0.006173
0 0.372106 0.108539 0.005787 0.006173
0 0.425347 0.084105 0.004244 0.008745
0 0.442901 0.081276 0.006173 0.009259
0 0.308256 0.217850 0.004630 0.007716
0 0.345679 0.145062 0.004630 0.006173
0 0.383873 0.051698 0.004630 0.007716
0 0.164545 0.199074 0.005787 0.008230
0 0.169367 0.124228 0.008488 0.008745
0 0.104167 0.205761 0.004630 0.006173
0 0.880208 0.135031 0.005787 0.009774
0 0.422454 0.073045 0.006173 0.006173
0 0.435957 0.010802 0.011574 0.011317
0 0.307485 0.320730 0.004630 0.007716
0 0.085455 0.002572 0.004244 0.005144
0 0.412809 0.030350 0.004630 0.008230
0 0.624421 0.192644 0.004244 0.010802
0 0.332755 0.211163 0.008102 0.008745
0 0.416667 0.011060 0.009259 0.012860
0 0.358603 0.135031 0.004244 0.007716
0 0.041667 0.440072 0.004630 0.007716
0 0.333333 0.009259 0.011574 0.010288
0 0.270062 0.603395 0.006944 0.008230
0 0.074267 0.019805 0.006559 0.009774
0 0.492284 0.275720 0.006944 0.010288
0 0.691551 0.201903 0.007330 0.008745
0 0.499228 0.017747 0.007716 0.008745
0 0.795139 0.001543 0.004630 0.003086
0 0.401813 0.037294 0.005787 0.007716
0 0.517940 0.055813 0.004244 0.005658
0 0.402778 0.102366 0.004630 0.008230
0 0.622492 0.207562 0.004244 0.009774
0 0.357253 0.104681 0.004630 0.008745
0 0.103202 0.400977 0.002701 0.004630
0 0.397762 0.104938 0.004630 0.006173
0 0.667438 0.059414 0.006944 0.008745
0 0.549576 0.141718 0.004244 0.007716
0 0.303704 0.085860 0.005728 0.007374
0 0.309333 0.083490 0.003556 0.006848
0 0.125926 0.173695 0.004148 0.004477
0 0.123160 0.156049 0.004148 0.008691
0 0.144296 0.138403 0.005728 0.008691
0 0.103901 0.111802 0.007506 0.008691
0 0.024296 0.105877 0.007111 0.006321
0 0.039802 0.121547 0.004938 0.008165
0 0.015901 0.012115 0.004543 0.006848
0 0.057877 0.011984 0.005531 0.006584
0 0.029037 0.202403 0.003556 0.006058
0 0.095407 0.193844 0.004346 0.006848
0 0.033679 0.287868 0.005333 0.006321
0 0.033679 0.270617 0.003358 0.004477
0 0.147753 0.193712 0.004741 0.006058
0 0.146765 0.203457 0.006321 0.007638
0 0.111407 0.200165 0.003160 0.005794
0 0.115753 0.198189 0.003160 0.005004
0 0.119704 0.192527 0.005926 0.005267
0 0.324741 0.215967 0.003951 0.006848
0 0.318321 0.218074 0.004543 0.007374
0 0.305679 0.196082 0.003753 0.006584
0 0.309728 0.202008 0.003951 0.005267
0 0.490469 0.231374 0.006716 0.006584
0 0.488395 0.239802 0.006123 0.007638
0 0.471704 0.280626 0.007111 0.006584
0 0.474568 0.291687 0.007704 0.010272
0 0.301037 0.308938 0.005926 0.008955
0 0.309531 0.309333 0.005531 0.005004
0 0.046716 0.436543 0.004148 0.007111
0 0.067753 0.486189 0.005926 0.005794
0 0.060840 0.480922 0.004741 0.012115
0 0.198637 0.152968 0.004109 0.004635
0 0.193027 0.157814 0.004899 0.006321
0 0.507716 0.019342 0.003704 0.007407
0 0.506944 0.091564 0.004630 0.006173
0 0.510494 0.098148 0.004321 0.006173
0 0.543827 0.142881 0.004691 0.005926
0 0.670864 0.068807 0.005926 0.008560
0 0.689506 0.074897 0.005185 0.006914
0 0.693704 0.081317 0.003704 0.005267
0 0.804074 0.027984 0.005185 0.005267
0 0.884815 0.014156 0.007654 0.010535
0 0.860247 0.122469 0.004444 0.009877
0 0.656173 0.262222 0.007160 0.008230
0 0.658025 0.269136 0.003951 0.005597
0 0.627407 0.215967 0.003951 0.005926
0 0.577778 0.259918 0.005432 0.007572
0 0.572222 0.249877 0.003704 0.007243
0 0.659259 0.403951 0.010370 0.016461
0 0.666296 0.438189 0.005679 0.007901
0 0.665926 0.447737 0.007407 0.008560
0 0.580247 0.816214 0.007407 0.008889
0 0.590864 0.630535 0.004938 0.005597
0 0.590741 0.639753 0.006173 0.008230
0 0.596790 0.631029 0.004938 0.009877
