0 0.103212 0.554350 0.010282 0.013205
0 0.247678 0.080732 0.010464 0.013732
0 0.229083 0.335501 0.010840 0.014011
0 0.207316 0.625762 0.010650 0.014249
0 0.365267 0.241951 0.011312 0.014480
0 0.145877 0.379160 0.010097 0.013031
0 0.276493 0.865713 0.012253 0.016877
0 0.114240 0.163916 0.011331 0.015359
0 0.090324 0.068883 0.010622 0.014369
0 0.169270 0.193240 0.010431 0.014168
0 0.154922 0.569027 0.011552 0.014818
0 0.057749 0.267431 0.011573 0.015150
0 0.092184 0.377309 0.010951 0.013597
0 0.037508 0.200116 0.010987 0.013530
0 0.177413 0.540837 0.011140 0.014996
0 0.108516 0.298357 0.011275 0.014798
0 0.043585 0.244618 0.010585 0.014138
0 0.181816 0.357863 0.009429 0.012652
0 0.217879 0.242775 0.012974 0.016678
0 0.027174 0.097004 0.011014 0.014798
0 0.215002 0.730127 0.011591 0.015222
0 0.044597 0.281761 0.010428 0.013239
0 0.035630 0.391764 0.010960 0.014378
0 0.041391 0.910882 0.011208 0.015109
0 0.073193 0.441193 0.011908 0.015901
0 0.051046 0.661305 0.010358 0.014399
0 0.059761 0.650349 0.011734 0.015514
0 0.038197 0.556707 0.011218 0.014723
0 0.050365 0.170080 0.010041 0.013218
0 0.169150 0.212176 0.010338 0.012863
0 0.039414 0.296056 0.011502 0.015999
0 0.201838 0.888204 0.011239 0.014501
0 0.205315 0.255546 0.011015 0.015017
0 0.009423 0.356797 0.011195 0.014079
0 0.011318 0.304894 0.009776 0.012226
0 0.620228 0.082650 0.011508 0.015118
0 0.039448 0.268192 0.010949 0.014857
0 0.075572 0.663307 0.010007 0.012949
0 0.225245 0.823898 0.012357 0.016352
0 0.030554 0.274725 0.013519 0.016372
0 0.103069 0.360075 0.010940 0.014780
0 0.335223 0.831170 0.008770 0.011509
0 0.064922 0.728746 0.013768 0.019653
0 0.018624 0.459326 0.009913 0.013925
0 0.200964 0.016801 0.009654 0.013486
0 0.141113 0.240960 0.012064 0.015116
0 0.249159 0.726786 0.011052 0.015709
0 0.016483 0.291302 0.012975 0.018688
0 0.006901 0.279015 0.008559 0.011985
0 0.020645 0.741006 0.010747 0.014422
0 0.258288 0.167788 0.011832 0.015287
0 0.244117 0.729724 0.011184 0.016407
0 0.204742 0.019709 0.010287 0.013812
0 0.129627 0.795176 0.013446 0.017651
0 0.148600 0.214740 0.010673 0.014111
0 0.012652 0.613733 0.011140 0.014366
0 0.167220 0.224654 0.010195 0.012752
0 0.145417 0.220872 0.009477 0.013082
0 0.162051 0.223901 0.010937 0.014688
0 0.098836 0.004068 0.009427 0.008136
0 0.003594 0.357361 0.007188 0.015274
0 0.019914 0.194511 0.011290 0.013900
0 0.171193 0.220539 0.010653 0.014002
0 0.010187 0.409979 0.010529 0.012731
0 0.040126 0.961526 0.013242 0.016670
0 0.003318 0.762138 0.006637 0.012236
0 0.015450 0.685979 0.013043 0.016988
0 0.191246 0.699230 0.012537 0.014930
0 0.012405 0.723093 0.009999 0.013166
0 0.052707 0.646490 0.009283 0.011552
0 0.195701 0.696136 0.010613 0.013524
0 0.022904 0.389999 0.011991 0.015658
0 0.183716 0.426985 0.008766 0.011720
0 0.059409 0.733860 0.014584 0.019740
0 0.049725 0.991169 0.010546 0.014177
0 0.005906 0.713195 0.011743 0.017178
0 0.163275 0.218089 0.009477 0.011878
0 0.023939 0.655869 0.015504 0.019608
0 0.043878 0.384836 0.013057 0.017289
0 0.170576 0.216093 0.012286 0.015197
0 0.080127 0.523132 0.008006 0.009920
0 0.056033 0.737849 0.014705 0.018393
0 0.030385 0.792644 0.015850 0.019678
0 0.006512 0.425706 0.011828 0.016605
0 0.011894 0.642364 0.010860 0.013941
0 0.182604 0.416907 0.008513 0.012528
0 0.129119 0.796926 0.021801 0.029554
0 0.104209 0.054768 0.007835 0.009394
0 0.055986 0.656230 0.012655 0.017660
0 0.184278 0.688432 0.012189 0.016107
0 0.277797 0.864862 0.017693 0.024480
0 0.208539 0.625269 0.014947 0.020492
0 0.146105 0.202600 0.008458 0.009152
0 0.016415 0.711826 0.012140 0.015395
0 0.072753 0.440850 0.018267 0.024019
0 0.185065 0.278584 0.006752 0.008815
0 0.038466 0.555675 0.015687 0.021058
0 0.129976 0.600728 0.012162 0.011655
0 0.122565 0.607569 0.008741 0.007094
0 0.126556 0.612637 0.006841 0.012162
