0 0.034915 0.306070 0.007330 0.008230
0 0.197531 0.682613 0.007716 0.009259
0 0.496335 0.503344 0.005787 0.008745
0 0.364390 0.872685 0.005787 0.007716
0 0.310957 0.837191 0.006173 0.007716
0 0.420332 0.699331 0.005787 0.007716
0 0.543789 0.267233 0.005787 0.007716
0 0.410108 0.556327 0.008488 0.009774
0 0.300347 0.721965 0.005787 0.007716
0 0.461227 0.586420 0.005787 0.006173
0 0.354167 0.555813 0.004630 0.007716
0 0.060571 0.582562 0.006944 0.009774
0 0.518326 0.180556 0.006559 0.009259
0 0.312500 0.769290 0.006173 0.007716
0 0.543017 0.167181 0.006559 0.009259
0 0.339699 0.674126 0.005787 0.007716
0 0.432677 0.045525 0.008873 0.011831
0 0.121721 0.806070 0.005787 0.009259
0 0.271219 0.869599 0.004630 0.007716
0 0.489969 0.059928 0.006173 0.008745
0 0.479167 0.414866 0.011574 0.009774
0 0.316551 0.883488 0.005787 0.007716
0 0.462384 0.528292 0.005787 0.008230
0 0.153935 0.801183 0.009259 0.011831
0 0.208912 0.221193 0.006559 0.010288
0 0.180363 0.371656 0.006559 0.008745
0 0.365934 0.091564 0.007330 0.009259
0 0.463349 0.444702 0.004630 0.007716
0 0.442901 0.561986 0.004630 0.007716
0 0.539352 0.335905 0.006173 0.008230
0 0.014468 0.840792 0.005787 0.008745
0 0.487076 0.037809 0.005787 0.007716
0 0.288580 0.745113 0.006944 0.011831
0 0.037037 0.342593 0.004630 0.006173
0 0.106289 0.593107 0.007330 0.011317
0 0.339699 0.307870 0.006559 0.007716
0 0.014853 0.871142 0.008102 0.010802
0 0.010031 0.533951 0.006944 0.013374
0 0.440201 0.540123 0.007716 0.009259
0 0.401813 0.213735 0.005787 0.009774
0 0.273534 0.114712 0.008488 0.010288
0 0.194444 0.547582 0.006173 0.007716
0 0.358796 0.674897 0.004630 0.008230
0 0.462770 0.293467 0.004244 0.005658
0 0.131173 0.333848 0.004630 0.006173
0 0.163773 0.896862 0.008873 0.010802
0 0.388696 0.743056 0.005787 0.005658
0 0.457948 0.011831 0.006173 0.009259
0 0.084684 0.825874 0.008102 0.011831
0 0.306713 0.589763 0.004630 0.003601
0 0.009452 0.939300 0.006559 0.008230
0 0.064043 0.324588 0.010031 0.015432
0 0.349923 0.238426 0.006944 0.008745
0 0.082369 0.625257 0.008102 0.010802
0 0.398534 0.243056 0.003858 0.004630
0 0.495756 0.280093 0.008488 0.009774
0 0.356674 0.254372 0.013503 0.020062
0 0.098958 0.663066 0.009645 0.013374
0 0.265818 0.033179 0.006944 0.005658
0 0.271605 0.025463 0.005401 0.009774
0 0.483218 0.018004 0.004244 0.006173
0 0.442515 0.015947 0.006173 0.006173
0 0.364969 0.498457 0.006173 0.008230
0 0.375772 0.498714 0.007716 0.010802
0 0.518711 0.104938 0.010417 0.009259
0 0.514275 0.116255 0.009259 0.011317
0 0.528742 0.313272 0.005787 0.010288
0 0.521219 0.318158 0.006944 0.009774
0 0.132716 0.824846 0.009259 0.011831
0 0.399306 0.632202 0.004630 0.007202
0 0.397569 0.640689 0.005015 0.005658
0 0.393133 0.635288 0.003858 0.008230
0 0.389082 0.634516 0.005015 0.010802
0 0.213542 0.885288 0.005787 0.009259
0 0.047261 0.686986 0.004244 0.005658
0 0.017554 0.582305 0.008102 0.006173
0 0.018519 0.573045 0.004630 0.007202
0 0.036073 0.601337 0.006559 0.006173
0 0.041667 0.589249 0.005401 0.007716
0 0.068287 0.637603 0.005401 0.006687
0 0.079861 0.672068 0.006173 0.006687
