0 0.212909 0.005308 0.012817 0.010616
0 0.318878 0.405048 0.011615 0.015366
0 0.213799 0.365864 0.011406 0.015216
0 0.196919 0.392072 0.011159 0.014728
0 0.048019 0.237828 0.011368 0.015324
0 0.085557 0.012107 0.012624 0.017207
0 0.057082 0.005448 0.013107 0.010896
0 0.010452 0.132706 0.011773 0.015389
0 0.263859 0.376032 0.011482 0.015310
0 0.263226 0.101492 0.013034 0.017120
0 0.362133 0.417459 0.013017 0.017033
0 0.045882 0.007801 0.012311 0.014600
0 0.312438 0.038892 0.014180 0.019281
0 0.113769 0.241470 0.010988 0.014873
0 0.272369 0.232690 0.012502 0.016623
0 0.281401 0.185343 0.013373 0.018141
0 0.004145 0.107786 0.007830 0.016360
0 0.211685 0.436003 0.013031 0.018546
0 0.641710 0.159367 0.009501 0.015709
0 0.644371 0.176595 0.010261 0.017736
0 0.663753 0.252352 0.012542 0.019256
0 0.620048 0.238923 0.007981 0.016722
0 0.581283 0.301504 0.008741 0.013175
0 0.527886 0.155819 0.012162 0.016722
0 0.550499 0.010135 0.010261 0.013175
0 0.438575 0.041045 0.014442 0.015202
0 0.357245 0.025337 0.011401 0.013175
0 0.319240 0.024830 0.015202 0.014188
0 0.258242 0.043325 0.014062 0.014695
0 0.303088 0.092225 0.018622 0.019256
0 0.306318 0.140618 0.013682 0.016722
0 0.338432 0.257926 0.014822 0.018242
0 0.401330 0.166714 0.012922 0.017229
0 0.454917 0.160633 0.013682 0.014188
0 0.186413 0.231576 0.011781 0.019256
0 0.261853 0.479367 0.009645 0.012860
0 0.038765 0.092478 0.015962 0.015709
0 0.116675 0.115028 0.009121 0.012162
0 0.189074 0.071956 0.012542 0.013175
