0 0.990202 0.034838 0.012470 0.017419
0 0.980998 0.030087 0.005787 0.007716
0 0.926366 0.141726 0.006944 0.009259
0 0.919240 0.120348 0.006944 0.009259
0 0.995249 0.176564 0.006944 0.009259
0 0.996437 0.200317 0.006944 0.009259
0 0.991093 0.214568 0.006944 0.009259
0 0.996528 0.246239 0.006944 0.009259
0 0.980998 0.277118 0.006944 0.009259
0 0.656176 0.113222 0.007716 0.010288
0 0.653800 0.146477 0.007716 0.010288
0 0.625297 0.154394 0.007716 0.010288
0 0.725653 0.095804 0.007716 0.010288
0 0.738717 0.027712 0.007716 0.010288
0 0.709026 0.007126 0.007716 0.010288
0 0.660333 0.006334 0.009501 0.009501
0 0.667458 0.006730 0.008314 0.008709
0 0.785629 0.051465 0.007716 0.010288
0 0.248399 0.011351 0.007716 0.010288
0 0.279107 0.009729 0.007716 0.010288
0 0.394945 0.026350 0.007716 0.010288
0 0.432646 0.049862 0.007716 0.010288
0 0.446936 0.074185 0.007716 0.010288
0 0.273634 0.065672 0.007716 0.010288
0 0.240950 0.033241 0.008817 0.006486
0 0.241102 0.040538 0.008513 0.005675
0 0.244295 0.046619 0.008817 0.007297
0 0.239886 0.018648 0.009729 0.008918
0 0.254480 0.179585 0.010945 0.013783
0 0.246271 0.187895 0.009729 0.009324
0 0.284884 0.154046 0.012162 0.016215
0 0.285492 0.134790 0.014594 0.013378
0 0.259496 0.325523 0.011249 0.017026
0 0.268314 0.328766 0.008209 0.017837
0 0.397682 0.306065 0.007716 0.010288
0 0.403914 0.385520 0.010033 0.013783
0 0.384152 0.478150 0.014290 0.016621
0 0.439335 0.482002 0.007716 0.010288
0 0.519297 0.488082 0.010337 0.012162
0 0.518537 0.496190 0.007601 0.011351
0 0.592874 0.463354 0.007716 0.010288
0 0.539667 0.393222 0.007716 0.010288
0 0.588314 0.311740 0.007716 0.010288
0 0.597739 0.267148 0.007716 0.010288
0 0.628447 0.241203 0.007716 0.010288
0 0.495582 0.254176 0.007716 0.010288
0 0.473995 0.281742 0.007716 0.010288
0 0.469435 0.324307 0.007716 0.010288
0 0.758879 0.114116 0.007297 0.008513
0 0.751886 0.116345 0.007716 0.010288
0 0.748542 0.153235 0.007716 0.010288
0 0.764352 0.136209 0.007716 0.010288
0 0.725131 0.204719 0.007716 0.010288
0 0.688950 0.295525 0.007716 0.010288
0 0.740333 0.408627 0.007716 0.010288
0 0.668884 0.454030 0.007716 0.010288
0 0.781530 0.420991 0.006993 0.008513
0 0.774537 0.419370 0.005169 0.006081
0 0.778033 0.412884 0.004865 0.007702
0 0.774537 0.412681 0.005169 0.007297
0 0.807221 0.453219 0.007716 0.010288
0 0.852979 0.460516 0.010033 0.007297
0 0.853131 0.467813 0.008513 0.008108
0 0.858299 0.504298 0.007716 0.010288
0 0.919411 0.472272 0.007716 0.010288
0 0.958328 0.502271 0.007716 0.010288
0 0.989796 0.482002 0.009425 0.014594
0 0.993596 0.497406 0.006689 0.008108
0 0.873805 0.375386 0.007716 0.010288
0 0.860124 0.337279 0.007716 0.010288
0 0.849178 0.299984 0.007716 0.010288
0 0.793235 0.244447 0.007716 0.010288
0 0.773473 0.233501 0.007716 0.010288
0 0.777121 0.186071 0.007716 0.010288
0 0.810869 0.181612 0.007716 0.010288
0 0.988732 0.327550 0.007716 0.010288
0 0.946774 0.333226 0.009729 0.012162
0 0.931268 0.342549 0.007716 0.010288
0 0.911506 0.354306 0.007716 0.010288
0 0.903297 0.363629 0.007716 0.010288
0 0.890527 0.368899 0.007716 0.010288
0 0.899040 0.353089 0.007716 0.010288
0 0.902993 0.342144 0.007716 0.010288
0 0.897520 0.334036 0.007716 0.010288
0 0.889615 0.332010 0.007716 0.010288
0 0.901169 0.307686 0.007716 0.010288
0 0.906337 0.375183 0.011553 0.010135
0 0.909074 0.386939 0.011553 0.013378
0 0.958632 0.440247 0.007716 0.010288
0 0.954375 0.444301 0.007716 0.010288
0 0.951031 0.449165 0.007716 0.010288
0 0.948599 0.462543 0.007716 0.010288
0 0.958936 0.467408 0.007716 0.010288
0 0.955895 0.908871 0.007716 0.010288
0 0.993900 0.850496 0.007716 0.010288
0 0.985387 0.824956 0.007716 0.010288
0 0.971401 0.833875 0.007716 0.010288
0 0.920323 0.852117 0.007716 0.010288
0 0.907249 0.834686 0.007716 0.010288
0 0.920323 0.866711 0.007716 0.010288
0 0.913026 0.885764 0.007716 0.010288
0 0.904969 0.919614 0.007601 0.013378
0 0.910898 0.920627 0.007297 0.010540
0 0.885055 0.949815 0.007716 0.010288
0 0.874109 0.976570 0.007716 0.010288
0 0.838233 0.959949 0.007716 0.010288
0 0.885055 0.901574 0.007716 0.010288
0 0.835192 0.865495 0.007716 0.010288
0 0.819078 0.832659 0.007716 0.010288
0 0.845834 0.802660 0.007716 0.010288
0 0.937045 0.775905 0.007716 0.010288
0 0.784418 0.906439 0.007716 0.010288
0 0.735468 0.912925 0.007716 0.010288
0 0.712665 0.885764 0.007716 0.010288
0 0.728475 0.927113 0.007716 0.010288
0 0.717226 0.964003 0.007716 0.010288
0 0.703848 0.994856 0.007716 0.010288
0 0.676789 0.994856 0.007716 0.010288
0 0.674356 0.983056 0.007716 0.010288
0 0.646993 0.989948 0.007716 0.010288
0 0.612637 0.985894 0.007716 0.010288
0 0.581625 0.981029 0.007716 0.010288
0 0.592874 0.946166 0.007905 0.012972
0 0.598195 0.940896 0.005777 0.006486
0 0.615981 0.937248 0.007716 0.010288
0 0.605948 0.916979 0.007716 0.010288
0 0.574328 0.939275 0.007716 0.010288
0 0.552437 0.930154 0.012770 0.012567
0 0.643648 0.937248 0.007716 0.010288
0 0.656418 0.930762 0.007716 0.010288
0 0.665235 0.937451 0.007297 0.008513
0 0.671468 0.936437 0.004561 0.009729
0 0.681349 0.923465 0.007716 0.010288
0 0.693511 0.903601 0.007716 0.010288
0 0.616893 0.889413 0.007716 0.010288
0 0.640912 0.835091 0.007716 0.010288
0 0.589530 0.823740 0.007716 0.010288
0 0.475211 0.902385 0.007716 0.010288
0 0.476124 0.920627 0.007716 0.010288
0 0.457881 0.950625 0.007716 0.010288
0 0.853739 0.640912 0.007716 0.010288
0 0.858907 0.645371 0.007716 0.010288
0 0.869853 0.657938 0.007716 0.010288
0 0.823943 0.702530 0.007716 0.010288
0 0.830936 0.720367 0.007716 0.010288
0 0.782898 0.741042 0.007716 0.010288
0 0.781378 0.767797 0.007716 0.010288
0 0.775905 0.826173 0.007716 0.010288
0 0.759183 0.711044 0.007716 0.010288
0 0.743981 0.720773 0.007716 0.010288
0 0.712969 0.730502 0.007716 0.010288
0 0.716618 0.704152 0.007716 0.010288
0 0.710841 0.662803 0.007716 0.010288
0 0.725739 0.668478 0.007716 0.010288
0 0.767392 0.669492 0.006689 0.007702
0 0.769368 0.665032 0.003344 0.005270
0 0.773473 0.661181 0.005473 0.007297
0 0.808437 0.612535 0.007716 0.010288
0 0.787762 0.588618 0.007716 0.010288
0 0.801748 0.576051 0.007716 0.010288
0 0.733340 0.568754 0.007716 0.010288
0 0.715097 0.576051 0.007716 0.010288
0 0.663411 0.527405 0.007716 0.010288
0 0.860124 0.623075 0.007716 0.010288
0 0.834888 0.617400 0.007716 0.010288
0 0.829720 0.614562 0.007716 0.010288
0 0.855867 0.559025 0.007716 0.010288
0 0.907553 0.620643 0.007716 0.010288
0 0.936741 0.611724 0.007716 0.010288
0 0.964105 0.525378 0.007716 0.010288
0 0.987211 0.561862 0.007716 0.010288
0 0.979610 0.619021 0.007716 0.010288
0 0.960152 0.664830 0.007716 0.010288
0 0.940998 0.676586 0.007716 0.010288
0 0.962280 0.683883 0.007716 0.010288
0 0.990860 0.671721 0.007716 0.010288
0 0.649121 0.680640 0.007716 0.010288
0 0.629055 0.713881 0.007716 0.010288
0 0.575848 0.751987 0.007716 0.010288
0 0.555781 0.751177 0.007716 0.010288
0 0.505919 0.661992 0.007716 0.010288
0 0.482204 0.655506 0.007716 0.010288
0 0.482508 0.615778 0.007716 0.010288
0 0.479468 0.606860 0.007716 0.010288
0 0.473387 0.595914 0.007716 0.010288
0 0.493454 0.588618 0.007716 0.010288
0 0.379743 0.533080 0.012162 0.014594
0 0.358613 0.527810 0.016722 0.017837
0 0.441159 0.649425 0.007716 0.010288
0 0.390689 0.693207 0.007716 0.010288
0 0.377767 0.770230 0.008209 0.008108
0 0.383392 0.762730 0.011553 0.014999
0 0.338698 0.767797 0.007716 0.010288
0 0.317112 0.894277 0.007716 0.010288
0 0.318936 0.928329 0.007716 0.010288
0 0.433558 0.878467 0.007716 0.010288
0 0.669492 0.713070 0.007716 0.010288
0 0.659762 0.712260 0.007716 0.010288
0 0.670708 0.694423 0.007716 0.010288
0 0.671316 0.687126 0.007716 0.010288
0 0.672988 0.681248 0.006385 0.004459
0 0.671012 0.678613 0.004865 0.005675
0 0.679677 0.683477 0.005169 0.009729
0 0.677093 0.679829 0.003648 0.004865
0 0.680437 0.677397 0.004865 0.005675
0 0.682109 0.674762 0.005169 0.006892
0 0.683021 0.670911 0.003344 0.004865
0 0.683629 0.667059 0.004561 0.006892
0 0.686366 0.661992 0.003952 0.004054
0 0.685302 0.656519 0.005473 0.006081
0 0.681805 0.660371 0.004561 0.008918
0 0.678917 0.653276 0.005473 0.007702
0 0.677549 0.657938 0.005777 0.004865
0 0.676181 0.662600 0.006081 0.005270
0 0.673596 0.666654 0.005169 0.006081
0 0.672380 0.672735 0.005777 0.005270
0 0.670556 0.677397 0.005169 0.006486
0 0.297501 0.527405 0.008209 0.008918
0 0.289140 0.524567 0.007297 0.011351
0 0.246879 0.703747 0.007716 0.010288
0 0.271810 0.864279 0.007716 0.010288
0 0.254176 0.865089 0.007716 0.010288
0 0.248095 0.881305 0.007716 0.010288
0 0.253264 0.886980 0.007716 0.010288
0 0.256304 0.950220 0.007716 0.010288
0 0.296741 0.959949 0.007716 0.010288
0 0.278195 0.959544 0.007716 0.010288
0 0.285796 0.979610 0.009121 0.014999
