0 0.036127 0.442567 0.009714 0.012745
0 0.943063 0.880534 0.009434 0.012844
0 0.623527 0.836374 0.010295 0.012759
0 0.638501 0.733195 0.008848 0.011682
0 0.403101 0.775585 0.010265 0.013262
0 0.583948 0.855267 0.009919 0.013232
0 0.090991 0.651574 0.010974 0.014273
0 0.505144 0.844944 0.008981 0.012287
0 0.760521 0.804651 0.008989 0.011990
0 0.559111 0.975478 0.009238 0.013395
0 0.616943 0.720406 0.008203 0.010786
0 0.410294 0.845643 0.009321 0.012649
0 0.416498 0.815856 0.008933 0.011529
0 0.059789 0.839465 0.009978 0.013120
0 0.516227 0.949841 0.009855 0.012880
0 0.412282 0.629442 0.009829 0.012893
0 0.457051 0.835869 0.008765 0.011344
0 0.880742 0.878554 0.009269 0.011744
0 0.564575 0.807498 0.009155 0.012206
0 0.692425 0.879888 0.009108 0.011935
0 0.357592 0.659430 0.009192 0.011695
0 0.414602 0.787014 0.010609 0.014128
0 0.779262 0.919833 0.009580 0.012565
0 0.779968 0.888903 0.009976 0.012891
0 0.436087 0.826589 0.009933 0.012536
0 0.725614 0.951889 0.009428 0.011761
0 0.564247 0.367896 0.008501 0.010704
0 0.752686 0.922709 0.009200 0.012134
0 0.458930 0.982281 0.009297 0.012008
0 0.686506 0.440118 0.009788 0.012542
0 0.651818 0.897993 0.009181 0.012230
0 0.129359 0.931090 0.009230 0.012119
0 0.308178 0.698464 0.008761 0.012174
0 0.610269 0.844382 0.009860 0.013080
0 0.316847 0.693713 0.009351 0.011951
0 0.381286 0.754639 0.009323 0.011655
0 0.899175 0.875036 0.010754 0.014080
0 0.247285 0.670927 0.010442 0.012899
0 0.544431 0.912992 0.009336 0.012254
0 0.614270 0.118302 0.009849 0.013204
0 0.860921 0.669599 0.009289 0.011914
0 0.846115 0.841900 0.009703 0.013162
0 0.329334 0.865842 0.010535 0.013483
0 0.393708 0.936202 0.009831 0.013418
0 0.419903 0.932451 0.009333 0.012298
0 0.453723 0.993006 0.009342 0.011462
0 0.196888 0.969979 0.009308 0.012229
0 0.706719 0.933707 0.009046 0.012155
0 0.561264 0.960320 0.009598 0.011387
0 0.180637 0.911350 0.008804 0.010721
0 0.470088 0.986662 0.009745 0.013210
0 0.396609 0.901052 0.009653 0.012093
0 0.891945 0.946164 0.009503 0.012494
0 0.167096 0.651462 0.010164 0.013543
0 0.813365 0.966495 0.009038 0.012103
0 0.079985 0.637994 0.009788 0.012300
0 0.583799 0.945211 0.009232 0.011852
0 0.763705 0.970430 0.008736 0.011930
0 0.916831 0.622316 0.009068 0.011999
0 0.779962 0.961391 0.010550 0.013419
0 0.703980 0.844948 0.009931 0.013686
0 0.186024 0.703595 0.010002 0.012241
0 0.402346 0.970809 0.010550 0.013726
0 0.507358 0.891131 0.009571 0.012211
0 0.880262 0.580338 0.009535 0.012154
0 0.942030 0.865898 0.008870 0.011036
0 0.745371 0.243164 0.009158 0.012812
0 0.028912 0.880194 0.009645 0.012426
0 0.174777 0.212050 0.007633 0.009750
0 0.176853 0.681050 0.009642 0.012658
0 0.744234 0.913471 0.008991 0.011912
0 0.794977 0.857355 0.009217 0.012213
0 0.587714 0.969521 0.009282 0.012402
0 0.826281 0.811214 0.008507 0.010803
0 0.949489 0.746520 0.007741 0.010630
0 0.215749 0.906785 0.010606 0.014169
0 0.145228 0.704019 0.009855 0.013115
0 0.902235 0.981493 0.007694 0.012236
0 0.142590 0.752624 0.009401 0.012248
0 0.322724 0.844777 0.010346 0.014745
0 0.454555 0.969320 0.009824 0.012565
0 0.896285 0.982698 0.008493 0.011479
0 0.655661 0.938577 0.009050 0.011786
0 0.965192 0.614153 0.010235 0.013730
0 0.230493 0.650143 0.009284 0.012324
0 0.049090 0.595015 0.010537 0.014862
0 0.641159 0.935935 0.008768 0.012188
0 0.388165 0.652437 0.009905 0.013406
0 0.058418 0.872061 0.009951 0.012913
0 0.112784 0.733152 0.009810 0.012902
0 0.752941 0.903723 0.009131 0.012685
0 0.700594 0.928445 0.008627 0.010979
0 0.584796 0.886514 0.009790 0.013283
0 0.176748 0.958601 0.009703 0.013308
0 0.204121 0.580725 0.008279 0.011198
0 0.336789 0.530030 0.009002 0.012354
0 0.451547 0.669524 0.008203 0.010680
0 0.752570 0.974849 0.010049 0.012998
0 0.175580 0.592514 0.010043 0.013435
0 0.795659 0.920299 0.010167 0.012615
0 0.546144 0.948241 0.009755 0.013942
0 0.334172 0.736059 0.007986 0.010271
0 0.883754 0.873560 0.008610 0.011774
0 0.527683 0.894606 0.009045 0.011678
0 0.216251 0.679980 0.008887 0.011476
0 0.612900 0.901217 0.009742 0.012931
0 0.596808 0.910806 0.009851 0.013181
0 0.447757 0.857427 0.010467 0.014839
0 0.404926 0.615381 0.010429 0.013663
0 0.394887 0.673428 0.009824 0.011660
0 0.168438 0.862361 0.009441 0.011819
0 0.439224 0.923633 0.008809 0.011543
0 0.212060 0.508790 0.009096 0.012651
0 0.009243 0.601564 0.009094 0.012006
0 0.152166 0.879212 0.009931 0.013109
0 0.033026 0.966260 0.009452 0.012499
0 0.167188 0.632670 0.008978 0.012119
0 0.236522 0.666155 0.009892 0.012700
0 0.130407 0.820659 0.009497 0.012177
0 0.547935 0.995701 0.007353 0.008040
0 0.649600 0.955604 0.008658 0.011827
0 0.169255 0.131030 0.009700 0.012823
0 0.242238 0.643634 0.009799 0.012659
0 0.819911 0.820319 0.008820 0.011300
0 0.943409 0.751077 0.008071 0.012538
0 0.379991 0.641786 0.008920 0.010712
0 0.569404 0.513297 0.008837 0.012054
0 0.095338 0.163690 0.011826 0.014862
0 0.573173 0.512868 0.009068 0.012590
0 0.003577 0.993562 0.007154 0.010742
0 0.660913 0.977052 0.009047 0.011783
0 0.658623 0.447228 0.010112 0.013873
0 0.065354 0.733955 0.009553 0.011867
0 0.451294 0.665888 0.008816 0.011776
0 0.069887 0.734055 0.009611 0.012482
0 0.187449 0.777361 0.011589 0.014465
0 0.990724 0.512223 0.006582 0.008854
0 0.345387 0.477948 0.016418 0.021891
0 0.681235 0.930356 0.006461 0.014188
0 0.686556 0.929850 0.006461 0.012162
0 0.491211 0.979002 0.005701 0.007094
0 0.495202 0.986857 0.008361 0.008614
0 0.489121 0.987363 0.006081 0.008614
0 0.399240 0.926302 0.006461 0.011148
0 0.425273 0.967601 0.007601 0.011655
0 0.420333 0.972162 0.005321 0.008614
0 0.389739 0.754268 0.007981 0.006587
0 0.391639 0.762375 0.007221 0.010641
0 0.162090 0.838385 0.006461 0.011655
0 0.155629 0.840918 0.007981 0.008614
0 0.250356 0.526049 0.012352 0.012035
0 0.406888 0.877593 0.010926 0.008234
0 0.404513 0.884877 0.009026 0.008868
