0 0.643705 0.501188 0.011253 0.012860
0 0.628860 0.534442 0.011253 0.012860
0 0.619359 0.486936 0.011253 0.012860
0 0.591449 0.471892 0.011253 0.012860
0 0.598575 0.443389 0.011253 0.012860
0 0.589074 0.524941 0.011253 0.012860
0 0.625297 0.420428 0.011253 0.012860
0 0.633610 0.432304 0.011253 0.012860
0 0.662708 0.449723 0.011253 0.012860
0 0.669834 0.440222 0.011253 0.012860
0 0.681116 0.425178 0.011253 0.012860
0 0.621734 0.382423 0.011253 0.012860
0 0.551663 0.395091 0.011253 0.012860
0 0.555819 0.430721 0.011253 0.012860
0 0.531473 0.456849 0.011253 0.012860
0 0.526128 0.475851 0.011253 0.012860
0 0.488124 0.418052 0.011253 0.012860
0 0.489311 0.437846 0.011253 0.012860
0 0.460214 0.427553 0.011253 0.012860
0 0.445962 0.465558 0.011253 0.012860
0 0.453088 0.507522 0.011253 0.012860
0 0.480998 0.503563 0.011253 0.012860
0 0.486936 0.524149 0.011253 0.012860
0 0.425772 0.520190 0.011253 0.012860
0 0.421021 0.533650 0.011253 0.012860
0 0.492280 0.584323 0.011253 0.012860
0 0.505344 0.575614 0.011253 0.012860
0 0.469121 0.608868 0.011253 0.012860
0 0.484561 0.606492 0.011253 0.012860
0 0.523159 0.669834 0.011253 0.012860
0 0.559976 0.650040 0.011253 0.012860
0 0.556413 0.670625 0.011253 0.012860
0 0.567102 0.673001 0.011253 0.012860
0 0.591449 0.698337 0.011253 0.012860
0 0.590855 0.716548 0.011253 0.012860
0 0.613420 0.658749 0.011253 0.012860
0 0.635986 0.685669 0.011253 0.012860
0 0.596200 0.325416 0.011253 0.012860
0 0.605701 0.321457 0.011253 0.012860
0 0.637767 0.316706 0.011253 0.012860
0 0.635986 0.293745 0.011253 0.012860
0 0.636580 0.282660 0.011253 0.012860
0 0.581948 0.282660 0.011253 0.012860
0 0.556413 0.283452 0.011253 0.012860
0 0.559976 0.312747 0.011253 0.012860
0 0.567102 0.325416 0.011253 0.012860
0 0.555226 0.333333 0.011253 0.012860
0 0.542162 0.349169 0.011253 0.012860
0 0.532660 0.329375 0.011253 0.012860
0 0.525534 0.307997 0.011253 0.012860
0 0.526128 0.285827 0.011253 0.012860
