0 0.637973 0.650049 0.010001 0.013062
0 0.606557 0.837787 0.009046 0.011799
0 0.318546 0.368416 0.009075 0.011728
0 0.676482 0.930101 0.009010 0.011688
0 0.951235 0.970275 0.011076 0.014105
0 0.794732 0.668715 0.010932 0.014311
0 0.692747 0.702769 0.009438 0.012664
0 0.583111 0.440340 0.009313 0.011739
0 0.659633 0.731474 0.008700 0.011485
0 0.627182 0.636877 0.009097 0.011623
0 0.724845 0.679401 0.010599 0.013634
0 0.965350 0.814785 0.009269 0.012341
0 0.699579 0.878057 0.009357 0.012375
0 0.959171 0.844665 0.009951 0.013254
0 0.576469 0.878864 0.009739 0.012458
0 0.751320 0.579527 0.009002 0.012284
0 0.951542 0.774121 0.010787 0.013401
0 0.549141 0.992015 0.009556 0.012195
0 0.733823 0.702048 0.009474 0.012181
0 0.272913 0.480910 0.009650 0.012646
0 0.864072 0.691937 0.009275 0.012558
0 0.701125 0.702607 0.008318 0.012656
0 0.465138 0.431086 0.009309 0.012615
0 0.677600 0.819903 0.009360 0.011957
0 0.943389 0.672453 0.011526 0.014338
0 0.713871 0.649216 0.010558 0.014008
0 0.193048 0.097804 0.008151 0.010881
0 0.946296 0.899905 0.010104 0.013589
0 0.962824 0.784402 0.010874 0.014697
0 0.689922 0.751501 0.008273 0.011189
0 0.372510 0.528494 0.009369 0.011745
0 0.783968 0.664134 0.009330 0.012235
0 0.605700 0.870776 0.008961 0.011732
0 0.876976 0.865436 0.010051 0.013370
0 0.969621 0.931931 0.010794 0.014734
0 0.882089 0.734339 0.009012 0.011094
0 0.961768 0.627392 0.011024 0.014837
0 0.722893 0.591234 0.009900 0.012866
0 0.346089 0.753527 0.010828 0.014798
0 0.777997 0.648509 0.008702 0.010769
0 0.870970 0.841546 0.010844 0.013972
0 0.580444 0.965847 0.008533 0.011421
0 0.794532 0.523339 0.009399 0.013113
0 0.597096 0.591225 0.008656 0.011706
0 0.502400 0.146369 0.009207 0.013168
0 0.947323 0.924333 0.008717 0.010951
0 0.191665 0.411444 0.009062 0.011854
0 0.707799 0.838621 0.008402 0.012000
0 0.556331 0.600786 0.009439 0.012344
0 0.799565 0.524185 0.008988 0.013337
0 0.939691 0.756972 0.010726 0.014753
0 0.724796 0.955905 0.009203 0.011681
0 0.722393 0.209273 0.008186 0.011406
0 0.942742 0.936060 0.011307 0.015608
0 0.936053 0.650834 0.011888 0.015442
0 0.447450 0.980902 0.009016 0.012022
0 0.715777 0.861486 0.009727 0.012208
0 0.436867 0.687927 0.010164 0.013798
0 0.322577 0.431961 0.009984 0.013691
0 0.790808 0.642254 0.009341 0.012761
0 0.736664 0.775471 0.011599 0.015719
0 0.954183 0.612460 0.010270 0.014123
0 0.612128 0.732545 0.009341 0.011521
0 0.994871 0.856268 0.010173 0.016487
0 0.929568 0.753365 0.009560 0.013142
0 0.973043 0.966719 0.010176 0.013158
0 0.907029 0.657882 0.010566 0.014009
0 0.758801 0.507232 0.010493 0.014226
0 0.714504 0.630269 0.008900 0.011508
0 0.884673 0.528217 0.009273 0.012053
0 0.928405 0.639992 0.009078 0.010990
0 0.856508 0.697765 0.009010 0.012752
0 0.384692 0.776985 0.009586 0.012884
0 0.716033 0.127992 0.009797 0.012799
0 0.745097 0.967430 0.009617 0.013212
0 0.728232 0.910039 0.009092 0.011633
0 0.301541 0.592585 0.008164 0.010803
0 0.743497 0.579785 0.007972 0.012448
0 0.458911 0.438725 0.007178 0.010994
0 0.764161 0.677734 0.007994 0.011035
0 0.219460 0.157442 0.008821 0.011847
0 0.377616 0.066654 0.007900 0.009835
0 0.968961 0.971260 0.009800 0.014148
0 0.211806 0.155086 0.008155 0.011706
0 0.642759 0.161236 0.011575 0.015717
0 0.763181 0.904662 0.009946 0.013288
0 0.214281 0.173383 0.008642 0.010937
0 0.267013 0.272489 0.011020 0.014138
0 0.617126 0.732819 0.008497 0.011360
0 0.987942 0.922588 0.009730 0.012593
0 0.263109 0.248766 0.009386 0.012214
0 0.985957 0.825927 0.009104 0.011951
0 0.494186 0.538321 0.008352 0.010701
0 0.231054 0.737499 0.008950 0.011491
0 0.602389 0.356720 0.007061 0.008546
0 0.194186 0.133212 0.006963 0.009950
0 0.267509 0.610535 0.008559 0.009763
0 0.490080 0.542587 0.007960 0.011494
0 0.196128 0.122606 0.007368 0.009098
0 0.795959 0.597077 0.011178 0.014012
0 0.932325 0.996164 0.007319 0.007672
0 0.792278 0.937411 0.009719 0.012873
0 0.291280 0.276687 0.008887 0.011777
0 0.703622 0.838217 0.009687 0.013502
0 0.225732 0.793938 0.007947 0.010235
0 0.594324 0.591989 0.010310 0.013745
0 0.675714 0.756677 0.006233 0.008121
0 0.198790 0.740300 0.007808 0.011847
0 0.267058 0.616642 0.009382 0.012520
0 0.595346 0.250280 0.007375 0.010544
0 0.555780 0.601840 0.013681 0.018403
0 0.214347 0.165397 0.007297 0.007297
0 0.194128 0.244649 0.005777 0.014188
0 0.955629 0.877150 0.007981 0.009121
0 0.954869 0.885764 0.007221 0.010135
