0 0.942515 0.431584 0.003858 0.005144
0 0.832562 0.493570 0.003858 0.005658
0 0.907793 0.347222 0.003858 0.005144
0 0.977238 0.432613 0.003858 0.005144
0 0.465664 0.178241 0.003858 0.004630
0 0.716049 0.016204 0.003858 0.005658
0 0.916281 0.316358 0.003858 0.005144
0 0.871528 0.762860 0.003858 0.005144
0 0.896412 0.296553 0.003472 0.005658
0 0.930363 0.323560 0.004244 0.005144
0 0.721065 0.334619 0.003858 0.005658
0 0.957948 0.322274 0.003858 0.005658
0 0.915123 0.244342 0.003858 0.005144
0 0.898148 0.314558 0.003858 0.004630
0 0.795332 0.283693 0.003472 0.005658
0 0.983410 0.274177 0.003858 0.005144
0 0.871914 0.495628 0.002315 0.003601
0 0.944444 0.340278 0.003858 0.005658
0 0.838542 0.710905 0.004244 0.005144
0 0.720872 0.392490 0.007330 0.009259
0 0.913773 0.254115 0.003472 0.005144
0 0.765046 0.443416 0.003858 0.008230
0 0.859568 0.444444 0.003858 0.005144
0 0.365355 0.099280 0.003858 0.005144
0 0.915316 0.485082 0.003472 0.005144
0 0.993441 0.119084 0.003858 0.005658
0 0.956211 0.413837 0.003472 0.005658
0 0.878858 0.452932 0.006944 0.005658
0 0.950231 0.177984 0.003858 0.005144
0 0.942708 0.272119 0.004244 0.005144
0 0.589313 0.123714 0.005787 0.008745
0 0.906829 0.035494 0.003472 0.005144
0 0.944059 0.222994 0.003858 0.005658
0 0.232639 0.033179 0.003858 0.005658
0 0.988812 0.329990 0.003858 0.005658
0 0.813657 0.441101 0.003858 0.005658
0 0.936728 0.245628 0.003858 0.005658
0 0.730710 0.051440 0.003858 0.008230
0 0.925540 0.010545 0.003858 0.005658
0 0.939043 0.675412 0.003858 0.005144
0 0.808449 0.474023 0.003472 0.005658
0 0.927469 0.224280 0.003858 0.005144
0 0.931327 0.518261 0.004630 0.007716
0 0.848187 0.087449 0.004244 0.005144
0 0.978395 0.348508 0.003858 0.005658
0 0.687693 0.370628 0.004244 0.005658
0 0.883681 0.816615 0.002701 0.003601
0 0.934028 0.197274 0.003858 0.005658
0 0.628858 0.293724 0.003858 0.005144
0 0.907407 0.219907 0.003858 0.005658
0 0.891397 0.012603 0.004244 0.005658
0 0.874614 0.441358 0.003858 0.005144
0 0.899306 0.054527 0.003858 0.005144
0 0.683835 0.758488 0.004244 0.005658
0 0.762153 0.061728 0.004244 0.005144
0 0.983410 0.191615 0.003858 0.005658
0 0.821181 0.172840 0.004244 0.005144
0 0.732253 0.675412 0.003858 0.005144
0 0.648341 0.630916 0.004244 0.005658
0 0.856867 0.027778 0.003858 0.005144
0 0.643904 0.287551 0.003858 0.005144
0 0.986883 0.013632 0.003858 0.005658
0 0.745370 0.053241 0.003858 0.005658
0 0.752701 0.547068 0.003858 0.005658
0 0.981481 0.325360 0.003858 0.005658
0 0.998650 0.238426 0.002701 0.005658
0 0.908951 0.022891 0.003858 0.005658
0 0.798997 0.460905 0.003858 0.005144
0 0.817515 0.426955 0.003858 0.005144
0 0.616512 0.490484 0.003858 0.005658
0 0.899113 0.456276 0.003472 0.005144
0 0.725116 0.495885 0.004244 0.005144
0 0.975309 0.328189 0.003858 0.005144
0 0.932292 0.076903 0.003472 0.005658
0 0.840085 0.054784 0.004244 0.005658
0 0.864390 0.175669 0.004244 0.005658
0 0.609375 0.112912 0.004244 0.008745
0 0.877508 0.394033 0.004244 0.005144
0 0.998457 0.186986 0.002315 0.005658
0 0.237461 0.084362 0.004244 0.005144
0 0.497492 0.143004 0.003472 0.005144
0 0.995370 0.212449 0.003858 0.005144
0 0.973958 0.316358 0.003472 0.005144
0 0.946181 0.208076 0.003472 0.005658
0 0.859761 0.497942 0.004244 0.005144
0 0.756366 0.082047 0.004244 0.005658
0 0.815972 0.571245 0.003858 0.005658
0 0.881559 0.441101 0.003858 0.005658
0 0.855324 0.074846 0.003858 0.005658
0 0.993827 0.065586 0.003858 0.005658
0 0.694059 0.561471 0.003858 0.005658
0 0.542438 0.191615 0.003858 0.005658
0 0.878858 0.253601 0.003858 0.005144
0 0.745177 0.439815 0.005787 0.006173
0 0.906250 0.654321 0.003858 0.005144
0 0.960648 0.174897 0.003858 0.005144
0 0.833526 0.140689 0.004244 0.005658
0 0.978395 0.110340 0.003858 0.005658
0 0.607832 0.315072 0.003472 0.004630
0 0.986304 0.099023 0.004244 0.005658
0 0.971836 0.064558 0.004630 0.007716
0 0.885417 0.290381 0.003858 0.005658
0 0.873843 0.115484 0.003858 0.005658
0 0.865934 0.093621 0.003472 0.005144
0 0.921103 0.116255 0.003472 0.005144
0 0.922454 0.043724 0.003858 0.005144
0 0.880401 0.044239 0.003858 0.005144
0 0.822917 0.074588 0.003858 0.005144
0 0.984954 0.228909 0.003858 0.005144
0 0.841049 0.402521 0.003858 0.005658
0 0.935185 0.488169 0.003858 0.005144
0 0.797840 0.110854 0.003858 0.005658
0 0.891590 0.275977 0.003858 0.005658
0 0.809799 0.081276 0.003858 0.005144
0 0.779128 0.254887 0.003472 0.005658
0 0.985725 0.679784 0.003858 0.005658
0 0.984182 0.404321 0.003858 0.005144
0 0.631944 0.331019 0.003858 0.005658
0 0.800347 0.094393 0.004244 0.005658
0 0.955247 0.248457 0.003858 0.005144
0 0.978202 0.234311 0.004244 0.005658
0 0.931327 0.104167 0.003858 0.005658
0 0.679012 0.479167 0.003858 0.005658
0 0.254051 0.081533 0.004244 0.005658
0 0.723765 0.362654 0.003858 0.005144
0 0.629630 0.498457 0.003858 0.005144
0 0.998843 0.354938 0.001543 0.005144
0 0.970293 0.246914 0.003858 0.005144
0 0.875772 0.548097 0.004630 0.007716
0 0.996142 0.573560 0.003858 0.005144
0 0.986111 0.114455 0.003858 0.005658
0 0.991705 0.208076 0.004244 0.005658
0 0.986497 0.169753 0.003858 0.005144
0 0.884452 0.116512 0.003472 0.004630
0 0.868634 0.147634 0.004244 0.005144
0 0.888696 0.112654 0.003472 0.005144
0 0.398148 0.383488 0.004630 0.005658
0 0.987654 0.614712 0.003858 0.005144
0 0.897955 0.176698 0.003472 0.004630
0 0.981674 0.167953 0.003472 0.004630
0 0.874228 0.241770 0.003858 0.005144
0 0.984954 0.299126 0.003858 0.005658
0 0.859568 0.147377 0.003858 0.005658
0 0.898148 0.259259 0.003858 0.006173
0 0.905864 0.117027 0.006173 0.005658
0 0.811921 0.073560 0.003472 0.005144
0 0.852816 0.172840 0.003472 0.005144
0 0.874421 0.258745 0.003472 0.005144
0 0.908179 0.197016 0.003858 0.005144
0 0.792052 0.093621 0.003858 0.005144
0 0.795910 0.205247 0.003858 0.006173
0 0.873843 0.843364 0.003858 0.007716
0 0.700424 0.197788 0.004244 0.005658
0 0.889468 0.143004 0.003472 0.005144
0 0.814622 0.225051 0.004244 0.005658
0 0.991512 0.142490 0.003858 0.005144
0 0.864390 0.239198 0.003472 0.005144
0 0.949074 0.104938 0.006173 0.006173
0 0.834684 0.155093 0.003472 0.005658
0 0.705826 0.236883 0.004244 0.005658
0 0.971836 0.119599 0.007716 0.008745
0 0.700617 0.204218 0.003858 0.005144
0 0.721836 0.246399 0.004630 0.006173
0 0.853395 0.397119 0.003858 0.006173
0 0.999421 0.147377 0.001157 0.004630
0 0.859568 0.274434 0.003086 0.004630
0 0.999228 0.725566 0.001543 0.004630
0 0.697338 0.210905 0.003472 0.005144
0 0.701389 0.211163 0.004630 0.005658
0 0.839506 0.286780 0.003858 0.005658
0 0.259452 0.122428 0.004244 0.005144
0 0.816296 0.130700 0.004938 0.005926
0 0.831975 0.121975 0.004198 0.004280
0 0.836543 0.125926 0.004938 0.004938
0 0.864568 0.135638 0.005185 0.005267
0 0.876420 0.134815 0.003210 0.004938
0 0.906049 0.110782 0.004691 0.006255
0 0.914198 0.126255 0.004198 0.006255
0 0.865802 0.207737 0.003704 0.006584
0 0.832099 0.224198 0.004444 0.003951
0 0.992593 0.080329 0.003457 0.006584
0 0.988765 0.082469 0.003704 0.004938
0 0.965679 0.105514 0.003457 0.006914
0 0.971481 0.127901 0.004691 0.004280
0 0.983333 0.124444 0.003704 0.005926
0 0.843580 0.284609 0.005185 0.005597
0 0.855556 0.402469 0.004444 0.006255
0 0.755432 0.404444 0.007160 0.005597
0 0.750864 0.418436 0.004938 0.007243
0 0.744691 0.422222 0.006914 0.006255
0 0.750988 0.441481 0.005185 0.007243
0 0.673086 0.373992 0.005432 0.006584
0 0.673951 0.380905 0.005679 0.005926
0 0.877531 0.283457 0.003457 0.005267
0 0.800741 0.416461 0.003457 0.005926
0 0.804444 0.417449 0.004444 0.005926
0 0.522994 0.695267 0.007716 0.006996
0 0.772751 0.620942 0.004109 0.005900
0 0.675723 0.613462 0.005689 0.006110
0 0.856820 0.666031 0.004109 0.004214
0 0.856899 0.671615 0.004267 0.005267
0 0.884079 0.565949 0.006163 0.005057
0 0.885501 0.573745 0.004899 0.007164
0 0.892296 0.575641 0.005215 0.005057
0 0.878548 0.569004 0.004899 0.006953
0 0.577160 0.774897 0.003704 0.004609
0 0.580370 0.778519 0.003210 0.005267
