0 0.291281 0.223251 0.003858 0.005144
0 0.536651 0.819959 0.003858 0.005144
0 0.314815 0.951389 0.003858 0.007716
0 0.724344 0.585905 0.004244 0.006173
0 0.974537 0.997428 0.003858 0.005144
0 0.511188 0.509259 0.003858 0.005144
0 0.425540 0.171811 0.003858 0.005144
0 0.245563 0.412809 0.003472 0.004630
0 0.244020 0.325617 0.003472 0.005144
0 0.552855 0.467078 0.003858 0.005144
0 0.755208 0.909979 0.003472 0.005144
0 0.418403 0.477109 0.003472 0.004630
0 0.960262 0.993313 0.003858 0.005144
0 0.688850 0.521091 0.003472 0.005144
0 0.708333 0.426440 0.003858 0.005144
0 0.486883 0.250000 0.003858 0.005144
0 0.879630 0.562757 0.003858 0.005144
0 0.242284 0.381687 0.003858 0.005144
0 0.290123 0.363426 0.004630 0.005658
0 0.770062 0.681070 0.003858 0.005144
0 0.901235 0.613683 0.003858 0.005144
0 0.460648 0.227881 0.003858 0.005144
0 0.515818 0.814300 0.003858 0.005144
0 0.753472 0.987654 0.003858 0.005144
0 0.645640 0.873200 0.005787 0.005658
0 0.788002 0.849023 0.003472 0.005658
0 0.360340 0.302984 0.003086 0.005144
0 0.848573 0.739455 0.003472 0.005658
0 0.893711 0.837191 0.007330 0.010802
0 0.675926 0.884774 0.003858 0.005144
0 0.227816 0.487397 0.003472 0.004630
0 0.615934 0.878601 0.004244 0.006173
0 0.891204 0.797325 0.003858 0.005144
0 0.291281 0.757716 0.002315 0.004115
0 0.221065 0.486368 0.003086 0.007716
0 0.791667 0.483796 0.005401 0.006687
0 0.460455 0.623714 0.005787 0.005658
0 0.462716 0.629580 0.003753 0.005794
0 0.718519 0.802675 0.004321 0.006996
0 0.672685 0.819136 0.004012 0.004527
0 0.669444 0.822840 0.003704 0.003704
0 0.793673 0.872840 0.004012 0.004938
