0 0.708285 0.693105 0.009440 0.012013
0 0.598601 0.590869 0.009330 0.012138
0 0.478683 0.690440 0.009184 0.012004
0 0.348753 0.585685 0.009643 0.012244
0 0.699379 0.700891 0.008596 0.011439
0 0.373626 0.419195 0.010030 0.012639
0 0.521070 0.798270 0.009584 0.012249
0 0.380895 0.740412 0.008945 0.011924
0 0.122302 0.744681 0.010016 0.012640
0 0.051323 0.533502 0.009401 0.012193
0 0.122556 0.846063 0.009783 0.012343
0 0.544572 0.942265 0.009129 0.012192
0 0.615219 0.745030 0.007180 0.011414
0 0.465467 0.838958 0.009788 0.012756
0 0.173152 0.942049 0.010039 0.013352
0 0.082642 0.684390 0.009451 0.012242
0 0.357939 0.815659 0.009665 0.012889
0 0.595957 0.928566 0.008958 0.011818
0 0.161016 0.950087 0.010181 0.012730
0 0.449480 0.805969 0.009378 0.012370
0 0.067528 0.961189 0.009580 0.012041
0 0.570879 0.994196 0.008858 0.010237
0 0.580883 0.919259 0.009194 0.011401
0 0.387949 0.911465 0.009607 0.012251
0 0.114813 0.890791 0.009625 0.013087
0 0.153019 0.750642 0.009344 0.012361
0 0.277315 0.720733 0.009379 0.012355
0 0.436332 0.733690 0.009879 0.012554
0 0.485274 0.651299 0.009700 0.012806
0 0.355740 0.567900 0.008890 0.011705
0 0.096011 0.939127 0.009296 0.012566
0 0.480936 0.931409 0.009229 0.011223
0 0.366491 0.816889 0.009507 0.013349
0 0.214357 0.941462 0.009232 0.012134
0 0.392862 0.784296 0.009124 0.012116
0 0.590840 0.806427 0.008219 0.011937
0 0.511945 0.886351 0.008986 0.012001
0 0.536700 0.951483 0.009759 0.012090
0 0.735816 0.668145 0.010063 0.013454
0 0.146729 0.806827 0.009665 0.012198
0 0.520940 0.886207 0.009826 0.013602
0 0.371675 0.838454 0.009810 0.012997
0 0.067925 0.722071 0.009757 0.012386
0 0.095754 0.618405 0.010415 0.014347
0 0.458873 0.974739 0.009594 0.012783
0 0.556265 0.753570 0.009716 0.013439
0 0.189531 0.909167 0.009908 0.012733
0 0.322757 0.533876 0.009189 0.012182
0 0.481293 0.803927 0.009607 0.012244
0 0.379287 0.971668 0.008703 0.011904
0 0.247347 0.827174 0.009375 0.012456
0 0.131783 0.835485 0.009617 0.012567
0 0.396203 0.804102 0.009377 0.012403
0 0.230831 0.678608 0.008564 0.011570
0 0.034466 0.808686 0.009795 0.013227
0 0.415097 0.653196 0.008837 0.011716
0 0.472674 0.923104 0.008155 0.009820
0 0.071479 0.575671 0.009855 0.012829
0 0.211739 0.765904 0.009939 0.012965
0 0.538041 0.806141 0.008974 0.011269
0 0.334510 0.671855 0.009593 0.011992
0 0.510084 0.684102 0.009383 0.012457
0 0.600184 0.846459 0.009637 0.011942
0 0.632214 0.910005 0.008384 0.010326
0 0.254788 0.771704 0.009226 0.012081
0 0.313534 0.990750 0.008868 0.012209
0 0.282764 0.915684 0.009686 0.013621
0 0.535502 0.924467 0.009294 0.012290
0 0.484941 0.622059 0.008690 0.011427
0 0.107212 0.878227 0.009480 0.012024
0 0.458036 0.748554 0.009797 0.012770
0 0.205259 0.711461 0.009186 0.011943
0 0.171230 0.785161 0.009859 0.012592
0 0.233150 0.787308 0.010046 0.012656
0 0.519225 0.972422 0.009750 0.012688
0 0.478371 0.943121 0.009350 0.012512
0 0.426163 0.792699 0.008933 0.011439
0 0.649497 0.958342 0.009737 0.013014
0 0.636382 0.802316 0.009467 0.012760
0 0.270180 0.762434 0.009529 0.012750
0 0.158315 0.719525 0.009349 0.012705
0 0.491703 0.815230 0.009117 0.011903
0 0.146315 0.711136 0.009681 0.012198
0 0.399747 0.728191 0.009827 0.013259
0 0.036888 0.662884 0.010022 0.012669
0 0.310031 0.901856 0.009594 0.012168
0 0.330581 0.793676 0.009360 0.011917
0 0.362708 0.891403 0.009035 0.012347
0 0.129674 0.680336 0.009464 0.012215
0 0.602223 0.828021 0.009187 0.012389
0 0.656921 0.804914 0.007825 0.010376
0 0.543920 0.979730 0.008980 0.011990
0 0.604506 0.918844 0.009140 0.012602
0 0.462046 0.940365 0.009276 0.012121
0 0.247628 0.652596 0.009107 0.011583
0 0.338201 0.943466 0.010122 0.013426
0 0.160443 0.780591 0.010307 0.013518
0 0.161006 0.979671 0.009537 0.013353
0 0.407932 0.487361 0.009204 0.012471
0 0.106118 0.994243 0.009416 0.011098
0 0.493046 0.984830 0.009600 0.012648
0 0.279428 0.758795 0.010092 0.012466
0 0.495442 0.830225 0.009317 0.013006
0 0.083536 0.523207 0.009834 0.012798
0 0.489469 0.974274 0.008116 0.012103
0 0.668159 0.753717 0.008111 0.010112
0 0.555937 0.817510 0.008964 0.011699
0 0.161568 0.899590 0.009113 0.011700
0 0.480987 0.889064 0.008876 0.011584
0 0.169066 0.881594 0.009914 0.013174
0 0.528917 0.980769 0.007496 0.010181
0 0.568652 0.739538 0.010250 0.013379
0 0.340411 0.856718 0.009806 0.012168
0 0.457293 0.919480 0.008395 0.010708
0 0.222260 0.804529 0.008740 0.012489
0 0.251795 0.992646 0.009505 0.011878
0 0.384703 0.879098 0.010402 0.013968
0 0.389694 0.444173 0.011147 0.013912
0 0.511041 0.869455 0.009178 0.011718
0 0.696768 0.569755 0.009452 0.012782
0 0.514312 0.988425 0.010045 0.011909
0 0.570994 0.902357 0.008432 0.012573
0 0.212317 0.975395 0.009262 0.012661
0 0.469512 0.964887 0.009545 0.012827
0 0.052693 0.893865 0.009416 0.011914
0 0.302428 0.951739 0.008317 0.010749
0 0.452219 0.962501 0.008993 0.010881
0 0.607540 0.814478 0.009933 0.012856
0 0.210331 0.815403 0.008043 0.010553
0 0.642955 0.980727 0.009229 0.012478
0 0.141685 0.980335 0.009436 0.014038
0 0.439957 0.805980 0.009276 0.012909
0 0.438180 0.859731 0.009645 0.012151
0 0.407413 0.987106 0.009444 0.012287
0 0.316644 0.760982 0.009856 0.013460
0 0.068188 0.888727 0.010024 0.012660
0 0.501194 0.945005 0.008736 0.011762
0 0.607576 0.882642 0.008949 0.010875
0 0.033272 0.855625 0.010516 0.014303
0 0.481743 0.974670 0.009269 0.012500
0 0.567664 0.944767 0.009145 0.011517
0 0.150858 0.865600 0.009852 0.012992
0 0.076515 0.868715 0.010822 0.014230
0 0.124595 0.949867 0.009595 0.012943
0 0.521361 0.950799 0.009000 0.011355
0 0.235697 0.771253 0.011073 0.014043
0 0.488555 0.994367 0.007972 0.009239
0 0.207510 0.779324 0.009000 0.012233
0 0.649933 0.805166 0.007725 0.011117
0 0.338121 0.844838 0.009876 0.013419
0 0.169825 0.820852 0.009453 0.012439
0 0.609181 0.747248 0.008428 0.011144
0 0.487814 0.505704 0.008166 0.009516
0 0.134219 0.863470 0.010030 0.013856
0 0.450814 0.873042 0.009161 0.011214
0 0.582221 0.622750 0.009518 0.012442
0 0.589248 0.956420 0.009239 0.012499
0 0.532470 0.781822 0.009774 0.012547
0 0.487078 0.785460 0.008742 0.011504
0 0.252575 0.942268 0.009142 0.012338
0 0.137543 0.905207 0.009637 0.012440
0 0.621832 0.802449 0.008802 0.012164
0 0.233902 0.951457 0.008602 0.011433
0 0.217934 0.827625 0.010324 0.011595
0 0.631445 0.882849 0.011078 0.013464
0 0.612991 0.834221 0.009044 0.012625
0 0.509769 0.752523 0.009616 0.012570
0 0.475243 0.987781 0.009868 0.012067
0 0.108620 0.744204 0.009258 0.011179
0 0.344370 0.802246 0.011518 0.014657
0 0.135153 0.995625 0.007707 0.008750
0 0.440517 0.823285 0.008822 0.012313
0 0.190076 0.775492 0.008646 0.011138
0 0.532989 0.833511 0.010122 0.013814
0 0.548051 0.966740 0.008241 0.011281
0 0.275154 0.933888 0.010537 0.014187
0 0.432691 0.965351 0.008519 0.011353
0 0.343929 0.896671 0.009038 0.012173
0 0.355329 0.930948 0.008575 0.011505
0 0.557446 0.877978 0.007626 0.010735
0 0.564182 0.879993 0.007533 0.012198
0 0.225052 0.959115 0.009813 0.011520
0 0.328782 0.991985 0.008192 0.011005
0 0.033947 0.873626 0.009938 0.013783
0 0.217064 0.815549 0.009453 0.011454
0 0.353213 0.767549 0.009428 0.012444
0 0.466337 0.547775 0.007627 0.009179
0 0.349072 0.974457 0.009520 0.012506
0 0.183523 0.839689 0.009556 0.012814
0 0.667354 0.745647 0.008498 0.010017
0 0.300628 0.775199 0.009845 0.012982
0 0.039567 0.789958 0.009432 0.013024
0 0.470157 0.913265 0.007380 0.010066
0 0.478150 0.909212 0.009182 0.013185
0 0.303383 0.823446 0.010032 0.013296
0 0.578510 0.601560 0.009870 0.013003
0 0.262482 0.863003 0.010283 0.013121
0 0.583453 0.809763 0.009305 0.012694
0 0.363219 0.904767 0.009097 0.011158
0 0.300942 0.499164 0.009963 0.013445
0 0.560275 0.830506 0.008510 0.011224
0 0.321970 0.935664 0.008959 0.012491
0 0.227987 0.728180 0.008154 0.011716
0 0.444008 0.953220 0.007828 0.010098
0 0.519026 0.925479 0.009235 0.012112
0 0.337384 0.912582 0.009756 0.013124
0 0.075669 0.977960 0.010835 0.014871
0 0.489130 0.498496 0.008368 0.010738
0 0.151541 0.978147 0.010019 0.014955
0 0.171071 0.707107 0.010383 0.013654
0 0.374165 0.750694 0.008745 0.011302
0 0.485492 0.875472 0.010171 0.013684
0 0.608059 0.799637 0.009679 0.012216
0 0.551562 0.776013 0.008191 0.010882
0 0.228731 0.535470 0.010380 0.014389
0 0.486498 0.456885 0.008324 0.011615
0 0.312138 0.968050 0.009454 0.013267
0 0.411603 0.853372 0.008572 0.011400
0 0.579264 0.906656 0.010258 0.013262
0 0.185734 0.886479 0.009262 0.012353
0 0.425843 0.858829 0.009876 0.012881
0 0.204125 0.995477 0.007706 0.008858
0 0.292271 0.962109 0.008888 0.011700
0 0.219816 0.837274 0.009858 0.012018
0 0.528079 0.935747 0.009265 0.011231
0 0.255888 0.969955 0.009066 0.012109
0 0.431040 0.570027 0.008564 0.011561
0 0.424160 0.914101 0.008919 0.011944
0 0.528106 0.926305 0.007962 0.012093
0 0.372344 0.936524 0.009334 0.012141
0 0.566975 0.850357 0.008434 0.010556
0 0.299823 0.759553 0.009698 0.012482
0 0.283541 0.990422 0.008532 0.012756
0 0.099820 0.581282 0.009192 0.012093
0 0.221284 0.872348 0.008351 0.009417
0 0.628218 0.234192 0.009885 0.012494
0 0.572375 0.882655 0.008912 0.012215
0 0.219569 0.863934 0.008635 0.011597
0 0.299317 0.981968 0.008805 0.011580
0 0.381313 0.956462 0.009131 0.011676
0 0.409398 0.864516 0.009387 0.012075
0 0.298396 0.600504 0.009768 0.013683
0 0.293908 0.600880 0.009212 0.012405
0 0.571086 0.850320 0.008281 0.010314
0 0.301868 0.853502 0.009281 0.012604
0 0.119004 0.985781 0.008299 0.011546
0 0.295916 0.894576 0.009283 0.012060
0 0.218166 0.735269 0.008962 0.011209
0 0.671861 0.747000 0.008626 0.009432
0 0.222172 0.733881 0.006988 0.011210
0 0.062668 0.711090 0.009439 0.012074
0 0.251215 0.855295 0.009854 0.012586
0 0.040997 0.893165 0.010190 0.012895
0 0.575767 0.821920 0.009107 0.011947
0 0.186496 0.864688 0.010433 0.012973
0 0.467015 0.538809 0.008284 0.009682
0 0.449432 0.954301 0.006686 0.009604
0 0.111140 0.980152 0.008281 0.011846
0 0.141132 0.769436 0.008683 0.012124
0 0.529231 0.971329 0.008996 0.012329
0 0.301158 0.619477 0.010584 0.013822
0 0.088634 0.726580 0.009127 0.011991
0 0.373780 0.988473 0.009582 0.011310
0 0.359481 0.877453 0.009675 0.012042
0 0.503156 0.799667 0.008478 0.011730
0 0.440348 0.996256 0.006528 0.006821
0 0.346027 0.873564 0.009309 0.012646
0 0.082064 0.901673 0.010062 0.013037
0 0.384812 0.860146 0.012559 0.016461
0 0.343549 0.990907 0.009081 0.011621
0 0.418959 0.968214 0.009875 0.012912
0 0.352235 0.992717 0.008297 0.010131
0 0.228514 0.850808 0.009665 0.013009
0 0.111065 0.739483 0.008378 0.012654
0 0.353516 0.946781 0.009014 0.011737
0 0.138728 0.588810 0.007955 0.010907
0 0.416643 0.880196 0.008764 0.011347
0 0.289906 0.989656 0.009076 0.012901
0 0.532732 0.929022 0.010949 0.013756
0 0.570782 0.855553 0.008296 0.010892
0 0.630375 0.238130 0.010535 0.015322
0 0.488624 0.973900 0.012298 0.015981
0 0.322022 0.533342 0.006414 0.008400
0 0.189532 0.908232 0.014533 0.018160
0 0.531451 0.979956 0.009329 0.014421
0 0.422784 0.879348 0.008480 0.011779
0 0.422870 0.874229 0.008663 0.011685
0 0.557576 0.789330 0.007255 0.008371
0 0.363029 0.951370 0.008686 0.012002
0 0.132447 0.591354 0.007221 0.013175
0 0.027173 0.907047 0.015582 0.014188
0 0.364086 0.853587 0.007601 0.009628
0 0.365606 0.860174 0.006081 0.008614
0 0.372827 0.959240 0.008361 0.011148
0 0.366176 0.958226 0.008741 0.011148
