0 0.012346 0.430813 0.003086 0.004630
0 0.041088 0.954733 0.003472 0.005144
0 0.199460 0.876543 0.003086 0.005144
0 0.331019 0.952160 0.006173 0.006173
0 0.083719 0.211420 0.004630 0.006173
0 0.238426 0.913837 0.003858 0.005658
0 0.019676 0.737140 0.003086 0.004115
0 0.318287 0.963220 0.006173 0.007716
0 0.067901 0.848765 0.003086 0.004115
0 0.005208 0.288066 0.003472 0.004115
0 0.186343 0.964763 0.003086 0.004630
0 0.223765 0.316872 0.003858 0.005144
0 0.150270 0.944187 0.003472 0.004630
0 0.056906 0.798097 0.003472 0.004630
0 0.095100 0.900977 0.003472 0.004630
0 0.006559 0.504115 0.003858 0.004115
0 0.080633 0.788837 0.004630 0.005658
0 0.235340 0.966564 0.003858 0.005144
0 0.017168 0.879887 0.003472 0.004630
0 0.382330 0.925412 0.004630 0.006173
0 0.048032 0.538580 0.005787 0.005144
0 0.010224 0.651492 0.003472 0.003601
0 0.053434 0.887603 0.002701 0.004630
0 0.013310 0.669239 0.003472 0.004115
0 0.129823 0.972222 0.003472 0.004115
0 0.113233 0.897634 0.003472 0.004115
0 0.174769 0.714249 0.006173 0.007716
0 0.114583 0.743570 0.003086 0.004630
0 0.185571 0.695473 0.004630 0.004115
0 0.135802 0.988683 0.003858 0.005144
0 0.228588 0.553498 0.006559 0.005144
0 0.098958 0.880401 0.003472 0.004630
0 0.137539 0.361368 0.006559 0.008745
0 0.111111 0.292695 0.007716 0.010288
0 0.339892 0.615484 0.004630 0.005658
0 0.014660 0.387088 0.003858 0.004630
0 0.051312 0.826132 0.003858 0.004115
0 0.066551 0.945730 0.005787 0.007716
0 0.309606 0.838735 0.004244 0.005658
0 0.040316 0.912809 0.004244 0.007716
0 0.119599 0.912551 0.003086 0.004115
0 0.032986 0.422325 0.003472 0.005144
0 0.112654 0.291409 0.007716 0.008745
0 0.261381 0.911523 0.004244 0.005144
0 0.184992 0.856481 0.003472 0.004115
0 0.080440 0.578961 0.003472 0.004630
0 0.129823 0.866770 0.003472 0.004115
0 0.435185 0.836677 0.004630 0.005658
0 0.082369 0.859053 0.004244 0.005144
0 0.342593 0.834105 0.004630 0.005658
0 0.298418 0.939815 0.004244 0.008230
0 0.147569 0.677469 0.003472 0.005144
0 0.011767 0.450103 0.003472 0.004115
0 0.109761 0.974280 0.003472 0.004115
0 0.128665 0.736626 0.003472 0.004115
0 0.012346 0.639403 0.003086 0.004115
0 0.128086 0.712706 0.003086 0.003601
0 0.132137 0.720679 0.002701 0.005144
0 0.140046 0.970165 0.003858 0.005144
0 0.212191 0.889918 0.003086 0.005144
0 0.155285 0.827675 0.003472 0.004115
0 0.016204 0.516975 0.003858 0.005144
0 0.085262 0.950874 0.003858 0.004630
0 0.118634 0.714249 0.005787 0.004630
0 0.244985 0.975566 0.003086 0.007716
0 0.108025 0.838477 0.003858 0.004115
0 0.133488 0.829218 0.003858 0.004115
0 0.193287 0.981739 0.003858 0.004630
0 0.176312 0.704733 0.004630 0.005144
0 0.208912 0.911523 0.003472 0.008230
0 0.108025 0.721193 0.006173 0.006173
0 0.207176 0.250257 0.003858 0.005658
0 0.129051 0.774177 0.003472 0.004115
0 0.005015 0.838477 0.006173 0.005144
0 0.081790 0.797582 0.003086 0.003601
0 0.100502 0.960905 0.003472 0.005144
0 0.139853 0.970165 0.003472 0.005144
0 0.242863 0.737397 0.003472 0.005658
0 0.059992 0.735082 0.003472 0.003086
0 0.123264 0.964506 0.003472 0.004115
0 0.011381 0.984568 0.003472 0.004115
0 0.255208 0.835648 0.005787 0.005658
0 0.045139 0.609311 0.003086 0.004630
0 0.273920 0.959877 0.003858 0.008230
0 0.021798 0.530864 0.004244 0.008230
0 0.062693 0.554270 0.004244 0.007716
0 0.044174 0.582305 0.003472 0.005144
0 0.105324 0.950103 0.003086 0.004115
0 0.010995 0.557099 0.006559 0.008230
0 0.209877 0.943673 0.003858 0.004630
0 0.033951 0.521605 0.003086 0.005144
0 0.221644 0.621142 0.008102 0.009774
0 0.110532 0.876543 0.005787 0.005144
0 0.119599 0.854424 0.003858 0.005144
0 0.213542 0.879115 0.003472 0.004115
0 0.130787 0.923868 0.003858 0.005144
0 0.107832 0.869599 0.003472 0.004630
0 0.124035 0.497428 0.006559 0.008230
0 0.098573 0.618056 0.002701 0.004630
0 0.282022 0.634002 0.003858 0.004630
0 0.188272 0.774177 0.003858 0.005144
0 0.083333 0.744599 0.003086 0.004630
0 0.099151 0.929270 0.003858 0.003601
0 0.260802 0.870885 0.004630 0.009259
0 0.086613 0.664352 0.003472 0.004630
0 0.038387 0.267490 0.004244 0.009259
0 0.003279 0.883488 0.003472 0.004630
0 0.058256 0.766204 0.003086 0.003601
0 0.055748 0.665123 0.003472 0.004115
0 0.005401 0.694702 0.003858 0.005658
0 0.117863 0.883488 0.003472 0.004630
0 0.269483 0.880144 0.003472 0.004115
0 0.232832 0.977623 0.005787 0.005658
0 0.076968 0.724023 0.003472 0.004630
0 0.121721 0.929270 0.003472 0.004630
0 0.166860 0.652263 0.005787 0.005144
0 0.080826 0.608282 0.005787 0.005658
0 0.167245 0.978138 0.003472 0.003601
0 0.069444 0.867798 0.002315 0.005144
0 0.108410 0.876543 0.003086 0.005144
0 0.065201 0.155607 0.003086 0.004630
0 0.002701 0.965278 0.003858 0.005658
0 0.245949 0.821502 0.003472 0.005144
0 0.136381 0.815844 0.003472 0.005144
0 0.507909 0.246142 0.007330 0.010802
0 0.008102 0.820216 0.004630 0.005658
0 0.026042 0.666152 0.003472 0.004115
0 0.022184 0.504630 0.003472 0.003086
0 0.023920 0.711420 0.003086 0.004115
0 0.021412 0.596451 0.003472 0.004630
0 0.294946 0.787037 0.008102 0.009259
0 0.214120 0.996142 0.003086 0.004630
0 0.020640 0.990484 0.006559 0.009774
0 0.061535 0.871399 0.003472 0.005144
0 0.199653 0.851595 0.003472 0.004630
0 0.022184 0.736883 0.004244 0.003601
0 0.026042 0.948045 0.003472 0.004115
0 0.001543 0.381944 0.002315 0.007716
0 0.152778 0.876029 0.003086 0.005144
0 0.271026 0.820730 0.003472 0.004630
0 0.221451 0.986111 0.006173 0.005144
0 0.143519 0.906121 0.003086 0.004630
0 0.002701 0.545267 0.003086 0.004115
0 0.140046 0.551183 0.004630 0.005658
0 0.068866 0.994599 0.003472 0.003601
0 0.178819 0.694959 0.004244 0.006173
0 0.170718 0.735597 0.006559 0.008230
0 0.115162 0.961163 0.002701 0.004630
0 0.132330 0.720422 0.003858 0.004630
0 0.153356 0.770319 0.004244 0.005658
0 0.069444 0.617027 0.002315 0.004630
0 0.212191 0.857253 0.003858 0.004630
0 0.006173 0.342335 0.006173 0.007716
0 0.025656 0.666409 0.003472 0.004630
0 0.212384 0.562243 0.003472 0.005144
0 0.148148 0.842335 0.003858 0.005658
0 0.133295 0.880916 0.003472 0.004630
0 0.385802 0.949846 0.007716 0.009774
0 0.156443 0.307613 0.004244 0.005144
0 0.272762 0.902006 0.006944 0.009774
0 0.138310 0.896091 0.003472 0.005144
0 0.219522 0.733282 0.003858 0.005658
0 0.144290 0.759774 0.003086 0.005144
0 0.223187 0.724023 0.001929 0.002572
0 0.040702 0.734568 0.007330 0.009259
0 0.219715 0.835905 0.003472 0.005144
0 0.120563 0.754630 0.005787 0.008230
0 0.264275 0.995885 0.003858 0.004115
0 0.072724 0.816101 0.001929 0.003601
0 0.097029 0.308385 0.005787 0.005658
0 0.248843 0.848765 0.003858 0.005144
0 0.157986 0.927212 0.004244 0.005658
0 0.235340 0.885031 0.003858 0.004630
0 0.238426 0.942130 0.003858 0.003601
0 0.243441 0.760288 0.004630 0.006173
0 0.165702 0.644547 0.004244 0.004115
0 0.031250 0.725309 0.004630 0.004115
0 0.252315 0.971451 0.003086 0.004630
0 0.117863 0.733282 0.003472 0.004630
0 0.202160 0.966049 0.003858 0.004115
0 0.113812 0.823045 0.003858 0.004115
0 0.183835 0.978138 0.003472 0.004630
0 0.005401 0.820730 0.006173 0.007716
0 0.026813 0.605710 0.002701 0.003601
0 0.028935 0.725823 0.004630 0.005144
0 0.106289 0.543467 0.005787 0.007716
0 0.102238 0.857510 0.003086 0.004115
0 0.010031 0.996914 0.003858 0.003086
0 0.218364 0.985340 0.003858 0.004630
0 0.002508 0.657665 0.004244 0.004630
0 0.070795 0.829733 0.002701 0.003086
0 0.099151 0.927984 0.003086 0.002058
0 0.209105 0.909465 0.003858 0.009259
0 0.132330 0.720936 0.003086 0.003601
0 0.010031 0.566358 0.003086 0.004115
0 0.162616 0.844650 0.005787 0.006173
0 0.167052 0.978652 0.003858 0.004630
0 0.127122 0.875514 0.003472 0.004115
0 0.146219 0.850823 0.003858 0.005144
0 0.114005 0.823560 0.003472 0.005144
0 0.034529 0.968621 0.001929 0.004115
0 0.157986 0.927212 0.004244 0.004630
0 0.178241 0.903035 0.003858 0.007716
0 0.189236 0.996656 0.004244 0.002572
0 0.164352 0.755401 0.003086 0.003601
0 0.238233 0.994084 0.003472 0.004630
0 0.155478 0.671811 0.003086 0.005144
0 0.000772 0.433385 0.001543 0.004630
0 0.034722 0.747685 0.003086 0.004630
0 0.189622 0.877572 0.003472 0.005144
0 0.065586 0.888374 0.002315 0.004115
0 0.138889 0.887088 0.003858 0.004630
0 0.003472 0.389660 0.003858 0.004630
0 0.212191 0.561986 0.003858 0.004630
0 0.240934 0.948302 0.002701 0.004630
0 0.002894 0.682613 0.003472 0.004115
0 0.001350 0.403035 0.002701 0.008745
0 0.051890 0.812757 0.003472 0.004115
0 0.006752 0.344907 0.007330 0.009774
0 0.157986 0.471451 0.004244 0.002572
0 0.002315 0.586163 0.003086 0.004630
0 0.033758 0.520833 0.003472 0.003601
0 0.059414 0.822016 0.003858 0.005144
