0 0.901235 0.277778 0.003086 0.005144
0 0.901235 0.382973 0.003086 0.004630
0 0.387924 0.022377 0.003472 0.004630
0 0.675347 0.308642 0.004244 0.006173
0 0.661073 0.306584 0.003472 0.004115
0 0.637731 0.286523 0.003858 0.005144
0 0.696181 0.494856 0.003472 0.005144
0 0.226080 0.176183 0.003858 0.004630
0 0.819252 0.383230 0.005787 0.008230
0 0.442901 0.070988 0.003858 0.005144
0 0.253086 0.264660 0.003086 0.004630
0 0.880594 0.429784 0.004244 0.008745
0 0.442323 0.174640 0.003472 0.004630
0 0.232253 0.255401 0.003858 0.004630
0 0.229167 0.225823 0.003086 0.005144
0 0.936150 0.191872 0.004244 0.005144
0 0.632330 0.406893 0.003858 0.004115
0 0.772184 0.447788 0.004244 0.007716
0 0.659722 0.486111 0.003858 0.005144
0 0.637539 0.522119 0.004244 0.005144
0 0.797647 0.226337 0.003472 0.005144
0 0.556134 0.012346 0.002701 0.003086
0 0.619985 0.414095 0.003086 0.004115
0 0.251736 0.287551 0.002701 0.004115
0 0.759452 0.536523 0.004244 0.005144
0 0.300154 0.285494 0.003086 0.004115
0 0.363233 0.205247 0.003472 0.005144
0 0.919560 0.590021 0.005787 0.006173
0 0.769869 0.366255 0.003472 0.005144
0 0.583333 0.358796 0.003858 0.004630
0 0.706211 0.223508 0.003472 0.005658
0 0.181134 0.474537 0.003472 0.004630
0 0.677083 0.294496 0.003086 0.004630
0 0.232639 0.401235 0.003086 0.005144
0 0.843171 0.484568 0.005787 0.009259
0 0.957176 0.455504 0.003086 0.005658
0 0.886767 0.397891 0.007330 0.005658
0 0.830826 0.414352 0.004244 0.004630
0 0.669367 0.193158 0.003086 0.004630
0 0.411265 0.202675 0.003086 0.005144
0 0.006366 0.484053 0.004244 0.009259
0 0.821373 0.670782 0.006173 0.005144
0 0.904514 0.617541 0.003472 0.005658
0 0.854745 0.085134 0.003472 0.004630
0 0.651042 0.275977 0.003472 0.004630
0 0.144676 0.372428 0.006173 0.008230
0 0.540509 0.266975 0.003858 0.005144
0 0.825617 0.340021 0.003858 0.005144
0 0.904707 0.225051 0.003858 0.005658
0 0.243441 0.296553 0.003858 0.005658
0 0.565972 0.269290 0.003086 0.004630
0 0.800926 0.299897 0.003086 0.005144
0 0.761188 0.211677 0.003086 0.004630
0 0.401813 0.549383 0.004244 0.004115
0 0.607060 0.456019 0.004244 0.004630
0 0.432870 0.206276 0.003086 0.004115
0 0.476659 0.032150 0.002701 0.004630
0 0.261381 0.346708 0.003472 0.005144
0 0.556713 0.338992 0.003858 0.004115
0 0.723958 0.317387 0.003472 0.004115
0 0.783758 0.622942 0.003472 0.004115
0 0.455054 0.137603 0.003472 0.003601
0 0.547454 0.263117 0.003858 0.004630
0 0.316744 0.303498 0.003858 0.005144
0 0.854938 0.335648 0.003858 0.005658
0 0.444444 0.239712 0.003086 0.005144
0 0.027006 0.024691 0.003858 0.005144
0 0.927855 0.335648 0.003858 0.005658
0 0.795332 0.316615 0.003472 0.004630
0 0.747106 0.607510 0.005787 0.006173
0 0.927662 0.183642 0.004244 0.009259
0 0.741512 0.427212 0.003858 0.004630
0 0.269290 0.330761 0.003086 0.005144
0 0.706404 0.264918 0.003858 0.005144
0 0.927855 0.222994 0.003858 0.004630
0 0.574653 0.349794 0.004244 0.005144
0 0.501736 0.214763 0.003472 0.004630
0 0.388503 0.307099 0.003858 0.005144
0 0.426698 0.037037 0.003858 0.005144
0 0.805748 0.281379 0.004244 0.004115
0 0.644290 0.460905 0.003086 0.005144
0 0.323495 0.248200 0.003472 0.004630
0 0.766204 0.271605 0.003858 0.005144
0 0.650849 0.286008 0.003858 0.005144
0 0.964120 0.099280 0.009259 0.010288
0 0.682677 0.340278 0.003472 0.003601
0 0.020448 0.067901 0.003086 0.005144
0 0.282407 0.252829 0.003086 0.004630
0 0.949074 0.476595 0.004630 0.004630
0 0.912230 0.338992 0.003472 0.005144
0 0.388503 0.208333 0.003858 0.005144
0 0.901427 0.196759 0.003472 0.004630
0 0.557292 0.027778 0.003472 0.005144
0 0.785108 0.223508 0.003086 0.004630
0 0.743441 0.398148 0.003858 0.005144
0 0.649113 0.239712 0.002701 0.004115
0 0.402585 0.183385 0.003472 0.004630
0 0.314622 0.358539 0.003472 0.005144
0 0.622299 0.494856 0.003858 0.005144
0 0.431713 0.109825 0.003086 0.004630
0 0.716049 0.462706 0.003086 0.004630
0 0.774498 0.489969 0.007330 0.010802
0 0.685378 0.512346 0.003472 0.004115
0 0.571566 0.502572 0.003472 0.005144
0 0.825039 0.549383 0.003472 0.005144
0 0.731674 0.432870 0.003472 0.004630
0 0.225309 0.242284 0.003858 0.005144
0 0.277778 0.403292 0.003086 0.005144
0 0.352431 0.218621 0.003472 0.005144
0 0.378472 0.204990 0.003086 0.003601
0 0.403549 0.536008 0.003858 0.005144
0 0.935571 0.355453 0.003858 0.005144
0 0.831019 0.066358 0.003086 0.005144
0 0.230324 0.418210 0.003858 0.005144
0 0.498650 0.564558 0.003472 0.005658
0 0.804591 0.198302 0.003472 0.004630
0 0.270640 0.180813 0.004244 0.007716
0 0.770640 0.260802 0.003472 0.005144
0 0.638310 0.299640 0.004244 0.007716
0 0.775270 0.285237 0.003472 0.004630
0 0.336420 0.300669 0.003086 0.003601
0 0.751736 0.181842 0.003472 0.005658
0 0.430748 0.088220 0.003472 0.005658
0 0.793981 0.407665 0.004630 0.008745
0 0.238619 0.316101 0.002701 0.004630
0 0.423611 0.205247 0.003858 0.005144
0 0.964892 0.251800 0.003858 0.008745
0 0.604745 0.414095 0.005787 0.006173
0 0.785301 0.023920 0.005787 0.004630
0 0.589313 0.341564 0.004244 0.005144
0 0.884645 0.364969 0.003858 0.004630
0 0.690972 0.258488 0.003086 0.004630
0 0.780093 0.338992 0.003086 0.004115
0 0.774498 0.030864 0.005787 0.009259
0 0.494213 0.120113 0.003086 0.004630
0 0.412037 0.213992 0.003086 0.003086
0 0.766782 0.231224 0.003472 0.004630
0 0.984375 0.275463 0.005787 0.007716
0 0.246721 0.340792 0.002701 0.005658
0 0.612847 0.313786 0.002701 0.004115
0 0.425347 0.254887 0.003472 0.004630
0 0.334684 0.215792 0.003472 0.005658
0 0.214892 0.274949 0.003086 0.005658
0 0.309028 0.154064 0.003086 0.003601
0 0.442708 0.032150 0.003472 0.004630
0 0.915316 0.160494 0.003472 0.005144
0 0.356674 0.109825 0.003472 0.004630
0 0.373457 0.002058 0.003086 0.004115
0 0.956983 0.390432 0.005787 0.008230
0 0.721258 0.670267 0.003472 0.004115
0 0.285108 0.277263 0.003086 0.003086
0 0.886574 0.044239 0.003858 0.006173
0 0.683256 0.362140 0.003086 0.004115
0 0.165316 0.407150 0.004244 0.004630
0 0.628472 0.105710 0.003086 0.004630
0 0.378472 0.225566 0.003086 0.004630
0 0.653356 0.399177 0.003472 0.005144
0 0.662423 0.503601 0.003858 0.004115
0 0.430170 0.222737 0.003086 0.004115
0 0.854552 0.309414 0.003086 0.005658
0 0.493248 0.111626 0.003472 0.004115
0 0.474537 0.086163 0.003086 0.004630
0 0.736111 0.178241 0.003858 0.004630
0 0.423418 0.085391 0.003472 0.004115
0 0.465471 0.136574 0.003472 0.004630
0 0.472222 0.185957 0.003086 0.004630
0 0.904128 0.306070 0.003472 0.004115
0 0.401427 0.202418 0.003472 0.004630
0 0.575231 0.402778 0.003086 0.004115
0 0.255980 0.058642 0.005787 0.006173
0 0.623264 0.023148 0.003472 0.005144
0 0.896991 0.620370 0.003858 0.008230
0 0.433642 0.027263 0.003858 0.005144
0 0.626736 0.511060 0.004244 0.004630
0 0.821566 0.139146 0.003472 0.004630
0 0.256944 0.378601 0.003858 0.004115
0 0.064429 0.024691 0.003086 0.004115
0 0.605324 0.315844 0.003086 0.005144
0 0.230517 0.306327 0.003472 0.004630
0 0.292438 0.328704 0.003858 0.005144
0 0.115162 0.388889 0.003472 0.004115
0 0.612076 0.591821 0.003472 0.004630
0 0.425347 0.058128 0.002701 0.004115
0 0.092978 0.371656 0.003858 0.005658
0 0.453318 0.119856 0.003858 0.006173
0 0.705247 0.416152 0.003858 0.005144
0 0.795139 0.282922 0.003086 0.004115
0 0.032407 0.158951 0.003086 0.005144
0 0.548225 0.110597 0.003086 0.004115
0 0.691937 0.321759 0.003472 0.004630
0 0.850502 0.321502 0.003472 0.005144
0 0.611690 0.627829 0.003472 0.004630
0 0.814429 0.498971 0.004630 0.006173
0 0.541667 0.339763 0.002315 0.003601
0 0.238619 0.348765 0.004244 0.004115
0 0.383488 0.153035 0.003086 0.004630
0 0.997106 0.264403 0.004244 0.006173
0 0.852045 0.277006 0.003472 0.004630
0 0.669367 0.336163 0.003086 0.004630
0 0.395833 0.060185 0.003858 0.004115
0 0.070602 0.310442 0.003858 0.004630
0 0.172261 0.382202 0.005787 0.010288
0 0.823302 0.238426 0.003086 0.004630
0 0.568480 0.005916 0.003472 0.005658
0 0.325424 0.034465 0.003472 0.004115
0 0.552276 0.244599 0.003472 0.007716
0 0.571566 0.385288 0.003472 0.003086
0 0.581404 0.396091 0.003086 0.005144
0 0.582176 0.090535 0.003086 0.004115
0 0.803627 0.317130 0.003086 0.005658
0 0.747685 0.375772 0.003086 0.004630
0 0.629823 0.302984 0.003472 0.004115
0 0.466628 0.204475 0.003472 0.004630
0 0.550154 0.090535 0.002315 0.004115
0 0.324267 0.435700 0.003472 0.005144
0 0.885417 0.582819 0.004630 0.006173
0 0.444252 0.096451 0.003472 0.004630
0 0.439815 0.284722 0.003086 0.003601
0 0.506559 0.048354 0.003086 0.005144
0 0.248071 0.368570 0.003086 0.004630
0 0.717978 0.496914 0.003086 0.005144
0 0.573495 0.203447 0.004244 0.007716
0 0.879823 0.307870 0.003472 0.004630
0 0.283951 0.306070 0.003086 0.004115
0 0.292824 0.108539 0.003086 0.004115
0 0.660494 0.372171 0.004630 0.005658
0 0.524884 0.090792 0.003472 0.005658
0 0.387153 0.253344 0.003472 0.004630
0 0.821952 0.605967 0.003472 0.004115
0 0.369792 0.018776 0.003472 0.004630
0 0.129051 0.403292 0.004244 0.006173
0 0.448110 0.209362 0.002701 0.004115
0 0.542245 0.006173 0.002701 0.004115
0 0.902778 0.355967 0.003858 0.005144
0 0.539545 0.488426 0.003472 0.002572
0 0.428434 0.170267 0.003472 0.004115
0 0.682292 0.429270 0.008102 0.008745
0 0.787616 0.240484 0.003472 0.004630
0 0.852238 0.602109 0.003858 0.004630
0 0.697145 0.333591 0.003858 0.004630
0 0.783951 0.193930 0.003086 0.004115
0 0.653164 0.189043 0.004630 0.007716
0 0.241512 0.194959 0.003086 0.004115
0 0.755208 0.555298 0.003472 0.004630
0 0.806327 0.585648 0.006173 0.007716
0 0.479552 0.248714 0.003858 0.005658
0 0.393904 0.081019 0.003858 0.004630
0 0.444444 0.218364 0.003858 0.005658
0 0.642940 0.246142 0.002701 0.004630
0 0.076968 0.057870 0.003472 0.004630
0 0.355324 0.137088 0.003086 0.007716
0 0.732060 0.256944 0.005787 0.008745
0 0.545139 0.200617 0.003086 0.004115
0 0.795332 0.047325 0.003472 0.004115
0 0.574267 0.452160 0.003472 0.005144
0 0.318866 0.259774 0.003472 0.004115
0 0.474730 0.211934 0.003472 0.004115
0 0.679977 0.323045 0.003472 0.004115
0 0.260610 0.273405 0.003472 0.004630
0 0.543981 0.279835 0.003086 0.004115
0 0.196759 0.263117 0.003086 0.004630
0 0.877701 0.354424 0.003858 0.005144
0 0.564622 0.241512 0.003472 0.004630
0 0.403549 0.273148 0.003086 0.005144
0 0.571373 0.117027 0.003858 0.007716
0 0.809606 0.217078 0.003472 0.005144
0 0.842014 0.024691 0.006559 0.009259
0 0.701389 0.324331 0.002315 0.003601
0 0.641782 0.418467 0.003472 0.004630
0 0.412423 0.162037 0.003086 0.004115
0 0.786265 0.067130 0.006173 0.007716
0 0.510802 0.509002 0.003086 0.004630
0 0.627122 0.522377 0.002701 0.003601
0 0.450617 0.165638 0.003858 0.005144
0 0.490548 0.043467 0.002701 0.004630
0 0.959877 0.409465 0.003086 0.005144
0 0.328897 0.273663 0.003472 0.004115
0 0.814622 0.185957 0.002701 0.004630
0 0.694637 0.035751 0.003472 0.004630
0 0.317515 0.282665 0.003858 0.004630
0 0.467014 0.112654 0.003472 0.004115
0 0.767940 0.168467 0.003472 0.004630
0 0.815972 0.337449 0.003858 0.005144
0 0.097608 0.454733 0.003858 0.008230
0 0.799769 0.140175 0.003086 0.003601
0 0.723187 0.392747 0.003472 0.003601
0 0.206404 0.185957 0.003858 0.004630
0 0.748264 0.170010 0.004244 0.004630
0 0.576196 0.412294 0.003472 0.004630
0 0.586613 0.070730 0.003472 0.004630
0 0.273534 0.211677 0.003858 0.004630
0 0.459877 0.183128 0.004630 0.005144
0 0.631752 0.237912 0.004244 0.004630
0 0.380015 0.264146 0.003086 0.004630
0 0.844907 0.212191 0.006173 0.007716
0 0.237654 0.049126 0.003858 0.005658
0 0.753858 0.366770 0.003086 0.005144
0 0.702353 0.390947 0.003472 0.004115
0 0.618248 0.387603 0.003472 0.004630
0 0.415702 0.141975 0.003472 0.004115
0 0.501157 0.122171 0.003086 0.005658
0 0.139660 0.328704 0.003086 0.004115
0 0.581790 0.022377 0.004630 0.008745
0 0.621721 0.405093 0.003472 0.004630
0 0.823495 0.311214 0.004244 0.005144
0 0.559992 0.183385 0.003472 0.004630
0 0.497106 0.090535 0.002701 0.003086
0 0.415895 0.005916 0.001543 0.003601
0 0.825231 0.602366 0.003858 0.003086
0 0.855324 0.188529 0.002315 0.004630
0 0.576196 0.381430 0.002701 0.003601
0 0.712191 0.527778 0.003858 0.005144
0 0.794753 0.023148 0.003858 0.004115
0 0.918981 0.477366 0.003086 0.004115
0 0.713156 0.317644 0.003472 0.003601
0 0.511574 0.120113 0.003086 0.003601
0 0.902392 0.395576 0.003858 0.005144
0 0.497492 0.035494 0.003472 0.004115
0 0.537037 0.023920 0.003858 0.004630
0 0.536265 0.438272 0.003858 0.005144
0 0.742091 0.452160 0.003472 0.005144
0 0.173225 0.328189 0.003858 0.005144
0 0.401235 0.042181 0.003086 0.004115
0 0.592978 0.443158 0.003086 0.004630
0 0.878472 0.201132 0.003086 0.004115
0 0.723187 0.108282 0.003472 0.003601
0 0.727431 0.180813 0.003472 0.004630
0 0.338349 0.412037 0.004630 0.008230
0 0.383681 0.329218 0.003472 0.004115
0 0.570409 0.465278 0.003472 0.004630
0 0.638310 0.223765 0.004244 0.006173
0 0.546489 0.223765 0.006559 0.009259
0 0.389275 0.109568 0.003086 0.004115
0 0.306134 0.045010 0.003472 0.004630
0 0.690779 0.286780 0.002701 0.003601
0 0.510031 0.321502 0.003858 0.004115
0 0.867863 0.277778 0.003472 0.005144
0 0.603974 0.293467 0.003472 0.003601
0 0.555748 0.262860 0.003472 0.005144
0 0.403742 0.162294 0.003472 0.004630
0 0.013310 0.141718 0.006559 0.008745
0 0.888503 0.343107 0.004630 0.006173
0 0.378858 0.006944 0.003858 0.004630
0 0.743441 0.034208 0.003858 0.004630
0 0.886381 0.315844 0.004244 0.008230
0 0.683063 0.189815 0.003472 0.004115
0 0.546296 0.474794 0.003086 0.004115
0 0.612847 0.023148 0.003472 0.004115
0 0.588735 0.220679 0.003086 0.005144
0 0.032215 0.460391 0.003472 0.005144
0 0.238426 0.071759 0.004630 0.007716
0 0.671875 0.556842 0.003472 0.004630
0 0.621142 0.054270 0.003086 0.004630
0 0.168403 0.199331 0.003472 0.004630
0 0.412423 0.276749 0.003086 0.004115
0 0.934221 0.490484 0.006559 0.007716
0 0.902971 0.256687 0.006559 0.008230
0 0.407022 0.240226 0.003858 0.005144
0 0.254051 0.047325 0.003472 0.003086
0 0.526620 0.069444 0.004630 0.006173
0 0.378665 0.028549 0.002701 0.003601
0 0.674961 0.527263 0.003472 0.004115
0 0.692130 0.463992 0.003086 0.004115
0 0.799383 0.191615 0.003086 0.004630
0 0.363040 0.009002 0.003858 0.004630
0 0.320602 0.273148 0.003086 0.005144
0 0.730131 0.573560 0.006559 0.005144
0 0.880015 0.190844 0.003086 0.004115
0 0.002315 0.017747 0.003858 0.004630
0 0.832562 0.290123 0.003086 0.004115
0 0.502315 0.234053 0.003086 0.004115
0 0.885802 0.297325 0.006944 0.005144
0 0.609375 0.429270 0.003472 0.005658
0 0.559799 0.317644 0.002315 0.002572
0 0.603974 0.111883 0.003472 0.003601
0 0.785108 0.165381 0.003086 0.004630
0 0.699267 0.454990 0.003472 0.005658
0 0.589699 0.244084 0.003472 0.004630
0 0.875772 0.254887 0.003858 0.005658
0 0.933256 0.318416 0.006173 0.011317
0 0.726466 0.385288 0.003086 0.004115
0 0.792438 0.040638 0.003858 0.005144
0 0.740934 0.327418 0.003472 0.004630
0 0.045718 0.017233 0.001929 0.003601
0 0.747106 0.099280 0.005787 0.006173
0 0.301890 0.271862 0.002701 0.004630
0 0.724344 0.546811 0.003472 0.005144
0 0.645062 0.345679 0.006173 0.006173
0 0.804591 0.235854 0.003472 0.004630
0 0.232639 0.141461 0.003858 0.005144
0 0.598380 0.241770 0.003086 0.004115
0 0.376543 0.048354 0.003858 0.005144
0 0.878665 0.168467 0.004244 0.004630
0 0.311728 0.345679 0.003858 0.005144
0 0.485918 0.589249 0.007330 0.007716
0 0.574074 0.070473 0.003086 0.004115
0 0.565394 0.142233 0.003472 0.004630
0 0.823110 0.350051 0.001929 0.002572
0 0.576196 0.226337 0.004244 0.006173
0 0.761188 0.247171 0.003858 0.004630
0 0.537423 0.358796 0.003858 0.004630
0 0.339699 0.273148 0.003472 0.004115
0 0.725309 0.132202 0.003086 0.005144
0 0.815972 0.255658 0.003858 0.004115
0 0.863233 0.353395 0.003472 0.005144
0 0.478781 0.020319 0.003086 0.004630
0 0.561343 0.377829 0.003086 0.004630
0 0.678241 0.467335 0.003086 0.004630
0 0.390818 0.381944 0.003086 0.004630
0 0.669753 0.323560 0.003858 0.004115
0 0.674769 0.315586 0.004630 0.005658
0 0.667052 0.378601 0.004630 0.006173
0 0.865355 0.162551 0.004630 0.004115
0 0.792631 0.186214 0.004244 0.005144
0 0.555170 0.044239 0.003858 0.005144
0 0.788580 0.274949 0.003086 0.004630
0 0.719715 0.198045 0.003472 0.005144
0 0.501157 0.024177 0.003858 0.005144
0 0.350887 0.350566 0.003472 0.004630
0 0.686150 0.047068 0.003472 0.003601
0 0.717978 0.345165 0.003858 0.005144
0 0.186535 0.350051 0.002701 0.003601
0 0.389853 0.430556 0.004244 0.005144
0 0.486690 0.007716 0.003472 0.004115
0 0.370756 0.047068 0.003086 0.004630
0 0.711998 0.391975 0.004244 0.008230
0 0.375000 0.087449 0.003858 0.005144
0 0.160687 0.237654 0.004244 0.005144
0 0.760802 0.231996 0.003086 0.005144
0 0.428241 0.075617 0.002315 0.004115
0 0.731289 0.199331 0.002701 0.002572
0 0.918210 0.283179 0.003086 0.004630
0 0.729938 0.604424 0.006173 0.006173
0 0.652778 0.318416 0.003086 0.005144
0 0.433256 0.079475 0.003086 0.003601
0 0.750965 0.261317 0.003472 0.005144
0 0.730517 0.549126 0.003472 0.004630
0 0.634452 0.320988 0.004244 0.005144
0 0.778935 0.208591 0.003858 0.004630
0 0.739583 0.355453 0.004630 0.008230
0 0.739198 0.468879 0.003858 0.005658
0 0.363812 0.087449 0.003858 0.005144
0 0.940201 0.271348 0.003858 0.007716
0 0.809414 0.576646 0.004630 0.008230
0 0.467207 0.048354 0.003086 0.004115
0 0.076968 0.002058 0.003472 0.004115
0 0.354360 0.239455 0.002701 0.004630
0 0.832562 0.442644 0.006944 0.008745
0 0.549769 0.277263 0.003086 0.004115
0 0.429977 0.326132 0.003472 0.005144
0 0.250579 0.108539 0.005787 0.008230
0 0.381366 0.066101 0.003472 0.003601
0 0.858603 0.293210 0.003472 0.005144
0 0.558449 0.219650 0.003472 0.006173
0 0.653164 0.102881 0.003858 0.005144
0 0.627315 0.352366 0.003858 0.008230
0 0.843171 0.015947 0.005787 0.008230
0 0.673997 0.360854 0.003858 0.004630
0 0.751543 0.128086 0.003086 0.004115
0 0.398920 0.229681 0.003086 0.004630
0 0.237654 0.176440 0.003086 0.004115
0 0.424576 0.067387 0.003472 0.004115
0 0.808063 0.391204 0.005787 0.004630
0 0.620177 0.305041 0.004244 0.004115
0 0.802469 0.126543 0.003086 0.004115
0 0.565972 0.202675 0.003858 0.004115
0 0.795525 0.085134 0.003086 0.004630
0 0.800540 0.551698 0.003858 0.004630
0 0.255980 0.228138 0.002701 0.004630
0 0.255980 0.026235 0.006559 0.009259
0 0.187114 0.356996 0.003086 0.005144
0 0.478588 0.388374 0.003472 0.004115
0 0.053627 0.012603 0.003086 0.002572
0 0.549769 0.344650 0.003086 0.005144
0 0.668017 0.275206 0.004244 0.006173
0 0.752122 0.231739 0.003472 0.004630
0 0.327546 0.129372 0.003086 0.003601
0 0.390432 0.177984 0.003858 0.004115
0 0.587577 0.211420 0.003086 0.004115
0 0.567130 0.036523 0.003086 0.004115
0 0.837577 0.044496 0.006944 0.009774
0 0.544174 0.064815 0.003472 0.004115
0 0.290702 0.240484 0.003472 0.004630
0 0.343943 0.379630 0.003472 0.005144
0 0.463349 0.231996 0.003086 0.004115
0 0.588349 0.296553 0.004630 0.008745
0 0.581983 0.047840 0.005787 0.006173
0 0.559992 0.287037 0.003472 0.004115
0 0.712770 0.396605 0.006559 0.006173
0 0.370756 0.057099 0.003858 0.004115
0 0.915123 0.391975 0.003858 0.005144
0 0.607832 0.074588 0.002701 0.004115
0 0.521412 0.016204 0.003472 0.004630
0 0.354938 0.395062 0.003858 0.005144
0 0.814429 0.331790 0.003858 0.005144
0 0.027006 0.177212 0.003086 0.004630
0 0.349151 0.268776 0.003086 0.004630
0 0.372878 0.377829 0.004244 0.003601
0 0.291088 0.368313 0.002701 0.003086
0 0.717785 0.603652 0.003472 0.004630
0 0.784529 0.043724 0.003472 0.005144
0 0.851273 0.168210 0.003472 0.004115
0 0.472608 0.325617 0.003858 0.005144
0 0.912616 0.132973 0.005787 0.004630
0 0.416088 0.168467 0.003472 0.004630
0 0.659336 0.099537 0.003086 0.003601
0 0.706790 0.046811 0.007716 0.010288
0 0.897955 0.288837 0.004244 0.005658
0 0.394290 0.004115 0.003086 0.004115
0 0.675926 0.366512 0.002315 0.004630
0 0.530478 0.325617 0.003086 0.005144
0 0.246335 0.118313 0.005787 0.006173
0 0.277971 0.273920 0.003472 0.004630
0 0.421296 0.220936 0.003086 0.004630
0 0.443287 0.402521 0.003086 0.004630
0 0.209298 0.374486 0.004244 0.005144
0 0.660880 0.092850 0.003086 0.004630
0 0.511574 0.211163 0.004630 0.005658
0 0.618634 0.147891 0.003472 0.004630
0 0.590278 0.270576 0.003858 0.005144
0 0.612847 0.187757 0.003472 0.005144
0 0.748264 0.107767 0.003472 0.004630
0 0.236690 0.361626 0.003472 0.003086
0 0.623264 0.245628 0.003472 0.008745
0 0.352816 0.230453 0.003472 0.004115
0 0.377508 0.288323 0.003472 0.004630
0 0.614583 0.046811 0.003858 0.005144
0 0.429205 0.269290 0.003472 0.004630
0 0.803048 0.328961 0.002701 0.003601
0 0.937693 0.131430 0.003472 0.004630
0 0.358025 0.294496 0.003086 0.004630
0 0.325810 0.335905 0.003472 0.005144
0 0.318480 0.326132 0.003472 0.004115
0 0.902199 0.004630 0.008102 0.009259
0 0.383295 0.077932 0.003472 0.004630
0 0.256173 0.211163 0.001543 0.002572
0 0.625772 0.465278 0.006944 0.009774
0 0.911844 0.386060 0.004244 0.005658
0 0.603395 0.133488 0.003858 0.004630
0 0.640432 0.371142 0.006944 0.010802
0 0.448688 0.152778 0.003086 0.004115
0 0.498071 0.241770 0.003086 0.004115
0 0.162037 0.146862 0.006173 0.005658
0 0.921875 0.378086 0.004244 0.005144
0 0.500193 0.079218 0.003472 0.004115
0 0.725694 0.410494 0.004630 0.006173
0 0.259259 0.089506 0.006944 0.011317
0 0.607446 0.215278 0.003472 0.008745
0 0.377122 0.323560 0.004244 0.005144
0 0.759838 0.074331 0.002701 0.004630
0 0.369213 0.342850 0.002315 0.003601
0 0.988812 0.489969 0.003858 0.004630
0 0.705826 0.529064 0.007330 0.009774
0 0.888696 0.079218 0.004244 0.009259
0 0.349730 0.068416 0.002701 0.004115
0 0.424576 0.050926 0.002701 0.004115
0 0.641975 0.593879 0.003858 0.004630
0 0.411651 0.227881 0.003858 0.004115
0 0.401235 0.267233 0.003086 0.004630
0 0.337577 0.132202 0.001543 0.005144
0 0.348187 0.101337 0.002701 0.005144
0 0.861497 0.169239 0.003086 0.005144
0 0.191937 0.437500 0.003472 0.004630
0 0.530285 0.026492 0.002701 0.004630
0 0.522762 0.197531 0.004630 0.009259
0 0.252894 0.039866 0.002701 0.001543
0 0.775270 0.187243 0.004244 0.006173
0 0.412423 0.489198 0.002315 0.004115
0 0.432485 0.131430 0.002315 0.004630
0 0.849537 0.289095 0.003858 0.004115
0 0.225887 0.380144 0.003472 0.004115
0 0.567323 0.021348 0.004244 0.005658
0 0.724730 0.370113 0.005787 0.008745
0 0.397184 0.159208 0.003472 0.004630
0 0.524884 0.105967 0.002701 0.004115
0 0.583719 0.455504 0.003858 0.003601
0 0.246914 0.214506 0.003858 0.003086
0 0.627315 0.192130 0.003858 0.005658
0 0.813657 0.577418 0.003858 0.005658
0 0.468171 0.241512 0.002701 0.004630
0 0.678434 0.328704 0.002701 0.004115
0 0.339506 0.333076 0.003858 0.004630
0 0.619792 0.045782 0.006559 0.009259
0 0.448881 0.254887 0.004244 0.004630
0 0.367477 0.324588 0.002701 0.005144
0 0.431906 0.051183 0.004244 0.007716
0 0.635802 0.129630 0.006173 0.008230
0 0.960648 0.387860 0.004630 0.005144
0 0.513696 0.007202 0.004244 0.010288
0 0.591435 0.236883 0.003858 0.004630
0 0.453511 0.268776 0.003472 0.004630
0 0.578897 0.191358 0.003472 0.004115
0 0.423997 0.136831 0.003858 0.006173
0 0.867670 0.586420 0.003858 0.009259
0 0.522377 0.316101 0.003086 0.003601
0 0.710841 0.049383 0.005787 0.008230
0 0.590085 0.103652 0.004244 0.005658
0 0.500193 0.182613 0.003472 0.005144
0 0.362847 0.162037 0.002701 0.004115
0 0.038773 0.046296 0.003472 0.004115
0 0.701196 0.445730 0.002701 0.004630
0 0.764468 0.530350 0.003472 0.004115
0 0.953125 0.460134 0.003472 0.004630
0 0.496914 0.263117 0.003858 0.007716
0 0.630208 0.129630 0.006559 0.005144
0 0.717207 0.136574 0.003086 0.004630
0 0.537616 0.154578 0.005787 0.007716
0 0.636960 0.103652 0.003086 0.004630
0 0.664159 0.016975 0.003472 0.004115
0 0.909529 0.048611 0.003472 0.004630
0 0.255787 0.312500 0.003086 0.004630
0 0.254630 0.085391 0.007716 0.008230
0 0.764660 0.495113 0.004630 0.004630
0 0.324846 0.058128 0.003086 0.005144
0 0.652006 0.061728 0.002315 0.004115
0 0.390625 0.129887 0.003472 0.005658
0 0.634259 0.140947 0.003858 0.004115
0 0.607832 0.220679 0.003472 0.006173
0 0.877508 0.103138 0.004244 0.007716
0 0.527971 0.053241 0.003472 0.004630
0 0.510031 0.088735 0.003086 0.003601
0 0.685571 0.301440 0.006944 0.008230
0 0.688079 0.338992 0.004244 0.004115
0 0.358025 0.334105 0.003086 0.005658
0 0.478009 0.251029 0.004630 0.006173
0 0.354745 0.066101 0.003472 0.004630
0 0.661458 0.105195 0.003472 0.004630
0 0.456790 0.172325 0.003858 0.004115
0 0.527006 0.192130 0.003858 0.004630
0 0.336613 0.150206 0.002701 0.004115
0 0.665316 0.101337 0.003472 0.005144
0 0.475502 0.139660 0.006559 0.005658
0 0.514082 0.275977 0.005787 0.009774
0 0.541860 0.158179 0.004244 0.004630
0 0.241512 0.342593 0.003086 0.005144
0 0.442130 0.215535 0.003858 0.005144
0 0.911651 0.073560 0.006944 0.009259
0 0.626543 0.262860 0.004630 0.005144
0 0.874807 0.221965 0.004244 0.007716
0 0.477045 0.098765 0.002701 0.003086
0 0.724537 0.076132 0.003086 0.004115
0 0.432292 0.032922 0.003472 0.004115
0 0.585648 0.299383 0.003858 0.005144
0 0.589506 0.154321 0.003086 0.004115
0 0.810571 0.573045 0.004630 0.006173
0 0.734375 0.305813 0.003472 0.003601
0 0.371721 0.237912 0.002701 0.003601
0 0.252315 0.006944 0.004630 0.009774
0 0.521991 0.210648 0.002315 0.003601
0 0.886381 0.147891 0.004244 0.005658
0 0.709105 0.768776 0.004630 0.007716
0 0.674383 0.129887 0.004630 0.004630
0 0.336420 0.281121 0.003086 0.003601
0 0.685957 0.563786 0.006173 0.008230
0 0.316358 0.385288 0.003858 0.005144
0 0.242284 0.130658 0.004630 0.006173
