0 0.709491 0.975309 0.003086 0.005144
0 0.853974 0.889660 0.003472 0.004630
0 0.815779 0.897891 0.003472 0.004630
0 0.673997 0.976337 0.003858 0.004115
0 0.805363 0.828961 0.004244 0.005658
0 0.785880 0.976852 0.003858 0.004115
0 0.784336 0.942387 0.003858 0.004115
0 0.852816 0.818930 0.003472 0.004115
0 0.691358 0.971708 0.003086 0.005144
0 0.721065 0.971451 0.003086 0.004630
0 0.851659 0.802469 0.004244 0.004115
0 0.824074 0.882459 0.003858 0.005658
0 0.569444 0.864198 0.004630 0.005144
0 0.684028 0.943930 0.003086 0.005144
0 0.589892 0.874743 0.003086 0.004630
0 0.736111 0.966049 0.003858 0.004115
0 0.959298 0.993570 0.005787 0.007716
0 0.847222 0.862654 0.003086 0.004115
0 0.857832 0.963992 0.003472 0.005144
0 0.440008 0.837449 0.003472 0.004115
0 0.660494 0.891975 0.003086 0.004115
0 0.879823 0.888117 0.003472 0.004630
0 0.495370 0.707819 0.003858 0.005144
0 0.635031 0.939043 0.003858 0.004630
0 0.611690 0.978909 0.003472 0.004115
0 0.543981 0.695730 0.003858 0.004630
0 0.596451 0.924640 0.003086 0.004630
0 0.803048 0.921811 0.003472 0.005144
0 0.567323 0.939815 0.003472 0.005144
0 0.669174 0.950617 0.003472 0.005144
0 0.601659 0.902778 0.002701 0.004115
0 0.668017 0.985597 0.003472 0.004115
0 0.783565 0.896862 0.003858 0.004630
0 0.699267 0.945473 0.002701 0.004115
0 0.764660 0.945988 0.003086 0.004115
0 0.427276 0.666924 0.005787 0.007716
0 0.755787 0.841049 0.003086 0.005144
0 0.944830 0.867284 0.003086 0.003086
0 0.735532 0.796039 0.004244 0.003601
0 0.860725 0.874486 0.003086 0.004115
0 0.891590 0.493056 0.003858 0.004630
0 0.656829 0.985854 0.003472 0.003601
0 0.797454 0.697016 0.003858 0.008230
0 0.859568 0.930813 0.003858 0.004630
0 0.783951 0.937243 0.003086 0.005144
0 0.647377 0.892747 0.003086 0.004630
0 0.551312 0.862140 0.003086 0.004115
0 0.620756 0.991512 0.003858 0.004630
0 0.734954 0.988940 0.003858 0.004630
0 0.836034 0.915123 0.003086 0.004115
0 0.890625 0.841564 0.003472 0.005144
0 0.586227 0.984825 0.003472 0.003601
0 0.890046 0.462449 0.004630 0.005144
0 0.892940 0.459105 0.005015 0.006687
0 0.472415 0.907407 0.005015 0.005144
0 0.471451 0.913066 0.004630 0.006173
0 0.813868 0.795587 0.003556 0.005470
0 0.818107 0.798322 0.003829 0.007294
0 0.553884 0.867068 0.003282 0.005470
0 0.735777 0.940554 0.004376 0.005106
0 0.737965 0.946025 0.004376 0.006565
0 0.760257 0.989241 0.004650 0.005470
0 0.764497 0.992524 0.004376 0.005470
0 0.850383 0.965718 0.003829 0.005106
0 0.590263 0.991977 0.003829 0.004376
0 0.594776 0.991247 0.003556 0.005106
