0 0.052094 0.152422 0.006129 0.006532
0 0.273493 0.620849 0.007661 0.008165
0 0.462717 0.483669 0.006129 0.008165
0 0.052605 0.120305 0.006129 0.006532
0 0.121808 0.693250 0.007661 0.008165
0 0.106997 0.682635 0.007661 0.008710
0 0.507661 0.432771 0.006129 0.006532
0 0.062819 0.178280 0.006129 0.005988
0 0.425434 0.528307 0.006129 0.008165
0 0.602656 0.216658 0.006129 0.006532
0 0.318182 0.459989 0.006129 0.006532
0 0.545965 0.425150 0.006129 0.006532
0 0.257406 0.621666 0.008172 0.008710
0 0.321502 0.691617 0.007661 0.009254
0 0.422880 0.884867 0.008172 0.009254
0 0.004852 0.550898 0.009704 0.020686
0 0.567671 0.292597 0.005618 0.005988
0 0.006639 0.608329 0.012257 0.022319
0 0.433095 0.901470 0.008172 0.009799
0 0.582482 0.223734 0.005618 0.006532
0 0.521706 0.405008 0.005618 0.006532
0 0.692543 0.172836 0.006129 0.008165
0 0.037283 0.089820 0.006129 0.006532
0 0.645046 0.125476 0.006129 0.005988
0 0.287538 0.583288 0.006129 0.008165
0 0.659346 0.161132 0.006129 0.006532
0 0.427988 0.319543 0.008172 0.008710
0 0.419561 0.478498 0.007661 0.006532
0 0.479060 0.483669 0.006129 0.005988
0 0.365679 0.482580 0.006129 0.008165
0 0.288560 0.760207 0.008172 0.008165
0 0.348570 0.514698 0.007661 0.008165
0 0.294944 0.638813 0.008682 0.010343
0 0.314096 0.770278 0.008172 0.008710
0 0.752298 0.142079 0.006129 0.006532
0 0.316394 0.715569 0.008682 0.010343
0 0.062053 0.524496 0.007661 0.008165
0 0.420327 0.341317 0.008172 0.006532
0 0.461185 0.924605 0.008172 0.010343
0 0.037794 0.719652 0.008172 0.008710
0 0.679009 0.423244 0.007661 0.008165
0 0.719101 0.201415 0.006129 0.006532
0 0.413943 0.855471 0.007661 0.009254
0 0.533963 0.287425 0.005618 0.006532
0 0.457354 0.115950 0.005618 0.006532
0 0.712462 0.019597 0.006129 0.006532
0 0.025536 0.299129 0.006129 0.008165
0 0.675434 0.265378 0.005618 0.005988
0 0.297242 0.562602 0.006129 0.008165
0 0.579928 0.431138 0.005618 0.006532
0 0.386874 0.531029 0.007661 0.008165
0 0.621553 0.427327 0.006129 0.006532
0 0.761747 0.167665 0.005618 0.006532
0 0.893514 0.384594 0.007661 0.008165
0 0.095250 0.927872 0.008682 0.010343
0 0.880235 0.361187 0.007661 0.008165
0 0.361083 0.945836 0.008172 0.010343
0 0.889173 0.938759 0.011236 0.013609
0 0.544944 0.061513 0.006129 0.006532
0 0.048519 0.341045 0.006129 0.008165
0 0.695608 0.451551 0.006129 0.008165
0 0.745148 0.277082 0.006129 0.006532
0 0.415986 0.669026 0.008682 0.008710
0 0.591164 0.066413 0.007661 0.006532
0 0.022983 0.844311 0.011236 0.010887
0 0.581716 0.157594 0.006129 0.008165
0 0.466547 0.644257 0.007661 0.008165
0 0.543156 0.838868 0.012768 0.011976
0 0.076353 0.651878 0.007661 0.008165
0 0.005363 0.443930 0.010725 0.022319
0 0.421859 0.330158 0.009193 0.010343
0 0.979316 0.202776 0.007661 0.008165
0 0.747702 0.037833 0.006129 0.008165
0 0.506129 0.873707 0.008172 0.009799
0 0.280644 0.887044 0.007661 0.008165
0 0.170072 0.913446 0.008172 0.009799
0 0.824821 0.841317 0.008172 0.010343
0 0.915220 0.949102 0.009193 0.012520
0 0.778856 0.413174 0.006129 0.006532
0 0.826098 0.346489 0.009704 0.008165
0 0.421093 0.320904 0.007661 0.004899
0 0.416752 0.325531 0.005107 0.008710
0 0.416752 0.334241 0.005107 0.006532
0 0.424413 0.338323 0.009193 0.010343
0 0.289837 0.362003 0.007661 0.006532
0 0.277068 0.427599 0.007661 0.008165
0 0.160623 0.348122 0.007661 0.008165
0 0.720123 0.096081 0.006129 0.008165
0 0.369510 0.038650 0.007661 0.006532
0 0.455822 0.227273 0.005618 0.005988
0 0.452247 0.162221 0.007661 0.006532
0 0.693054 0.150789 0.005107 0.006532
0 0.267109 0.680185 0.006129 0.008165
0 0.332227 0.655144 0.007661 0.008165
0 0.384065 0.721557 0.006129 0.008165
0 0.428754 0.569407 0.007661 0.008710
0 0.061542 0.763745 0.008682 0.008710
0 0.671859 0.690528 0.007661 0.009254
0 0.769408 0.673381 0.007661 0.008710
0 0.742339 0.578389 0.007661 0.008165
0 0.979571 0.659771 0.008172 0.009799
0 0.643258 0.337507 0.005618 0.005444
0 0.637130 0.337235 0.005618 0.004899
0 0.054903 0.214208 0.004597 0.005988
0 0.444842 0.047088 0.005107 0.003811
0 0.441267 0.052531 0.003064 0.004899
0 0.444331 0.086554 0.004086 0.005444
0 0.437692 0.087915 0.005107 0.005988
0 0.506129 0.093903 0.005107 0.002722
0 0.512768 0.098530 0.006129 0.006532
0 0.507661 0.101796 0.004086 0.006532
0 0.517620 0.206587 0.004597 0.005988
0 0.511491 0.209853 0.004597 0.005988
0 0.291113 0.066957 0.008172 0.004355
0 0.293412 0.074034 0.007661 0.006532
0 0.284219 0.073489 0.005618 0.006532
0 0.283453 0.066685 0.006129 0.004899
0 0.444842 0.004083 0.004086 0.004899
0 0.451226 0.003811 0.005618 0.005444
0 0.450970 0.010343 0.006129 0.006532
0 0.445352 0.010071 0.004086 0.005988
0 0.047753 0.218291 0.003575 0.006532
0 0.009448 0.274905 0.007661 0.006532
0 0.699183 0.148612 0.006129 0.008710
0 0.668795 0.022863 0.004597 0.006532
0 0.669561 0.029396 0.005107 0.006532
0 0.663687 0.026946 0.003575 0.004899
0 0.633810 0.218019 0.006129 0.005988
0 0.636874 0.224007 0.005107 0.004899
0 0.631256 0.159227 0.004086 0.005988
0 0.636874 0.162221 0.005107 0.006532
0 0.615679 0.284431 0.004597 0.005988
0 0.609295 0.287153 0.004086 0.005988
0 0.847293 0.264562 0.005107 0.006532
0 0.841675 0.268645 0.004086 0.005988
0 0.930031 0.215024 0.005107 0.004355
0 0.933861 0.220196 0.007661 0.005988
0 0.544433 0.348122 0.006129 0.004899
0 0.540092 0.354382 0.005618 0.004355
0 0.578652 0.351932 0.008172 0.004899
0 0.579162 0.359009 0.005107 0.005988
0 0.634065 0.343767 0.005618 0.005988
0 0.640449 0.343767 0.003064 0.005988
0 0.463483 0.384867 0.004597 0.005444
0 0.469101 0.389494 0.005618 0.008165
0 0.451736 0.403375 0.004597 0.006532
0 0.445863 0.404192 0.006129 0.005988
0 0.444842 0.436854 0.006129 0.004899
0 0.609551 0.399292 0.007661 0.004899
0 0.607252 0.405553 0.006129 0.005444
0 0.437436 0.498095 0.005618 0.006532
0 0.444076 0.500817 0.004597 0.006532
0 0.447140 0.442297 0.007661 0.005988
0 0.241062 0.477137 0.006129 0.008165
0 0.234423 0.479042 0.004086 0.006532
0 0.312053 0.485302 0.006129 0.008165
0 0.305924 0.489113 0.003064 0.005988
