0 0.502289 0.279913 0.008647 0.009746
0 0.556205 0.292366 0.008647 0.008663
0 0.479654 0.184353 0.009156 0.010287
0 0.484232 0.200325 0.009156 0.009746
0 0.470753 0.161343 0.009664 0.009746
0 0.488810 0.277748 0.009156 0.009746
0 0.536877 0.288847 0.008647 0.009204
0 0.508138 0.298051 0.009156 0.010287
0 0.477874 0.222523 0.010682 0.009746
0 0.574008 0.285057 0.009664 0.009204
0 0.595880 0.219004 0.008647 0.009204
0 0.593591 0.276123 0.009156 0.009746
0 0.501017 0.178127 0.009156 0.009746
0 0.479654 0.234976 0.009156 0.009746
0 0.493896 0.298322 0.011190 0.011911
0 0.454222 0.165674 0.009156 0.009746
0 0.473550 0.171630 0.009156 0.009746
0 0.529247 0.304548 0.008647 0.009204
0 0.580621 0.258257 0.008647 0.009746
0 0.593845 0.247970 0.008647 0.009746
0 0.565870 0.248511 0.009664 0.009746
0 0.545015 0.267190 0.008647 0.010287
0 0.469481 0.206280 0.009156 0.009746
0 0.467192 0.294532 0.008647 0.009746
0 0.515768 0.275853 0.009156 0.010287
0 0.506867 0.149702 0.008647 0.009204
0 0.533062 0.214672 0.008138 0.009204
0 0.579349 0.330536 0.008138 0.008121
0 0.486267 0.314023 0.008138 0.008663
0 0.429807 0.158906 0.008138 0.009204
0 0.609359 0.212507 0.008138 0.009204
0 0.440488 0.175690 0.009156 0.010287
0 0.570448 0.330265 0.007630 0.008663
0 0.535097 0.142934 0.009156 0.009746
0 0.491862 0.155116 0.009156 0.010287
0 0.473042 0.262859 0.009156 0.009204
0 0.502798 0.250406 0.008647 0.009204
0 0.625636 0.307255 0.010173 0.011370
0 0.527213 0.224147 0.009664 0.009746
0 0.522635 0.204115 0.009664 0.009746
0 0.510682 0.181646 0.009156 0.010287
0 0.603001 0.541148 0.007630 0.008121
0 0.068413 0.226042 0.009664 0.011370
0 0.565870 0.207093 0.008647 0.009204
0 0.444557 0.260693 0.009156 0.009204
0 0.608087 0.598809 0.007630 0.008663
0 0.450916 0.390904 0.007630 0.008663
0 0.593082 0.534109 0.008138 0.009204
0 0.609868 0.390904 0.008138 0.008663
0 0.542981 0.377369 0.007630 0.008663
0 0.549593 0.320790 0.007630 0.008121
0 0.443795 0.097185 0.008647 0.009204
0 0.490081 0.431511 0.007630 0.008663
0 0.432604 0.278018 0.008647 0.009204
0 0.660732 0.250947 0.008138 0.009204
0 0.130977 0.256362 0.009664 0.010287
0 0.612157 0.578506 0.007630 0.009204
0 0.354018 0.302653 0.009156 0.009746
0 0.353255 0.356253 0.009664 0.009746
0 0.293744 0.677585 0.007630 0.008121
0 0.627670 0.272604 0.009156 0.010287
0 0.048067 0.074716 0.009664 0.009746
0 0.602238 0.308338 0.012208 0.012453
0 0.564598 0.407417 0.006104 0.008121
0 0.624110 0.406605 0.008138 0.008663
0 0.557477 0.399838 0.008138 0.008121
0 0.539420 0.116676 0.008647 0.009204
0 0.640895 0.312398 0.009156 0.010828
0 0.468210 0.097455 0.008647 0.009746
0 0.069939 0.920411 0.008647 0.010828
0 0.243642 0.652951 0.009156 0.009746
0 0.331384 0.528695 0.007630 0.008121
0 0.100203 0.263671 0.010173 0.010828
0 0.151068 0.320520 0.008138 0.008663
0 0.644964 0.333785 0.009156 0.009204
0 0.304425 0.704927 0.007630 0.009746
0 0.103001 0.926909 0.008647 0.010828
0 0.346134 0.553059 0.007630 0.008121
0 0.132503 0.223606 0.009664 0.009746
0 0.107833 0.317271 0.009156 0.009746
0 0.169379 0.320249 0.008138 0.010287
0 0.038911 0.904440 0.009664 0.011370
0 0.170142 0.383054 0.007630 0.008121
0 0.023652 0.051976 0.008647 0.009746
0 0.170397 0.109637 0.006104 0.005956
0 0.590031 0.143205 0.009156 0.009204
0 0.585961 0.664862 0.006104 0.008663
0 0.415565 0.404981 0.006104 0.008663
0 0.330621 0.360043 0.009156 0.009746
0 0.293998 0.599080 0.006104 0.008121
0 0.050356 0.881159 0.010173 0.010287
0 0.355290 0.374120 0.009664 0.009746
0 0.330621 0.600162 0.008138 0.009204
0 0.038403 0.213319 0.009664 0.009746
0 0.231689 0.678397 0.009664 0.009746
0 0.122075 0.393070 0.009156 0.009746
0 0.677772 0.340823 0.008647 0.009204
0 0.467447 0.037629 0.009156 0.009204
0 0.188454 0.677856 0.007630 0.008663
0 0.041455 0.295885 0.009664 0.010287
0 0.054425 0.108284 0.010173 0.009746
0 0.024161 0.847049 0.008647 0.009204
0 0.196846 0.749323 0.008138 0.008663
0 0.429552 0.782891 0.005595 0.008663
0 0.152085 0.635896 0.009156 0.009204
0 0.204476 0.635084 0.008138 0.008663
0 0.045524 0.425014 0.009664 0.009746
0 0.555951 0.459935 0.008138 0.008121
0 0.385809 0.548998 0.007630 0.008663
0 0.576043 0.480238 0.008647 0.009746
0 0.674720 0.396589 0.008647 0.009204
0 0.419379 0.709529 0.005595 0.008121
0 0.410478 0.150785 0.009156 0.009204
0 0.007375 0.691391 0.014751 0.023822
0 0.101984 0.404710 0.012716 0.013535
0 0.510173 0.419329 0.006104 0.008121
0 0.648779 0.474553 0.008647 0.009204
0 0.303662 0.503519 0.008138 0.008663
0 0.282299 0.742014 0.009156 0.008121
0 0.415565 0.039253 0.008138 0.009204
0 0.657172 0.627504 0.008138 0.009746
0 0.010173 0.336492 0.017294 0.027612
0 0.703204 0.838387 0.008647 0.011370
0 0.715158 0.850298 0.008138 0.012453
0 0.555697 0.660531 0.007630 0.008663
0 0.219990 0.549269 0.007630 0.009204
0 0.227874 0.772063 0.009156 0.009746
0 0.416328 0.846508 0.007630 0.009204
0 0.313835 0.115051 0.009156 0.009204
0 0.126399 0.680834 0.008647 0.009204
0 0.352238 0.197888 0.009664 0.010287
0 0.509919 0.748511 0.008647 0.009204
0 0.752543 0.731727 0.008647 0.011370
0 0.418616 0.481321 0.008138 0.008663
0 0.074517 0.471846 0.009664 0.010287
0 0.351475 0.132106 0.009156 0.009746
0 0.508647 0.844613 0.008138 0.009746
0 0.017803 0.529507 0.009156 0.009746
0 0.438708 0.843801 0.007630 0.009204
0 0.454985 0.916892 0.007630 0.010287
0 0.434130 0.367894 0.010682 0.012453
0 0.722024 0.371413 0.008647 0.009746
0 0.740336 0.797509 0.007630 0.011911
0 0.753306 0.756362 0.009156 0.010828
0 0.394456 0.617488 0.007630 0.008121
0 0.361139 0.782350 0.008138 0.008663
0 0.158952 0.833243 0.007630 0.009746
0 0.342065 0.963184 0.007630 0.011911
0 0.605799 0.922577 0.008138 0.011911
0 0.539166 0.899567 0.008138 0.011370
0 0.771109 0.916080 0.010173 0.014077
0 0.232197 0.332431 0.009664 0.009746
0 0.286368 0.392799 0.010173 0.009204
0 0.171668 0.462913 0.008647 0.009746
0 0.689471 0.642934 0.008647 0.011370
0 0.682350 0.645100 0.004578 0.009204
0 0.606307 0.567407 0.009156 0.008663
0 0.598932 0.569572 0.005595 0.008663
0 0.136572 0.753655 0.008647 0.009746
0 0.129451 0.755008 0.004578 0.009204
0 0.362411 0.282079 0.009664 0.006497
0 0.362665 0.291283 0.011190 0.009746
0 0.586979 0.336492 0.006104 0.008121
0 0.606053 0.291554 0.005595 0.009204
0 0.613683 0.287764 0.007630 0.009204
0 0.647253 0.242826 0.008647 0.005956
0 0.649797 0.250947 0.008647 0.008121
0 0.606053 0.261234 0.009664 0.008121
0 0.609105 0.269626 0.009664 0.008663
0 0.565361 0.272604 0.008647 0.008121
0 0.564090 0.262859 0.006104 0.008121
0 0.555697 0.262588 0.005595 0.009746
0 0.498728 0.211153 0.007630 0.008663
0 0.506612 0.217921 0.008138 0.009204
0 0.549593 0.180834 0.005595 0.006497
0 0.557731 0.182999 0.005595 0.004331
0 0.562309 0.193828 0.008647 0.009746
0 0.600966 0.192204 0.007630 0.005414
0 0.603764 0.200054 0.008138 0.008121
0 0.586216 0.175149 0.008647 0.009204
0 0.546033 0.151326 0.010682 0.009204
0 0.550865 0.160260 0.008138 0.005414
0 0.559003 0.167569 0.009156 0.008121
0 0.568922 0.155116 0.007630 0.009204
0 0.558494 0.153221 0.008138 0.006497
0 0.453204 0.060910 0.008138 0.008121
0 0.452187 0.049540 0.008138 0.008121
0 0.587742 0.184894 0.007630 0.005956
0 0.585961 0.449919 0.004069 0.008663
0 0.592574 0.449377 0.006104 0.006497
