0 0.339777 0.091797 0.033904 0.049219
0 0.383631 0.142578 0.031693 0.035156
0 0.395055 0.168750 0.019163 0.020313
0 0.311401 0.324219 0.019900 0.020312
0 0.316192 0.414844 0.017689 0.021875
0 0.357098 0.420312 0.027271 0.031250
0 0.389896 0.471094 0.025059 0.032813
0 0.435593 0.450391 0.016215 0.022656
0 0.450702 0.487500 0.015478 0.017188
0 0.410533 0.398828 0.022111 0.024219
0 0.489397 0.373828 0.025059 0.030469
0 0.505612 0.419141 0.022111 0.030469
0 0.531040 0.402344 0.019900 0.018750
0 0.589266 0.310547 0.018426 0.024219
0 0.600322 0.388281 0.028745 0.029687
0 0.688030 0.376953 0.033167 0.025781
0 0.458073 0.585547 0.021374 0.021094
0 0.459178 0.530078 0.033904 0.028906
0 0.580053 0.549219 0.014741 0.018750
0 0.574157 0.645313 0.019163 0.035937
0 0.597005 0.738672 0.020637 0.027344
0 0.500821 0.746875 0.030219 0.018750
0 0.427485 0.702344 0.029482 0.029688
0 0.375155 0.683203 0.029482 0.044531
0 0.639017 0.690234 0.022111 0.027344
0 0.644545 0.723438 0.019900 0.018750
0 0.622065 0.625391 0.019163 0.022656
0 0.521090 0.626563 0.030956 0.028125
0 0.522932 0.672266 0.015478 0.030469
0 0.490871 0.655859 0.025059 0.016406
0 0.494188 0.673047 0.022848 0.017969
0 0.413850 0.620313 0.027271 0.021875
0 0.531408 0.346094 0.023585 0.028125
0 0.518510 0.308203 0.036115 0.021094
0 0.516667 0.322266 0.026534 0.019531
0 0.808537 0.480469 0.045697 0.040625
0 0.817381 0.361719 0.026534 0.042188
0 0.850548 0.328516 0.016215 0.038281
0 0.833965 0.292969 0.015478 0.031250
0 0.775370 0.298047 0.029482 0.032031
0 0.820329 0.251953 0.019163 0.030469
0 0.844652 0.242969 0.016215 0.023438
0 0.828068 0.194531 0.022848 0.029687
0 0.760629 0.229297 0.028008 0.028906
0 0.784214 0.157813 0.019163 0.023438
0 0.728936 0.126562 0.032430 0.020313
0 0.679186 0.160547 0.027271 0.042969
0 0.411639 0.061328 0.031693 0.036719
0 0.383631 0.030078 0.015478 0.021094
0 0.364468 0.024219 0.021374 0.025000
0 0.333144 0.015234 0.011793 0.014844
0 0.343462 0.012500 0.011793 0.015625
0 0.353044 0.008594 0.013267 0.015625
0 0.326879 0.005859 0.025797 0.011719
0 0.442963 0.019141 0.022111 0.013281
0 0.448859 0.009766 0.022111 0.010156
0 0.720460 0.022266 0.034641 0.025781
0 0.806694 0.008203 0.022848 0.014844
0 0.876345 0.023438 0.032430 0.020312
0 0.929043 0.039453 0.030219 0.025781
0 0.881873 0.137109 0.024322 0.033594
0 0.975477 0.258203 0.019900 0.025781
0 0.963316 0.271484 0.017689 0.017969
0 0.938625 0.374609 0.034641 0.036719
0 0.973266 0.335938 0.019900 0.029688
0 0.988007 0.357422 0.019900 0.033594
0 0.951155 0.469141 0.014004 0.022656
0 0.921673 0.508594 0.016952 0.031250
0 0.980636 0.541797 0.033167 0.036719
0 0.903615 0.612109 0.028008 0.028906
0 0.813327 0.612109 0.027271 0.021094
0 0.739992 0.594922 0.028008 0.027344
0 0.697980 0.650000 0.025059 0.025000
0 0.760629 0.663672 0.019163 0.021094
0 0.769105 0.635938 0.027271 0.021875
0 0.825120 0.671094 0.021374 0.021875
0 0.859024 0.690625 0.019900 0.018750
0 0.872291 0.707031 0.015478 0.018750
0 0.887400 0.698438 0.014741 0.021875
0 0.904352 0.684375 0.016215 0.025000
0 0.957051 0.653516 0.014004 0.033594
0 0.946364 0.732031 0.023585 0.037500
0 0.812590 0.891406 0.028745 0.026563
0 0.665182 0.914453 0.037589 0.024219
0 0.814065 0.754297 0.024322 0.025781
0 0.860130 0.771094 0.042749 0.034375
0 0.965895 0.917969 0.024322 0.032812
