0 0.861111 0.671296 0.003858 0.005144
0 0.948302 0.537551 0.003086 0.005144
0 0.786651 0.516204 0.003858 0.004630
0 0.618248 0.533179 0.003472 0.004630
0 0.908179 0.493313 0.003858 0.005144
0 0.783372 0.400206 0.003472 0.004115
0 0.820795 0.823045 0.003472 0.005144
0 0.900849 0.616512 0.003858 0.004630
0 0.651427 0.607510 0.003472 0.004115
0 0.755208 0.194959 0.003472 0.004115
0 0.558642 0.587449 0.003858 0.005144
0 0.788387 0.843364 0.003472 0.004630
0 0.464120 0.518776 0.003086 0.004630
0 0.608410 0.441358 0.003858 0.004115
0 0.957176 0.525463 0.003086 0.003601
0 0.274884 0.204990 0.003472 0.005658
0 0.665702 0.664352 0.004244 0.005658
0 0.470872 0.601337 0.003472 0.004115
0 0.743634 0.162551 0.003472 0.005144
0 0.956983 0.485340 0.003472 0.004630
0 0.603395 0.486368 0.003086 0.004630
0 0.752701 0.524434 0.003858 0.004630
0 0.793403 0.548611 0.002701 0.004630
0 0.940201 0.767490 0.003086 0.005144
0 0.935185 0.503086 0.003858 0.005144
0 0.611304 0.611626 0.004244 0.005144
0 0.641397 0.664609 0.004244 0.004115
0 0.982060 0.723251 0.004244 0.008230
0 0.894290 0.473508 0.003086 0.004630
0 0.432292 0.644033 0.004244 0.006173
0 0.800540 0.703704 0.003086 0.004115
0 0.910108 0.471708 0.003858 0.005144
0 0.779707 0.296553 0.003086 0.004630
0 0.933835 0.648148 0.003472 0.004115
0 0.614776 0.548868 0.003472 0.005144
0 0.590471 0.686471 0.003472 0.004630
0 0.630787 0.533179 0.003086 0.004630
0 0.570602 0.696759 0.003086 0.004630
0 0.645640 0.538066 0.003472 0.005144
0 0.049961 0.119342 0.006559 0.006173
0 0.633488 0.487397 0.003086 0.004630
0 0.481674 0.559928 0.004244 0.007716
0 0.933449 0.480195 0.003472 0.004630
0 0.987076 0.589249 0.003472 0.003601
0 0.677276 0.473508 0.003472 0.004630
0 0.836034 0.636831 0.003086 0.004115
0 0.909915 0.586934 0.003472 0.005144
0 0.538002 0.052212 0.004244 0.004630
0 0.963349 0.177984 0.003086 0.005144
0 0.869406 0.070216 0.003472 0.004630
0 0.669174 0.056842 0.003472 0.004630
0 0.771991 0.701646 0.003086 0.004115
0 0.716242 0.575617 0.003472 0.005144
0 0.802276 0.512088 0.003472 0.004630
0 0.924576 0.610854 0.003472 0.004630
0 0.230324 0.358025 0.004630 0.006173
0 0.478395 0.495885 0.003086 0.004115
0 0.919174 0.538837 0.003472 0.004630
0 0.930748 0.914352 0.003472 0.004630
0 0.823302 0.902778 0.003858 0.005144
0 0.527778 0.813529 0.006944 0.007716
0 0.723573 0.537551 0.004244 0.004115
0 0.813657 0.352366 0.003858 0.004115
0 0.115548 0.891975 0.006559 0.005144
0 0.849344 0.579990 0.003472 0.004630
0 0.856867 0.922325 0.003858 0.005144
0 0.846258 0.550669 0.003472 0.004630
0 0.602623 0.651749 0.003086 0.003086
0 0.865741 0.522377 0.003858 0.004630
0 0.986304 0.800154 0.003472 0.004630
0 0.643711 0.087191 0.003472 0.004630
0 0.775463 0.505401 0.003086 0.004630
0 0.884259 0.677726 0.003858 0.005658
0 0.767361 0.340021 0.003858 0.005144
0 0.649691 0.328704 0.003858 0.005144
0 0.599537 0.678755 0.003858 0.007716
0 0.690779 0.696245 0.003472 0.004630
0 0.395833 0.105453 0.003858 0.004115
0 0.292631 0.714763 0.005787 0.007716
0 0.926698 0.522891 0.003086 0.004630
0 0.654514 0.484825 0.003472 0.004630
0 0.638696 0.682356 0.003472 0.004630
0 0.972994 0.219650 0.003858 0.005144
0 0.144097 0.922068 0.003472 0.004630
0 0.847029 0.829218 0.004244 0.005144
0 0.410494 0.571245 0.003858 0.005658
0 0.766782 0.277006 0.003472 0.004630
0 0.756752 0.454475 0.003472 0.004630
0 0.794174 0.901492 0.004244 0.004630
0 0.771991 0.846451 0.003086 0.005658
0 0.795718 0.813272 0.007330 0.009259
0 0.777392 0.592078 0.003086 0.004115
0 0.129823 0.921296 0.003472 0.004115
0 0.573688 0.485854 0.003086 0.004630
0 0.698302 0.634516 0.003858 0.004630
0 0.898920 0.550154 0.003086 0.004630
0 0.974151 0.489455 0.003858 0.004630
0 0.755208 0.304527 0.005787 0.006173
0 0.674576 0.702418 0.003472 0.007716
0 0.268133 0.761831 0.007716 0.008230
0 0.565008 0.378858 0.003472 0.004630
0 0.980131 0.601337 0.003472 0.005144
0 0.474537 0.503344 0.003086 0.004630
0 0.964506 0.519805 0.003086 0.004630
0 0.076968 0.543981 0.005787 0.007716
0 0.924961 0.282665 0.003472 0.004630
0 0.668981 0.613940 0.003858 0.004630
0 0.908758 0.791409 0.003472 0.004630
0 0.896412 0.709362 0.004244 0.005144
0 0.744792 0.460391 0.003472 0.005144
0 0.850887 0.743827 0.003472 0.005144
0 0.229745 0.508488 0.003472 0.004630
0 0.426698 0.591564 0.003858 0.005144
0 0.894097 0.772119 0.003472 0.005144
0 0.775077 0.308642 0.003086 0.004115
0 0.743634 0.501543 0.004244 0.005144
0 0.765818 0.511574 0.003858 0.004630
0 0.760224 0.558128 0.005787 0.005144
0 0.818480 0.806842 0.003472 0.004630
0 0.715085 0.431327 0.003472 0.003601
0 0.008488 0.066101 0.004630 0.005658
0 0.130401 0.053241 0.006173 0.005658
0 0.513889 0.200617 0.006173 0.008230
0 0.442515 0.526235 0.003086 0.004115
0 0.915895 0.669753 0.003858 0.004115
0 0.065779 0.029064 0.004244 0.004630
0 0.627508 0.576389 0.003472 0.004630
0 0.799961 0.235597 0.003472 0.005144
0 0.391397 0.609568 0.004244 0.006173
0 0.323688 0.492798 0.006173 0.005144
0 0.768133 0.432613 0.003858 0.005144
0 0.807870 0.370628 0.003858 0.004630
0 0.735340 0.278292 0.003858 0.005144
0 0.630208 0.413580 0.003472 0.005144
0 0.092207 0.616770 0.003858 0.008230
0 0.287230 0.523663 0.003472 0.005144
0 0.834105 0.494084 0.003858 0.004630
0 0.461806 0.710391 0.007716 0.011317
0 0.878472 0.632973 0.003858 0.004630
0 0.383681 0.539866 0.003472 0.004630
0 0.709877 0.480710 0.003086 0.004630
0 0.923804 0.481996 0.003472 0.005144
0 0.733025 0.409979 0.003086 0.004115
0 0.793210 0.446759 0.003086 0.004630
0 0.623071 0.440586 0.003086 0.004630
0 0.809028 0.655093 0.004630 0.005658
0 0.869599 0.471965 0.003086 0.003601
0 0.769290 0.048097 0.003858 0.004630
0 0.868634 0.105967 0.004244 0.005144
0 0.802276 0.415381 0.003472 0.004630
0 0.982832 0.512860 0.003472 0.005144
0 0.462770 0.111883 0.004244 0.005658
0 0.226466 0.532150 0.003086 0.004630
0 0.993827 0.538580 0.003086 0.004115
0 0.709684 0.445730 0.003472 0.004630
0 0.973765 0.673611 0.003858 0.005658
0 0.521798 0.897891 0.005787 0.004630
0 0.857832 0.065072 0.005787 0.005658
0 0.167245 0.947274 0.004244 0.005658
0 0.242863 0.070473 0.003472 0.005144
0 0.677083 0.329990 0.003858 0.007716
0 0.706019 0.266204 0.003086 0.003601
0 0.364390 0.108796 0.003472 0.005658
0 0.961613 0.411523 0.003472 0.005144
0 0.643711 0.839506 0.003472 0.005144
0 0.873071 0.700874 0.003086 0.004630
0 0.438657 0.574074 0.004630 0.005144
0 0.996721 0.550669 0.003472 0.004630
0 0.972415 0.252829 0.003472 0.004630
0 0.925926 0.423097 0.003086 0.004630
0 0.978588 0.549126 0.003472 0.003601
0 0.617670 0.632202 0.003858 0.005144
0 0.832176 0.532407 0.003858 0.006173
0 0.553048 0.489455 0.003472 0.004630
0 0.916474 0.463992 0.003472 0.003086
0 0.588927 0.931070 0.002701 0.004115
0 0.335069 0.221965 0.004244 0.004630
0 0.918789 0.715021 0.005787 0.006173
0 0.084298 0.682870 0.003472 0.005658
0 0.128665 0.786780 0.004244 0.005658
0 0.561150 0.670782 0.003472 0.004115
0 0.754244 0.265432 0.003086 0.004115
0 0.982446 0.373457 0.004244 0.006173
0 0.903742 0.648920 0.003472 0.004630
0 0.295910 0.255401 0.003858 0.005658
0 0.253472 0.622685 0.003858 0.005658
0 0.693480 0.342335 0.004244 0.005658
0 0.386767 0.675669 0.003472 0.004630
0 0.977816 0.199846 0.002701 0.004630
0 0.581019 0.678498 0.003858 0.005144
0 0.856867 0.213477 0.003858 0.005144
0 0.425733 0.647891 0.004244 0.004630
0 0.894869 0.651235 0.003472 0.004115
0 0.328704 0.392490 0.003858 0.005144
0 0.913580 0.448302 0.003086 0.003601
0 0.816358 0.676440 0.003086 0.004115
0 0.441937 0.561214 0.004244 0.006173
0 0.774691 0.466564 0.003858 0.005144
0 0.797454 0.588992 0.003858 0.005144
0 0.054977 0.825874 0.003472 0.004630
0 0.966242 0.701903 0.003472 0.004630
0 0.616127 0.734311 0.003858 0.004630
0 0.294753 0.639146 0.003858 0.004630
0 0.847994 0.502058 0.003858 0.005144
0 0.316358 0.558128 0.003858 0.005144
0 0.959298 0.253344 0.004244 0.004630
0 0.545332 0.652006 0.003472 0.004630
0 0.581211 0.417695 0.003472 0.005144
0 0.447338 0.447788 0.003472 0.004630
0 0.293403 0.282665 0.003472 0.004630
0 0.336806 0.179270 0.006173 0.007716
0 0.788966 0.469136 0.003858 0.005144
0 0.338156 0.099537 0.003472 0.004630
0 0.951968 0.616512 0.003472 0.004630
0 0.855903 0.719650 0.004244 0.005144
0 0.870177 0.738683 0.003472 0.004115
0 0.745177 0.214506 0.003472 0.006173
0 0.791860 0.759774 0.003472 0.005144
0 0.909915 0.696245 0.002701 0.004630
0 0.521219 0.546811 0.003858 0.004115
0 0.128279 0.775977 0.005787 0.004630
0 0.862461 0.571502 0.003472 0.005144
0 0.403742 0.399949 0.003472 0.004630
0 0.991319 0.192644 0.003472 0.004630
0 0.917245 0.481481 0.003472 0.005144
0 0.580633 0.612912 0.003858 0.003601
0 0.183642 0.346708 0.003086 0.004115
0 0.381559 0.014660 0.004630 0.004630
0 0.755015 0.487397 0.003858 0.004630
0 0.825424 0.692130 0.003472 0.004630
0 0.841821 0.431584 0.004630 0.006173
0 0.774884 0.340535 0.003472 0.005144
0 0.313657 0.148663 0.003858 0.005144
0 0.940586 0.098765 0.004630 0.005144
0 0.071181 0.050154 0.003472 0.004630
0 0.896412 0.271348 0.003472 0.004630
0 0.635610 0.317901 0.004244 0.004115
0 0.487847 0.839249 0.005787 0.004630
0 0.701968 0.189815 0.003472 0.005144
0 0.754051 0.659208 0.003472 0.004630
0 0.239776 0.710905 0.003472 0.005144
0 0.954282 0.552726 0.003472 0.004630
0 0.295139 0.493827 0.003858 0.005144
0 0.760224 0.737912 0.003472 0.004630
0 0.615934 0.680041 0.003472 0.004115
0 0.721644 0.069187 0.003472 0.004630
0 0.586034 0.553241 0.003086 0.003601
0 0.562886 0.563529 0.003858 0.005658
0 0.474730 0.673354 0.004244 0.006173
0 0.870370 0.326903 0.003086 0.004630
0 0.417631 0.692901 0.003472 0.005144
0 0.958719 0.504630 0.003858 0.005144
0 0.904707 0.565586 0.003086 0.004630
0 0.996721 0.328189 0.002701 0.004115
0 0.684028 0.136574 0.003858 0.004630
0 0.826968 0.475823 0.003472 0.005144
0 0.705440 0.584362 0.003472 0.005144
0 0.795525 0.522377 0.003858 0.004630
0 0.489198 0.038580 0.003858 0.005144
0 0.646991 0.495885 0.003086 0.004115
0 0.717978 0.210134 0.003858 0.005658
0 0.435185 0.592078 0.003858 0.005144
0 0.754051 0.726852 0.002701 0.005144
0 0.665509 0.636317 0.003858 0.004115
0 0.674576 0.183385 0.003472 0.004630
0 0.738040 0.227366 0.002315 0.004115
0 0.742091 0.633488 0.003472 0.004630
0 0.793981 0.638632 0.003086 0.004630
0 0.753858 0.237140 0.003858 0.005144
0 0.693094 0.300154 0.002701 0.004630
0 0.045525 0.055041 0.003086 0.004115
0 0.783179 0.879115 0.003858 0.005144
0 0.952546 0.566872 0.003086 0.004115
0 0.449074 0.509002 0.003086 0.005658
0 0.778935 0.048868 0.003858 0.005144
0 0.878665 0.575617 0.003472 0.005144
0 0.270062 0.131430 0.003086 0.004630
0 0.918789 0.555298 0.002701 0.004630
0 0.865162 0.937243 0.004244 0.005144
0 0.263310 0.357253 0.003472 0.004630
0 0.773727 0.492027 0.003472 0.004630
0 0.565008 0.731739 0.003472 0.005658
0 0.928048 0.338735 0.002701 0.004630
0 0.177855 0.934928 0.004630 0.007716
0 0.942323 0.490484 0.003472 0.004630
0 0.662230 0.215021 0.003472 0.005144
0 0.603202 0.429784 0.003472 0.004630
0 0.442130 0.078189 0.003858 0.005144
0 0.730710 0.334619 0.003858 0.004630
0 0.691358 0.074074 0.003858 0.005144
0 0.045139 0.079733 0.003858 0.004115
0 0.576775 0.576132 0.003086 0.004115
0 0.973573 0.833848 0.004244 0.005144
0 0.369020 0.759002 0.002701 0.005658
0 0.826582 0.116512 0.002701 0.004630
0 0.689622 0.088992 0.003472 0.004115
0 0.776042 0.082819 0.003472 0.005144
0 0.583912 0.567644 0.003472 0.003601
0 0.889082 0.808385 0.003472 0.005658
0 0.366705 0.793981 0.004244 0.005658
0 0.655093 0.098508 0.003086 0.004630
0 0.762346 0.487397 0.003086 0.004630
0 0.459105 0.045267 0.003086 0.004115
0 0.132137 0.015175 0.003472 0.007716
0 0.817323 0.479681 0.003472 0.004630
0 0.788002 0.933128 0.004244 0.006173
0 0.186728 0.081276 0.003858 0.005144
0 0.865162 0.706790 0.003472 0.005144
0 0.712384 0.115998 0.004244 0.004630
0 0.196566 0.039866 0.003472 0.004630
0 0.782022 0.789352 0.003858 0.004630
0 0.458526 0.071245 0.003472 0.004630
0 0.128858 0.667181 0.003858 0.006173
0 0.989390 0.423097 0.003472 0.004630
0 0.959491 0.101595 0.003086 0.004630
0 0.820409 0.283436 0.003472 0.005144
0 0.986497 0.469393 0.003858 0.004630
0 0.428048 0.153549 0.004244 0.005658
0 0.366512 0.138117 0.003858 0.004630
0 0.884259 0.476080 0.003086 0.003601
0 0.152199 0.014146 0.003472 0.003601
0 0.750386 0.608796 0.003858 0.004630
0 0.121721 0.292438 0.004244 0.005658
0 0.576582 0.396862 0.003472 0.004630
0 0.963735 0.324331 0.003086 0.004630
0 0.638310 0.142490 0.003472 0.005144
0 0.576775 0.372942 0.003086 0.004115
0 0.956019 0.693930 0.003858 0.004115
0 0.745756 0.331019 0.003086 0.004630
0 0.354938 0.078447 0.006173 0.004630
0 0.902585 0.346708 0.002701 0.004115
0 0.063272 0.044239 0.003858 0.005144
0 0.305556 0.828447 0.006173 0.007716
0 0.654900 0.471451 0.003472 0.004630
0 0.981096 0.318673 0.003858 0.004630
0 0.727238 0.360340 0.003858 0.004630
0 0.928434 0.688014 0.003472 0.004630
0 0.666474 0.072016 0.003472 0.005144
0 0.359375 0.526492 0.003472 0.004630
0 0.561535 0.487654 0.003472 0.005144
0 0.918596 0.407407 0.003086 0.005144
0 0.724151 0.227623 0.003858 0.004630
0 0.006366 0.179012 0.003472 0.004115
0 0.736497 0.752829 0.003858 0.004630
0 0.704668 0.539609 0.004244 0.004115
0 0.945602 0.681842 0.003858 0.004630
0 0.363619 0.720936 0.003472 0.005658
0 0.732253 0.436986 0.003858 0.004630
0 0.347415 0.603138 0.004244 0.005658
0 0.953511 0.596451 0.003472 0.004630
0 0.807677 0.740226 0.003472 0.005144
0 0.788002 0.352366 0.003472 0.005144
0 0.871914 0.884259 0.006173 0.006173
0 0.307485 0.414609 0.003858 0.005144
0 0.708912 0.181327 0.003472 0.004630
0 0.899113 0.429012 0.003472 0.005144
0 0.395640 0.360340 0.003472 0.004630
0 0.618441 0.603138 0.003086 0.004630
0 0.893904 0.593364 0.003086 0.004630
0 0.521412 0.149177 0.004244 0.005144
0 0.851852 0.684414 0.003858 0.005658
0 0.970100 0.102881 0.003472 0.004115
0 0.892554 0.640689 0.002701 0.004630
0 0.940201 0.509002 0.003858 0.004630
0 0.444252 0.408179 0.003472 0.005658
0 0.908179 0.333076 0.003858 0.004630
0 0.655285 0.421811 0.003472 0.004115
0 0.667824 0.227881 0.003086 0.005144
0 0.750000 0.546296 0.003858 0.004115
0 0.879437 0.362654 0.003472 0.005144
0 0.343171 0.389918 0.004244 0.005144
0 0.253858 0.148663 0.004630 0.009259
0 0.923804 0.435700 0.003472 0.004115
0 0.519097 0.167438 0.005787 0.005658
0 0.853974 0.503086 0.003472 0.004115
0 0.318866 0.507202 0.003472 0.005144
0 0.404707 0.278035 0.003858 0.007716
0 0.763310 0.153807 0.003472 0.004115
0 0.672068 0.462449 0.004630 0.004115
0 0.623264 0.264403 0.003472 0.004115
0 0.752315 0.334877 0.003858 0.005144
0 0.348380 0.264146 0.003086 0.004630
0 0.425926 0.492541 0.003858 0.004630
0 0.948881 0.666409 0.003472 0.004630
0 0.685185 0.230710 0.003086 0.004630
0 0.990741 0.657150 0.003086 0.004630
0 0.748843 0.703447 0.003086 0.004630
0 0.761188 0.348251 0.003858 0.005144
0 0.975694 0.476595 0.003086 0.004630
0 0.874035 0.598251 0.004244 0.005144
0 0.969522 0.396091 0.003858 0.005144
0 0.944059 0.293210 0.003086 0.005144
0 0.795718 0.299897 0.003472 0.004115
0 0.311150 0.548097 0.003472 0.004630
0 0.603395 0.808642 0.002315 0.003086
0 0.659915 0.304012 0.003472 0.004115
0 0.953897 0.703447 0.003472 0.004630
0 0.969715 0.581790 0.003472 0.004115
0 0.616705 0.453189 0.003472 0.004115
0 0.791474 0.314043 0.003472 0.004630
0 0.828511 0.679270 0.006559 0.007716
0 0.479167 0.829475 0.006173 0.009774
0 0.340085 0.645319 0.004244 0.005658
0 0.586613 0.764146 0.004244 0.005658
0 0.593557 0.449846 0.003472 0.004630
0 0.987654 0.579218 0.003086 0.004115
0 0.716049 0.219136 0.003858 0.005144
0 0.590856 0.500772 0.003472 0.004630
0 0.996335 0.566101 0.003472 0.004630
0 0.147184 0.027778 0.003472 0.005144
0 0.705440 0.550154 0.003472 0.004630
0 0.765432 0.415123 0.004630 0.006173
0 0.738426 0.013374 0.003858 0.005144
0 0.240162 0.272891 0.005787 0.004630
0 0.680170 0.607767 0.003858 0.004630
0 0.545718 0.668467 0.003472 0.005658
0 0.857832 0.729938 0.003472 0.005144
0 0.827739 0.546039 0.003472 0.004630
0 0.925154 0.859053 0.003858 0.004115
0 0.719136 0.105967 0.003858 0.005144
0 0.670332 0.364969 0.003472 0.004630
0 0.894676 0.249228 0.006173 0.008745
0 0.940779 0.698302 0.003472 0.004630
0 0.249807 0.485597 0.004244 0.005144
0 0.688079 0.651749 0.002701 0.004115
0 0.507330 0.133230 0.003858 0.005144
0 0.979552 0.687243 0.003086 0.004115
0 0.618248 0.278035 0.005787 0.007716
0 0.815394 0.116255 0.003472 0.005144
0 0.596451 0.004372 0.003858 0.004630
0 0.951582 0.801183 0.003472 0.004630
0 0.004244 0.047840 0.003086 0.004115
0 0.746528 0.082047 0.003086 0.004630
0 0.591435 0.372171 0.004630 0.004630
0 0.976466 0.456790 0.003858 0.005144
0 0.166860 0.130916 0.003472 0.003601
0 0.620756 0.140432 0.003086 0.005144
0 0.184606 0.141975 0.005787 0.005144
0 0.718364 0.546296 0.003858 0.005144
0 0.623071 0.556842 0.003858 0.004630
0 0.426312 0.224023 0.003858 0.004630
0 0.963349 0.563786 0.003858 0.005144
0 0.694252 0.791409 0.006559 0.005658
0 0.143133 0.481224 0.003858 0.004630
0 0.693866 0.012603 0.003472 0.004630
0 0.366319 0.563786 0.003472 0.005144
0 0.733603 0.190844 0.003472 0.004115
0 0.187886 0.631173 0.003858 0.005144
0 0.155478 0.561986 0.004630 0.005658
0 0.717207 0.163580 0.003858 0.006173
0 0.638310 0.762860 0.005787 0.006173
0 0.894483 0.500000 0.002701 0.005144
0 0.883488 0.310700 0.003086 0.005144
0 0.723573 0.458591 0.004244 0.004630
0 0.193480 0.012603 0.004244 0.007716
0 0.882330 0.438786 0.003086 0.005144
0 0.375772 0.936986 0.004630 0.005658
0 0.076389 0.174640 0.003086 0.004630
0 0.963542 0.155864 0.003472 0.005144
0 0.557292 0.438014 0.003472 0.004630
0 0.152585 0.145062 0.008102 0.008230
0 0.989583 0.720679 0.003858 0.005144
0 0.758295 0.252829 0.003472 0.004630
0 0.997878 0.457305 0.002701 0.005144
0 0.952546 0.180556 0.003086 0.004115
0 0.720486 0.130401 0.003472 0.004630
0 0.985532 0.148148 0.003472 0.005144
0 0.594136 0.777006 0.004630 0.004630
0 0.758873 0.339249 0.003858 0.005658
0 0.598187 0.666409 0.002701 0.004630
0 0.607832 0.390175 0.003472 0.004630
0 0.159529 0.004372 0.002701 0.003601
0 0.740934 0.341307 0.003472 0.004630
0 0.299769 0.481739 0.003858 0.005658
0 0.248457 0.770319 0.006173 0.005658
0 0.928434 0.950103 0.003472 0.005144
0 0.598380 0.496399 0.003858 0.006173
0 0.841435 0.153035 0.003858 0.004630
0 0.757523 0.167181 0.004244 0.006173
0 0.519869 0.129630 0.003472 0.004115
0 0.846065 0.239455 0.003086 0.004630
0 0.382909 0.324846 0.002701 0.003601
0 0.314815 0.635545 0.003858 0.005658
0 0.237269 0.025977 0.006944 0.009774
0 0.635417 0.469136 0.003858 0.005144
0 0.913194 0.201132 0.003086 0.004115
0 0.099537 0.888374 0.003858 0.004115
0 0.650849 0.107253 0.003858 0.004630
0 0.833333 0.645062 0.003086 0.004115
0 0.946181 0.498457 0.003472 0.005144
0 0.706790 0.311986 0.003858 0.004630
0 0.614005 0.150720 0.004244 0.006173
0 0.705247 0.042438 0.003858 0.004630
0 0.702546 0.068416 0.004630 0.005144
0 0.111111 0.322274 0.003858 0.004630
0 0.956404 0.196759 0.003086 0.004630
0 0.776427 0.413066 0.001929 0.002058
0 0.737461 0.520062 0.003472 0.005144
0 0.933642 0.582819 0.003086 0.005144
0 0.764082 0.625514 0.003472 0.005144
0 0.706983 0.250514 0.003472 0.004115
0 0.788387 0.486111 0.002701 0.004115
0 0.658758 0.122428 0.004244 0.006173
0 0.220872 0.020319 0.003472 0.004630
0 0.559028 0.726852 0.004630 0.005144
0 0.436728 0.380401 0.004630 0.005658
0 0.383488 0.284722 0.003086 0.004630
0 0.400463 0.200874 0.006173 0.007716
0 0.390625 0.717593 0.003472 0.005144
0 0.644676 0.271348 0.003858 0.005658
0 0.995949 0.423868 0.004244 0.005144
0 0.959684 0.271605 0.003472 0.004115
0 0.729552 0.250514 0.003086 0.005144
0 0.625965 0.031379 0.004244 0.005144
0 0.343943 0.199074 0.002701 0.004115
0 0.390818 0.408436 0.004630 0.009259
0 0.799190 0.688014 0.003472 0.003601
0 0.994406 0.344650 0.003472 0.005144
0 0.852238 0.643004 0.003858 0.005144
0 0.614390 0.072016 0.004244 0.005144
0 0.955633 0.858796 0.003858 0.003601
0 0.005208 0.253858 0.003472 0.003601
0 0.384645 0.002315 0.004630 0.004630
0 0.625579 0.742541 0.005787 0.005658
0 0.894290 0.633230 0.002315 0.004115
0 0.724923 0.165638 0.003086 0.004115
0 0.897762 0.856224 0.003858 0.005658
0 0.734375 0.596451 0.003472 0.004630
0 0.341821 0.954218 0.004630 0.006173
0 0.580826 0.601852 0.003472 0.003086
0 0.355903 0.833591 0.006559 0.004630
0 0.810571 0.060442 0.003086 0.004630
0 0.384259 0.304527 0.003086 0.004115
0 0.859375 0.633230 0.004244 0.005144
0 0.663966 0.478138 0.003858 0.004630
0 0.702932 0.421811 0.003858 0.005144
0 0.689429 0.112397 0.003858 0.004630
0 0.695795 0.149434 0.003472 0.003601
0 0.736304 0.947274 0.005787 0.008745
0 0.673997 0.083076 0.003858 0.004630
0 0.029128 0.073817 0.003472 0.004630
0 0.545525 0.661265 0.004630 0.004630
0 0.953125 0.361626 0.003472 0.005144
0 0.422261 0.368827 0.004244 0.005144
0 0.716435 0.185957 0.003858 0.004630
0 0.716435 0.166924 0.003858 0.005658
0 0.142361 0.443673 0.004630 0.005658
0 0.718364 0.282150 0.003086 0.004630
0 0.335455 0.355967 0.003472 0.004115
0 0.593943 0.383488 0.003472 0.004630
0 0.763503 0.015175 0.006173 0.004630
0 0.934606 0.564815 0.004244 0.006173
0 0.444830 0.607510 0.003858 0.005144
0 0.076775 0.947788 0.006173 0.007716
0 0.951389 0.321245 0.003086 0.004630
0 0.935378 0.575103 0.003472 0.003086
0 0.172068 0.121399 0.003858 0.005144
0 0.310185 0.613940 0.003858 0.004630
0 0.771991 0.945473 0.003086 0.004115
0 0.765432 0.182356 0.003858 0.004630
0 0.578318 0.594393 0.006173 0.007716
0 0.791512 0.643827 0.003395 0.005350
0 0.780864 0.691975 0.004321 0.006173
0 0.690123 0.659671 0.003704 0.005761
0 0.858333 0.647737 0.005556 0.009053
0 0.885494 0.589300 0.003086 0.005761
0 0.876543 0.592181 0.005556 0.005761
0 0.914043 0.542593 0.004012 0.006996
0 0.971451 0.541358 0.004012 0.006173
0 0.968056 0.543210 0.002778 0.004115
0 0.978704 0.559671 0.004321 0.008230
0 0.985185 0.533951 0.003086 0.006173
0 0.902778 0.724280 0.003086 0.005761
0 0.905556 0.731481 0.003704 0.003704
0 0.899383 0.749177 0.003704 0.005350
0 0.898302 0.753292 0.004630 0.002881
0 0.898920 0.760700 0.004012 0.006173
0 0.973148 0.795267 0.003086 0.005350
0 0.779321 0.851646 0.004938 0.006996
0 0.778395 0.927366 0.004321 0.008642
0 0.711420 0.930864 0.004321 0.007407
0 0.631790 0.934979 0.006790 0.007407
0 0.625463 0.932510 0.004630 0.008230
0 0.738580 0.525103 0.005556 0.004115
0 0.742438 0.541975 0.004012 0.007407
0 0.765586 0.553292 0.004630 0.006996
0 0.601080 0.717078 0.004630 0.006996
0 0.604321 0.720782 0.003704 0.006173
0 0.548302 0.729012 0.004630 0.007819
0 0.553704 0.731481 0.003704 0.006173
0 0.353395 0.608642 0.008642 0.009053
0 0.429784 0.542798 0.005864 0.008230
0 0.127006 0.760082 0.008333 0.007407
0 0.251698 0.759259 0.004630 0.006584
0 0.180556 0.850823 0.004321 0.006173
0 0.184568 0.855967 0.005556 0.007407
0 0.198457 0.815638 0.005556 0.007407
0 0.203241 0.816461 0.005247 0.009053
0 0.445216 0.886420 0.007716 0.007407
0 0.445525 0.894444 0.005864 0.009465
0 0.031019 0.730041 0.010802 0.012346
0 0.859383 0.007737 0.004691 0.007572
0 0.835802 0.041152 0.003951 0.005926
0 0.750494 0.006255 0.003210 0.005926
0 0.746296 0.010700 0.003704 0.004938
0 0.680000 0.003128 0.003951 0.004938
0 0.654938 0.008560 0.004198 0.005926
0 0.656049 0.017284 0.004938 0.006914
0 0.577901 0.002140 0.004691 0.004280
0 0.544815 0.002798 0.004691 0.005597
0 0.591111 0.019095 0.006420 0.008560
0 0.615679 0.081811 0.003704 0.006255
0 0.639506 0.058765 0.003951 0.005597
0 0.643580 0.057613 0.004198 0.005926
0 0.688889 0.102716 0.003457 0.005926
0 0.671235 0.139259 0.003210 0.006584
0 0.684074 0.154897 0.005679 0.005597
0 0.682840 0.160000 0.003210 0.005267
0 0.689753 0.159671 0.003704 0.005926
0 0.649259 0.167901 0.006173 0.006584
0 0.769259 0.110288 0.004691 0.007243
0 0.768395 0.102881 0.004444 0.006255
0 0.762716 0.100247 0.004938 0.006914
0 0.715926 0.056790 0.003704 0.004938
0 0.720247 0.059259 0.003457 0.005926
0 0.900741 0.195556 0.002963 0.004609
0 0.897160 0.198519 0.003210 0.005267
0 0.906914 0.173004 0.004444 0.004280
0 0.909383 0.178272 0.004938 0.004938
0 0.539630 0.266173 0.007160 0.004938
0 0.568765 0.398025 0.003704 0.005926
0 0.565062 0.398848 0.003210 0.006255
0 0.749506 0.465185 0.003210 0.005267
0 0.768395 0.450535 0.004444 0.005597
0 0.771235 0.455638 0.003704 0.005267
0 0.751235 0.343045 0.003704 0.005926
0 0.662716 0.311440 0.003457 0.005926
0 0.894444 0.489712 0.005679 0.005597
0 0.916420 0.457778 0.003704 0.004938
0 0.897284 0.424198 0.003457 0.004938
0 0.975679 0.315885 0.003210 0.004938
0 0.967654 0.268477 0.002963 0.004938
0 0.947901 0.293333 0.003457 0.005926
0 0.936914 0.316872 0.004691 0.004938
0 0.860247 0.239506 0.003951 0.006255
0 0.750000 0.258642 0.004938 0.006996
0 0.038735 0.077366 0.004630 0.006584
0 0.248765 0.045062 0.003704 0.005350
0 0.253395 0.043004 0.003704 0.006996
0 0.368673 0.487860 0.010185 0.006173
0 0.114352 0.374074 0.005864 0.009053
0 0.107407 0.380658 0.006173 0.010700
0 0.027006 0.281636 0.006173 0.010802
