0 0.768904 0.663066 0.003858 0.005144
0 0.684028 0.910751 0.003858 0.004630
0 0.587191 0.570988 0.003858 0.005144
0 0.542438 0.640432 0.003858 0.005144
0 0.462191 0.548611 0.003086 0.005658
0 0.175540 0.110854 0.003086 0.003601
0 0.494792 0.119342 0.004244 0.006173
0 0.401813 0.545010 0.003472 0.004630
0 0.232639 0.088735 0.003858 0.004630
0 0.441165 0.477366 0.003472 0.005144
0 0.540895 0.716821 0.004630 0.005658
0 0.052855 0.682099 0.003858 0.006173
0 0.660880 0.471965 0.003858 0.005658
0 0.220100 0.516718 0.003472 0.004630
0 0.692708 0.631687 0.003472 0.004115
0 0.170332 0.580761 0.003472 0.005144
0 0.352816 0.557099 0.003472 0.005144
0 0.220293 0.420782 0.004630 0.006173
0 0.326003 0.077675 0.003858 0.005144
0 0.528356 0.501029 0.004244 0.005144
0 0.778356 0.317387 0.004244 0.005144
0 0.251157 0.305813 0.003858 0.004630
0 0.430556 0.464249 0.003858 0.004630
0 0.625579 0.631687 0.004244 0.005144
0 0.380401 0.530093 0.003086 0.004630
0 0.058063 0.433385 0.003472 0.004630
0 0.197724 0.506430 0.003472 0.003601
0 0.572338 0.205247 0.003472 0.005144
0 0.410687 0.493056 0.003472 0.004630
0 0.740162 0.419496 0.004244 0.004630
0 0.362847 0.340278 0.003472 0.004630
0 0.806327 0.525463 0.003858 0.005658
0 0.591049 0.663323 0.003858 0.004630
0 0.526427 0.712963 0.003472 0.004115
0 0.276042 0.289866 0.003472 0.004630
0 0.677083 0.492284 0.003858 0.005144
0 0.486111 0.278035 0.003858 0.004630
0 0.118248 0.482510 0.003472 0.005144
0 0.482060 0.776492 0.003472 0.004630
0 0.471644 0.561214 0.004244 0.006173
0 0.673418 0.742027 0.004244 0.005658
0 0.089892 0.473508 0.003858 0.005658
0 0.368827 0.676955 0.003858 0.005144
0 0.585648 0.594136 0.003858 0.005144
0 0.603395 0.285751 0.003086 0.004630
0 0.130401 0.087963 0.003858 0.005144
0 0.200810 0.220165 0.004244 0.005144
0 0.105131 0.611883 0.003472 0.004630
0 0.619599 0.675412 0.003086 0.004115
0 0.393326 0.705504 0.003472 0.003601
0 0.023727 0.700103 0.003472 0.004115
0 0.292631 0.048097 0.003472 0.004630
0 0.542245 0.754372 0.003472 0.004630
0 0.674769 0.851337 0.003086 0.004115
0 0.794560 0.524434 0.004244 0.005658
0 0.028549 0.489969 0.003858 0.004630
0 0.127894 0.706790 0.003472 0.006173
0 0.268711 0.358282 0.003472 0.004630
0 0.525849 0.609311 0.003858 0.004630
0 0.602816 0.775206 0.005787 0.006173
0 0.213349 0.172582 0.003858 0.005658
0 0.157600 0.194444 0.003472 0.005144
0 0.667052 0.524949 0.003086 0.004630
0 0.356096 0.204475 0.004630 0.005658
0 0.400077 0.505916 0.003086 0.004630
0 0.673611 0.818673 0.003858 0.004630
0 0.619985 0.644033 0.003086 0.004115
0 0.206983 0.347479 0.003472 0.004630
0 0.721836 0.894290 0.003858 0.004630
0 0.161844 0.047325 0.002701 0.004115
0 0.563850 0.581276 0.003472 0.004115
0 0.313272 0.639918 0.004630 0.006173
0 0.123071 0.618313 0.003858 0.004115
0 0.689043 0.601337 0.003086 0.005144
0 0.072531 0.537294 0.003858 0.004630
0 0.464120 0.340792 0.003086 0.004630
0 0.692515 0.691101 0.003858 0.005658
0 0.168596 0.120885 0.003858 0.004115
0 0.584298 0.776492 0.003472 0.004630
0 0.454668 0.775463 0.004244 0.007716
0 0.423611 0.404321 0.003858 0.005144
0 0.402006 0.674126 0.003858 0.004630
0 0.407600 0.369599 0.003472 0.004630
0 0.638117 0.433128 0.003858 0.004115
0 0.016590 0.566872 0.003858 0.005144
0 0.348765 0.506430 0.003086 0.004630
0 0.465085 0.527778 0.003472 0.004115
0 0.299576 0.835134 0.004244 0.004630
0 0.645448 0.628086 0.003858 0.005144
0 0.778935 0.858282 0.003858 0.004630
0 0.720293 0.690329 0.003858 0.005144
0 0.109761 0.475823 0.003472 0.005144
0 0.793789 0.747942 0.003472 0.005144
0 0.040123 0.934671 0.003086 0.004115
0 0.324653 0.113169 0.004244 0.005144
0 0.038002 0.571502 0.002701 0.004115
0 0.583526 0.716821 0.003472 0.004630
0 0.173611 0.215021 0.003086 0.004115
0 0.500965 0.402263 0.004244 0.005144
0 0.793981 0.790123 0.003858 0.005144
0 0.492863 0.906893 0.004244 0.005144
0 0.490548 0.059414 0.003472 0.004630
0 0.082562 0.035751 0.003858 0.004630
0 0.458526 0.751029 0.003472 0.005144
0 0.349730 0.256687 0.006559 0.009259
0 0.189622 0.196759 0.003472 0.004630
0 0.512539 0.334619 0.004244 0.005658
0 0.181134 0.171296 0.003472 0.005144
0 0.567901 0.399949 0.003858 0.004630
0 0.228009 0.497171 0.003086 0.003601
0 0.047261 0.376029 0.005787 0.005144
0 0.653935 0.748457 0.003858 0.004115
0 0.569059 0.824846 0.003086 0.004630
0 0.692130 0.662809 0.002315 0.003601
0 0.465856 0.054012 0.003472 0.005144
0 0.231481 0.597737 0.003086 0.004115
0 0.707176 0.420010 0.003858 0.005658
0 0.085069 0.537294 0.003472 0.004630
0 0.448881 0.352881 0.003472 0.005144
0 0.119213 0.668981 0.003858 0.005658
0 0.407600 0.560185 0.003472 0.004115
0 0.706019 0.667695 0.003086 0.005144
0 0.211227 0.309671 0.005787 0.006173
0 0.039931 0.557099 0.003472 0.004115
0 0.034144 0.682099 0.003472 0.005144
0 0.016204 0.490998 0.003086 0.004630
0 0.501350 0.682613 0.003472 0.005144
0 0.447145 0.546811 0.003086 0.005144
0 0.118056 0.219650 0.003858 0.005144
0 0.580633 0.816615 0.003858 0.004630
0 0.178048 0.074074 0.003472 0.005144
0 0.501543 0.037551 0.003086 0.005144
0 0.418981 0.186214 0.003858 0.005144
0 0.438272 0.807613 0.003858 0.005144
0 0.047840 0.453189 0.003858 0.005144
0 0.252508 0.693416 0.002701 0.004115
0 0.266975 0.066872 0.003086 0.005144
0 0.434028 0.730967 0.003858 0.006173
0 0.451775 0.465278 0.003086 0.004630
0 0.464699 0.633230 0.003472 0.005144
0 0.213735 0.257973 0.003858 0.004630
0 0.888889 0.932356 0.003858 0.004630
0 0.199074 0.465792 0.003086 0.004630
0 0.629051 0.524177 0.003472 0.004115
0 0.081597 0.580247 0.003472 0.005144
0 0.146605 0.796039 0.004630 0.005658
0 0.415895 0.419496 0.003858 0.004630
0 0.521605 0.328447 0.003858 0.003601
0 0.579668 0.677726 0.004244 0.005658
0 0.230131 0.346708 0.003472 0.004115
0 0.457369 0.909722 0.007330 0.008745
0 0.190972 0.283693 0.003858 0.004630
0 0.262731 0.376800 0.003858 0.004630
0 0.544174 0.445473 0.003472 0.004115
0 0.623457 0.498714 0.004630 0.005658
0 0.475694 0.606996 0.003858 0.005144
0 0.011767 0.441358 0.002701 0.004115
0 0.398341 0.689558 0.003472 0.005658
0 0.315201 0.071502 0.004630 0.006173
0 0.224730 0.851080 0.003472 0.004630
0 0.706983 0.855710 0.004244 0.004630
0 0.380401 0.430813 0.003086 0.004630
0 0.691744 0.486883 0.003086 0.004630
0 0.318287 0.712963 0.003858 0.005144
0 0.428048 0.496656 0.003472 0.004630
0 0.645833 0.339506 0.003858 0.006173
0 0.387346 0.590021 0.003858 0.004115
0 0.048997 0.387088 0.003858 0.004630
0 0.244599 0.765432 0.003858 0.005144
0 0.664738 0.371142 0.003858 0.004630
0 0.071566 0.636060 0.003472 0.004630
0 0.433449 0.609311 0.004244 0.004630
0 0.495177 0.921811 0.003472 0.006173
0 0.195988 0.346965 0.003858 0.004630
0 0.425347 0.841049 0.003472 0.005144
0 0.653549 0.935185 0.003086 0.004115
0 0.733410 0.755658 0.003858 0.005144
0 0.205633 0.263374 0.003858 0.005144
0 0.363233 0.594136 0.003472 0.005144
0 0.370563 0.465792 0.003472 0.005658
0 0.353781 0.623200 0.003086 0.004630
0 0.396219 0.497942 0.003086 0.004115
0 0.248264 0.452418 0.003472 0.004630
0 0.347801 0.658693 0.003472 0.004630
0 0.150463 0.017747 0.003858 0.004630
0 0.269869 0.682356 0.004244 0.004630
0 0.173997 0.287037 0.003858 0.004115
0 0.553819 0.700617 0.003472 0.005144
0 0.846644 0.607767 0.004244 0.005658
0 0.814622 0.352881 0.004244 0.008230
0 0.387539 0.487654 0.003472 0.004115
0 0.044946 0.504372 0.003472 0.004630
0 0.134066 0.612912 0.003472 0.004630
0 0.423032 0.589249 0.003472 0.004630
0 0.308835 0.725566 0.003472 0.004630
0 0.185571 0.255916 0.003086 0.003601
0 0.418981 0.164609 0.003858 0.005144
0 0.243441 0.474794 0.003858 0.005144
0 0.319830 0.529064 0.003858 0.005658
0 0.526620 0.099280 0.003858 0.005144
0 0.592014 0.789352 0.003472 0.004630
0 0.206597 0.529321 0.003472 0.004115
0 0.260802 0.745885 0.003858 0.005144
0 0.346644 0.778807 0.003472 0.004115
0 0.528164 0.523405 0.003858 0.004630
0 0.204282 0.470422 0.003472 0.004630
0 0.007330 0.493056 0.003858 0.004630
0 0.658758 0.647377 0.003472 0.004630
0 0.466628 0.115998 0.003472 0.004630
0 0.565394 0.613426 0.003472 0.004630
0 0.240548 0.848508 0.003472 0.004630
0 0.677662 0.564300 0.003472 0.004115
0 0.337191 0.684414 0.003858 0.005658
0 0.347801 0.640175 0.002701 0.004630
0 0.400077 0.300669 0.006173 0.005658
0 0.330247 0.599537 0.003086 0.004630
0 0.209298 0.242284 0.003472 0.004115
0 0.144097 0.164095 0.005787 0.006173
0 0.432099 0.694702 0.003086 0.004630
0 0.432099 0.556327 0.003086 0.003601
0 0.674769 0.438786 0.003858 0.005144
0 0.477431 0.044753 0.003472 0.005144
0 0.152006 0.154835 0.003086 0.005144
0 0.219329 0.159208 0.004244 0.004630
0 0.326003 0.707305 0.003858 0.005144
0 0.708719 0.400463 0.003858 0.004630
0 0.438657 0.542181 0.003858 0.005144
0 0.424190 0.549383 0.004244 0.006173
0 0.203511 0.452932 0.004244 0.009774
0 0.514853 0.649691 0.003472 0.005144
0 0.634259 0.927726 0.003858 0.005658
0 0.240934 0.521862 0.003472 0.004630
0 0.221258 0.188014 0.003472 0.004630
0 0.401620 0.300926 0.006173 0.006173
0 0.884066 0.338992 0.003472 0.005144
0 0.600309 0.382973 0.003086 0.003601
0 0.300347 0.556842 0.003472 0.004630
0 0.418403 0.527263 0.003472 0.004115
0 0.070216 0.155093 0.003858 0.004630
0 0.225694 0.054012 0.003086 0.005144
0 0.856867 0.926698 0.003858 0.005658
0 0.361111 0.797840 0.003858 0.004115
0 0.331790 0.639403 0.003086 0.004115
0 0.492863 0.814043 0.003472 0.005658
0 0.078704 0.746914 0.004630 0.005144
0 0.310764 0.735597 0.003472 0.004115
0 0.315972 0.015175 0.003858 0.005658
0 0.634838 0.752829 0.004244 0.004630
0 0.271605 0.485854 0.003086 0.004630
0 0.449846 0.558128 0.003858 0.004115
0 0.210648 0.200617 0.003858 0.005144
0 0.122685 0.076389 0.003858 0.004630
0 0.482639 0.034979 0.003086 0.004115
0 0.392554 0.774177 0.003472 0.004115
0 0.441165 0.586934 0.003472 0.004115
0 0.715278 0.501029 0.003858 0.005144
0 0.348187 0.480195 0.003472 0.004630
0 0.189429 0.757716 0.003858 0.004115
0 0.130208 0.188272 0.003472 0.005144
0 0.425733 0.111368 0.003472 0.004630
0 0.488233 0.525463 0.003472 0.004630
0 0.012153 0.590535 0.002701 0.005144
0 0.366319 0.614455 0.001929 0.004630
0 0.316551 0.578189 0.003472 0.005144
0 0.472608 0.757202 0.002315 0.003086
0 0.675926 0.876029 0.003858 0.005144
0 0.347994 0.496142 0.003086 0.004630
0 0.048611 0.779064 0.004630 0.004630
0 0.512539 0.597479 0.003472 0.004630
0 0.617863 0.344393 0.004244 0.004630
0 0.696566 0.597479 0.003472 0.004630
0 0.196181 0.546811 0.003472 0.004115
0 0.487076 0.603395 0.003472 0.005144
0 0.371914 0.721708 0.006173 0.006173
0 0.483025 0.566101 0.003086 0.003601
0 0.178048 0.463477 0.003472 0.004115
0 0.262731 0.852881 0.007716 0.008230
0 0.589892 0.343621 0.004630 0.008230
0 0.877508 0.070216 0.003472 0.005658
0 0.381173 0.694959 0.003086 0.005144
0 0.412423 0.512088 0.003086 0.004630
0 0.543789 0.453961 0.003472 0.003601
0 0.144290 0.700874 0.003086 0.004630
0 0.380208 0.290381 0.003472 0.004630
0 0.325424 0.333848 0.004244 0.005144
0 0.159144 0.589249 0.003472 0.004630
0 0.094715 0.669239 0.003472 0.005144
0 0.161651 0.936214 0.004630 0.005144
0 0.849537 0.033693 0.003858 0.005658
0 0.152006 0.639146 0.003086 0.004630
0 0.113426 0.022119 0.003858 0.005144
0 0.341049 0.815072 0.003086 0.005658
0 0.248843 0.818158 0.007716 0.010802
0 0.410687 0.533436 0.003472 0.004115
0 0.052083 0.670267 0.003858 0.004115
0 0.488812 0.074074 0.003858 0.005144
0 0.662616 0.330247 0.003472 0.005144
0 0.032215 0.598765 0.003472 0.005144
0 0.693866 0.210905 0.003472 0.005144
0 0.638503 0.027778 0.003858 0.004115
0 0.415316 0.109825 0.003472 0.004630
0 0.242863 0.357767 0.003472 0.004630
0 0.207176 0.340792 0.003086 0.004630
0 0.271412 0.122685 0.004244 0.004630
0 0.131559 0.224537 0.003086 0.003601
0 0.209298 0.492798 0.002701 0.004115
0 0.788387 0.658693 0.002701 0.004630
0 0.246528 0.320216 0.003086 0.004630
0 0.583333 0.606481 0.003858 0.005144
0 0.591049 0.823045 0.003858 0.005144
0 0.382716 0.346451 0.003086 0.004630
0 0.396026 0.106739 0.005787 0.005658
0 0.019676 0.382202 0.003858 0.005144
0 0.285880 0.537551 0.003858 0.006173
0 0.222222 0.282665 0.003858 0.004630
0 0.507137 0.131430 0.003472 0.004630
0 0.377894 0.617541 0.003472 0.004630
0 0.301890 0.245885 0.003472 0.005144
0 0.148920 0.347479 0.003858 0.005658
0 0.362076 0.500257 0.003472 0.005658
0 0.491319 0.784208 0.003472 0.004630
0 0.607446 0.574588 0.003472 0.005144
0 0.641397 0.769290 0.003472 0.004630
0 0.545332 0.579990 0.003472 0.004630
0 0.068673 0.552726 0.003086 0.004630
0 0.571566 0.888374 0.003472 0.005144
0 0.827353 0.838477 0.003472 0.005144
0 0.814429 0.789609 0.004630 0.005144
0 0.676890 0.211163 0.004244 0.005658
0 0.115548 0.126800 0.004244 0.007716
0 0.201003 0.336163 0.003086 0.004630
0 0.143519 0.663580 0.003858 0.004115
0 0.816937 0.753344 0.004244 0.004630
0 0.145833 0.117027 0.003086 0.004630
0 0.186150 0.339763 0.003472 0.004630
0 0.336613 0.281121 0.006559 0.009774
0 0.347415 0.599794 0.002701 0.004115
0 0.555556 0.429784 0.003086 0.004630
0 0.416860 0.571502 0.003472 0.005144
0 0.056134 0.655350 0.004244 0.003086
0 0.213349 0.743056 0.003086 0.003601
0 0.043596 0.689815 0.003858 0.005144
0 0.078897 0.268776 0.003472 0.004630
0 0.072145 0.606996 0.002315 0.004115
0 0.163002 0.255144 0.003472 0.005144
0 0.711998 0.331790 0.003472 0.004115
0 0.436921 0.381430 0.004244 0.005658
0 0.764660 0.382459 0.003858 0.005658
0 0.667631 0.501800 0.008873 0.009774
0 0.069059 0.684156 0.003086 0.005144
0 0.522184 0.534722 0.003472 0.004630
0 0.251157 0.594907 0.003858 0.005658
0 0.627315 0.153292 0.003086 0.004115
0 0.761188 0.708848 0.003086 0.005144
0 0.751929 0.896605 0.003858 0.005144
0 0.403742 0.808642 0.004244 0.006173
0 0.100116 0.275463 0.003472 0.005658
0 0.492863 0.331790 0.003472 0.005144
0 0.377508 0.488940 0.003472 0.004630
0 0.824460 0.308899 0.002315 0.004630
0 0.221065 0.106996 0.006944 0.006173
0 0.316551 0.943416 0.004244 0.005144
0 0.302855 0.586163 0.003086 0.004630
0 0.393904 0.515947 0.003086 0.004115
0 0.357060 0.655607 0.003472 0.004630
0 0.486497 0.448817 0.003086 0.004630
0 0.418596 0.709362 0.003858 0.005144
0 0.446373 0.201389 0.003858 0.004630
0 0.590085 0.534979 0.003472 0.005144
0 0.118827 0.640689 0.003086 0.004630
0 0.412037 0.204733 0.003086 0.004115
0 0.217207 0.630658 0.003086 0.004115
0 0.101852 0.500514 0.003858 0.004115
0 0.441358 0.728138 0.003086 0.004630
0 0.414545 0.279064 0.003472 0.005658
0 0.579090 0.648920 0.003858 0.004630
0 0.386574 0.655607 0.003086 0.004630
0 0.372685 0.414609 0.003858 0.004115
0 0.182485 0.365741 0.003858 0.005144
0 0.262539 0.660751 0.006559 0.005658
0 0.127122 0.143261 0.003472 0.003601
0 0.307485 0.509516 0.003086 0.004630
0 0.537423 0.600309 0.003086 0.004115
0 0.566165 0.688014 0.003472 0.005658
0 0.199653 0.168210 0.003472 0.004115
0 0.451196 0.336420 0.002701 0.004115
0 0.177083 0.542695 0.003086 0.005144
0 0.070795 0.075874 0.004244 0.004630
0 0.575231 0.799897 0.003858 0.005144
0 0.223765 0.457562 0.003858 0.005658
0 0.194252 0.232767 0.003472 0.004630
0 0.408179 0.189043 0.003858 0.004630
0 0.486690 0.513117 0.003472 0.004630
0 0.209684 0.460391 0.001157 0.004115
0 0.551890 0.472479 0.003472 0.004630
0 0.544753 0.840535 0.003858 0.004115
0 0.426505 0.680298 0.003472 0.004630
0 0.235340 0.055298 0.003086 0.004630
0 0.632137 0.378086 0.003472 0.004115
0 0.372299 0.562500 0.003086 0.004630
0 0.148727 0.304784 0.003472 0.004630
0 0.207562 0.732253 0.003086 0.004630
0 0.540316 0.460905 0.003472 0.005144
0 0.039352 0.766975 0.003858 0.005144
0 0.554012 0.556070 0.003086 0.005144
0 0.173032 0.171296 0.004244 0.008230
0 0.057677 0.490484 0.003472 0.004630
0 0.408758 0.701132 0.003472 0.004115
0 0.312693 0.220165 0.003472 0.005144
0 0.222222 0.345422 0.003858 0.004630
0 0.125772 0.060957 0.003086 0.003601
0 0.247492 0.554784 0.003472 0.004630
0 0.676505 0.153807 0.004244 0.005144
0 0.433063 0.207819 0.003472 0.005144
0 0.072145 0.086677 0.004630 0.005658
0 0.136574 0.007716 0.003086 0.004115
0 0.282986 0.123200 0.004244 0.004630
0 0.599537 0.344136 0.003858 0.005144
0 0.440779 0.156636 0.003472 0.004630
0 0.493056 0.578961 0.003086 0.004630
0 0.373264 0.546039 0.003472 0.004630
0 0.235340 0.884002 0.003858 0.004630
0 0.255980 0.241770 0.003472 0.005144
0 0.331790 0.582305 0.003086 0.004115
0 0.489969 0.560957 0.003858 0.004630
0 0.131559 0.477623 0.003086 0.004630
0 0.115355 0.308385 0.003858 0.004630
0 0.147762 0.079218 0.003858 0.005144
0 0.427276 0.260802 0.004244 0.005144
0 0.378086 0.442901 0.003086 0.004115
0 0.513117 0.687757 0.003858 0.005144
0 0.036073 0.421296 0.003472 0.005144
0 0.323110 0.745113 0.004244 0.005658
0 0.687500 0.568930 0.003858 0.005144
0 0.405864 0.328961 0.003086 0.004630
0 0.828704 0.867798 0.003858 0.005144
0 0.247492 0.644033 0.003472 0.004115
0 0.334105 0.369599 0.003086 0.004630
0 0.145833 0.093879 0.003086 0.004630
0 0.314236 0.677469 0.004244 0.005144
0 0.752122 0.541409 0.004244 0.005658
0 0.363812 0.478652 0.003858 0.004630
0 0.675540 0.351852 0.002315 0.004115
0 0.031443 0.377058 0.003472 0.005144
0 0.140818 0.235082 0.003858 0.005144
0 0.324267 0.891204 0.006559 0.007716
0 0.203125 0.087191 0.003472 0.004630
0 0.099344 0.061986 0.004244 0.004630
0 0.303627 0.509002 0.001543 0.004630
0 0.323302 0.478395 0.003086 0.004115
0 0.065008 0.614969 0.004244 0.005658
0 0.336613 0.445988 0.003472 0.005144
0 0.440394 0.597222 0.003472 0.004115
0 0.667631 0.128858 0.005787 0.007716
0 0.619599 0.252829 0.003858 0.004630
0 0.491127 0.682613 0.003086 0.004115
0 0.308642 0.928241 0.003858 0.005658
0 0.162616 0.317130 0.003472 0.004630
0 0.803434 0.350309 0.003472 0.002058
0 0.514082 0.763374 0.006559 0.009259
0 0.660687 0.528292 0.002701 0.005144
0 0.493634 0.419753 0.003472 0.004115
0 0.348958 0.716049 0.003472 0.004115
0 0.834105 0.446759 0.003086 0.004630
0 0.226080 0.113940 0.003858 0.004630
0 0.604360 0.553241 0.002701 0.003601
0 0.006366 0.958333 0.007330 0.011317
0 0.670910 0.769547 0.003858 0.005144
0 0.099730 0.091564 0.003472 0.004115
0 0.594136 0.674897 0.003858 0.004115
0 0.033951 0.617027 0.003858 0.004630
0 0.463349 0.897119 0.003086 0.004115
0 0.371142 0.488683 0.003858 0.005144
0 0.253665 0.709619 0.003472 0.004630
0 0.289545 0.642490 0.003472 0.004115
0 0.304784 0.690329 0.003858 0.005144
0 0.370370 0.471451 0.003086 0.004630
0 0.084684 0.417953 0.003472 0.004630
0 0.230324 0.314558 0.003086 0.003601
0 0.014275 0.673868 0.003086 0.004115
0 0.104938 0.332819 0.003858 0.005144
0 0.406057 0.574588 0.003472 0.005144
0 0.338542 0.317644 0.002701 0.004630
0 0.633102 0.793210 0.004630 0.006173
0 0.081211 0.754115 0.006559 0.006173
0 0.521605 0.725823 0.003086 0.005144
0 0.674576 0.088477 0.009645 0.011317
0 0.187886 0.415123 0.003858 0.004115
0 0.125386 0.369342 0.003858 0.005144
0 0.538194 0.575617 0.003858 0.005144
0 0.126736 0.466564 0.004244 0.004115
0 0.229360 0.472222 0.002701 0.003086
0 0.235147 0.302984 0.003472 0.005144
0 0.145640 0.108025 0.003472 0.004115
0 0.742284 0.473508 0.003858 0.005658
0 0.052855 0.008488 0.003858 0.004630
0 0.056327 0.723251 0.006173 0.006173
0 0.111497 0.103138 0.003858 0.004630
0 0.598380 0.959619 0.004630 0.005658
0 0.256752 0.518004 0.003472 0.004115
0 0.418017 0.332562 0.003472 0.004630
0 0.099537 0.542181 0.003858 0.005144
0 0.487847 0.883488 0.002701 0.003601
0 0.245177 0.650463 0.002701 0.004630
0 0.396412 0.760545 0.004244 0.003601
0 0.211227 0.460391 0.004244 0.005144
0 0.192515 0.526235 0.004630 0.008230
0 0.460262 0.132459 0.003858 0.004630
0 0.508488 0.585391 0.003858 0.006173
0 0.599151 0.111626 0.003858 0.005144
0 0.070988 0.457305 0.003858 0.004115
0 0.338735 0.483025 0.003086 0.005144
0 0.625386 0.284208 0.003858 0.004630
0 0.169753 0.436986 0.003858 0.004630
0 0.436343 0.521091 0.003086 0.004115
0 0.461613 0.549126 0.002701 0.003601
0 0.489776 0.544496 0.002701 0.004630
0 0.286073 0.651492 0.002701 0.003601
0 0.773148 0.242798 0.003858 0.005144
0 0.107253 0.111626 0.003086 0.005144
0 0.679012 0.090792 0.006173 0.008745
0 0.523920 0.943416 0.003858 0.004115
0 0.158758 0.073560 0.004244 0.005144
0 0.231289 0.932870 0.005787 0.008745
0 0.175733 0.064043 0.004244 0.005658
0 0.514660 0.545782 0.003086 0.003086
0 0.764468 0.686471 0.003472 0.004630
0 0.275270 0.908436 0.003472 0.005144
0 0.356867 0.732510 0.006944 0.009259
0 0.543789 0.666152 0.002701 0.004115
0 0.111304 0.013117 0.003472 0.004630
0 0.158565 0.545010 0.003858 0.004630
0 0.164545 0.450874 0.003472 0.004630
0 0.224537 0.460134 0.004630 0.007716
0 0.443480 0.431327 0.003472 0.004630
0 0.620756 0.034208 0.003858 0.005658
0 0.030671 0.579475 0.003472 0.004630
0 0.270448 0.812757 0.003858 0.005144
0 0.443480 0.664866 0.003472 0.004630
0 0.091435 0.766718 0.004630 0.005658
0 0.301698 0.508230 0.003086 0.004115
0 0.207176 0.012603 0.003086 0.003601
0 0.818287 0.778807 0.003086 0.004115
0 0.349537 0.861883 0.003858 0.004630
0 0.477431 0.158951 0.003472 0.005144
0 0.356867 0.353909 0.003086 0.004115
0 0.368056 0.455247 0.003086 0.005144
0 0.062693 0.394290 0.003472 0.004630
0 0.490934 0.017747 0.003472 0.004630
0 0.052662 0.502058 0.004244 0.005144
0 0.172647 0.191101 0.003472 0.003601
0 0.161844 0.271348 0.003472 0.004630
0 0.449653 0.573817 0.003472 0.004630
0 0.297454 0.159465 0.003858 0.004115
0 0.761767 0.672582 0.001929 0.002572
0 0.456597 0.511574 0.003472 0.004630
0 0.048418 0.023148 0.006559 0.008230
0 0.207369 0.664352 0.003472 0.004630
0 0.242863 0.491770 0.002701 0.004115
0 0.454282 0.825103 0.003472 0.005144
0 0.685957 0.646091 0.003858 0.005144
0 0.362847 0.703189 0.003472 0.004115
0 0.695409 0.897377 0.003472 0.004630
0 0.622878 0.855453 0.004244 0.005144
0 0.176505 0.135545 0.003472 0.004630
0 0.253472 0.580761 0.001543 0.003086
0 0.234568 0.794496 0.003858 0.004630
0 0.435571 0.326646 0.003086 0.005144
0 0.666281 0.075360 0.006173 0.008745
0 0.339313 0.595936 0.003472 0.004630
0 0.063079 0.445730 0.003472 0.004630
0 0.288002 0.500514 0.003472 0.004115
0 0.117863 0.316101 0.003472 0.004630
0 0.392168 0.325103 0.003472 0.004115
0 0.351466 0.278807 0.003086 0.004115
0 0.494020 0.041409 0.004244 0.004630
0 0.449846 0.432099 0.003858 0.005144
0 0.631366 0.046553 0.003472 0.005658
0 0.651235 0.056327 0.003086 0.004630
0 0.094522 0.146605 0.003858 0.005144
0 0.088156 0.491255 0.003472 0.004115
0 0.613040 0.476595 0.006944 0.008745
0 0.530093 0.176955 0.003858 0.005144
0 0.159336 0.555041 0.003858 0.005144
0 0.405093 0.623714 0.003086 0.004630
0 0.186728 0.441872 0.003086 0.004115
0 0.215471 0.562500 0.002701 0.003601
0 0.020833 0.402778 0.004630 0.005144
0 0.739005 0.143004 0.004244 0.009259
0 0.611883 0.480195 0.006173 0.009774
0 0.544946 0.436214 0.003472 0.004115
0 0.554205 0.600309 0.003472 0.004115
0 0.368634 0.208848 0.003472 0.005144
0 0.195795 0.638632 0.002701 0.004630
0 0.139660 0.162551 0.003858 0.005144
0 0.497685 0.749743 0.003858 0.004630
0 0.140239 0.141975 0.003472 0.004115
0 0.316165 0.246656 0.003472 0.004630
0 0.610725 0.034979 0.003858 0.005144
0 0.081983 0.933899 0.007330 0.009774
0 0.034915 0.004630 0.003472 0.005144
0 0.616127 0.013374 0.003858 0.005144
0 0.164352 0.485082 0.003086 0.004115
0 0.471451 0.084362 0.003086 0.004115
0 0.272955 0.827675 0.003472 0.003086
0 0.111304 0.104167 0.004244 0.003601
0 0.467593 0.776749 0.003086 0.005144
0 0.278549 0.698045 0.003858 0.005144
0 0.388503 0.581019 0.003086 0.003601
0 0.382137 0.920782 0.003472 0.004115
0 0.546489 0.569187 0.003472 0.004630
0 0.622299 0.852366 0.003858 0.006173
0 0.429784 0.484568 0.003858 0.005144
0 0.090471 0.322274 0.004244 0.004630
0 0.321181 0.252058 0.004244 0.006173
0 0.601080 0.457305 0.003858 0.005144
0 0.229360 0.511317 0.003472 0.005144
0 0.508488 0.086163 0.003858 0.004630
0 0.238040 0.406121 0.003086 0.004630
0 0.245756 0.906636 0.003086 0.004630
0 0.545139 0.123457 0.003858 0.005144
0 0.345872 0.647634 0.003472 0.004115
0 0.164738 0.485854 0.003086 0.004630
0 0.068866 0.737912 0.003472 0.003601
0 0.075231 0.277778 0.003858 0.006173
0 0.077739 0.443673 0.003472 0.004630
0 0.204282 0.614712 0.003472 0.005144
0 0.223958 0.950874 0.003472 0.004630
0 0.004437 0.733282 0.006559 0.007716
0 0.457948 0.718107 0.004630 0.006173
0 0.413966 0.261317 0.003858 0.005144
0 0.540316 0.607253 0.003472 0.003601
0 0.077739 0.960134 0.005787 0.005658
0 0.475502 0.138889 0.003472 0.005144
0 0.626157 0.038837 0.003858 0.005658
0 0.166474 0.955504 0.007330 0.007716
0 0.011960 0.729938 0.004630 0.005144
0 0.406829 0.604167 0.004244 0.004630
0 0.110147 0.425926 0.003472 0.004115
0 0.361304 0.288066 0.006559 0.008230
0 0.298804 0.003858 0.003472 0.004630
0 0.201968 0.708848 0.003472 0.005144
0 0.204090 0.551955 0.003858 0.004115
0 0.526042 0.677212 0.003472 0.005658
0 0.224923 0.707047 0.003086 0.004630
0 0.416088 0.571502 0.002701 0.004115
0 0.433642 0.729424 0.003858 0.006173
0 0.461806 0.564558 0.003086 0.005658
0 0.218750 0.559156 0.003858 0.005144
0 0.222801 0.437757 0.003472 0.005144
0 0.459298 0.556070 0.003472 0.003086
0 0.499807 0.217335 0.003472 0.004630
0 0.239583 0.938786 0.003858 0.008230
0 0.188079 0.600823 0.003472 0.004115
0 0.492863 0.524949 0.003472 0.004630
0 0.741512 0.472994 0.003858 0.004630
0 0.195023 0.019290 0.004244 0.005658
0 0.506752 0.581276 0.003472 0.005144
0 0.468557 0.731996 0.004244 0.005144
0 0.214120 0.345679 0.003858 0.004115
0 0.616512 0.012603 0.003086 0.003601
0 0.507137 0.056842 0.003472 0.004630
0 0.352045 0.767233 0.003472 0.004630
0 0.216435 0.353652 0.004630 0.005658
0 0.021798 0.402521 0.004244 0.004630
0 0.031636 0.400206 0.003086 0.004115
0 0.256944 0.421039 0.003086 0.003601
0 0.594136 0.749486 0.003858 0.004115
0 0.104360 0.171811 0.005787 0.006173
0 0.305363 0.649434 0.004244 0.004630
0 0.296296 0.437757 0.004630 0.006173
0 0.703318 0.602881 0.003858 0.005144
0 0.265239 0.852623 0.007330 0.007716
0 0.643519 0.048611 0.003086 0.004630
0 0.209684 0.271091 0.003472 0.005144
0 0.097994 0.062757 0.003858 0.006173
0 0.506559 0.479681 0.003086 0.004630
0 0.191937 0.002058 0.004244 0.004115
