0 0.355131 0.847479 0.004244 0.005658
0 0.038387 0.634774 0.003472 0.005144
0 0.088156 0.463992 0.004244 0.005144
0 0.278549 0.641975 0.003858 0.004115
0 0.474537 0.265175 0.003858 0.004630
0 0.470872 0.351595 0.003472 0.004630
0 0.020062 0.798354 0.004630 0.005144
0 0.023534 0.260288 0.003858 0.005144
0 0.528935 0.284465 0.003858 0.005144
0 0.045139 0.980967 0.003086 0.004115
0 0.073110 0.983025 0.002701 0.004115
0 0.087384 0.266718 0.003472 0.004630
0 0.597994 0.247942 0.006173 0.008230
0 0.706211 0.504115 0.005787 0.005144
0 0.120370 0.644547 0.006173 0.006173
0 0.602623 0.236883 0.003858 0.005658
0 0.489969 0.117541 0.003858 0.004630
0 0.017361 0.402263 0.003086 0.005144
0 0.704090 0.557099 0.003858 0.005144
0 0.635995 0.387088 0.003472 0.004630
0 0.185571 0.839506 0.003858 0.005144
0 0.031636 0.949331 0.003086 0.004630
0 0.029321 0.845936 0.003858 0.005658
0 0.445602 0.677212 0.003086 0.004630
0 0.089506 0.616770 0.004630 0.008230
0 0.324653 0.108282 0.008102 0.005658
0 0.273534 0.655607 0.003858 0.004630
0 0.341435 0.577675 0.003858 0.005144
0 0.409722 0.265432 0.003858 0.005144
0 0.094715 0.525463 0.003472 0.004630
0 0.428819 0.508745 0.004244 0.005144
0 0.380401 0.620370 0.006173 0.006173
0 0.176312 0.798097 0.006944 0.007716
0 0.051890 0.172068 0.006559 0.007716
0 0.376543 0.014918 0.003858 0.009259
0 0.307485 0.424897 0.003086 0.004115
0 0.070988 0.925412 0.003086 0.004115
0 0.423804 0.476080 0.003472 0.004630
0 0.180556 0.643519 0.004630 0.006173
0 0.331019 0.056070 0.006944 0.009259
0 0.024884 0.235082 0.003472 0.005144
0 0.511574 0.179012 0.004630 0.005144
0 0.096451 0.171296 0.003858 0.004115
0 0.212963 0.334619 0.003858 0.004630
0 0.583526 0.355967 0.003472 0.005144
0 0.399498 0.070216 0.006559 0.007716
0 0.751929 0.685700 0.003858 0.005144
0 0.074267 0.268776 0.003472 0.003601
0 0.403742 0.563786 0.003472 0.005144
0 0.069444 0.967850 0.003858 0.004630
0 0.073881 0.897891 0.004244 0.005658
0 0.199846 0.284979 0.003858 0.006173
0 0.267168 0.529064 0.004244 0.004630
0 0.117477 0.453447 0.003472 0.005658
0 0.084684 0.149691 0.003472 0.004115
0 0.304591 0.049640 0.003472 0.004630
0 0.482832 0.044753 0.003472 0.005144
0 0.099923 0.510288 0.003858 0.005144
0 0.193480 0.315586 0.003472 0.004630
0 0.458719 0.702932 0.003086 0.004630
0 0.125386 0.243570 0.004630 0.007716
0 0.329668 0.466307 0.004244 0.004630
0 0.565394 0.184671 0.003472 0.004115
0 0.482639 0.022891 0.003086 0.004630
0 0.419367 0.284722 0.003086 0.004630
0 0.081597 0.913323 0.003472 0.004630
0 0.103395 0.343879 0.003858 0.004630
0 0.232060 0.340021 0.003472 0.005144
0 0.009259 0.482767 0.003086 0.004630
0 0.387731 0.828189 0.003858 0.005144
0 0.536458 0.884774 0.004244 0.005144
0 0.326775 0.182356 0.003858 0.005658
0 0.550347 0.665638 0.003472 0.005144
0 0.084877 0.241770 0.003086 0.004115
0 0.151427 0.485854 0.003472 0.004630
0 0.117091 0.470422 0.003472 0.005658
0 0.052083 0.684156 0.003858 0.005144
0 0.310378 0.473508 0.003472 0.004630
0 0.060764 0.277521 0.004244 0.007716
0 0.120177 0.430041 0.005787 0.005144
0 0.505208 0.701389 0.004244 0.004630
0 0.325231 0.141975 0.003858 0.005144
0 0.323688 0.282922 0.006944 0.008230
0 0.102623 0.074588 0.003858 0.005144
0 0.104552 0.300669 0.003086 0.004630
0 0.038773 0.799383 0.003472 0.004115
0 0.575424 0.581019 0.004244 0.004630
0 0.432099 0.934414 0.003086 0.004630
0 0.086998 0.779578 0.003472 0.004630
0 0.010417 0.596965 0.003858 0.004630
0 0.352816 0.551698 0.003472 0.004630
0 0.446759 0.086420 0.004630 0.005144
0 0.306520 0.929270 0.003472 0.005658
0 0.020255 0.564043 0.003472 0.004630
0 0.033372 0.940329 0.003472 0.004115
0 0.286651 0.838992 0.003858 0.004115
0 0.235532 0.653807 0.003472 0.004115
0 0.162230 0.661523 0.003472 0.005144
0 0.056327 0.744599 0.003086 0.004630
0 0.179977 0.558899 0.003472 0.004630
0 0.423225 0.539352 0.003858 0.004630
0 0.283758 0.110340 0.003472 0.004630
0 0.008681 0.804527 0.003472 0.005144
0 0.354167 0.654321 0.003086 0.004115
0 0.049576 0.922068 0.003472 0.004630
0 0.060764 0.944444 0.003472 0.005144
0 0.456019 0.662037 0.003858 0.004115
0 0.101659 0.612140 0.004244 0.004115
0 0.165123 0.577932 0.003858 0.005658
0 0.146219 0.537294 0.003858 0.004630
0 0.419753 0.258230 0.003858 0.005144
0 0.102045 0.586420 0.003472 0.004115
0 0.436150 0.297068 0.003472 0.004630
0 0.153935 0.774177 0.003858 0.004115
0 0.454668 0.123971 0.004244 0.005144
0 0.111304 0.598251 0.003472 0.004115
0 0.449846 0.203189 0.003086 0.004115
0 0.260610 0.429012 0.002701 0.004115
0 0.132137 0.847737 0.003472 0.004115
0 0.272569 0.547325 0.005787 0.006173
0 0.284722 0.539352 0.003086 0.004630
0 0.113426 0.491255 0.003086 0.005144
0 0.128279 0.792438 0.003472 0.004630
0 0.153164 0.513117 0.004630 0.005658
0 0.186921 0.804270 0.003472 0.005658
0 0.487847 0.008745 0.004244 0.005144
0 0.268711 0.916152 0.003472 0.004115
0 0.264468 0.014403 0.004244 0.006173
0 0.525077 0.391718 0.003858 0.004630
0 0.536458 0.941358 0.004244 0.005144
0 0.108025 0.575874 0.003086 0.004630
0 0.479167 0.982510 0.003858 0.004115
0 0.337963 0.886831 0.003858 0.005144
0 0.123071 0.325103 0.003086 0.004115
0 0.024691 0.911523 0.003086 0.005144
0 0.237847 0.474537 0.005787 0.004630
0 0.038966 0.681070 0.003858 0.005144
0 0.558256 0.123971 0.003858 0.005144
0 0.682677 0.577932 0.003472 0.004630
0 0.539545 0.822531 0.005787 0.006173
0 0.036073 0.836163 0.002701 0.004630
0 0.473573 0.697016 0.004244 0.005144
0 0.286458 0.454990 0.003472 0.004630
0 0.596065 0.338992 0.004630 0.006173
0 0.440201 0.066615 0.003858 0.004630
0 0.498650 0.107510 0.003472 0.004115
0 0.271991 0.931842 0.003086 0.003601
0 0.114969 0.521862 0.003858 0.004630
0 0.553434 0.941358 0.003472 0.004115
0 0.473187 0.441358 0.003472 0.004115
0 0.059992 0.893261 0.003472 0.004630
0 0.428434 0.055556 0.003472 0.004115
0 0.368056 0.785494 0.003858 0.005144
0 0.076968 0.171553 0.003472 0.004630
0 0.017554 0.720679 0.003472 0.004115
0 0.063272 0.116255 0.003858 0.005144
0 0.487461 0.882973 0.002701 0.003601
0 0.097029 0.192901 0.003472 0.004115
0 0.411073 0.490998 0.004244 0.004630
0 0.470679 0.284979 0.003858 0.005144
0 0.003472 0.581533 0.003858 0.004630
0 0.301505 0.498457 0.003472 0.005144
0 0.081790 0.436471 0.003858 0.004630
0 0.349730 0.802469 0.003472 0.005144
0 0.377315 0.313786 0.003086 0.004115
0 0.167824 0.501029 0.003858 0.005144
0 0.709684 0.766461 0.003472 0.005144
0 0.085648 0.514660 0.003858 0.004630
0 0.256559 0.230453 0.003086 0.005144
0 0.362461 0.765689 0.003472 0.003601
0 0.082562 0.746656 0.004630 0.003601
0 0.459877 0.841564 0.003086 0.005144
0 0.179977 0.370885 0.003472 0.005144
0 0.037037 0.860854 0.003858 0.004630
0 0.077160 0.589506 0.003086 0.004115
0 0.625965 0.599023 0.008102 0.009774
0 0.354360 0.769547 0.002701 0.004115
0 0.534144 0.130916 0.003472 0.004630
0 0.338349 0.773405 0.003086 0.005658
0 0.511574 0.115741 0.003858 0.005144
0 0.108025 0.226337 0.003858 0.004115
0 0.233218 0.413323 0.003472 0.004630
0 0.008295 0.309671 0.003472 0.005144
0 0.154900 0.455247 0.003472 0.005144
0 0.602045 0.205761 0.004244 0.005144
0 0.071181 0.192901 0.003472 0.005144
0 0.279514 0.891718 0.003472 0.004630
0 0.346258 0.693673 0.005787 0.007716
0 0.266590 0.185700 0.006944 0.008230
0 0.231674 0.151749 0.003472 0.005144
0 0.325424 0.708848 0.004244 0.005144
0 0.475502 0.185442 0.003472 0.004630
0 0.172454 0.945988 0.003858 0.004115
0 0.314815 0.544239 0.004630 0.008230
0 0.091242 0.315329 0.003472 0.005144
0 0.292631 0.935442 0.003472 0.004630
0 0.745563 0.554784 0.003472 0.002572
0 0.072338 0.534465 0.003472 0.004115
0 0.641782 0.238426 0.005787 0.007716
0 0.115548 0.967078 0.003472 0.004115
0 0.066744 0.273405 0.003858 0.005658
0 0.448688 0.010031 0.003858 0.005658
0 0.369213 0.815072 0.003858 0.004630
0 0.151427 0.627829 0.003472 0.004630
0 0.656829 0.617798 0.004244 0.005144
0 0.130208 0.383488 0.003472 0.004630
0 0.416281 0.532922 0.003858 0.004115
0 0.532407 0.335648 0.007716 0.008745
0 0.161458 0.971965 0.003472 0.004630
0 0.160494 0.730195 0.003858 0.004630
0 0.189815 0.677726 0.003086 0.004630
0 0.761574 0.737140 0.002315 0.004115
0 0.144483 0.601337 0.005787 0.006173
0 0.023920 0.156379 0.002315 0.004115
0 0.209684 0.730453 0.004244 0.005144
0 0.352238 0.745628 0.003086 0.004630
0 0.272184 0.588220 0.003472 0.004630
0 0.737269 0.803241 0.003858 0.005658
0 0.364969 0.123200 0.003858 0.004630
0 0.267361 0.722994 0.004630 0.005658
0 0.148534 0.609053 0.004630 0.005144
0 0.353781 0.686214 0.003858 0.004115
0 0.209491 0.983796 0.006173 0.007716
0 0.278935 0.913580 0.003858 0.005144
0 0.527971 0.858796 0.005787 0.008745
0 0.049961 0.299126 0.002701 0.003601
0 0.011960 0.742541 0.003086 0.004630
0 0.397377 0.415123 0.003858 0.005144
0 0.108410 0.199331 0.003086 0.004630
0 0.008488 0.217593 0.003858 0.005144
0 0.044367 0.212963 0.003858 0.004115
0 0.142747 0.657665 0.003858 0.004630
0 0.096644 0.780607 0.003472 0.004630
0 0.242284 0.066358 0.006173 0.011317
0 0.217593 0.256944 0.003086 0.004630
0 0.086227 0.841821 0.002701 0.004630
0 0.177276 0.741512 0.003472 0.003601
0 0.512731 0.466564 0.003858 0.005144
0 0.231289 0.278549 0.004244 0.005658
0 0.290123 0.616512 0.003858 0.004630
0 0.028742 0.092078 0.003472 0.006173
0 0.041281 0.896091 0.003858 0.005144
0 0.511574 0.786523 0.003086 0.004115
0 0.598958 0.874228 0.004244 0.008745
0 0.238040 0.244342 0.003858 0.005144
0 0.526620 0.806070 0.006944 0.008230
0 0.164352 0.379115 0.003858 0.006173
0 0.436343 0.040895 0.003858 0.004630
0 0.167052 0.698045 0.004630 0.006173
0 0.661073 0.010031 0.005787 0.008745
0 0.276235 0.837706 0.003858 0.004630
0 0.357639 0.407407 0.003086 0.004115
0 0.417438 0.374743 0.003858 0.003601
0 0.537616 0.147377 0.003472 0.005658
0 0.080247 0.884774 0.003858 0.005144
0 0.036265 0.280864 0.003086 0.004115
0 0.143519 0.849023 0.003086 0.004630
0 0.288002 0.955504 0.003472 0.004630
0 0.301312 0.884259 0.003086 0.004115
0 0.160687 0.492798 0.003472 0.004115
0 0.091821 0.061728 0.003858 0.005144
0 0.053048 0.589249 0.003472 0.004630
0 0.067515 0.174640 0.003086 0.004630
0 0.053627 0.726852 0.003858 0.004115
0 0.309414 0.691358 0.004630 0.005144
0 0.312307 0.154064 0.003472 0.004630
0 0.011960 0.878858 0.003086 0.003601
0 0.093171 0.814815 0.003472 0.005144
0 0.085262 0.559414 0.003858 0.005658
0 0.241512 0.558128 0.003086 0.004115
0 0.369020 0.150977 0.003472 0.005658
0 0.273727 0.988940 0.003472 0.005658
0 0.320602 0.860082 0.003858 0.004115
0 0.083912 0.297325 0.003472 0.005144
0 0.116127 0.311986 0.003858 0.004630
0 0.276042 0.232510 0.003472 0.004115
0 0.227045 0.585134 0.003472 0.004630
0 0.021412 0.995370 0.003472 0.003086
0 0.477045 0.743313 0.004244 0.004115
0 0.390818 0.905093 0.004630 0.005658
0 0.492670 0.231481 0.003858 0.005144
0 0.144869 0.682613 0.004244 0.004115
0 0.335648 0.867541 0.003086 0.004630
0 0.611304 0.479167 0.004244 0.005658
0 0.470679 0.250772 0.003858 0.004630
0 0.552469 0.396605 0.003858 0.005144
0 0.300540 0.573302 0.003086 0.004630
0 0.006366 0.842078 0.003472 0.004115
0 0.046296 0.242284 0.003086 0.004115
0 0.064429 0.812757 0.003858 0.005144
0 0.101852 0.256430 0.003086 0.004630
0 0.065201 0.741770 0.003086 0.004115
0 0.300733 0.655350 0.003472 0.005144
0 0.164738 0.193930 0.003086 0.004115
0 0.499228 0.758488 0.003086 0.004630
0 0.057870 0.541152 0.003086 0.004115
0 0.032600 0.915638 0.003472 0.004115
0 0.283758 0.427726 0.003472 0.004630
0 0.143326 0.396091 0.003472 0.005144
0 0.099923 0.329218 0.003086 0.004115
0 0.332176 0.812500 0.003086 0.004630
0 0.264082 0.226852 0.003472 0.005144
0 0.391204 0.646605 0.003858 0.005144
0 0.359568 0.945473 0.003858 0.004115
0 0.146219 0.521091 0.003858 0.005144
0 0.644483 0.015947 0.003472 0.005144
0 0.431327 0.813272 0.006944 0.008230
0 0.102045 0.263374 0.003472 0.004115
0 0.405478 0.852109 0.003086 0.004630
0 0.326389 0.782407 0.003086 0.005144
0 0.065008 0.988426 0.003472 0.003601
0 0.125386 0.457305 0.003858 0.004115
0 0.351080 0.788066 0.003086 0.004115
0 0.096065 0.313786 0.003086 0.004115
0 0.047647 0.346193 0.003472 0.005144
0 0.430556 0.285237 0.003086 0.003601
0 0.481867 0.764660 0.003858 0.004630
0 0.132137 0.481481 0.003472 0.005144
0 0.536458 0.857510 0.002701 0.005144
0 0.017747 0.919239 0.003086 0.004115
0 0.456790 0.639403 0.001543 0.003086
0 0.632330 0.973765 0.003858 0.005144
0 0.487076 0.768519 0.004244 0.005144
0 0.125386 0.541924 0.003858 0.005658
0 0.265239 0.692644 0.003472 0.004630
0 0.529707 0.377829 0.003086 0.004630
0 0.504437 0.778807 0.002701 0.004115
0 0.238426 0.634516 0.003086 0.004630
0 0.016782 0.208848 0.003472 0.005144
0 0.250000 0.390175 0.003858 0.004630
0 0.179012 0.991512 0.006173 0.005658
0 0.228781 0.935700 0.003858 0.004115
0 0.023341 0.772119 0.003472 0.005144
0 0.157986 0.885802 0.004244 0.005144
0 0.661458 0.273148 0.002701 0.003086
0 0.083719 0.426183 0.003858 0.004630
0 0.430363 0.251543 0.003472 0.005144
0 0.429591 0.371399 0.003472 0.005144
0 0.179012 0.724794 0.003086 0.004115
0 0.238040 0.256944 0.003086 0.005658
0 0.154707 0.594136 0.003086 0.004115
0 0.288966 0.668467 0.003086 0.004630
0 0.468943 0.017490 0.003472 0.005144
0 0.286651 0.988169 0.003086 0.004115
0 0.342785 0.561214 0.003472 0.005144
0 0.452546 0.646862 0.003086 0.005658
0 0.445795 0.567130 0.004244 0.005658
0 0.039352 0.957047 0.003858 0.003601
0 0.471836 0.765432 0.003858 0.005144
0 0.118056 0.415381 0.003858 0.005658
0 0.500193 0.729681 0.003472 0.004630
0 0.149691 0.688272 0.003086 0.004115
0 0.398341 0.725823 0.003472 0.005144
0 0.001157 0.960134 0.002315 0.004630
0 0.367477 0.859311 0.003472 0.003601
0 0.498071 0.017747 0.002315 0.004630
0 0.383873 0.070216 0.006173 0.007716
0 0.378472 0.065329 0.003858 0.005144
0 0.585455 0.171811 0.002701 0.005144
0 0.589892 0.172068 0.003086 0.005658
0 0.623457 0.224023 0.003858 0.008745
0 0.627894 0.221965 0.003472 0.009774
0 0.330247 0.425669 0.003858 0.005658
0 0.113812 0.548868 0.003858 0.004115
0 0.113426 0.554270 0.003858 0.005658
0 0.116705 0.556070 0.002701 0.004115
0 0.083140 0.487912 0.003472 0.004630
0 0.087770 0.487912 0.003472 0.005658
0 0.041088 0.472479 0.002701 0.005658
0 0.045332 0.469136 0.003472 0.006173
0 0.006752 0.818673 0.004244 0.004630
0 0.005980 0.832562 0.003472 0.004630
0 0.033951 0.891204 0.003858 0.003601
0 0.032986 0.897377 0.003472 0.004630
0 0.005594 0.889146 0.004244 0.004630
0 0.216242 0.929784 0.004244 0.005658
0 0.212770 0.932613 0.002701 0.005144
0 0.222608 0.907922 0.003086 0.005144
0 0.225309 0.912551 0.004630 0.005144
0 0.257137 0.833848 0.005787 0.005144
0 0.531636 0.786265 0.003086 0.005658
0 0.511574 0.794753 0.003858 0.005144
0 0.492284 0.776749 0.003858 0.005144
0 0.374614 0.905093 0.003858 0.003601
0 0.535926 0.645844 0.004198 0.005267
0 0.530741 0.721070 0.005185 0.006914
0 0.319877 0.547407 0.004198 0.006584
0 0.186790 0.640247 0.005185 0.005926
0 0.343457 0.762881 0.003457 0.005597
0 0.326914 0.844033 0.004938 0.005267
0 0.080741 0.832016 0.005432 0.006255
0 0.033827 0.787243 0.003457 0.006255
0 0.037778 0.789547 0.003457 0.006914
0 0.053704 0.957819 0.004938 0.005350
0 0.359506 0.645514 0.003951 0.006584
0 0.068765 0.737366 0.002716 0.004609
0 0.086790 0.833333 0.003704 0.005597
0 0.041481 0.711523 0.005926 0.006255
0 0.687963 0.072634 0.005556 0.006996
0 0.515741 0.301852 0.004321 0.005350
0 0.532198 0.136428 0.003951 0.003687
0 0.539506 0.141695 0.003951 0.003687
0 0.015802 0.028444 0.006716 0.006321
0 0.016099 0.157366 0.004543 0.005531
0 0.319506 0.176988 0.005728 0.006848
0 0.232000 0.224000 0.004938 0.005004
0 0.233877 0.229531 0.003556 0.005531
0 0.231012 0.249679 0.002963 0.004741
0 0.234272 0.254420 0.003160 0.004214
0 0.226370 0.256922 0.003951 0.004477
0 0.230123 0.259556 0.002370 0.005004
0 0.278025 0.249679 0.004543 0.006321
0 0.279605 0.254551 0.004543 0.004477
0 0.283160 0.243095 0.004543 0.007374
0 0.286321 0.237827 0.004938 0.005267
0 0.133037 0.289185 0.005333 0.006321
0 0.132346 0.295506 0.007111 0.006321
0 0.103111 0.213597 0.006716 0.007901
0 0.108938 0.214782 0.003753 0.004477
0 0.115654 0.207934 0.005728 0.005004
0 0.156543 0.195687 0.005728 0.005267
0 0.061926 0.178568 0.004938 0.004741
0 0.002667 0.238354 0.005333 0.007901
0 0.001185 0.297481 0.002370 0.006584
0 0.326519 0.423506 0.002765 0.005794
0 0.140247 0.457481 0.004741 0.006848
