0 0.947447 0.318290 0.025534 0.030087
0 0.918349 0.376485 0.020784 0.021378
0 0.898456 0.393508 0.016627 0.028504
0 0.874703 0.552257 0.016627 0.026128
0 0.817993 0.430325 0.020784 0.011876
0 0.752375 0.423595 0.007126 0.020586
0 0.735748 0.419636 0.014252 0.012668
0 0.717933 0.446160 0.010689 0.022961
0 0.654691 0.457245 0.020784 0.022961
0 0.684976 0.511085 0.017221 0.022961
0 0.664786 0.538005 0.013658 0.018211
0 0.641033 0.551861 0.006532 0.014252
0 0.621734 0.565321 0.005938 0.011085
0 0.615796 0.570071 0.007126 0.011085
0 0.597981 0.530483 0.016627 0.014252
0 0.709323 0.374505 0.017221 0.020586
0 0.692399 0.338480 0.017815 0.019794
0 0.757126 0.276326 0.011876 0.023753
0 0.699822 0.264846 0.019596 0.022961
0 0.633610 0.275139 0.011876 0.013460
0 0.642850 0.277941 0.011021 0.012668
0 0.713349 0.041805 0.017482 0.020776
0 0.655772 0.016722 0.017102 0.015202
0 0.688836 0.033951 0.014822 0.025337
0 0.641330 0.045352 0.018622 0.023816
0 0.609026 0.094252 0.020143 0.029390
0 0.591924 0.256659 0.012542 0.015709
0 0.521805 0.293143 0.006841 0.014695
0 0.587743 0.421346 0.013302 0.024830
0 0.608646 0.468725 0.007221 0.018242
0 0.566271 0.411971 0.014442 0.022296
0 0.550499 0.430721 0.012542 0.014188
0 0.536627 0.420079 0.009121 0.013175
0 0.484561 0.398290 0.008361 0.014188
0 0.476580 0.451496 0.008361 0.010135
0 0.456817 0.444656 0.013682 0.017736
0 0.454727 0.486714 0.012542 0.010641
0 0.492922 0.518131 0.010641 0.012668
0 0.500903 0.490768 0.014442 0.021789
0 0.516675 0.515091 0.014822 0.014695
0 0.510662 0.562673 0.014837 0.023999
0 0.510905 0.602401 0.014351 0.023026
0 0.539850 0.595914 0.014351 0.014594
0 0.565146 0.598833 0.009972 0.012648
0 0.570254 0.604995 0.006567 0.008108
0 0.465786 0.684450 0.015080 0.014594
0 0.453260 0.648452 0.008027 0.013297
0 0.438788 0.614886 0.008270 0.012324
0 0.350130 0.502190 0.011432 0.011351
0 0.351103 0.512243 0.008513 0.009405
0 0.357062 0.512730 0.006324 0.009081
0 0.367400 0.504784 0.009972 0.011999
0 0.388074 0.509811 0.014351 0.013621
0 0.431734 0.514838 0.016540 0.011999
0 0.440612 0.500892 0.012891 0.013945
0 0.418235 0.584564 0.009486 0.017837
0 0.397074 0.567700 0.010459 0.013945
0 0.394398 0.595428 0.014351 0.015567
0 0.401330 0.612616 0.015567 0.016864
0 0.424437 0.618940 0.016540 0.010702
0 0.408262 0.629805 0.008513 0.009729
0 0.415559 0.637588 0.009000 0.010378
0 0.418843 0.655101 0.006324 0.016215
0 0.410573 0.659803 0.007783 0.010702
0 0.434045 0.669370 0.013378 0.015567
0 0.443044 0.658019 0.006567 0.011675
0 0.450706 0.717692 0.010702 0.016215
0 0.401938 0.685261 0.009972 0.016864
0 0.377980 0.670343 0.008756 0.011675
0 0.368372 0.666289 0.009000 0.015891
0 0.344293 0.644236 0.009972 0.015891
0 0.369710 0.612130 0.011189 0.013297
0 0.371170 0.598671 0.008756 0.012324
0 0.360103 0.574186 0.009000 0.013945
0 0.354265 0.574024 0.005108 0.012972
0 0.349887 0.574997 0.006567 0.017513
0 0.340279 0.553106 0.014107 0.017837
0 0.323132 0.541755 0.011918 0.017188
0 0.343198 0.614238 0.007783 0.011026
0 0.360467 0.623481 0.010702 0.009405
0 0.358157 0.611643 0.007054 0.009081
0 0.362170 0.602401 0.005838 0.010702
0 0.379743 0.373764 0.009729 0.014594
0 0.383696 0.408019 0.014594 0.014999
0 0.321976 0.415113 0.017634 0.021080
0 0.347211 0.442477 0.009729 0.014188
0 0.335506 0.453625 0.013074 0.016215
0 0.358765 0.428694 0.011553 0.014188
0 0.354812 0.438625 0.008513 0.010540
0 0.299173 0.453827 0.018242 0.015810
0 0.277587 0.465989 0.014594 0.019864
0 0.262993 0.434774 0.012162 0.022296
0 0.299173 0.483420 0.012162 0.015810
0 0.258432 0.478556 0.012770 0.010945
0 0.240038 0.485447 0.009425 0.012567
0 0.273634 0.523351 0.010337 0.012162
0 0.286252 0.495785 0.014290 0.017837
0 0.295525 0.517473 0.009121 0.011756
0 0.301758 0.506933 0.006993 0.013378
0 0.316960 0.514230 0.011857 0.011756
0 0.286100 0.574632 0.010337 0.012567
0 0.292789 0.581523 0.007297 0.008513
0 0.284428 0.591253 0.008209 0.013378
0 0.291876 0.599563 0.008513 0.010540
0 0.314071 0.611724 0.012162 0.012162
0 0.310423 0.634629 0.009121 0.014188
0 0.321976 0.633615 0.010945 0.011351
0 0.332922 0.642331 0.009729 0.010135
0 0.363477 0.482002 0.007601 0.016215
0 0.373815 0.449976 0.009425 0.010540
0 0.373967 0.444301 0.008513 0.008108
0 0.356029 0.455652 0.007905 0.008918
0 0.347515 0.463354 0.009121 0.008918
0 0.384912 0.275053 0.015202 0.012567
0 0.363021 0.293295 0.017634 0.012567
0 0.366822 0.305862 0.014290 0.010945
0 0.299629 0.371129 0.010033 0.015810
0 0.292485 0.369305 0.004865 0.015405
0 0.286708 0.372548 0.006689 0.015405
0 0.282755 0.344779 0.013378 0.013378
0 0.231677 0.345590 0.015810 0.019053
0 0.183487 0.360386 0.014290 0.018648
0 0.243230 0.527810 0.010945 0.014594
0 0.262841 0.547876 0.010033 0.011756
0 0.261777 0.526999 0.015810 0.020269
0 0.273178 0.541593 0.012466 0.012162
0 0.315914 0.772763 0.012770 0.015625
0 0.238124 0.305622 0.012770 0.015625
0 0.219121 0.285827 0.012770 0.015625
0 0.217933 0.300871 0.012770 0.015625
0 0.209421 0.258797 0.012770 0.015625
0 0.200908 0.266581 0.012770 0.015625
0 0.237393 0.275823 0.005351 0.007459
0 0.234109 0.268689 0.008027 0.006810
0 0.230947 0.276310 0.008027 0.009081
0 0.265273 0.599968 0.012770 0.015625
0 0.257292 0.602502 0.012770 0.015625
0 0.235249 0.601489 0.012770 0.015625
0 0.236390 0.614157 0.012770 0.015625
0 0.204086 0.588820 0.012770 0.015625
0 0.193064 0.577672 0.012770 0.015625
0 0.183183 0.570578 0.012770 0.015625
0 0.205986 0.565511 0.012770 0.015625
0 0.227648 0.561457 0.012770 0.015625
0 0.205986 0.551322 0.012770 0.015625
0 0.177102 0.480887 0.012770 0.015625
0 0.169881 0.532573 0.012770 0.015625
0 0.185463 0.537134 0.012770 0.015625
0 0.158480 0.584766 0.012770 0.015625
0 0.174062 0.603515 0.012770 0.015625
0 0.164561 0.606049 0.012770 0.015625
0 0.153539 0.602502 0.012770 0.015625
0 0.156960 0.619224 0.012770 0.015625
0 0.148219 0.622771 0.012770 0.015625
0 0.096912 0.659762 0.012770 0.015625
0 0.102233 0.680538 0.012770 0.015625
0 0.123895 0.708409 0.012770 0.015625
0 0.125416 0.748440 0.012770 0.015625
0 0.120855 0.771750 0.012770 0.015625
0 0.121995 0.793032 0.012770 0.015625
0 0.152019 0.840665 0.012770 0.015625
0 0.178242 0.847759 0.012770 0.015625
0 0.198385 0.873096 0.012770 0.015625
0 0.210926 0.862961 0.012770 0.015625
0 0.172542 0.882724 0.012770 0.015625
0 0.162660 0.889311 0.012770 0.015625
0 0.057007 0.775297 0.012770 0.015625
0 0.046366 0.606556 0.012770 0.015625
0 0.093112 0.552336 0.012770 0.015625
0 0.123895 0.535614 0.012770 0.015625
0 0.137957 0.521932 0.012770 0.015625
0 0.153159 0.515851 0.012770 0.015625
0 0.127696 0.504703 0.012770 0.015625
0 0.067648 0.460111 0.012770 0.015625
0 0.062708 0.439842 0.012770 0.015625
0 0.026603 0.413998 0.012770 0.015625
0 0.160380 0.477846 0.012770 0.015625
0 0.144418 0.472779 0.012770 0.015625
0 0.144038 0.488994 0.012770 0.015625
0 0.178052 0.639747 0.007981 0.013682
0 0.171971 0.638480 0.006461 0.013175
0 0.161140 0.701821 0.011401 0.016215
0 0.154299 0.706888 0.006841 0.015202
0 0.146128 0.708409 0.007221 0.016215
0 0.112494 0.832051 0.012770 0.015625
0 0.108694 0.871576 0.012770 0.015625
0 0.103753 0.888551 0.012922 0.015709
0 0.095202 0.890071 0.007221 0.014695
0 0.062898 0.880190 0.014822 0.018242
0 0.072019 0.922502 0.022423 0.021789
0 0.133777 0.873856 0.013682 0.015709
0 0.145938 0.866002 0.009881 0.016215
0 0.142518 0.878670 0.007601 0.013175
0 0.152209 0.878163 0.007981 0.011148
0 0.150119 0.900459 0.009121 0.012162
0 0.133207 0.915154 0.011781 0.012162
0 0.157720 0.922249 0.012922 0.008108
0 0.160000 0.910087 0.011401 0.012162
0 0.180333 0.920982 0.019382 0.014695
0 0.148979 0.930863 0.012922 0.014188
0 0.187933 0.893112 0.014062 0.017736
0 0.200285 0.916168 0.006841 0.010135
0 0.208266 0.901979 0.015962 0.008108
0 0.210166 0.909074 0.006841 0.008108
0 0.219667 0.910087 0.008361 0.009121
0 0.223468 0.937197 0.009881 0.016722
0 0.201805 0.944291 0.011401 0.009628
0 0.184893 0.969881 0.015582 0.017229
0 0.142898 0.981789 0.014442 0.018749
0 0.210546 0.107427 0.011401 0.011148
0 0.198195 0.107173 0.009501 0.012668
0 0.206556 0.093998 0.012542 0.014695
0 0.356675 0.066382 0.017862 0.014188
0 0.343753 0.059034 0.011781 0.015709
0 0.163610 0.324814 0.013302 0.017229
0 0.151449 0.334442 0.008741 0.014188
0 0.146888 0.347110 0.011781 0.016215
0 0.094252 0.288583 0.018242 0.020776
0 0.099002 0.259192 0.011781 0.011655
0 0.101473 0.244497 0.015202 0.009628
0 0.128646 0.275408 0.025463 0.018749
0 0.085701 0.466192 0.017102 0.025337
0 0.144608 0.578939 0.014822 0.018749
0 0.129216 0.593888 0.019002 0.024323
