0 0.148727 0.423611 0.005787 0.007716
0 0.164931 0.431842 0.006559 0.008745
0 0.054205 0.557099 0.005787 0.006173
0 0.311921 0.394805 0.005787 0.007716
0 0.080247 0.540381 0.006173 0.007716
0 0.130015 0.451903 0.006173 0.007716
0 0.011574 0.534979 0.006173 0.008230
0 0.329090 0.382459 0.006173 0.007716
0 0.119213 0.378086 0.004630 0.005144
0 0.007330 0.260802 0.006173 0.006173
0 0.070216 0.458076 0.004630 0.005658
0 0.230131 0.436986 0.005787 0.005658
0 0.094907 0.513117 0.006173 0.007716
0 0.103781 0.344650 0.006944 0.008230
0 0.285880 0.558385 0.006173 0.007716
0 0.356481 0.323560 0.006944 0.009259
0 0.126929 0.047325 0.008488 0.012346
0 0.054398 0.282407 0.010031 0.009259
0 0.108989 0.265175 0.005787 0.007716
0 0.104938 0.040381 0.004630 0.007716
0 0.035926 0.567654 0.005185 0.006914
0 0.071759 0.021862 0.005401 0.008745
0 0.168210 0.284465 0.006173 0.009259
