0 0.450365 0.418668 0.012709 0.016962
0 0.354732 0.033609 0.012520 0.016981
0 0.338472 0.043574 0.013231 0.017877
0 0.505443 0.701346 0.012888 0.017497
0 0.583356 0.169988 0.012321 0.016823
0 0.666100 0.609125 0.011725 0.016007
0 0.582075 0.279987 0.013462 0.017869
0 0.495618 0.417845 0.012776 0.016552
0 0.568808 0.228138 0.014379 0.019252
0 0.509886 0.457658 0.014064 0.018534
0 0.359979 0.298013 0.013472 0.018134
0 0.342696 0.467614 0.012637 0.016847
0 0.403562 0.539566 0.013508 0.017758
0 0.439820 0.438841 0.012969 0.017177
0 0.598547 0.278078 0.012967 0.017373
0 0.332588 0.466235 0.012419 0.016063
0 0.496659 0.439069 0.013335 0.017599
0 0.575388 0.398539 0.013961 0.018220
0 0.551655 0.216499 0.013833 0.018187
0 0.497345 0.450857 0.013340 0.017313
0 0.571689 0.180458 0.012038 0.016768
0 0.395077 0.337553 0.013499 0.018228
0 0.608212 0.551052 0.014270 0.019150
0 0.360466 0.403505 0.013751 0.018307
0 0.393404 0.372134 0.012205 0.016380
0 0.734961 0.181039 0.012546 0.017230
0 0.558419 0.070714 0.013034 0.017653
0 0.753480 0.393287 0.012350 0.016761
0 0.497426 0.357653 0.011565 0.015868
0 0.564611 0.118095 0.012846 0.016895
0 0.409127 0.155724 0.013948 0.018756
0 0.619674 0.578439 0.011956 0.016056
0 0.887968 0.221514 0.012928 0.017130
0 0.401036 0.043873 0.013310 0.017830
0 0.589864 0.245729 0.013741 0.018527
0 0.313715 0.109206 0.012668 0.017069
0 0.418030 0.193612 0.013259 0.017835
0 0.375840 0.141939 0.013960 0.018500
0 0.641829 0.272272 0.013818 0.018536
0 0.501604 0.407074 0.012620 0.017199
0 0.361599 0.473942 0.011205 0.015535
0 0.754934 0.629826 0.012441 0.016725
0 0.515867 0.437900 0.013960 0.019205
0 0.484764 0.379843 0.013419 0.017848
0 0.589625 0.158972 0.012336 0.016565
0 0.462392 0.336599 0.012411 0.016599
0 0.373550 0.327153 0.012799 0.017531
0 0.370839 0.018729 0.012792 0.017208
0 0.330474 0.426359 0.013981 0.019128
0 0.629554 0.509640 0.014658 0.019475
0 0.557322 0.267463 0.013449 0.018154
0 0.520247 0.702815 0.013053 0.017133
0 0.354308 0.017445 0.011973 0.016863
0 0.547548 0.177829 0.012857 0.017324
0 0.728253 0.433642 0.012046 0.016558
0 0.474151 0.411691 0.013191 0.018215
0 0.428047 0.396786 0.013771 0.018444
0 0.362440 0.510451 0.013584 0.017762
0 0.512761 0.737876 0.013138 0.017679
0 0.617662 0.453452 0.012565 0.017029
0 0.672576 0.540159 0.013709 0.018381
0 0.524418 0.195935 0.014070 0.018376
0 0.344067 0.758743 0.014511 0.019183
0 0.573346 0.556288 0.012230 0.016848
0 0.572200 0.274433 0.013427 0.017515
0 0.497543 0.681736 0.012193 0.016429
0 0.454643 0.403996 0.013176 0.017663
0 0.367947 0.085995 0.014191 0.018923
0 0.452465 0.519003 0.013537 0.018118
0 0.466470 0.683099 0.012425 0.016964
0 0.434672 0.499903 0.014373 0.019363
0 0.480960 0.688907 0.012588 0.016500
0 0.739939 0.402897 0.012563 0.016972
0 0.572175 0.649572 0.012193 0.016338
0 0.554079 0.292479 0.014012 0.018923
0 0.540852 0.123478 0.012572 0.017052
0 0.398956 0.352124 0.013022 0.017932
0 0.782374 0.393846 0.013156 0.017714
0 0.604174 0.141038 0.012479 0.016774
0 0.224904 0.723255 0.013674 0.018707
0 0.641049 0.566098 0.013049 0.017589
0 0.481289 0.514550 0.013210 0.017520
0 0.629957 0.555656 0.012998 0.017576
0 0.209745 0.736284 0.013165 0.017771
0 0.597282 0.590666 0.010960 0.014379
0 0.654095 0.180834 0.012879 0.017128
0 0.438379 0.326282 0.012728 0.016880
0 0.326022 0.785903 0.013236 0.017683
0 0.619563 0.435304 0.012661 0.016868
0 0.565587 0.311855 0.014059 0.018948
0 0.685708 0.586969 0.011585 0.014809
0 0.736991 0.363580 0.013221 0.017929
0 0.493289 0.320462 0.011576 0.016239
0 0.838600 0.389682 0.012397 0.016873
0 0.208493 0.775236 0.013449 0.017981
0 0.491489 0.712164 0.013424 0.018003
0 0.893387 0.141415 0.013182 0.017821
0 0.634600 0.460204 0.013093 0.017434
0 0.567561 0.148407 0.012940 0.017040
0 0.549454 0.414933 0.013944 0.018550
0 0.740404 0.569902 0.013408 0.017882
0 0.463128 0.323892 0.012281 0.015874
0 0.323329 0.472999 0.013041 0.017466
0 0.383924 0.404230 0.013125 0.017079
0 0.633798 0.597179 0.011955 0.016198
0 0.332427 0.143204 0.013560 0.017907
0 0.728686 0.297995 0.012374 0.016807
0 0.284612 0.438006 0.014001 0.018565
0 0.392848 0.524333 0.013510 0.017721
0 0.501389 0.226328 0.014017 0.018684
0 0.298064 0.038996 0.013917 0.018437
0 0.781326 0.181189 0.013005 0.017511
0 0.309079 0.593235 0.014422 0.019631
0 0.651435 0.654535 0.012508 0.016576
0 0.790592 0.315418 0.012461 0.016260
0 0.354717 0.114894 0.014264 0.018849
0 0.646631 0.618090 0.010671 0.014950
0 0.305429 0.654675 0.014369 0.019364
0 0.595690 0.580135 0.011209 0.015191
0 0.627281 0.478734 0.013036 0.017392
0 0.750519 0.130811 0.013637 0.018521
0 0.698789 0.494897 0.012930 0.017280
0 0.457181 0.309161 0.012616 0.016291
0 0.541649 0.082008 0.012625 0.017384
0 0.571902 0.704045 0.011840 0.016059
0 0.755217 0.328974 0.012533 0.016743
0 0.628721 0.612424 0.011536 0.015200
0 0.869933 0.091588 0.012390 0.016940
0 0.555332 0.556073 0.013189 0.017648
0 0.711948 0.222727 0.013278 0.017971
0 0.408053 0.570512 0.013693 0.018394
0 0.583337 0.603423 0.012742 0.016490
0 0.562061 0.399373 0.013694 0.018324
0 0.471364 0.201943 0.013420 0.017775
0 0.257075 0.655577 0.014343 0.019285
0 0.747809 0.417047 0.013020 0.017311
0 0.176648 0.614544 0.014409 0.019271
0 0.361353 0.336159 0.011801 0.016047
0 0.242829 0.716441 0.014064 0.018958
0 0.906775 0.367872 0.013257 0.017423
0 0.402292 0.122501 0.012764 0.016413
0 0.390146 0.116110 0.013297 0.017808
0 0.554119 0.131458 0.012449 0.016610
0 0.878853 0.113133 0.012939 0.017114
0 0.484237 0.289353 0.013920 0.018488
0 0.514387 0.115356 0.013319 0.017799
0 0.520310 0.169434 0.014094 0.018577
0 0.594998 0.382265 0.013925 0.018697
0 0.527772 0.372326 0.013090 0.017417
0 0.478476 0.785563 0.011847 0.016374
0 0.361575 0.574758 0.013425 0.017923
0 0.520581 0.509202 0.013768 0.018637
0 0.405341 0.420125 0.012842 0.017187
0 0.753953 0.475124 0.013606 0.018276
0 0.529053 0.671886 0.012815 0.017429
0 0.819353 0.457392 0.012598 0.017027
0 0.299142 0.412067 0.013750 0.018911
0 0.806287 0.171189 0.012671 0.017111
0 0.471738 0.754631 0.013095 0.017381
0 0.312063 0.010291 0.013722 0.018448
0 0.458328 0.225118 0.013837 0.018449
0 0.705071 0.204705 0.012516 0.016437
0 0.450329 0.435322 0.012507 0.016437
0 0.582209 0.673479 0.010560 0.013624
0 0.950255 0.201384 0.012864 0.016921
0 0.607550 0.502094 0.012757 0.016932
0 0.793881 0.372808 0.012302 0.016592
0 0.677406 0.191857 0.012120 0.016021
0 0.382605 0.608186 0.014454 0.019110
0 0.437326 0.019440 0.013061 0.018184
0 0.744380 0.617768 0.011667 0.015991
0 0.806746 0.234391 0.012638 0.017413
0 0.407447 0.201364 0.013228 0.017571
0 0.680950 0.238201 0.013877 0.018804
0 0.209864 0.439918 0.014087 0.018694
0 0.557887 0.675434 0.012954 0.017215
0 0.706442 0.593794 0.011454 0.015814
0 0.885353 0.309651 0.013167 0.017834
0 0.681349 0.515779 0.012727 0.017518
0 0.521416 0.763388 0.012784 0.017103
0 0.138375 0.715520 0.012666 0.017006
0 0.483526 0.320931 0.011353 0.015590
0 0.709627 0.457244 0.013072 0.017514
0 0.625714 0.176151 0.012523 0.016667
0 0.761446 0.162115 0.013036 0.017707
0 0.702542 0.182543 0.012286 0.017466
0 0.621378 0.253596 0.013402 0.017503
0 0.565471 0.720640 0.011924 0.015975
0 0.509237 0.477752 0.013731 0.018744
0 0.982083 0.185259 0.014265 0.018918
0 0.184485 0.580244 0.013645 0.018211
0 0.542921 0.570783 0.014230 0.018851
0 0.452885 0.325448 0.011863 0.016677
0 0.663028 0.281815 0.013917 0.018709
0 0.696626 0.281473 0.012923 0.017221
0 0.298436 0.613512 0.014043 0.019885
0 0.375075 0.711628 0.014288 0.019157
0 0.594007 0.483732 0.012923 0.017610
0 0.825855 0.391670 0.011954 0.016831
0 0.360060 0.487920 0.011509 0.016189
0 0.747386 0.585130 0.012344 0.016643
0 0.368239 0.279723 0.013369 0.018181
0 0.674837 0.460755 0.013956 0.018055
0 0.623769 0.626453 0.011955 0.016294
0 0.225225 0.680857 0.014301 0.019009
0 0.660896 0.626852 0.011619 0.015808
0 0.808988 0.649321 0.012631 0.016977
0 0.379727 0.382726 0.011268 0.015266
0 0.597669 0.306825 0.014550 0.019494
0 0.216655 0.805604 0.012376 0.016678
0 0.531398 0.351608 0.013127 0.017509
0 0.341008 0.440793 0.013432 0.017556
0 0.375769 0.297290 0.013609 0.018982
0 0.729327 0.531777 0.014086 0.018366
0 0.879717 0.325562 0.013506 0.017402
0 0.861679 0.059067 0.013214 0.017917
0 0.861111 0.032563 0.013520 0.017954
0 0.701382 0.605246 0.012258 0.015863
0 0.359530 0.455938 0.012025 0.016140
0 0.739848 0.505575 0.013104 0.017722
0 0.893496 0.335783 0.013297 0.017338
0 0.350257 0.825241 0.011973 0.016482
0 0.585079 0.660678 0.011038 0.015415
0 0.940988 0.358120 0.014142 0.018491
0 0.445727 0.664840 0.013118 0.017618
0 0.856810 0.484156 0.011818 0.016411
0 0.696082 0.581073 0.012792 0.017290
0 0.745340 0.328929 0.012224 0.016704
0 0.940918 0.170014 0.013405 0.017559
0 0.534461 0.744258 0.013079 0.017515
0 0.740646 0.601045 0.011990 0.016227
0 0.247680 0.148430 0.012343 0.016642
0 0.423335 0.004437 0.013547 0.008875
0 0.772486 0.456765 0.013085 0.017582
0 0.453957 0.043188 0.012733 0.016772
0 0.506836 0.358154 0.011356 0.015518
0 0.272077 0.460767 0.013014 0.017421
0 0.910576 0.436032 0.013156 0.017193
0 0.487969 0.841563 0.013237 0.018106
0 0.339389 0.733809 0.013333 0.017007
0 0.841156 0.483159 0.012170 0.016741
0 0.462735 0.731438 0.013074 0.016807
0 0.555393 0.095881 0.012474 0.016978
0 0.888921 0.085516 0.012527 0.017128
0 0.867762 0.419422 0.012580 0.016788
0 0.576216 0.583894 0.012451 0.016568
0 0.700987 0.412255 0.012172 0.016538
0 0.495238 0.778601 0.012653 0.017475
0 0.754030 0.508053 0.013261 0.017292
0 0.449981 0.634822 0.013335 0.017778
0 0.777372 0.531287 0.013719 0.017995
0 0.130902 0.785791 0.011718 0.015349
0 0.594801 0.745173 0.012557 0.016912
0 0.699677 0.423925 0.012318 0.016500
0 0.979116 0.208042 0.015221 0.019452
0 0.848929 0.100196 0.013613 0.018187
0 0.842617 0.320762 0.013670 0.018286
0 0.711892 0.503778 0.013148 0.017486
0 0.782245 0.127474 0.012930 0.017248
0 0.776614 0.481794 0.014037 0.018384
0 0.408709 0.132617 0.012334 0.016451
0 0.986360 0.335392 0.013787 0.017864
0 0.934892 0.433531 0.013884 0.018435
0 0.752077 0.649648 0.012941 0.017159
0 0.439784 0.141556 0.013523 0.018554
0 0.940976 0.014960 0.013173 0.017690
0 0.649432 0.607005 0.011175 0.014997
0 0.645850 0.785492 0.013298 0.017995
0 0.297476 0.685653 0.012653 0.017192
0 0.613615 0.592560 0.010025 0.013754
0 0.699732 0.523074 0.013722 0.017736
0 0.612757 0.686302 0.011797 0.015115
0 0.301545 0.534373 0.013548 0.017926
0 0.844052 0.421132 0.011227 0.016262
0 0.751655 0.665801 0.012756 0.016400
0 0.563265 0.186480 0.012796 0.016930
0 0.475517 0.771933 0.012701 0.017064
0 0.618051 0.185537 0.012467 0.017164
0 0.350561 0.479798 0.011912 0.015511
0 0.496490 0.591491 0.014745 0.019546
0 0.505837 0.068515 0.013158 0.017950
0 0.908109 0.341254 0.012895 0.017383
0 0.624089 0.758858 0.012917 0.017540
0 0.828529 0.430361 0.011934 0.016598
0 0.445259 0.648669 0.012660 0.017050
0 0.879679 0.153747 0.011839 0.015976
0 0.751928 0.611490 0.012030 0.016433
0 0.803969 0.379193 0.011629 0.015841
0 0.608620 0.612324 0.012116 0.016346
0 0.957160 0.467482 0.012882 0.017447
0 0.900711 0.173842 0.012833 0.017224
0 0.687743 0.189165 0.011416 0.015880
0 0.877576 0.399184 0.012260 0.016220
0 0.448603 0.805924 0.012886 0.016870
0 0.874522 0.272091 0.012418 0.016842
0 0.901292 0.413673 0.014063 0.018949
0 0.373853 0.376404 0.011471 0.015651
0 0.661610 0.692876 0.012222 0.016587
0 0.726688 0.601514 0.012101 0.016533
0 0.319848 0.080915 0.011675 0.009405
0 0.321429 0.090157 0.012405 0.010378
0 0.362535 0.199773 0.012405 0.014270
0 0.275702 0.335982 0.008513 0.013621
0 0.352684 0.336144 0.008270 0.012648
0 0.903601 0.047997 0.010216 0.014270
0 0.921965 0.020107 0.009000 0.009729
0 0.866508 0.010540 0.009000 0.009405
0 0.995664 0.084320 0.008513 0.012972
0 0.981435 0.110102 0.010216 0.019134
0 0.921722 0.121453 0.013378 0.014594
0 0.891196 0.101995 0.008756 0.009405
0 0.897763 0.107508 0.007297 0.008756
0 0.908101 0.112210 0.008027 0.012972
0 0.896669 0.154370 0.011432 0.011675
0 0.885845 0.178693 0.012162 0.011675
0 0.875508 0.183720 0.008513 0.016540
0 0.916127 0.239501 0.012405 0.018486
0 0.899466 0.243230 0.009729 0.011026
0 0.897399 0.251176 0.009000 0.011999
0 0.908344 0.269337 0.009000 0.015242
0 0.920019 0.273067 0.011918 0.014270
0 0.984962 0.251014 0.013864 0.016215
0 0.943977 0.217448 0.010702 0.010054
0 0.942883 0.197665 0.007540 0.007459
0 0.944099 0.187774 0.009000 0.009081
0 0.992867 0.115129 0.010216 0.015567
0 0.941910 0.320902 0.009000 0.013297
0 0.959422 0.327712 0.010945 0.011999
0 0.838902 0.283931 0.008756 0.011351
0 0.715584 0.181612 0.007297 0.014270
0 0.722151 0.186152 0.005351 0.011026
0 0.658303 0.484029 0.007054 0.014594
0 0.651128 0.484353 0.007783 0.011999
0 0.607954 0.422086 0.008027 0.015891
0 0.600779 0.420626 0.006810 0.012972
0 0.368129 0.458084 0.006081 0.011351
0 0.371899 0.449328 0.007297 0.011351
0 0.431248 0.710881 0.012783 0.017190
0 0.554809 0.710233 0.012783 0.017190
0 0.564781 0.687207 0.012783 0.017190
0 0.582050 0.683315 0.012783 0.017190
0 0.592023 0.681694 0.008270 0.009081
0 0.592631 0.689639 0.006567 0.009405
0 0.599928 0.683802 0.005108 0.013297
0 0.577307 0.731637 0.008027 0.009729
0 0.585820 0.736340 0.008513 0.017188
0 0.597495 0.758879 0.007054 0.009729
0 0.619751 0.717368 0.009645 0.012860
0 0.631913 0.701801 0.009645 0.012860
0 0.628872 0.727097 0.007540 0.009081
0 0.629724 0.734232 0.006810 0.009729
0 0.656236 0.718340 0.010702 0.011675
0 0.658425 0.707800 0.007783 0.013297
0 0.679586 0.711206 0.007783 0.011026
0 0.684207 0.676667 0.006810 0.009405
0 0.689680 0.652993 0.006081 0.008756
0 0.664749 0.641480 0.007783 0.007783
0 0.655506 0.611806 0.006324 0.008108
0 0.672046 0.592509 0.006810 0.011026
0 0.677762 0.592023 0.005594 0.011999
0 0.631183 0.581645 0.009729 0.008756
0 0.606981 0.596725 0.006567 0.009081
0 0.571348 0.568835 0.006324 0.011026
0 0.579132 0.569646 0.009243 0.011351
0 0.654898 0.503649 0.008513 0.008432
0 0.656600 0.511270 0.007054 0.008756
0 0.664749 0.508514 0.006324 0.014270
0 0.594942 0.493271 0.010702 0.007783
0 0.596401 0.500730 0.008270 0.008432
0 0.789283 0.561376 0.009645 0.012860
0 0.805579 0.572078 0.009645 0.012860
0 0.805093 0.553917 0.009645 0.012860
0 0.815065 0.533810 0.009645 0.012860
0 0.812390 0.519216 0.009645 0.012860
0 0.812390 0.498784 0.009645 0.012860
0 0.844982 0.474624 0.007297 0.009405
0 0.829416 0.474461 0.008270 0.009081
0 0.827227 0.571429 0.009645 0.012860
0 0.818957 0.581159 0.009645 0.012860
0 0.831848 0.584077 0.009645 0.012860
0 0.844010 0.590563 0.009645 0.012860
0 0.843766 0.605157 0.009645 0.012860
0 0.841334 0.622994 0.009645 0.012860
0 0.785634 0.603860 0.009645 0.012860
0 0.789526 0.616184 0.009645 0.012860
0 0.802174 0.630778 0.009645 0.012860
0 0.797066 0.660938 0.009645 0.012860
0 0.787580 0.660938 0.009645 0.012860
0 0.704638 0.618778 0.010702 0.010378
0 0.702814 0.628994 0.009000 0.010702
0 0.721908 0.634669 0.009645 0.012860
0 0.890467 0.511757 0.009645 0.012860
0 0.873927 0.537377 0.009645 0.012860
0 0.918681 0.548079 0.009645 0.012860
0 0.874717 0.364035 0.009645 0.012860
0 0.863316 0.394844 0.008209 0.012972
0 0.868941 0.389979 0.004865 0.012162
0 0.853283 0.411870 0.006385 0.008108
0 0.856171 0.420586 0.006689 0.010945
0 0.816342 0.400114 0.010945 0.012972
0 0.825767 0.402344 0.006689 0.009324
0 0.834432 0.403762 0.009425 0.010540
0 0.804637 0.354306 0.010033 0.012162
0 0.797796 0.303227 0.009645 0.012860
0 0.804181 0.293903 0.009645 0.012860
0 0.812694 0.281742 0.009645 0.012860
0 0.771952 0.241609 0.009645 0.012860
0 0.764352 0.297957 0.009645 0.012860
0 0.728475 0.309713 0.009645 0.012860
0 0.681653 0.327550 0.009645 0.012860
0 0.644257 0.394844 0.007297 0.008918
0 0.647145 0.401938 0.007601 0.010135
0 0.692143 0.364643 0.008817 0.014188
0 0.686822 0.378223 0.005473 0.012162
0 0.692295 0.378223 0.004865 0.008108
0 0.695335 0.383493 0.006689 0.008918
0 0.701112 0.373561 0.007297 0.008513
0 0.970793 0.282147 0.009645 0.012860
0 0.929748 0.395655 0.009645 0.012860
0 0.847354 0.432545 0.009729 0.009729
0 0.847658 0.441463 0.007905 0.010540
0 0.847050 0.453219 0.007905 0.015405
0 0.844922 0.464367 0.010337 0.011756
0 0.807981 0.460111 0.005777 0.013783
0 0.883078 0.462543 0.009425 0.008918
0 0.880342 0.479975 0.008817 0.012972
0 0.898432 0.433356 0.010945 0.009729
0 0.889311 0.446530 0.007905 0.009324
0 0.887031 0.453017 0.006385 0.011756
0 0.890983 0.475921 0.008209 0.008918
0 0.893112 0.440855 0.007601 0.009324
0 0.913330 0.484637 0.007297 0.008513
0 0.918499 0.469637 0.009729 0.010945
0 0.924580 0.478556 0.007297 0.010135
0 0.912418 0.353900 0.007905 0.007297
0 0.166765 0.455246 0.008817 0.012972
0 0.159316 0.461530 0.008513 0.012567
