0 0.213927 0.371656 0.003472 0.005658
0 0.856289 0.607510 0.004244 0.008230
0 0.884452 0.990998 0.005787 0.005658
0 0.739390 0.725051 0.002701 0.003601
0 0.275656 0.983025 0.002701 0.004115
0 0.528549 0.922582 0.002315 0.003601
0 0.323881 0.288066 0.003472 0.004115
0 0.628086 0.441872 0.003858 0.004115
0 0.948302 0.774691 0.003086 0.004115
0 0.893519 0.671553 0.003086 0.004630
0 0.683835 0.514918 0.003472 0.004115
0 0.612076 0.653807 0.003472 0.004115
0 0.498071 0.611368 0.003086 0.003601
0 0.393711 0.310442 0.003472 0.004630
0 0.419560 0.766461 0.002701 0.003086
0 0.620949 0.568416 0.003472 0.003086
0 0.973573 0.621399 0.002701 0.005144
0 0.409915 0.577932 0.003472 0.003601
0 0.449653 0.400206 0.003472 0.004115
0 0.302469 0.502315 0.004630 0.004630
0 0.629823 0.914095 0.003472 0.004115
0 0.479938 0.495370 0.003086 0.004115
0 0.518519 0.513632 0.003086 0.004630
0 0.371142 0.827418 0.003086 0.003601
0 0.528549 0.890432 0.003086 0.004115
0 0.543596 0.964506 0.003086 0.003086
0 0.659144 0.526492 0.002701 0.004630
0 0.612076 0.702418 0.002701 0.003601
0 0.659144 0.808385 0.002701 0.003601
0 0.462191 0.315586 0.003086 0.004630
0 0.513696 0.431070 0.003472 0.004115
0 0.339699 0.443158 0.003472 0.004630
0 0.472994 0.410494 0.003086 0.004115
0 0.246528 0.441358 0.003086 0.005144
0 0.559992 0.514146 0.003472 0.003601
0 0.957562 0.849794 0.003086 0.004115
0 0.903356 0.893004 0.002701 0.004115
0 0.471258 0.527778 0.003472 0.004115
0 0.674576 0.600309 0.003472 0.004115
0 0.668981 0.774177 0.003086 0.004115
0 0.690394 0.995370 0.003472 0.004115
0 0.677855 0.827675 0.003086 0.004115
0 0.673225 0.610340 0.003086 0.003601
0 0.331019 0.923354 0.003086 0.003086
0 0.636574 0.756173 0.003086 0.003086
0 0.533565 0.516461 0.003086 0.004115
0 0.371142 0.403549 0.003086 0.003601
0 0.575810 0.577932 0.002701 0.003601
0 0.269676 0.409722 0.003086 0.004630
0 0.417245 0.390432 0.003472 0.004115
0 0.256559 0.982767 0.004630 0.005658
0 0.398727 0.426955 0.002701 0.003086
0 0.583719 0.516204 0.003086 0.004630
0 0.456019 0.473765 0.003086 0.003086
0 0.181134 0.724280 0.003472 0.004115
0 0.472029 0.512088 0.003472 0.004630
0 0.442708 0.565072 0.003472 0.004630
0 0.596065 0.606996 0.003086 0.004115
0 0.579090 0.554784 0.003086 0.004630
0 0.630208 0.798868 0.002701 0.003086
0 0.275656 0.724537 0.004244 0.004630
0 0.212191 0.921039 0.003858 0.004630
0 0.378472 0.517490 0.002315 0.003086
0 0.627508 0.483282 0.003472 0.004630
0 0.591242 0.491512 0.003472 0.003601
0 0.589699 0.651235 0.004244 0.003086
0 0.424576 0.349794 0.003472 0.004115
0 0.575617 0.671296 0.003086 0.004115
0 0.464120 0.587449 0.003086 0.004115
0 0.208140 0.422582 0.003472 0.003601
0 0.497492 0.960391 0.003472 0.004115
0 0.973187 0.908951 0.002701 0.005144
0 0.446759 0.494599 0.003086 0.003601
0 0.568480 0.717850 0.002701 0.003601
0 0.424769 0.587191 0.003086 0.003601
0 0.557485 0.611111 0.003086 0.003086
0 0.471451 0.567387 0.003086 0.004115
0 0.680170 0.739969 0.002315 0.002572
0 0.426698 0.456276 0.003086 0.004115
0 0.576582 0.648920 0.003472 0.004630
0 0.982446 0.838735 0.002701 0.004630
0 0.522569 0.407150 0.002701 0.003601
0 0.478974 0.602623 0.003472 0.004630
0 0.387924 0.279835 0.003472 0.004115
0 0.495370 0.394290 0.003086 0.004630
0 0.336998 0.192901 0.003472 0.005144
0 0.266590 0.400720 0.003086 0.004115
0 0.616127 0.828704 0.003086 0.004115
0 0.641590 0.815586 0.003086 0.004630
0 0.246335 0.459105 0.003472 0.004630
0 0.873843 0.983539 0.003086 0.004115
0 0.605324 0.675669 0.003858 0.004630
0 0.653356 0.918467 0.002701 0.004630
0 0.391397 0.503858 0.003472 0.004630
0 0.333719 0.557356 0.002315 0.003601
0 0.943287 0.804784 0.003086 0.004630
0 0.582948 0.536523 0.002315 0.004115
0 0.386960 0.524949 0.003086 0.004630
0 0.212963 0.714249 0.002315 0.003601
0 0.388117 0.706019 0.003086 0.003601
0 0.575617 0.535494 0.003086 0.004115
0 0.596065 0.618570 0.003086 0.004630
0 0.664931 0.633745 0.002701 0.004115
0 0.403549 0.321245 0.003858 0.003601
0 0.221644 0.836677 0.002701 0.004630
0 0.299190 0.969907 0.003472 0.004630
0 0.239005 0.585648 0.003472 0.003601
0 0.586227 0.697274 0.003472 0.003601
0 0.604745 0.619599 0.003472 0.003601
0 0.367091 0.283693 0.003472 0.003601
0 0.245370 0.419753 0.003086 0.004115
0 0.356674 0.513117 0.003472 0.003601
0 0.357253 0.497171 0.003086 0.003601
0 0.224923 0.542953 0.003858 0.004630
0 0.634452 0.588992 0.002701 0.004115
0 0.514468 0.621142 0.004244 0.005658
0 0.438079 0.513374 0.003472 0.005144
0 0.364198 0.586163 0.003086 0.003601
0 0.971644 0.834619 0.003472 0.004630
0 0.513696 0.631430 0.002701 0.003601
0 0.449267 0.486111 0.003472 0.004115
0 0.496721 0.497685 0.003472 0.003601
0 0.405093 0.508488 0.003858 0.005658
0 0.973380 0.847222 0.003086 0.005144
0 0.619213 0.586163 0.003086 0.004630
0 0.508295 0.490226 0.003472 0.003086
0 0.691165 0.633488 0.003472 0.003601
0 0.427276 0.534208 0.003472 0.004630
0 0.364390 0.497171 0.003472 0.003601
0 0.585069 0.675669 0.003472 0.004630
0 0.295718 0.588992 0.003472 0.004115
0 0.548032 0.590021 0.002701 0.003086
0 0.431134 0.572274 0.003472 0.003601
0 0.413966 0.655093 0.003086 0.003601
0 0.647569 0.613169 0.003472 0.004115
0 0.603009 0.547582 0.003086 0.004630
0 0.604360 0.652263 0.002701 0.003086
0 0.279514 0.186214 0.003472 0.004115
0 0.879437 0.834105 0.002701 0.004630
0 0.482446 0.394547 0.003472 0.004115
0 0.284144 0.375257 0.003472 0.004630
0 0.246335 0.320730 0.003472 0.003601
0 0.606289 0.469650 0.003472 0.004115
0 0.345100 0.336677 0.002701 0.003601
0 0.607832 0.876800 0.002701 0.004630
0 0.888503 0.855453 0.003086 0.004115
0 0.967207 0.814043 0.002315 0.004630
0 0.936343 0.825874 0.003086 0.004630
0 0.553434 0.447016 0.002701 0.004115
0 0.971451 0.889660 0.002315 0.004630
0 0.990548 0.898663 0.002701 0.005144
0 0.508295 0.986883 0.003472 0.004630
0 0.306134 0.256687 0.003472 0.005144
0 0.620177 0.886060 0.003472 0.004630
0 0.993248 0.879372 0.003472 0.004630
0 0.662037 0.534465 0.003086 0.004115
0 0.201582 0.622942 0.003472 0.004115
0 0.384645 0.436214 0.003858 0.005144
0 0.203318 0.470165 0.003086 0.005144
0 0.610340 0.996656 0.004630 0.004630
0 0.389468 0.588220 0.004244 0.005658
0 0.289738 0.473508 0.003086 0.004630
0 0.360532 0.928755 0.005787 0.007716
0 0.455247 0.326132 0.003086 0.004115
0 0.248457 0.706019 0.003086 0.003601
0 0.164545 0.323560 0.003472 0.004115
0 0.455247 0.594907 0.003858 0.004630
0 0.353588 0.785237 0.004244 0.005658
0 0.440779 0.321502 0.003472 0.004115
0 0.616127 0.456790 0.003858 0.005144
0 0.653356 0.594650 0.003472 0.004115
0 0.301119 0.418724 0.004244 0.004115
0 0.961613 0.610082 0.004244 0.006173
0 0.377315 0.509259 0.003086 0.004115
0 0.482639 0.331790 0.003086 0.004115
0 0.572917 0.520062 0.003086 0.005144
0 0.328511 0.680556 0.003472 0.005144
0 0.219136 0.482767 0.003086 0.004630
0 0.198881 0.833591 0.004244 0.005658
0 0.563272 0.273405 0.004630 0.005658
0 0.333912 0.483539 0.002701 0.004115
0 0.936150 0.846451 0.003472 0.004630
0 0.616127 0.481481 0.003086 0.005144
0 0.463156 0.563272 0.003472 0.004115
0 0.420910 0.505658 0.003086 0.004115
0 0.236690 0.415638 0.003472 0.004115
0 0.930941 0.584877 0.003858 0.004115
0 0.930941 0.839763 0.003086 0.004630
0 0.365741 0.570473 0.003858 0.004115
0 0.507137 0.470936 0.003472 0.003601
0 0.323302 0.856996 0.004630 0.008230
0 0.180748 0.316872 0.003472 0.004115
0 0.258488 0.632716 0.004630 0.006173
0 0.558642 0.431327 0.003086 0.003601
0 0.305748 0.549897 0.003472 0.004115
0 0.188850 0.900977 0.004244 0.005658
0 0.486497 0.504887 0.003858 0.003601
0 0.214506 0.932613 0.003086 0.003086
0 0.552662 0.769805 0.003472 0.003601
0 0.332948 0.477623 0.003858 0.003601
0 0.921682 0.943930 0.003858 0.005144
0 0.265625 0.754630 0.002701 0.004115
0 0.493634 0.545010 0.002701 0.004630
0 0.487461 0.573302 0.003472 0.004630
0 0.605903 0.844393 0.003472 0.004630
0 0.492863 0.523920 0.002701 0.004630
0 0.217400 0.907922 0.003472 0.004115
0 0.359568 0.465278 0.003086 0.004630
0 0.510031 0.926698 0.003086 0.003601
0 0.399884 0.801440 0.002701 0.004115
0 0.437500 0.377572 0.003086 0.005144
0 0.994020 0.906636 0.003472 0.004630
0 0.479167 0.988940 0.003086 0.004630
0 0.713542 0.695730 0.002701 0.003601
0 0.178627 0.331533 0.002315 0.004630
0 0.181906 0.330247 0.003472 0.008230
0 0.296875 0.421296 0.002701 0.004115
0 0.328897 0.440072 0.003472 0.003601
0 0.328704 0.445216 0.003086 0.004630
0 0.360147 0.453447 0.002701 0.004630
0 0.363812 0.454733 0.003086 0.004115
0 0.336227 0.374743 0.003472 0.004630
0 0.397762 0.397634 0.003858 0.005144
0 0.421489 0.420010 0.003472 0.004630
0 0.449846 0.395062 0.003086 0.004115
0 0.474730 0.374228 0.003472 0.004630
0 0.451968 0.321759 0.003472 0.005658
0 0.358796 0.178498 0.003086 0.004115
0 0.402778 0.458076 0.003086 0.004630
0 0.453511 0.479167 0.003472 0.004630
0 0.231481 0.457047 0.003086 0.005658
0 0.225502 0.456533 0.004244 0.007716
0 0.211613 0.450360 0.002701 0.004630
0 0.205247 0.452932 0.003086 0.003601
0 0.204090 0.457047 0.003086 0.003601
0 0.541281 0.470679 0.003086 0.004115
0 0.507523 0.454475 0.003472 0.004630
0 0.554784 0.429784 0.003086 0.004630
0 0.558063 0.480710 0.002701 0.003601
0 0.563079 0.480453 0.003472 0.003086
0 0.562500 0.485340 0.003086 0.005658
0 0.642554 0.489712 0.003472 0.005144
0 0.532407 0.481739 0.003086 0.003601
0 0.525463 0.490226 0.003086 0.004115
0 0.206983 0.760288 0.005787 0.008230
0 0.483410 0.766718 0.003086 0.004630
0 0.480710 0.766461 0.002315 0.004115
0 0.263310 0.867798 0.003472 0.004115
0 0.259452 0.871399 0.002701 0.004115
0 0.263310 0.872685 0.003472 0.004630
0 0.263117 0.879115 0.003858 0.006173
0 0.377701 0.890689 0.002315 0.004630
0 0.380787 0.893004 0.003086 0.005144
0 0.219907 0.956533 0.003086 0.003601
0 0.208719 0.992798 0.003086 0.004115
0 0.235918 0.994342 0.003472 0.003086
0 0.239583 0.996914 0.003858 0.005144
0 0.773727 0.692644 0.003472 0.004630
0 0.729745 0.676698 0.003472 0.003601
0 0.719136 0.687500 0.004630 0.005658
0 0.663580 0.702160 0.003858 0.005144
0 0.621528 0.770576 0.003858 0.005144
0 0.578511 0.769290 0.003472 0.004630
0 0.559606 0.801955 0.003472 0.005144
0 0.515625 0.797582 0.003472 0.004630
0 0.554205 0.730710 0.003472 0.004630
0 0.578704 0.844393 0.003858 0.004630
0 0.621528 0.863940 0.003858 0.004630
0 0.627122 0.862654 0.003472 0.004115
0 0.657793 0.885288 0.003858 0.005144
0 0.657986 0.863426 0.003472 0.004630
0 0.697531 0.823302 0.003858 0.004630
0 0.718750 0.802469 0.003858 0.005144
0 0.726273 0.721708 0.003472 0.004115
0 0.727816 0.748457 0.001929 0.005144
0 0.986111 0.822274 0.003858 0.005658
0 0.972222 0.791924 0.003086 0.004630
0 0.717400 0.865484 0.002701 0.003601
0 0.679012 0.909979 0.003858 0.005144
0 0.657986 0.905350 0.003472 0.004115
0 0.654707 0.908693 0.002315 0.004630
0 0.586420 0.918210 0.003858 0.005144
0 0.565779 0.874743 0.003472 0.004630
0 0.529514 0.968107 0.003472 0.005144
0 0.609568 0.971451 0.002315 0.002572
0 0.606867 0.975309 0.003086 0.005144
0 0.929591 0.957305 0.003472 0.005144
0 0.983989 0.951132 0.003472 0.005144
0 0.949846 0.907922 0.003086 0.004115
0 0.952353 0.912294 0.002701 0.003601
0 0.944059 0.903807 0.003858 0.005144
0 0.937693 0.898663 0.002701 0.004115
0 0.935764 0.893776 0.004244 0.004630
0 0.970872 0.902521 0.003472 0.004630
0 0.973765 0.897377 0.003086 0.003601
0 0.977431 0.886831 0.003472 0.004115
0 0.978009 0.880658 0.002315 0.004115
0 0.981289 0.879372 0.003472 0.003601
0 0.981867 0.883488 0.003086 0.004630
0 0.984761 0.875257 0.002701 0.003601
0 0.991512 0.872685 0.002315 0.003601
0 0.964506 0.844136 0.003858 0.005144
0 0.967593 0.851852 0.003086 0.004115
0 0.971451 0.856996 0.003858 0.004115
0 0.965471 0.855967 0.003472 0.004115
0 0.970100 0.862140 0.002701 0.003086
0 0.967785 0.865484 0.003472 0.004630
0 0.972415 0.867027 0.003472 0.004630
0 0.980710 0.867284 0.003086 0.004115
0 0.945023 0.850566 0.002701 0.004630
0 0.938465 0.852109 0.003472 0.003601
0 0.934414 0.856224 0.003086 0.004630
0 0.938657 0.858025 0.003086 0.003086
0 0.935378 0.862140 0.002701 0.004115
0 0.935571 0.866770 0.003086 0.004115
0 0.937114 0.870628 0.003086 0.004630
0 0.941165 0.869084 0.001929 0.003601
0 0.750579 0.738426 0.005787 0.005658
0 0.679398 0.669239 0.003858 0.005144
0 0.643904 0.635031 0.003858 0.004630
0 0.625965 0.645319 0.003472 0.004630
0 0.703318 0.989455 0.003858 0.004630
0 0.544753 0.510545 0.003086 0.004630
0 0.539352 0.519033 0.003858 0.004115
0 0.514660 0.527006 0.003086 0.003601
0 0.515432 0.531636 0.003858 0.005658
0 0.508295 0.555298 0.003472 0.004630
0 0.515625 0.591564 0.003472 0.004115
0 0.518519 0.594393 0.003086 0.003601
0 0.576968 0.565329 0.003472 0.004115
0 0.574074 0.570988 0.003086 0.004115
0 0.530285 0.540895 0.003472 0.003601
0 0.577739 0.531121 0.003472 0.003601
0 0.602238 0.555041 0.002315 0.003086
0 0.633681 0.579733 0.003472 0.004115
0 0.586227 0.589506 0.003472 0.004115
0 0.621914 0.603909 0.003086 0.003086
0 0.622299 0.608539 0.003086 0.005144
0 0.617091 0.608539 0.002701 0.004115
0 0.614969 0.604681 0.003086 0.003601
0 0.578511 0.612397 0.002701 0.004630
0 0.668210 0.623200 0.003086 0.004630
0 0.665509 0.620628 0.003086 0.004630
0 0.734954 0.611626 0.003086 0.004115
0 0.765239 0.630144 0.003472 0.004115
0 0.765046 0.634516 0.002315 0.005658
0 0.769097 0.634774 0.001929 0.003086
0 0.780093 0.633230 0.003086 0.004115
0 0.343364 0.522119 0.003858 0.005144
0 0.304977 0.557870 0.003472 0.005658
0 0.302855 0.561728 0.003858 0.004115
0 0.188465 0.507459 0.002701 0.004630
0 0.187307 0.594907 0.002701 0.004630
0 0.187500 0.602881 0.003086 0.004115
0 0.305170 0.610082 0.003086 0.004115
0 0.328318 0.647377 0.003086 0.003601
0 0.331597 0.647634 0.003472 0.004115
0 0.330440 0.652006 0.003472 0.004630
0 0.420718 0.633488 0.003472 0.004630
0 0.453125 0.537809 0.003472 0.004630
0 0.488426 0.541924 0.003086 0.004630
0 0.494792 0.572016 0.003472 0.004115
0 0.498264 0.576903 0.003472 0.004630
0 0.494406 0.578447 0.002701 0.005658
0 0.492863 0.583591 0.002701 0.002572
0 0.489390 0.585648 0.002701 0.003601
0 0.452546 0.558128 0.004630 0.004115
0 0.396991 0.534979 0.003858 0.004115
0 0.398148 0.540638 0.003858 0.005144
0 0.395448 0.539095 0.003086 0.004115
0 0.391204 0.541924 0.003858 0.004630
0 0.392554 0.546039 0.003472 0.003601
0 0.388503 0.530350 0.003086 0.005144
0 0.357253 0.527778 0.002315 0.002058
0 0.372106 0.564043 0.004244 0.005658
0 0.370563 0.584362 0.003472 0.005144
0 0.371914 0.590792 0.003086 0.003601
0 0.371335 0.595422 0.003472 0.004630
0 0.368827 0.592335 0.003086 0.003601
