0 0.378086 0.272377 0.004630 0.007716
0 0.897184 0.085648 0.004244 0.007716
0 0.674961 0.454990 0.004244 0.007716
0 0.253472 0.192130 0.003858 0.005658
0 0.683835 0.329218 0.002701 0.004115
0 0.736690 0.537294 0.003472 0.004630
0 0.987076 0.174126 0.003472 0.004630
0 0.408758 0.192387 0.003472 0.005144
0 0.541088 0.440329 0.003472 0.005144
0 0.658758 0.411265 0.003472 0.004630
0 0.055748 0.544239 0.004244 0.006173
0 0.948495 0.025463 0.003472 0.004630
0 0.260802 0.493827 0.003086 0.005144
0 0.512924 0.028292 0.004244 0.006173
0 0.378858 0.369856 0.003858 0.004115
0 0.755594 0.106996 0.004244 0.005144
0 0.034336 0.565072 0.003086 0.004630
0 0.684414 0.892490 0.003086 0.004115
0 0.027971 0.628086 0.003472 0.004115
0 0.942708 0.357253 0.002701 0.004630
0 0.519676 0.200874 0.003858 0.004630
0 0.560764 0.381687 0.003472 0.004115
0 0.972222 0.245113 0.003086 0.004630
0 0.534529 0.335134 0.003472 0.004630
0 0.641975 0.109053 0.003858 0.005144
0 0.698881 0.346965 0.003472 0.005658
0 0.932292 0.025720 0.002701 0.003086
0 0.575424 0.213992 0.002701 0.004115
0 0.052083 0.724280 0.003858 0.005144
0 0.940201 0.752572 0.003086 0.005144
0 0.451196 0.169753 0.003472 0.005144
0 0.580826 0.267490 0.003472 0.004115
0 0.615548 0.170782 0.003472 0.005144
0 0.348380 0.535237 0.003086 0.003601
0 0.309992 0.314558 0.003472 0.004630
0 0.610532 0.430556 0.003472 0.005144
0 0.331790 0.643261 0.003858 0.004630
0 0.844907 0.387860 0.003858 0.005144
0 0.932485 0.536265 0.003086 0.004630
0 0.191165 0.693673 0.003472 0.004630
0 0.902585 0.043467 0.002701 0.003601
0 0.669560 0.231224 0.003472 0.004630
0 0.729167 0.544239 0.003086 0.004115
0 0.630015 0.607767 0.003086 0.003601
0 0.246335 0.816101 0.003472 0.003601
0 0.329282 0.534722 0.003472 0.004630
0 0.388696 0.185442 0.003472 0.004630
0 0.424769 0.477623 0.003858 0.004630
0 0.059221 0.710905 0.003472 0.005144
0 0.715085 0.191358 0.002701 0.004115
0 0.527778 0.581533 0.003858 0.004630
0 0.832176 0.577160 0.002315 0.004115
0 0.579475 0.506173 0.003086 0.004115
0 0.769676 0.105453 0.003086 0.005144
0 0.279707 0.829990 0.003858 0.004630
0 0.865162 0.565844 0.002701 0.004115
0 0.376929 0.563529 0.003858 0.004630
0 0.424961 0.786265 0.003472 0.003601
0 0.605710 0.576903 0.003086 0.003601
0 0.690008 0.581533 0.003472 0.004630
0 0.774884 0.127572 0.003472 0.004115
0 0.535494 0.512860 0.003858 0.004115
0 0.760802 0.898148 0.003086 0.004115
0 0.770062 0.787551 0.002315 0.003086
0 0.627508 0.200103 0.003472 0.004115
0 0.792245 0.392233 0.002701 0.003601
0 0.325810 0.043724 0.002701 0.004115
0 0.397184 0.105710 0.003472 0.004630
0 0.627894 0.214506 0.002701 0.003086
0 0.739198 0.792438 0.003858 0.004630
0 0.221258 0.826389 0.003472 0.003601
0 0.016975 0.506173 0.003858 0.005144
0 0.381559 0.099794 0.003086 0.004115
0 0.857060 0.066872 0.002701 0.004115
0 0.764082 0.282407 0.003472 0.005144
0 0.947917 0.018261 0.003086 0.004630
0 0.424190 0.943930 0.003472 0.003086
0 0.340856 0.591821 0.003472 0.003601
0 0.312693 0.584619 0.004244 0.005658
0 0.985725 0.264146 0.003086 0.004630
0 0.255015 0.043981 0.003086 0.003601
0 0.832948 0.610340 0.003086 0.003601
0 0.547647 0.368056 0.003472 0.004630
0 0.963735 0.074588 0.003858 0.004115
0 0.973958 0.533179 0.002701 0.004630
0 0.908565 0.789866 0.003086 0.004630
0 0.283951 0.042181 0.003858 0.005144
0 0.164738 0.773148 0.003086 0.005144
0 0.958912 0.018261 0.002701 0.005658
0 0.939429 0.047325 0.003086 0.004115
0 0.227623 0.891204 0.003086 0.003601
0 0.907600 0.816872 0.002701 0.004115
0 0.756366 0.314043 0.003472 0.005658
0 0.470293 0.644033 0.003086 0.004115
0 0.246721 0.918210 0.003472 0.004115
0 0.134259 0.700360 0.003086 0.004630
0 0.034336 0.704990 0.003086 0.004630
0 0.635995 0.521348 0.003472 0.004630
0 0.125386 0.409722 0.003086 0.004630
0 0.604938 0.195473 0.003086 0.004115
0 0.409722 0.942901 0.003086 0.003086
0 0.336227 0.051698 0.003472 0.003601
0 0.014660 0.339249 0.003858 0.004630
0 0.883873 0.052469 0.003086 0.005144
0 0.958333 0.208591 0.003086 0.004630
0 0.680363 0.544239 0.003472 0.005144
0 0.594715 0.193673 0.003472 0.004630
0 0.733025 0.808899 0.003086 0.004630
0 0.711227 0.842335 0.003472 0.003601
0 0.914545 0.765689 0.003472 0.004630
0 0.172454 0.025463 0.003086 0.004630
0 0.851852 0.904835 0.003086 0.004115
0 0.723765 0.290381 0.003086 0.004630
0 0.831211 0.106481 0.002701 0.003086
0 0.763889 0.116770 0.003086 0.004115
0 0.452546 0.040123 0.004630 0.008230
0 0.582948 0.477623 0.003086 0.003601
0 0.442901 0.238683 0.003086 0.005144
0 0.975502 0.097737 0.002701 0.005144
0 0.030285 0.075874 0.003472 0.005658
0 0.465471 0.488426 0.003472 0.004630
0 0.701003 0.291924 0.003086 0.004630
0 0.690201 0.353138 0.006173 0.007716
0 0.838542 0.617798 0.002701 0.004115
0 0.834491 0.051183 0.003086 0.003601
0 0.459491 0.533951 0.003086 0.005144
0 0.714120 0.561471 0.003858 0.004630
0 0.853974 0.090278 0.003472 0.004630
0 0.121914 0.738683 0.003858 0.004115
0 0.483603 0.528549 0.003472 0.003601
0 0.889660 0.584105 0.003086 0.004630
0 0.709491 0.136574 0.003086 0.003601
0 0.619792 0.695988 0.003472 0.004115
0 0.559606 0.416667 0.003472 0.005144
0 0.022762 0.470422 0.003086 0.004630
0 0.972801 0.769547 0.002701 0.004115
0 0.634838 0.178498 0.003472 0.004115
0 0.891397 0.370370 0.002701 0.004115
0 0.258102 0.827675 0.003086 0.005144
0 0.906057 0.838735 0.003472 0.004630
0 0.710841 0.719650 0.002701 0.004115
0 0.342978 0.206533 0.003858 0.004630
0 0.320988 0.283693 0.002315 0.003601
0 0.321566 0.189558 0.003472 0.004630
0 0.025656 0.446245 0.003472 0.004630
0 0.451968 0.247171 0.003472 0.003601
0 0.695023 0.445473 0.003472 0.004115
0 0.724151 0.120370 0.002315 0.004115
0 0.867863 0.005658 0.005787 0.005144
0 0.546682 0.518261 0.003858 0.004630
0 0.319059 0.195988 0.003858 0.004115
0 0.888310 0.059414 0.002701 0.003601
0 0.477045 0.650463 0.003472 0.003601
0 0.764853 0.564815 0.003472 0.005144
0 0.743827 0.321502 0.002315 0.004115
0 0.922068 0.054012 0.003858 0.006173
0 0.429977 0.889146 0.003472 0.004630
0 0.469522 0.530864 0.003858 0.005144
0 0.619599 0.550669 0.003086 0.003601
0 0.163966 0.122685 0.004630 0.005658
0 0.995370 0.847479 0.003086 0.003601
0 0.806713 0.073045 0.003086 0.004115
0 0.411073 0.890947 0.002701 0.004115
0 0.124614 0.825360 0.003858 0.005658
0 0.775849 0.834877 0.003086 0.004115
0 0.367863 0.817901 0.002701 0.004115
0 0.552662 0.519290 0.002701 0.004630
0 0.388310 0.599280 0.004244 0.004115
0 0.295139 0.290638 0.003858 0.004115
0 0.008873 0.507973 0.003086 0.005658
0 0.434799 0.989712 0.003858 0.005144
0 0.086806 0.006687 0.003858 0.006173
0 0.452160 0.082819 0.003858 0.005144
0 0.461034 0.166152 0.003858 0.005144
0 0.662037 0.031379 0.003086 0.005144
0 0.666281 0.028549 0.003086 0.005658
0 0.641397 0.123200 0.001929 0.003601
0 0.655864 0.121914 0.003858 0.004115
0 0.742863 0.106481 0.003472 0.004115
0 0.745563 0.113426 0.003472 0.004630
0 0.759838 0.111368 0.003472 0.003601
0 0.709684 0.145576 0.002701 0.004115
0 0.696759 0.167181 0.003086 0.003086
0 0.696373 0.172325 0.003086 0.004115
0 0.862847 0.010031 0.002701 0.003601
0 0.937307 0.001286 0.002701 0.002572
0 0.953125 0.020833 0.002701 0.003601
0 0.956790 0.032407 0.003086 0.004115
0 0.960648 0.038066 0.003858 0.005144
0 0.952546 0.087706 0.003086 0.004630
0 0.976659 0.263374 0.002701 0.004115
0 0.980517 0.262603 0.004244 0.004630
0 0.786073 0.126543 0.003472 0.003086
0 0.785301 0.130916 0.002701 0.004630
0 0.789545 0.135802 0.001929 0.005144
0 0.779707 0.213735 0.003086 0.003601
0 0.777392 0.248457 0.003086 0.005144
0 0.853781 0.246656 0.003086 0.005658
0 0.647955 0.161780 0.002701 0.003601
0 0.648534 0.212706 0.003858 0.004630
0 0.732832 0.293210 0.002701 0.005144
0 0.737461 0.292438 0.003472 0.003601
0 0.735340 0.296039 0.003086 0.003601
0 0.997106 0.343107 0.003472 0.004115
0 0.812500 0.394805 0.003858 0.005658
0 0.783565 0.449588 0.002315 0.003086
0 0.735340 0.425154 0.003858 0.004630
0 0.732639 0.423097 0.002315 0.003601
0 0.695602 0.440072 0.003086 0.003601
0 0.600502 0.367284 0.003472 0.004115
0 0.505208 0.499486 0.003472 0.004115
0 0.030478 0.551698 0.003858 0.004630
0 0.037809 0.708848 0.004630 0.005144
0 0.031250 0.771605 0.003858 0.005144
0 0.068287 0.775720 0.003858 0.005144
0 0.064815 0.777521 0.003086 0.004630
0 0.025463 0.504372 0.003858 0.004630
0 0.468750 0.648920 0.002315 0.002572
0 0.343750 0.727881 0.003858 0.005144
0 0.409144 0.895576 0.002701 0.004115
0 0.404900 0.939300 0.001929 0.004115
0 0.436343 0.984568 0.003858 0.005144
0 0.255401 0.816872 0.003086 0.003086
0 0.256173 0.821502 0.002315 0.004115
0 0.249807 0.841564 0.003472 0.005144
0 0.219715 0.851080 0.002701 0.003601
0 0.216242 0.856996 0.002701 0.003086
0 0.558835 0.739969 0.006559 0.008745
0 0.559028 0.551440 0.003858 0.004115
0 0.570023 0.541667 0.003472 0.005144
0 0.672068 0.625514 0.003858 0.005144
0 0.729745 0.619342 0.003472 0.004115
0 0.728588 0.623971 0.003472 0.005144
0 0.798418 0.717850 0.004244 0.004630
0 0.995370 0.511831 0.003086 0.003086
0 0.997299 0.520062 0.003858 0.005144
0 0.996142 0.872942 0.003858 0.005144
0 0.994599 0.908951 0.003858 0.004115
0 0.994020 0.914352 0.004244 0.004630
0 0.983796 0.941101 0.003858 0.003601
0 0.981289 0.944959 0.002701 0.005144
0 0.992670 0.871142 0.004630 0.005658
0 0.991127 0.866770 0.002315 0.003086
0 0.675926 0.803498 0.003086 0.004115
0 0.600694 0.890947 0.006173 0.006173
0 0.738233 0.947274 0.003472 0.004630
0 0.585455 0.928498 0.003472 0.004115
