0 0.339892 0.034979 0.004630 0.006173
0 0.690008 0.152521 0.006559 0.009774
0 0.103588 0.150463 0.004244 0.005658
0 0.074267 0.658179 0.004244 0.007716
0 0.253858 0.195730 0.006173 0.007716
0 0.104167 0.682613 0.004630 0.005144
0 0.277778 0.431842 0.003858 0.004630
0 0.498264 0.734825 0.003472 0.004630
0 0.065586 0.261831 0.003858 0.005144
0 0.448302 0.663837 0.003858 0.004630
0 0.387346 0.539352 0.003858 0.004630
0 0.114198 0.704475 0.003858 0.004630
0 0.302276 0.350823 0.004244 0.005144
0 0.637153 0.702418 0.006559 0.007716
0 0.014468 0.559671 0.004244 0.006173
0 0.200424 0.658951 0.005787 0.006173
0 0.502315 0.591821 0.003858 0.004630
0 0.036073 0.189300 0.004244 0.005144
0 0.706404 0.689558 0.003086 0.003601
0 0.572338 0.623457 0.004244 0.005144
0 0.659529 0.735854 0.003472 0.003601
0 0.184221 0.568930 0.003472 0.004115
0 0.214313 0.699846 0.003472 0.007716
0 0.469136 0.703704 0.003858 0.005144
0 0.285687 0.549640 0.003472 0.004630
0 0.060378 0.717335 0.004244 0.004630
0 0.219136 0.653292 0.003858 0.006173
0 0.512346 0.652521 0.002315 0.002572
0 0.208912 0.426955 0.003472 0.005144
0 0.146798 0.742027 0.005787 0.007716
0 0.223380 0.353395 0.004630 0.005144
0 0.570409 0.697274 0.003472 0.004630
0 0.242477 0.641461 0.005787 0.008230
0 0.524884 0.448560 0.003472 0.005144
0 0.458912 0.324588 0.003472 0.005144
0 0.102431 0.833076 0.004244 0.007716
0 0.193094 0.689558 0.003472 0.005658
0 0.305748 0.735082 0.003472 0.005144
0 0.617670 0.778292 0.003086 0.004115
0 0.538580 0.441615 0.003858 0.005658
0 0.127122 0.742798 0.004244 0.006173
0 0.545910 0.450360 0.003858 0.005658
0 0.555556 0.404064 0.003086 0.005658
0 0.444444 0.201132 0.003858 0.005144
0 0.669753 0.051698 0.003858 0.004630
0 0.129823 0.750257 0.005787 0.007716
0 0.226466 0.621914 0.003858 0.005144
0 0.260417 0.715792 0.004630 0.005658
0 0.758488 0.021862 0.003858 0.004630
0 0.179398 0.518261 0.003858 0.005658
0 0.741705 0.080504 0.003472 0.004630
0 0.601659 0.292438 0.003472 0.004630
0 0.718557 0.767233 0.003472 0.004630
0 0.359954 0.610597 0.003858 0.005144
0 0.367477 0.644547 0.004244 0.005144
0 0.381944 0.877829 0.004630 0.007716
0 0.382909 0.885288 0.003472 0.005144
0 0.335841 0.373971 0.005787 0.006173
0 0.673225 0.010288 0.003858 0.005144
