0 0.989583 0.202160 0.003858 0.006173
0 0.394097 0.378086 0.003472 0.005144
0 0.676119 0.521605 0.006559 0.008230
0 0.010610 0.663580 0.003472 0.005144
0 0.927083 0.591821 0.003086 0.004630
0 0.173611 0.714506 0.003858 0.005144
0 0.403935 0.376543 0.003086 0.004115
0 0.363233 0.397634 0.003472 0.004115
0 0.408758 0.227881 0.004244 0.004115
0 0.479745 0.424383 0.003472 0.004115
0 0.933642 0.576646 0.003086 0.004115
0 0.630787 0.528035 0.004630 0.007716
0 0.541281 0.432613 0.004630 0.006173
0 0.925347 0.534979 0.003472 0.006173
0 0.076389 0.640175 0.003086 0.004630
0 0.067901 0.645062 0.003858 0.004115
0 0.958140 0.055041 0.002701 0.006173
0 0.544946 0.736883 0.004244 0.005658
0 0.066744 0.554012 0.003858 0.006173
0 0.410108 0.069702 0.003086 0.004630
0 0.229745 0.558642 0.003472 0.005144
0 0.724344 0.076903 0.004244 0.004630
0 0.644290 0.421811 0.006173 0.005144
0 0.212577 0.175154 0.003086 0.004630
0 0.426312 0.507459 0.003858 0.004630
0 0.231289 0.515432 0.002701 0.004115
0 0.224730 0.432613 0.003472 0.005144
0 0.019097 0.577932 0.002701 0.004630
0 0.346258 0.638117 0.003472 0.005658
0 0.216049 0.451903 0.003858 0.003601
0 0.472801 0.503858 0.003472 0.003601
0 0.705440 0.644033 0.004244 0.005144
0 0.322145 0.445730 0.003858 0.004630
0 0.293596 0.606996 0.003858 0.005144
0 0.543981 0.023663 0.006173 0.008230
0 0.457755 0.673868 0.003472 0.004115
0 0.240355 0.100823 0.003086 0.005144
0 0.336613 0.379115 0.004244 0.006173
0 0.235918 0.662037 0.003472 0.005144
0 0.352623 0.101852 0.003086 0.005144
0 0.231289 0.201389 0.003472 0.004630
0 0.647762 0.546811 0.003086 0.005144
0 0.502508 0.404835 0.003472 0.004115
0 0.264468 0.113169 0.004244 0.005144
0 0.587963 0.759259 0.003858 0.004115
0 0.513117 0.536265 0.004630 0.005658
0 0.147184 0.537809 0.004244 0.005658
0 0.894097 0.074846 0.003472 0.004630
0 0.660108 0.499486 0.003086 0.004115
0 0.241512 0.578189 0.003858 0.005144
0 0.146605 0.659722 0.004630 0.004630
0 0.892554 0.102623 0.003472 0.004630
0 0.032986 0.623714 0.004244 0.004630
0 0.483410 0.462191 0.003858 0.005658
0 0.149498 0.055813 0.003472 0.004630
0 0.730517 0.682613 0.002701 0.004115
0 0.006366 0.399177 0.003472 0.005144
0 0.291860 0.600566 0.002701 0.004630
0 0.242670 0.110854 0.003858 0.005658
0 0.747492 0.424897 0.003472 0.004115
0 0.362076 0.537551 0.003472 0.004115
0 0.992670 0.611883 0.003858 0.005658
0 0.015818 0.554012 0.003858 0.005144
0 0.190972 0.487140 0.003086 0.004115
0 0.994985 0.718364 0.003858 0.004630
0 0.142168 0.652778 0.002701 0.004115
0 0.646605 0.719907 0.003858 0.004630
0 0.927469 0.638374 0.004630 0.008230
0 0.667245 0.376800 0.003472 0.004630
0 0.036844 0.006173 0.004244 0.004115
0 0.581404 0.751286 0.003086 0.004630
0 0.845679 0.541409 0.003858 0.004630
0 0.046103 0.641975 0.003472 0.004115
0 0.936343 0.355195 0.003858 0.004630
0 0.414545 0.173354 0.004244 0.006173
0 0.231096 0.099280 0.003858 0.005144
0 0.108796 0.534465 0.003858 0.005144
0 0.106867 0.021348 0.003858 0.004630
0 0.730903 0.657150 0.003472 0.004630
0 0.109182 0.107510 0.003858 0.005144
0 0.255594 0.740484 0.003472 0.004630
0 0.842593 0.395833 0.003858 0.005658
0 0.925733 0.037809 0.002701 0.004630
0 0.836420 0.190072 0.003858 0.005658
0 0.669174 0.177469 0.004244 0.005144
0 0.362461 0.623714 0.003472 0.003601
0 0.257716 0.443416 0.003858 0.005144
0 0.745370 0.183385 0.003858 0.004630
0 0.094329 0.312243 0.003472 0.005144
0 0.508295 0.554784 0.003472 0.004630
0 0.656829 0.575360 0.003472 0.004630
0 0.016011 0.052984 0.003472 0.005144
0 0.229167 0.530093 0.003858 0.004630
0 0.949074 0.585648 0.003858 0.004630
0 0.660880 0.087706 0.003086 0.003601
0 0.411458 0.162551 0.001929 0.003086
0 0.328897 0.011060 0.003472 0.004630
0 0.696181 0.127572 0.003472 0.005144
0 0.585069 0.175412 0.005787 0.008230
0 0.306520 0.629630 0.003472 0.005144
0 0.718171 0.094393 0.003472 0.004630
0 0.722415 0.231996 0.003472 0.005144
0 0.891011 0.123971 0.004244 0.005144
0 0.198302 0.603652 0.003086 0.004630
0 0.386188 0.416409 0.003086 0.005658
0 0.335841 0.472737 0.003472 0.004115
0 0.617284 0.713992 0.003858 0.005144
0 0.755208 0.072788 0.003472 0.004630
0 0.234568 0.124486 0.003858 0.005144
0 0.206019 0.109568 0.003086 0.005144
0 0.760995 0.119599 0.003472 0.003601
0 0.201196 0.139918 0.004244 0.004115
0 0.294753 0.586420 0.003858 0.004115
0 0.402006 0.569187 0.002315 0.003601
0 0.775077 0.406636 0.003086 0.002572
0 0.053241 0.058128 0.003858 0.006173
0 0.050154 0.058899 0.003858 0.005658
0 0.204668 0.135031 0.003472 0.007716
0 0.395640 0.174383 0.002701 0.003086
0 0.394097 0.179527 0.003472 0.004115
0 0.393904 0.227109 0.003858 0.004630
0 0.389660 0.223251 0.003086 0.004115
0 0.420525 0.268519 0.003858 0.005144
0 0.418981 0.273920 0.003858 0.004630
0 0.414159 0.382973 0.003472 0.005658
0 0.416474 0.386831 0.004244 0.005144
0 0.570023 0.213735 0.004244 0.004630
0 0.899884 0.050926 0.004244 0.006173
0 0.783951 0.002315 0.003858 0.004630
0 0.945409 0.589249 0.002701 0.004630
0 0.612654 0.716307 0.003858 0.005658
0 0.444252 0.429784 0.004244 0.004630
0 0.489198 0.410494 0.003858 0.005144
0 0.484568 0.407922 0.003858 0.006173
0 0.512539 0.438014 0.002701 0.008745
0 0.543789 0.448045 0.003472 0.005144
0 0.539352 0.448817 0.004630 0.005658
0 0.440586 0.429527 0.003858 0.005144
0 0.437114 0.431327 0.003858 0.004630
0 0.433642 0.430041 0.003086 0.005144
0 0.385995 0.408179 0.004244 0.004630
0 0.384645 0.412809 0.003858 0.004630
0 0.360725 0.614969 0.003858 0.005658
0 0.225502 0.530093 0.003472 0.004630
0 0.038773 0.635802 0.003472 0.005144
0 0.085841 0.646348 0.003472 0.004630
0 0.085841 0.651235 0.004244 0.005144
0 0.179012 0.439558 0.003858 0.004630
0 0.234182 0.274691 0.003858 0.005144
0 0.569444 0.468364 0.003858 0.005658
0 0.671682 0.694959 0.003858 0.005144
0 0.663966 0.571502 0.003086 0.006173
0 0.978974 0.194702 0.003472 0.004630
0 0.978395 0.198817 0.003858 0.005658
0 0.967978 0.226595 0.003858 0.004630
0 0.965525 0.230011 0.003990 0.004093
0 0.650436 0.372233 0.003683 0.006958
0 0.644758 0.368345 0.003990 0.008185
0 0.975655 0.147338 0.005218 0.004911
0 0.975808 0.152659 0.003070 0.004911
0 0.980873 0.158798 0.003376 0.004093
0 0.977343 0.157365 0.002456 0.003683
0 0.893391 0.401906 0.003376 0.005730
0 0.897658 0.401578 0.003683 0.005566
0 0.895939 0.396340 0.004666 0.004256
0 0.860455 0.518958 0.004911 0.005894
0 0.858490 0.513228 0.004911 0.004911
0 0.516297 0.437431 0.003683 0.005239
0 0.226379 0.540854 0.003376 0.003683
0 0.224844 0.536556 0.003990 0.004911
