0 0.533372 0.125772 0.004244 0.005658
0 0.746528 0.015947 0.002315 0.004115
0 0.263696 0.027521 0.005787 0.008745
0 0.471258 0.109311 0.003472 0.004630
0 0.654321 0.773663 0.003858 0.005144
0 0.535301 0.067130 0.003472 0.004630
0 0.580054 0.080247 0.004244 0.005144
0 0.614198 0.098251 0.003858 0.005144
0 0.690394 0.131430 0.003472 0.004630
0 0.837577 0.912551 0.003858 0.004115
0 0.600116 0.085391 0.004244 0.006173
0 0.330633 0.132459 0.003858 0.005658
0 0.393711 0.313272 0.004244 0.006173
0 0.596644 0.220679 0.003472 0.005144
0 0.394097 0.175412 0.004244 0.006173
0 0.302855 0.101080 0.003858 0.005658
0 0.605324 0.044239 0.003086 0.005144
0 0.329090 0.424640 0.003858 0.005658
0 0.112076 0.492541 0.003472 0.005658
0 0.083526 0.900977 0.003472 0.004630
0 0.348573 0.554527 0.003472 0.004115
0 0.567130 0.304527 0.003086 0.005144
0 0.625965 0.100566 0.004244 0.005658
0 0.311150 0.173097 0.003472 0.003601
0 0.159144 0.111368 0.004244 0.005658
0 0.516204 0.202932 0.003858 0.005658
0 0.360147 0.734568 0.003472 0.005144
0 0.026813 0.757716 0.003472 0.005144
0 0.472415 0.768776 0.003472 0.004630
0 0.573881 0.031893 0.004244 0.005144
0 0.267940 0.354938 0.004244 0.005144
0 0.080247 0.473508 0.003858 0.004630
0 0.697531 0.035494 0.003086 0.004115
0 0.274498 0.534979 0.003472 0.005144
0 0.094329 0.672325 0.003472 0.004115
0 0.594329 0.118056 0.003472 0.007716
0 0.645255 0.268776 0.002701 0.003601
0 0.619020 0.197274 0.003472 0.004630
0 0.081790 0.598508 0.003858 0.004630
0 0.523727 0.464763 0.003472 0.004630
0 0.557870 0.040123 0.003858 0.005144
0 0.332948 0.261831 0.003858 0.005144
0 0.879630 0.806584 0.004630 0.005144
0 0.427855 0.221193 0.003858 0.006173
0 0.409144 0.498714 0.004244 0.004630
0 0.422647 0.364969 0.004244 0.005658
0 0.266975 0.394805 0.003858 0.005658
0 0.493056 0.030093 0.003086 0.003601
0 0.620370 0.169239 0.003086 0.004115
0 0.703897 0.110854 0.003472 0.004630
0 0.139853 0.532922 0.004244 0.005144
0 0.662037 0.052212 0.003086 0.004630
0 0.802469 0.922582 0.003086 0.004630
0 0.612461 0.221451 0.003472 0.004630
0 0.598765 0.061214 0.003858 0.004115
0 0.034144 0.156636 0.004244 0.005658
0 0.411458 0.073560 0.003472 0.005144
0 0.243827 0.342850 0.003858 0.004630
0 0.558642 0.165895 0.003858 0.004630
0 0.013310 0.881173 0.003472 0.003086
0 0.355903 0.634259 0.004244 0.005144
0 0.616319 0.065329 0.003472 0.004115
0 0.503086 0.686728 0.003858 0.004115
0 0.331597 0.174383 0.003472 0.004115
0 0.386188 0.478395 0.003858 0.004115
0 0.545332 0.137603 0.003472 0.005658
0 0.556520 0.060185 0.004244 0.006173
0 0.639660 0.193416 0.003086 0.004115
0 0.639853 0.084362 0.003472 0.005144
0 0.120563 0.010031 0.004244 0.004630
0 0.680363 0.026492 0.003472 0.004630
0 0.514468 0.135802 0.004244 0.006173
0 0.693287 0.147377 0.004630 0.004630
0 0.616127 0.140432 0.003858 0.005144
0 0.635224 0.313272 0.002701 0.004115
0 0.394097 0.624486 0.003472 0.004115
0 0.439622 0.060700 0.004244 0.008230
0 0.530864 0.053755 0.003858 0.004630
0 0.752315 0.036265 0.003086 0.004630
0 0.749035 0.039095 0.004244 0.005144
0 0.752122 0.280093 0.003472 0.004630
0 0.866512 0.149691 0.004630 0.006173
0 0.711034 0.142490 0.003858 0.004115
0 0.674961 0.146862 0.003472 0.004630
0 0.213349 0.143776 0.004630 0.005658
0 0.517747 0.468107 0.004630 0.006173
0 0.700617 0.601337 0.003086 0.005144
0 0.166667 0.759516 0.003858 0.003601
0 0.186921 0.784208 0.006559 0.008745
0 0.008681 0.386574 0.003472 0.004630
0 0.277006 0.247428 0.004630 0.006173
