0 0.064043 0.080247 0.003086 0.005144
0 0.677855 0.827160 0.003086 0.004115
0 0.417438 0.941872 0.003086 0.004115
0 0.025270 0.183128 0.003472 0.004115
0 0.292052 0.805298 0.003086 0.004630
0 0.290509 0.732767 0.003086 0.004630
0 0.105710 0.038837 0.003086 0.003601
0 0.256944 0.482510 0.003858 0.004115
0 0.480517 0.726080 0.003472 0.003601
0 0.407986 0.924126 0.003472 0.005658
0 0.627122 0.035751 0.003472 0.004630
0 0.076389 0.528549 0.003086 0.003601
0 0.551698 0.429270 0.003858 0.007716
0 0.134452 0.961420 0.003472 0.005144
0 0.003472 0.898663 0.003086 0.004115
0 0.356674 0.976595 0.003472 0.003601
0 0.493248 0.736111 0.003472 0.005144
0 0.600502 0.900206 0.003472 0.005144
0 0.717400 0.639403 0.003472 0.005144
0 0.323688 0.622428 0.003086 0.004115
0 0.010995 0.088735 0.002701 0.004630
0 0.549383 0.068416 0.002315 0.003086
0 0.154900 0.337449 0.003472 0.004115
0 0.491512 0.286780 0.003858 0.004630
0 0.033758 0.815072 0.002701 0.004630
0 0.486111 0.945730 0.003086 0.004630
0 0.504437 0.319959 0.004244 0.006173
0 0.589892 0.986626 0.003086 0.004115
0 0.293789 0.151492 0.002701 0.003601
0 0.412037 0.089249 0.003086 0.004630
0 0.670332 0.988426 0.003472 0.004630
0 0.451389 0.039609 0.003086 0.004115
0 0.117284 0.730453 0.003858 0.005144
0 0.178819 0.630401 0.003472 0.004630
0 0.686343 0.982253 0.003858 0.004630
0 0.428627 0.981996 0.003858 0.005144
0 0.091049 0.776492 0.001543 0.002572
0 0.564622 0.994084 0.003472 0.004630
0 0.639275 0.377058 0.003086 0.004115
0 0.238040 0.941358 0.002315 0.003086
0 0.411073 0.544496 0.002701 0.004630
0 0.559799 0.082047 0.003086 0.003601
0 0.606289 0.627058 0.003472 0.004115
0 0.670910 0.474794 0.003858 0.004115
0 0.266782 0.078189 0.002701 0.004115
0 0.488619 0.925412 0.003472 0.004115
0 0.022184 0.039095 0.003472 0.004115
0 0.165509 0.820216 0.004630 0.007716
0 0.123264 0.187500 0.005787 0.005658
0 0.736111 0.819187 0.003086 0.004630
0 0.591821 0.461163 0.003086 0.004630
0 0.686728 0.440072 0.004630 0.007716
0 0.250000 0.599023 0.003858 0.004630
0 0.483218 0.612654 0.003472 0.004115
0 0.584684 0.210391 0.003472 0.004115
0 0.615355 0.381687 0.003086 0.004115
0 0.487269 0.649949 0.002315 0.003601
0 0.100887 0.944444 0.003472 0.004115
0 0.732060 0.909722 0.003472 0.004630
0 0.431134 0.587963 0.003472 0.005144
0 0.085262 0.880144 0.003858 0.005144
0 0.481289 0.774177 0.002701 0.004115
0 0.540895 0.097994 0.003086 0.004630
0 0.358025 0.789866 0.003858 0.004630
0 0.070216 0.172068 0.003858 0.004630
0 0.032600 0.604424 0.003472 0.005144
0 0.288580 0.234311 0.003086 0.004630
0 0.214506 0.435185 0.003086 0.004115
0 0.608603 0.077418 0.004244 0.005658
0 0.530285 0.688529 0.003472 0.004630
0 0.306906 0.441101 0.002701 0.004630
0 0.635031 0.905607 0.003858 0.004630
0 0.727238 0.716564 0.003858 0.004115
0 0.606674 0.992284 0.003472 0.005144
0 0.756944 0.523663 0.003858 0.005144
0 0.678819 0.705761 0.003472 0.004115
0 0.657407 0.548097 0.003086 0.004630
0 0.302083 0.740226 0.003086 0.004115
0 0.174961 0.829990 0.001929 0.002572
0 0.376736 0.847994 0.003472 0.004630
0 0.703704 0.726337 0.003858 0.005144
0 0.621142 0.822274 0.003086 0.003601
0 0.015239 0.211163 0.003472 0.004630
0 0.589699 0.187757 0.003472 0.005144
0 0.123071 0.186986 0.004630 0.004630
0 0.646798 0.761060 0.003472 0.005658
0 0.730903 0.920010 0.003472 0.007716
0 0.715664 0.800154 0.003086 0.004630
0 0.570023 0.955761 0.003472 0.006173
0 0.477623 0.413323 0.003086 0.004630
0 0.453511 0.487397 0.003472 0.004630
0 0.365355 0.550669 0.003086 0.003601
0 0.660108 0.519547 0.003086 0.004115
0 0.622685 0.567644 0.003086 0.004630
0 0.396026 0.750514 0.003472 0.005144
0 0.210648 0.444444 0.003086 0.004115
0 0.554205 0.058385 0.002701 0.003601
0 0.005980 0.474794 0.001929 0.003086
0 0.211998 0.425412 0.002701 0.005144
0 0.300733 0.004630 0.002701 0.003086
0 0.209684 0.673611 0.003472 0.004630
0 0.405671 0.957562 0.003472 0.004630
0 0.548225 0.140689 0.003086 0.003601
0 0.743634 0.887088 0.003472 0.004630
0 0.303819 0.127572 0.004244 0.005144
0 0.756944 0.727881 0.003858 0.004115
0 0.593750 0.025977 0.003858 0.004630
0 0.589699 0.187243 0.003472 0.004115
0 0.559992 0.082819 0.003472 0.005144
0 0.312693 0.886574 0.003472 0.005658
0 0.627508 0.565586 0.002701 0.004630
0 0.527585 0.048868 0.001929 0.002058
0 0.194637 0.463992 0.004244 0.005144
0 0.743248 0.056327 0.002701 0.003601
0 0.357639 0.082819 0.003858 0.005144
0 0.694830 0.184928 0.003858 0.005658
0 0.765432 0.158436 0.003858 0.005144
0 0.406250 0.311728 0.003858 0.005144
0 0.348187 0.312757 0.004244 0.005144
0 0.296682 0.310957 0.003858 0.005658
0 0.265046 0.343879 0.003858 0.005658
0 0.233218 0.172325 0.004244 0.006173
0 0.235532 0.169239 0.005787 0.004115
0 0.049383 0.051440 0.003858 0.003086
0 0.050733 0.057099 0.003472 0.005144
0 0.070988 0.350309 0.004630 0.005144
0 0.067130 0.350823 0.003086 0.005144
0 0.042245 0.353909 0.004244 0.005144
0 0.127122 0.396348 0.004244 0.005658
0 0.103781 0.387346 0.003858 0.005144
0 0.128665 0.603395 0.004244 0.005144
0 0.085648 0.763117 0.003858 0.004630
0 0.239005 0.666667 0.004244 0.005144
0 0.428241 0.675926 0.004630 0.006173
0 0.473958 0.741255 0.004244 0.005144
0 0.341049 0.801698 0.004630 0.005658
0 0.439815 0.832305 0.004630 0.005144
0 0.440779 0.837706 0.004244 0.004630
0 0.562886 0.826646 0.003858 0.006173
0 0.638503 0.852366 0.004630 0.006173
0 0.674576 0.843107 0.004244 0.006173
0 0.623457 0.556842 0.006173 0.007716
0 0.817515 0.630916 0.004630 0.007716
0 0.770833 0.469136 0.003858 0.005144
0 0.735340 0.919496 0.004630 0.005658
0 0.428434 0.924126 0.004244 0.005658
0 0.270255 0.965278 0.004244 0.005658
0 0.294560 0.979938 0.004244 0.009259
0 0.648148 0.289609 0.003858 0.006173
