0 0.690918 0.768880 0.004883 0.006510
0 0.669434 0.609375 0.002930 0.005208
0 0.553711 0.382161 0.003906 0.006510
0 0.756836 0.735677 0.003906 0.005208
0 0.232422 0.568359 0.003906 0.003906
0 0.580078 0.606120 0.003906 0.006510
0 0.693848 0.547526 0.002930 0.003906
0 0.549316 0.401693 0.002930 0.003906
0 0.434570 0.481771 0.003906 0.005208
0 0.415527 0.320964 0.004883 0.006510
0 0.686523 0.586589 0.003906 0.006510
0 0.344727 0.252604 0.003906 0.005208
0 0.564941 0.492839 0.004883 0.006510
0 0.414062 0.152995 0.003906 0.006510
0 0.381836 0.598307 0.003906 0.006510
0 0.677246 0.111328 0.002930 0.003906
0 0.098145 0.313802 0.004883 0.005208
0 0.292969 0.173828 0.003906 0.003906
0 0.536621 0.391927 0.004883 0.005208
0 0.458984 0.795573 0.005859 0.005208
0 0.121582 0.650391 0.004883 0.003906
0 0.694336 0.702474 0.003906 0.006510
0 0.629395 0.346354 0.004883 0.005208
0 0.061523 0.152995 0.003906 0.006510
0 0.608398 0.729818 0.003906 0.006510
0 0.297363 0.430339 0.004883 0.006510
0 0.516602 0.434245 0.003906 0.006510
0 0.210449 0.255208 0.002930 0.005208
0 0.421387 0.210286 0.002930 0.006510
0 0.637695 0.276693 0.003906 0.003906
0 0.733887 0.446615 0.004883 0.005208
0 0.706055 0.807943 0.003906 0.006510
0 0.458984 0.888672 0.003906 0.003906
0 0.754883 0.467448 0.003906 0.005208
0 0.209961 0.852214 0.003906 0.003906
0 0.260254 0.339193 0.002930 0.003906
0 0.586914 0.281250 0.003906 0.005208
0 0.466309 0.263021 0.002930 0.005208
0 0.522461 0.886719 0.003906 0.007812
0 0.232910 0.423177 0.002930 0.005208
0 0.152832 0.324219 0.002930 0.005208
0 0.159668 0.182292 0.002930 0.005208
0 0.467285 0.295573 0.002930 0.005208
0 0.027832 0.494141 0.004883 0.003906
0 0.153809 0.634766 0.004883 0.006510
0 0.722168 0.446615 0.004883 0.005208
0 0.088379 0.007812 0.002930 0.005208
0 0.052734 0.485026 0.003906 0.003906
0 0.383301 0.082682 0.004883 0.006510
0 0.717773 0.577474 0.003906 0.003906
0 0.691406 0.720052 0.003906 0.005208
0 0.122070 0.383464 0.003906 0.003906
0 0.439453 0.250651 0.003906 0.003906
0 0.534668 0.302083 0.004883 0.005208
0 0.167969 0.878255 0.003906 0.003906
0 0.777832 0.434245 0.002930 0.006510
0 0.608887 0.602865 0.004883 0.005208
0 0.700684 0.791667 0.004883 0.005208
0 0.409668 0.014974 0.002930 0.006510
0 0.696289 0.530599 0.003906 0.003906
0 0.730957 0.546875 0.002930 0.005208
0 0.251465 0.743490 0.002930 0.005208
0 0.451172 0.228516 0.001953 0.003906
0 0.725586 0.354167 0.003906 0.005208
0 0.561035 0.666016 0.004883 0.003906
0 0.777832 0.488932 0.002930 0.003906
0 0.002930 0.134766 0.003906 0.003906
0 0.193848 0.024740 0.002930 0.005208
0 0.666016 0.686849 0.003906 0.003906
0 0.210449 0.377604 0.002930 0.005208
0 0.686523 0.666667 0.003906 0.005208
0 0.575195 0.687500 0.003906 0.005208
0 0.755371 0.697266 0.006836 0.006510
0 0.171875 0.406250 0.003906 0.005208
0 0.662109 0.113932 0.001953 0.003906
0 0.046875 0.203776 0.003906 0.006510
0 0.479004 0.671875 0.002930 0.005208
0 0.168945 0.104818 0.003906 0.003906
0 0.313965 0.102865 0.002930 0.005208
0 0.262695 0.208333 0.003906 0.005208
0 0.258789 0.213542 0.003906 0.005208
0 0.284180 0.216146 0.003906 0.005208
0 0.121582 0.447917 0.004883 0.005208
0 0.115723 0.471354 0.002930 0.005208
0 0.228516 0.470052 0.003906 0.005208
0 0.315918 0.447917 0.002930 0.005208
0 0.441895 0.209635 0.002930 0.005208
0 0.448242 0.209635 0.003906 0.005208
0 0.458984 0.282552 0.003906 0.005208
0 0.453613 0.157552 0.002930 0.005208
0 0.386719 0.093099 0.003906 0.006510
0 0.247559 0.364583 0.002930 0.005208
0 0.458984 0.108724 0.003906 0.003906
0 0.455566 0.108073 0.002930 0.005208
0 0.319336 0.498047 0.003906 0.006510
0 0.666504 0.045573 0.004883 0.005208
0 0.697266 0.394531 0.003906 0.005208
0 0.671387 0.447917 0.004883 0.005208
0 0.672852 0.081380 0.003906 0.003906
0 0.543457 0.008464 0.004883 0.006510
