0 0.840820 0.520182 0.003906 0.003906
0 0.467773 0.163411 0.003906 0.006510
0 0.513184 0.378906 0.002930 0.005208
0 0.001953 0.506510 0.003906 0.005208
0 0.762207 0.293620 0.004883 0.006510
0 0.439941 0.611328 0.002930 0.003906
0 0.362305 0.524740 0.001953 0.005208
0 0.307129 0.945312 0.002930 0.005208
0 0.226074 0.774089 0.004883 0.006510
0 0.458496 0.671224 0.002930 0.003906
0 0.802246 0.654297 0.002930 0.003906
0 0.438965 0.324219 0.004883 0.005208
0 0.168457 0.360677 0.002930 0.005208
0 0.438477 0.524089 0.003906 0.006510
0 0.678711 0.553385 0.005859 0.013021
0 0.933105 0.456380 0.002930 0.003906
0 0.883789 0.494792 0.003906 0.005208
0 0.480469 0.481120 0.003906 0.006510
0 0.695801 0.716797 0.004883 0.006510
0 0.756836 0.856771 0.003906 0.007812
0 0.334473 0.257161 0.018555 0.027344
0 0.998535 0.745443 0.002930 0.011719
0 0.106934 0.235026 0.004883 0.003906
0 0.881836 0.152995 0.003906 0.003906
0 0.430664 0.492188 0.005859 0.005208
0 0.584961 0.220052 0.003906 0.005208
0 0.632324 0.835938 0.004883 0.007812
0 0.262207 0.629557 0.002930 0.003906
0 0.640137 0.807943 0.002930 0.003906
0 0.324219 0.193359 0.005859 0.006510
0 0.631836 0.855469 0.003906 0.007812
0 0.811523 0.174479 0.003906 0.005208
0 0.846191 0.555339 0.002930 0.006510
0 0.478027 0.780599 0.004883 0.006510
0 0.465820 0.856120 0.003906 0.006510
0 0.525391 0.233724 0.003906 0.003906
0 0.095703 0.245443 0.003906 0.006510
0 0.229980 0.934245 0.004883 0.006510
0 0.260254 0.410156 0.004883 0.005208
0 0.486816 0.526042 0.002930 0.005208
0 0.147461 0.469401 0.005859 0.006510
0 0.747559 0.644531 0.002930 0.005208
0 0.770020 0.822917 0.004883 0.005208
0 0.966309 0.925781 0.002930 0.005208
0 0.835449 0.790365 0.004883 0.007812
0 0.582520 0.796875 0.002930 0.002604
0 0.520508 0.530599 0.005859 0.006510
0 0.267090 0.291016 0.004883 0.003906
0 0.105469 0.234375 0.001953 0.005208
0 0.246582 0.875000 0.004883 0.005208
0 0.350098 0.597656 0.002930 0.005208
0 0.666504 0.758464 0.004883 0.006510
0 0.708496 0.306641 0.002930 0.003906
0 0.452148 0.271484 0.003906 0.006510
0 0.381348 0.541667 0.002930 0.005208
0 0.475098 0.665365 0.004883 0.005208
0 0.625000 0.158203 0.003906 0.006510
0 0.542480 0.167969 0.002930 0.007812
0 0.151367 0.816406 0.003906 0.005208
0 0.453125 0.415365 0.001953 0.005208
0 0.853516 0.926432 0.003906 0.003906
0 0.447754 0.113932 0.002930 0.003906
0 0.430664 0.177734 0.003906 0.006510
0 0.089844 0.718099 0.003906 0.003906
0 0.943359 0.114583 0.003906 0.002604
0 0.777832 0.367188 0.004883 0.005208
0 0.318848 0.561849 0.002930 0.003906
0 0.594238 0.145833 0.004883 0.005208
