0 0.379483 0.164530 0.007832 0.010534
0 0.425148 0.528726 0.008911 0.012989
0 0.572541 0.650539 0.009329 0.012039
0 0.428758 0.193637 0.008030 0.010888
0 0.322532 0.052530 0.009270 0.013056
0 0.121577 0.289752 0.009165 0.012912
0 0.404975 0.298459 0.007999 0.011391
0 0.369879 0.043439 0.008047 0.013196
0 0.427731 0.159052 0.009734 0.012034
0 0.422770 0.065402 0.008486 0.011524
0 0.410161 0.358407 0.008420 0.011683
0 0.269063 0.091568 0.008515 0.012732
0 0.323604 0.382415 0.008300 0.012165
0 0.296885 0.050242 0.008996 0.012337
0 0.449625 0.195149 0.007110 0.010228
0 0.276566 0.498253 0.010116 0.014051
0 0.381244 0.279915 0.007365 0.010796
0 0.454752 0.141786 0.008065 0.011356
0 0.557543 0.146780 0.008371 0.011475
0 0.308479 0.038279 0.008741 0.012583
0 0.359468 0.261329 0.008755 0.011362
0 0.691101 0.337219 0.009695 0.012384
0 0.222572 0.152635 0.007438 0.010287
0 0.090868 0.327187 0.009234 0.011740
0 0.587949 0.574366 0.010402 0.014330
0 0.307502 0.055193 0.008284 0.012130
0 0.362290 0.056421 0.008731 0.012381
0 0.590418 0.263325 0.009732 0.012663
0 0.582047 0.533889 0.009203 0.011810
0 0.348267 0.462367 0.009744 0.012500
0 0.541680 0.575517 0.010044 0.013408
0 0.472121 0.211752 0.009129 0.012210
0 0.354669 0.488579 0.008591 0.011931
0 0.525798 0.021980 0.009773 0.012476
0 0.381887 0.525218 0.009688 0.012153
0 0.262714 0.457066 0.009219 0.012937
0 0.389790 0.360041 0.008675 0.012045
0 0.545071 0.320899 0.008451 0.011691
0 0.397238 0.536749 0.007936 0.011292
0 0.382833 0.259453 0.009579 0.012449
0 0.550588 0.534683 0.008180 0.010762
0 0.541763 0.246917 0.009456 0.013773
0 0.331539 0.028141 0.008094 0.011543
0 0.362696 0.315172 0.008489 0.011725
0 0.440381 0.540296 0.009637 0.013496
0 0.553348 0.515161 0.008886 0.011811
0 0.617320 0.225970 0.009191 0.012492
0 0.376453 0.150768 0.008608 0.012078
0 0.319665 0.211634 0.007787 0.010070
0 0.639155 0.220576 0.009809 0.012395
0 0.485501 0.233884 0.009199 0.012430
0 0.388998 0.022740 0.008695 0.011377
0 0.455914 0.259730 0.010186 0.013507
0 0.489226 0.212273 0.009422 0.012761
0 0.313809 0.098491 0.008666 0.011304
0 0.541155 0.166028 0.008853 0.012225
0 0.521910 0.453207 0.009139 0.011982
0 0.612497 0.241857 0.010006 0.013326
0 0.369932 0.521005 0.009003 0.013196
0 0.506375 0.140234 0.008772 0.011549
0 0.477066 0.035670 0.009320 0.012157
0 0.639125 0.316357 0.009185 0.011952
0 0.572179 0.187380 0.009632 0.012577
0 0.572492 0.541841 0.008497 0.011850
0 0.384201 0.244712 0.008702 0.011535
0 0.595244 0.537979 0.010175 0.013691
0 0.574420 0.452207 0.008965 0.011967
0 0.366444 0.186199 0.008931 0.012200
0 0.360896 0.510363 0.010069 0.013660
0 0.444752 0.132686 0.007115 0.009943
0 0.505162 0.212563 0.008328 0.010945
0 0.409306 0.318268 0.008525 0.012241
0 0.213558 0.246599 0.007867 0.011491
0 0.272649 0.068645 0.007942 0.010938
0 0.314479 0.065967 0.010115 0.012471
0 0.354944 0.304050 0.008178 0.011029
0 0.425029 0.102660 0.007693 0.009827
0 0.447770 0.223372 0.007198 0.010461
0 0.240440 0.205153 0.008415 0.011998
0 0.522278 0.175838 0.008550 0.012285
0 0.463240 0.382416 0.008471 0.012020
0 0.326956 0.389218 0.008471 0.011804
0 0.439223 0.433749 0.008321 0.011697
0 0.446050 0.159317 0.008932 0.011771
0 0.651540 0.175758 0.009718 0.013783
0 0.390714 0.605365 0.010084 0.014050
0 0.432849 0.463457 0.007680 0.011002
0 0.519008 0.666277 0.009625 0.013628
0 0.357028 0.349864 0.008951 0.011748
0 0.144953 0.192450 0.009379 0.012532
0 0.333824 0.189545 0.008035 0.010337
0 0.643444 0.103711 0.009765 0.013519
0 0.382853 0.135155 0.009888 0.012363
0 0.583575 0.519849 0.010257 0.013396
0 0.160299 0.396045 0.009706 0.013272
0 0.454463 0.243881 0.009569 0.012185
0 0.424534 0.420710 0.008775 0.011905
0 0.345200 0.180426 0.010114 0.013350
0 0.327919 0.239241 0.010541 0.013900
0 0.686079 0.098891 0.009551 0.012105
0 0.284803 0.259125 0.008848 0.011131
0 0.506032 0.630188 0.009605 0.012593
0 0.382542 0.313103 0.008251 0.011580
0 0.475411 0.471211 0.008501 0.010996
0 0.574471 0.671266 0.009355 0.012654
0 0.385495 0.295141 0.008920 0.012212
0 0.197459 0.218875 0.010055 0.013769
0 0.375760 0.352118 0.008604 0.011912
0 0.588168 0.132887 0.009316 0.013262
0 0.368565 0.425628 0.009396 0.013239
0 0.269562 0.263221 0.008649 0.010583
0 0.328078 0.073167 0.009194 0.012664
0 0.342272 0.214756 0.006775 0.009143
0 0.408563 0.262054 0.008930 0.012033
0 0.349322 0.475831 0.008339 0.010851
0 0.287399 0.061711 0.008035 0.011940
0 0.440982 0.022509 0.008309 0.010916
0 0.456921 0.181581 0.007831 0.011495
0 0.620662 0.166709 0.010152 0.013921
0 0.203688 0.059808 0.008749 0.012237
0 0.395179 0.325544 0.009458 0.012662
0 0.437160 0.142292 0.009182 0.012475
0 0.404293 0.450758 0.009282 0.012055
0 0.174721 0.006423 0.007991 0.010371
0 0.562487 0.536055 0.009352 0.011807
0 0.606497 0.177127 0.009936 0.013061
0 0.613375 0.675930 0.009632 0.013552
0 0.521707 0.753435 0.009538 0.012453
0 0.039447 0.304312 0.010457 0.013973
0 0.536600 0.293341 0.009684 0.012599
0 0.545153 0.442302 0.009063 0.012179
0 0.025059 0.203581 0.009508 0.012546
0 0.392538 0.309749 0.008460 0.011420
0 0.484419 0.224863 0.009904 0.011653
0 0.452599 0.524788 0.009332 0.011716
0 0.518880 0.195315 0.009925 0.014525
0 0.222249 0.178707 0.009658 0.013090
0 0.065841 0.367083 0.009259 0.012417
0 0.422576 0.553728 0.010519 0.013939
0 0.405521 0.029788 0.007423 0.010377
0 0.474260 0.064582 0.008301 0.010967
0 0.546386 0.227846 0.009165 0.012605
0 0.565092 0.681092 0.008111 0.012109
0 0.080010 0.208669 0.009163 0.012322
0 0.377685 0.181327 0.008231 0.011035
0 0.374005 0.495903 0.009590 0.012848
0 0.613414 0.023499 0.008436 0.011488
0 0.477876 0.054855 0.008836 0.011101
0 0.301878 0.073173 0.009358 0.012513
0 0.432729 0.073973 0.008171 0.010599
0 0.375210 0.219640 0.010105 0.013168
0 0.503359 0.690702 0.009403 0.012370
0 0.621768 0.496965 0.008646 0.010740
0 0.433130 0.233622 0.007900 0.010341
0 0.547920 0.857251 0.011073 0.014212
0 0.257351 0.492441 0.009544 0.012532
0 0.518776 0.775747 0.009051 0.012140
0 0.235507 0.563974 0.009673 0.012010
0 0.420785 0.396182 0.007346 0.011253
0 0.496706 0.289076 0.007593 0.010457
0 0.399242 0.043881 0.010004 0.012000
0 0.417226 0.151502 0.008275 0.011747
0 0.428856 0.225381 0.008923 0.011358
0 0.323115 0.100732 0.007677 0.011494
0 0.611752 0.100986 0.010219 0.013951
0 0.338925 0.390482 0.007911 0.010909
0 0.232847 0.101346 0.006563 0.009212
0 0.069804 0.188158 0.009699 0.012597
0 0.335982 0.467356 0.009909 0.013355
0 0.366827 0.086718 0.008299 0.010181
0 0.159596 0.286433 0.008667 0.012167
0 0.127315 0.357085 0.009191 0.012158
0 0.284050 0.517495 0.009938 0.013905
0 0.560155 0.158978 0.007625 0.010628
0 0.440092 0.117120 0.007889 0.011118
0 0.307627 0.011738 0.009100 0.012634
0 0.555484 0.299222 0.009383 0.013521
0 0.379396 0.397445 0.009041 0.012260
0 0.583135 0.359280 0.009324 0.012385
0 0.370338 0.443846 0.009712 0.012550
0 0.552330 0.559541 0.011073 0.014515
0 0.231787 0.206246 0.008594 0.012015
0 0.243351 0.326626 0.007700 0.009825
0 0.495764 0.096212 0.008433 0.011507
0 0.528986 0.441079 0.008583 0.011312
0 0.517445 0.146065 0.009026 0.011610
0 0.538860 0.196006 0.008185 0.011671
0 0.193424 0.049043 0.006862 0.009806
0 0.238549 0.143184 0.008665 0.012197
0 0.401848 0.175637 0.008186 0.010935
0 0.221327 0.252102 0.009266 0.012947
0 0.337446 0.370796 0.009637 0.012668
0 0.099678 0.351102 0.010108 0.013380
0 0.692322 0.320683 0.010035 0.013526
0 0.185449 0.297050 0.008954 0.011796
0 0.408054 0.545490 0.009317 0.011689
0 0.159285 0.198885 0.010406 0.013770
0 0.158090 0.303437 0.009938 0.013942
0 0.126695 0.022718 0.010927 0.014123
0 0.417301 0.285130 0.008866 0.012091
0 0.476332 0.286028 0.009658 0.013065
0 0.201660 0.005520 0.007207 0.008934
0 0.392809 0.090752 0.008885 0.012697
0 0.260277 0.235729 0.009811 0.013348
0 0.083721 0.360183 0.011067 0.013926
0 0.639629 0.012862 0.009054 0.012211
0 0.141971 0.029214 0.009303 0.012954
0 0.330593 0.354167 0.008768 0.012942
0 0.631118 0.126988 0.009666 0.012196
0 0.560629 0.007013 0.008510 0.010869
0 0.442499 0.326313 0.008447 0.010916
0 0.457817 0.197087 0.008920 0.012912
0 0.282380 0.293026 0.012776 0.015023
0 0.259123 0.076148 0.007715 0.010421
0 0.651366 0.237914 0.010011 0.014221
0 0.194692 0.016035 0.008142 0.011122
0 0.094931 0.311468 0.011393 0.016034
0 0.456711 0.311427 0.009503 0.013486
0 0.351716 0.116468 0.008345 0.010300
0 0.313001 0.359727 0.008883 0.011970
0 0.476116 0.196843 0.009634 0.013369
0 0.183077 0.587352 0.009552 0.012692
0 0.265016 0.377214 0.011265 0.013819
0 0.213439 0.546162 0.009921 0.013040
0 0.534820 0.328027 0.008080 0.011157
0 0.299062 0.423855 0.008731 0.012499
0 0.421084 0.442850 0.006842 0.009809
0 0.557302 0.529000 0.007529 0.011804
0 0.551151 0.628857 0.009410 0.012573
0 0.542625 0.383375 0.009089 0.013005
0 0.392757 0.381573 0.007690 0.010616
0 0.159013 0.427923 0.009548 0.013200
0 0.195824 0.271642 0.009739 0.012920
0 0.440615 0.170668 0.008644 0.012482
0 0.313102 0.378091 0.010486 0.012885
0 0.280982 0.723358 0.009970 0.012807
0 0.343192 0.197501 0.008250 0.012035
0 0.592149 0.649080 0.009195 0.011548
0 0.483453 0.080968 0.007797 0.011019
0 0.291244 0.075634 0.008404 0.011525
0 0.197402 0.129549 0.008672 0.010966
0 0.349106 0.070346 0.008777 0.012383
0 0.601878 0.557414 0.009617 0.013145
0 0.346338 0.322575 0.009561 0.013216
0 0.528134 0.768185 0.009237 0.013548
0 0.426605 0.270757 0.010088 0.012805
0 0.415290 0.119950 0.007684 0.010409
0 0.583572 0.340788 0.009016 0.012177
0 0.051339 0.283343 0.009649 0.013137
0 0.797682 0.858702 0.010912 0.014047
0 0.462929 0.282335 0.008028 0.009945
0 0.289214 0.426794 0.009010 0.012845
0 0.317836 0.170715 0.007327 0.010305
0 0.465802 0.432898 0.008340 0.010244
0 0.277213 0.104455 0.008883 0.011951
0 0.503079 0.296904 0.007516 0.010589
0 0.586136 0.618397 0.009450 0.011976
0 0.518867 0.099077 0.007554 0.009530
0 0.448322 0.202033 0.007277 0.010630
0 0.464832 0.090161 0.008031 0.010894
0 0.316278 0.153207 0.009040 0.012618
0 0.383147 0.007257 0.009986 0.012105
0 0.573980 0.028980 0.008420 0.011895
0 0.374762 0.480645 0.009696 0.011505
0 0.325042 0.318278 0.009971 0.012820
0 0.450641 0.030946 0.010764 0.013905
0 0.175301 0.018622 0.007971 0.010637
0 0.418936 0.136415 0.008900 0.012735
0 0.608783 0.204640 0.008327 0.010434
0 0.339144 0.327815 0.008589 0.012340
0 0.686150 0.536750 0.009675 0.012545
0 0.550432 0.371663 0.008573 0.011844
0 0.219655 0.949498 0.008488 0.011591
0 0.355597 0.250453 0.008668 0.012093
0 0.659305 0.771590 0.010608 0.014540
0 0.515194 0.112648 0.008059 0.010961
0 0.674051 0.298297 0.009423 0.012812
0 0.458979 0.425346 0.007266 0.010501
0 0.270447 0.326973 0.008811 0.011527
0 0.470844 0.648696 0.009326 0.012383
0 0.391899 0.163039 0.009261 0.012172
0 0.379276 0.038024 0.009721 0.013754
0 0.151810 0.377353 0.008720 0.011449
0 0.496954 0.591605 0.010387 0.014089
0 0.507773 0.272803 0.009799 0.013011
0 0.484090 0.371933 0.010189 0.013214
0 0.465399 0.067653 0.007410 0.010902
0 0.297846 0.147610 0.009967 0.012890
0 0.281450 0.697868 0.010042 0.013128
0 0.521616 0.209917 0.009375 0.012113
0 0.392084 0.467073 0.008688 0.011123
0 0.516679 0.399246 0.009664 0.012012
0 0.126348 0.316323 0.010073 0.013912
0 0.599746 0.287569 0.009670 0.012515
0 0.452918 0.540271 0.009583 0.013174
0 0.437490 0.182331 0.008765 0.011332
0 0.085298 0.295528 0.007759 0.010580
0 0.534074 0.174135 0.008374 0.011304
0 0.366610 0.465051 0.007241 0.009705
0 0.434769 0.482551 0.009190 0.011709
0 0.079932 0.379310 0.010341 0.013548
0 0.438950 0.370817 0.008636 0.011846
0 0.451227 0.474344 0.009476 0.012517
0 0.389565 0.148813 0.007977 0.011255
0 0.475526 0.160237 0.007741 0.010274
0 0.208546 0.026695 0.008251 0.011054
0 0.496504 0.062593 0.009774 0.013226
0 0.293862 0.456276 0.008749 0.010605
0 0.371552 0.462737 0.008054 0.010511
0 0.552272 0.327220 0.009616 0.012420
0 0.160410 0.028421 0.008434 0.011725
0 0.330653 0.178397 0.009111 0.011716
0 0.401315 0.008919 0.009558 0.012481
0 0.214889 0.016105 0.006312 0.009775
0 0.321337 0.355607 0.008790 0.013166
0 0.655997 0.327170 0.009219 0.012380
0 0.242541 0.508857 0.009725 0.013177
0 0.246197 0.096379 0.007966 0.009917
0 0.208277 0.287742 0.010039 0.013524
0 0.304566 0.275395 0.009606 0.012731
0 0.626906 0.322115 0.009971 0.013581
0 0.484719 0.482715 0.008898 0.012017
0 0.338649 0.294619 0.008109 0.010037
0 0.475659 0.118954 0.007458 0.008368
0 0.537838 0.028862 0.009367 0.012760
0 0.468168 0.444542 0.010172 0.013974
0 0.427392 0.480987 0.007427 0.011035
0 0.700775 0.092041 0.010590 0.014187
0 0.464973 0.112611 0.007501 0.010274
0 0.429903 0.334866 0.008502 0.011263
0 0.380200 0.451411 0.007760 0.011141
0 0.473673 0.523288 0.008906 0.011977
0 0.327597 0.040022 0.008873 0.010875
0 0.226600 0.158985 0.008746 0.011837
0 0.414463 0.028149 0.009156 0.013162
0 0.225074 0.010858 0.007525 0.010631
0 0.253677 0.261984 0.009540 0.013205
0 0.279598 0.372148 0.010006 0.013215
0 0.495033 0.139791 0.009298 0.012213
0 0.416382 0.515415 0.009710 0.012786
0 0.223967 0.034651 0.008461 0.011205
0 0.175172 0.284398 0.008628 0.012535
0 0.120522 0.008345 0.008264 0.010986
0 0.173025 0.497723 0.010318 0.014414
0 0.464399 0.786925 0.010503 0.014028
0 0.433933 0.753374 0.009185 0.012074
0 0.474771 0.091629 0.007896 0.011753
0 0.157647 0.328604 0.007788 0.011119
0 0.387282 0.476566 0.008358 0.011290
0 0.379589 0.284166 0.006872 0.009481
0 0.270190 0.167399 0.011624 0.016160
0 0.289748 0.689954 0.008579 0.012302
0 0.216212 0.222459 0.008774 0.011319
0 0.444475 0.446728 0.009729 0.012077
0 0.303315 0.210125 0.009010 0.010883
0 0.557366 0.279168 0.007608 0.010784
0 0.206357 0.350132 0.008803 0.012496
0 0.499867 0.177983 0.010718 0.013450
0 0.036949 0.177722 0.009839 0.012990
0 0.324700 0.108998 0.007860 0.010599
0 0.418501 0.485629 0.008177 0.010820
0 0.218904 0.487235 0.009406 0.012843
0 0.399884 0.480297 0.008918 0.011099
0 0.148680 0.605062 0.012516 0.017463
0 0.490043 0.329349 0.009609 0.012640
0 0.203866 0.371293 0.010310 0.014203
0 0.009550 0.471776 0.009927 0.013401
0 0.573084 0.862034 0.009518 0.012100
0 0.281346 0.269988 0.009771 0.012831
0 0.380357 0.465502 0.007945 0.010708
0 0.444003 0.065813 0.007385 0.009749
0 0.323979 0.049066 0.009595 0.012663
0 0.081050 0.194587 0.008956 0.012469
0 0.514711 0.206490 0.008666 0.009994
0 0.676956 0.272045 0.009927 0.013591
0 0.513734 0.158628 0.010526 0.013683
0 0.549395 0.183365 0.009247 0.012738
0 0.387088 0.131514 0.010056 0.013088
0 0.763693 0.389601 0.010987 0.013918
0 0.268673 0.117760 0.007212 0.009453
0 0.142131 0.461149 0.010015 0.012779
0 0.339495 0.022272 0.009227 0.013113
0 0.143946 0.235765 0.007946 0.011393
0 0.695975 0.179501 0.009107 0.012195
0 0.341827 0.532191 0.008254 0.010852
0 0.513025 0.485391 0.006276 0.008772
0 0.650554 0.507780 0.008549 0.012102
0 0.405424 0.139923 0.008723 0.012051
0 0.342599 0.044099 0.007584 0.010843
0 0.451724 0.428400 0.007725 0.010296
0 0.329738 0.644574 0.010775 0.015000
0 0.380301 0.169036 0.008013 0.011365
0 0.371511 0.590777 0.007519 0.009762
0 0.082239 0.205768 0.009947 0.012766
0 0.565328 0.789026 0.010192 0.014107
0 0.008737 0.231504 0.009386 0.012418
0 0.658738 0.472294 0.009102 0.012378
0 0.533781 0.127392 0.007932 0.011377
0 0.474776 0.250906 0.009311 0.012250
0 0.188171 0.618774 0.011878 0.015133
0 0.432566 0.208764 0.007650 0.010606
0 0.479991 0.014800 0.009036 0.012711
0 0.535426 0.180367 0.008653 0.012248
0 0.153849 0.261498 0.009262 0.012421
0 0.185116 0.548918 0.013755 0.018808
0 0.348640 0.537714 0.008500 0.011811
0 0.443076 0.100586 0.007955 0.011544
0 0.247740 0.484625 0.008377 0.010806
0 0.521991 0.087744 0.008393 0.011339
0 0.389108 0.102774 0.008072 0.010109
0 0.129273 0.302541 0.010125 0.013639
0 0.536388 0.658958 0.007808 0.010358
0 0.211944 0.313061 0.009657 0.012860
0 0.410477 0.051040 0.009286 0.013158
0 0.153758 0.364623 0.009590 0.012676
0 0.481041 0.151145 0.008067 0.010958
0 0.451126 0.702481 0.009975 0.012716
0 0.246069 0.541069 0.008925 0.012136
0 0.274363 0.447619 0.011066 0.015780
0 0.387667 0.460816 0.008527 0.011381
0 0.349562 0.365485 0.007855 0.010806
0 0.138822 0.267750 0.008778 0.011189
0 0.402731 0.157282 0.008765 0.011946
0 0.374454 0.073712 0.009733 0.013896
0 0.326256 0.527964 0.006900 0.008965
0 0.425386 0.662168 0.009238 0.012942
0 0.443099 0.950142 0.009806 0.012695
0 0.453747 0.340425 0.007629 0.009979
0 0.276863 0.035579 0.008193 0.011085
0 0.388212 0.290520 0.008834 0.011545
0 0.359288 0.363790 0.010208 0.012645
0 0.652563 0.198849 0.009035 0.012511
0 0.578701 0.758449 0.011970 0.014995
0 0.349416 0.376828 0.007350 0.011268
0 0.408568 0.371243 0.008595 0.011062
0 0.445732 0.313102 0.008060 0.012185
0 0.215320 0.111942 0.007988 0.011048
0 0.479491 0.144258 0.007779 0.010426
0 0.590445 0.201986 0.009025 0.012324
0 0.553036 0.162943 0.007576 0.011744
0 0.414961 0.381073 0.008916 0.011471
0 0.416917 0.391135 0.008548 0.012656
0 0.291527 0.461207 0.009209 0.011836
0 0.353658 0.152214 0.008491 0.011778
0 0.412391 0.623151 0.007916 0.011383
0 0.397745 0.484012 0.008701 0.011878
0 0.481620 0.498801 0.009245 0.013006
0 0.238552 0.555299 0.009830 0.013165
0 0.413759 0.069272 0.009334 0.012868
0 0.465171 0.080623 0.007752 0.010255
0 0.369005 0.088949 0.007645 0.011273
0 0.450520 0.347121 0.008010 0.010516
0 0.231287 0.393333 0.009140 0.011901
0 0.534396 0.651173 0.007293 0.010407
0 0.528816 0.006124 0.007988 0.009631
0 0.088499 0.274890 0.009422 0.012482
0 0.465158 0.523538 0.008216 0.012096
0 0.287951 0.605743 0.009998 0.013060
0 0.101244 0.607480 0.010084 0.012975
0 0.473705 0.483360 0.008358 0.011157
0 0.568065 0.255524 0.006811 0.008974
0 0.555868 0.683173 0.007837 0.011984
0 0.478132 0.122297 0.008330 0.010434
0 0.402606 0.494891 0.008255 0.010693
0 0.404074 0.390634 0.008856 0.012463
0 0.519654 0.553440 0.008550 0.012589
0 0.394996 0.390132 0.007497 0.010365
0 0.467446 0.274202 0.010000 0.014340
0 0.413319 0.285118 0.008377 0.011351
0 0.324682 0.169364 0.007838 0.010865
0 0.375419 0.096586 0.008356 0.010107
0 0.469308 0.855214 0.012668 0.015276
0 0.445633 0.364592 0.009388 0.012885
0 0.007966 0.198196 0.010049 0.014658
0 0.333499 0.088877 0.008006 0.011813
0 0.359885 0.011959 0.009593 0.012734
0 0.473879 0.427062 0.008285 0.009956
0 0.459693 0.153108 0.007424 0.010831
0 0.511735 0.210577 0.008461 0.012502
0 0.304787 0.353738 0.008411 0.011473
0 0.539701 0.648045 0.007291 0.009032
0 0.437785 0.388114 0.008499 0.009636
0 0.403487 0.268453 0.009158 0.012572
0 0.689643 0.170036 0.009251 0.012645
0 0.560593 0.177429 0.008540 0.012343
0 0.040663 0.279922 0.009769 0.013528
0 0.257329 0.099442 0.008791 0.012135
0 0.486781 0.164027 0.007495 0.010502
0 0.446736 0.212623 0.007666 0.010303
0 0.334936 0.094913 0.007517 0.010646
0 0.408682 0.205677 0.007817 0.011388
0 0.405042 0.202248 0.007679 0.010414
0 0.616482 0.695026 0.010095 0.014380
0 0.488723 0.045852 0.009006 0.012855
0 0.621278 0.508328 0.009142 0.012188
0 0.513442 0.616672 0.008329 0.010886
0 0.527847 0.547724 0.008633 0.011930
0 0.161741 0.343666 0.008823 0.010626
0 0.553463 0.189699 0.007760 0.011402
0 0.168868 0.323965 0.009266 0.012487
0 0.608478 0.429152 0.010358 0.013174
0 0.084110 0.198585 0.011226 0.013348
0 0.295251 0.345989 0.009511 0.012442
0 0.677464 0.056702 0.010579 0.013269
0 0.494545 0.084253 0.008646 0.011128
0 0.349401 0.044383 0.009963 0.012262
0 0.554189 0.284501 0.009195 0.010993
0 0.353489 0.377283 0.008133 0.011178
0 0.426782 0.111430 0.008968 0.011859
0 0.337235 0.333184 0.008704 0.012163
0 0.288950 0.341866 0.008926 0.011994
0 0.589168 0.198579 0.009950 0.012868
0 0.553363 0.120418 0.008492 0.011390
0 0.414997 0.499307 0.010336 0.012708
0 0.693481 0.764027 0.005805 0.007805
0 0.669791 0.698040 0.010763 0.013697
0 0.139072 0.237404 0.008337 0.011654
0 0.395316 0.180210 0.008594 0.012156
0 0.526182 0.131433 0.007926 0.012231
0 0.606467 0.011189 0.006611 0.009963
0 0.488594 0.172643 0.007477 0.010688
0 0.405646 0.385036 0.009079 0.011463
0 0.132325 0.348255 0.008188 0.011632
0 0.405074 0.033486 0.007461 0.010748
0 0.115249 0.319464 0.010185 0.013743
0 0.238164 0.101994 0.006733 0.010497
0 0.497143 0.505767 0.008069 0.011499
0 0.411548 0.602783 0.008757 0.011696
0 0.170971 0.021730 0.008822 0.011428
0 0.394424 0.190501 0.007668 0.010478
0 0.244776 0.107260 0.006518 0.009537
0 0.445188 0.168807 0.009235 0.012030
0 0.081360 0.223076 0.007676 0.010122
0 0.226780 0.333822 0.010177 0.014063
0 0.432887 0.325580 0.007183 0.009355
0 0.011327 0.152331 0.008189 0.011866
0 0.321722 0.117996 0.007581 0.010457
0 0.726461 0.162080 0.010769 0.013358
0 0.400340 0.395557 0.007877 0.011226
