0 0.110918 0.557099 0.003472 0.005144
0 0.082176 0.435185 0.003858 0.006173
0 0.059606 0.652263 0.003472 0.005144
0 0.385417 0.503858 0.003858 0.005658
0 0.173418 0.316101 0.003472 0.004630
0 0.104167 0.496656 0.003086 0.004630
0 0.023727 0.643519 0.003472 0.004115
0 0.032986 0.611111 0.002701 0.004115
0 0.068673 0.616770 0.003858 0.004115
0 0.496721 0.831019 0.003472 0.004630
0 0.023920 0.431842 0.004630 0.007716
0 0.145062 0.574846 0.003858 0.004630
0 0.154321 0.253601 0.004630 0.006173
0 0.151235 0.515432 0.003086 0.005144
0 0.173611 0.643519 0.004630 0.006173
0 0.316937 0.438786 0.004244 0.005144
0 0.134066 0.572531 0.003472 0.005144
0 0.169174 0.581019 0.004244 0.004630
0 0.052276 0.719136 0.003472 0.004115
0 0.354552 0.320730 0.003086 0.004630
0 0.006752 0.690586 0.003472 0.004630
0 0.102816 0.364198 0.003472 0.005144
0 0.193480 0.343364 0.003472 0.004630
0 0.205247 0.504887 0.003858 0.004630
0 0.212770 0.832562 0.007330 0.008745
0 0.169367 0.497685 0.003858 0.004630
0 0.402006 0.809156 0.003858 0.005144
0 0.121914 0.627829 0.003086 0.004630
0 0.028549 0.528035 0.003858 0.004630
0 0.107832 0.470422 0.003472 0.004630
0 0.276042 0.342078 0.003472 0.004115
0 0.052276 0.629630 0.003472 0.005144
0 0.535108 0.355195 0.003858 0.005658
0 0.087577 0.444959 0.003086 0.005144
0 0.509645 0.811214 0.003858 0.004115
0 0.180363 0.610854 0.003472 0.004630
0 0.230131 0.373714 0.003472 0.004630
0 0.342207 0.347737 0.003858 0.005144
0 0.009645 0.318930 0.003086 0.005144
0 0.309606 0.419753 0.004244 0.005144
0 0.051119 0.473765 0.004244 0.005144
0 0.034915 0.491255 0.003472 0.005144
0 0.100887 0.893004 0.005787 0.006173
0 0.404900 0.577932 0.004244 0.005658
0 0.101273 0.628858 0.003472 0.004630
0 0.218557 0.956019 0.005787 0.007716
0 0.450231 0.746399 0.004630 0.006173
0 0.090085 0.384002 0.003472 0.004630
0 0.127508 0.583848 0.003472 0.005144
0 0.063657 0.039609 0.003858 0.004115
0 0.067901 0.646862 0.003858 0.004630
0 0.444637 0.470422 0.002701 0.004630
0 0.089120 0.950103 0.003858 0.005144
0 0.172068 0.483282 0.003858 0.004630
0 0.325424 0.359825 0.003472 0.004630
0 0.143904 0.481996 0.003858 0.005144
0 0.321952 0.251543 0.004244 0.005144
0 0.334491 0.336677 0.003858 0.004630
0 0.266975 0.393519 0.003086 0.005144
0 0.066358 0.285237 0.003858 0.004630
0 0.018133 0.542695 0.003858 0.005144
0 0.023920 0.574331 0.003858 0.004630
0 0.313657 0.505658 0.003858 0.005144
0 0.143133 0.307356 0.007716 0.010802
0 0.449460 0.776492 0.003858 0.005658
0 0.440586 0.506687 0.003858 0.005144
0 0.005208 0.438014 0.003472 0.004630
0 0.277006 0.845422 0.003858 0.004630
0 0.134838 0.649177 0.005787 0.006173
0 0.134645 0.687243 0.003086 0.005144
0 0.239198 0.465021 0.003086 0.005144
0 0.576389 0.336163 0.003086 0.004630
0 0.125772 0.556584 0.003858 0.004115
0 0.125193 0.475309 0.003472 0.005144
0 0.368634 0.377572 0.003472 0.005144
0 0.060571 0.516975 0.003086 0.004115
0 0.611690 0.680813 0.003472 0.003601
0 0.338156 0.886574 0.003472 0.004630
0 0.002122 0.512088 0.002701 0.004630
0 0.131173 0.405607 0.003858 0.005658
0 0.108025 0.527778 0.003086 0.005144
0 0.290123 0.343879 0.003086 0.004630
0 0.029900 0.565844 0.004244 0.005144
0 0.049190 0.606224 0.003472 0.005658
0 0.109954 0.403549 0.003086 0.005658
0 0.528935 0.380401 0.004630 0.005658
0 0.307870 0.399177 0.003858 0.005144
0 0.402199 0.060185 0.003472 0.005144
0 0.279321 0.640689 0.003858 0.004630
0 0.287230 0.502829 0.003472 0.004630
0 0.039931 0.409208 0.003472 0.004630
0 0.271219 0.909208 0.004630 0.004630
0 0.123457 0.319702 0.003086 0.004630
0 0.146798 0.538323 0.002701 0.004630
0 0.577546 0.403292 0.003858 0.006173
0 0.080633 0.495113 0.003858 0.004630
0 0.097415 0.449846 0.002701 0.003601
0 0.253279 0.422068 0.003472 0.004630
0 0.229552 0.604938 0.003086 0.005144
0 0.313850 0.523920 0.003472 0.004630
0 0.101466 0.629372 0.003858 0.004630
0 0.282215 0.352109 0.003472 0.004630
0 0.073302 0.737397 0.003086 0.004630
0 0.206019 0.476852 0.003086 0.004115
0 0.133681 0.522119 0.003472 0.005144
0 0.086227 0.620113 0.003472 0.004630
0 0.686343 0.266461 0.003858 0.006173
0 0.193866 0.476595 0.003472 0.004630
0 0.196759 0.427469 0.003086 0.004115
0 0.179977 0.566101 0.003472 0.004630
0 0.096644 0.646091 0.003472 0.005144
0 0.002508 0.287551 0.003472 0.005144
0 0.187886 0.544239 0.003858 0.005144
0 0.190779 0.533179 0.004244 0.004630
0 0.516975 0.811214 0.003858 0.004115
0 0.094329 0.526749 0.003472 0.004115
0 0.220679 0.459362 0.003858 0.005144
0 0.210069 0.590021 0.002701 0.004115
0 0.157600 0.522119 0.003472 0.004115
0 0.008295 0.659722 0.003472 0.003601
0 0.355903 0.552984 0.003472 0.005144
0 0.343750 0.587449 0.003858 0.005144
0 0.256366 0.463735 0.003472 0.004630
0 0.118056 0.647634 0.003858 0.005144
0 0.048997 0.423868 0.003086 0.005144
0 0.064622 0.626286 0.003472 0.003601
0 0.047647 0.597737 0.002701 0.003086
0 0.222801 0.573817 0.003472 0.004630
0 0.515046 0.835905 0.003086 0.005144
0 0.125772 0.563272 0.003858 0.005144
0 0.127122 0.490998 0.003472 0.004630
0 0.078897 0.572274 0.003472 0.004630
0 0.044946 0.649691 0.003472 0.005144
0 0.012153 0.470422 0.003472 0.004630
0 0.050926 0.664609 0.003858 0.005144
0 0.494213 0.791924 0.003858 0.005658
0 0.116319 0.643004 0.003472 0.005144
0 0.219329 0.596708 0.003472 0.004115
0 0.110340 0.440586 0.003086 0.004630
0 0.349730 0.255916 0.005787 0.005658
0 0.725502 0.341564 0.006559 0.006173
0 0.054784 0.656636 0.003858 0.004630
0 0.489005 0.653807 0.003472 0.004115
0 0.086998 0.497942 0.003472 0.005144
0 0.186921 0.427469 0.003472 0.005144
0 0.515432 0.836163 0.003858 0.004630
0 0.148920 0.666152 0.003086 0.004115
0 0.092978 0.602623 0.003858 0.004630
0 0.754630 0.246142 0.003086 0.003601
0 0.201003 0.572016 0.003858 0.004115
0 0.209877 0.590792 0.002315 0.004630
0 0.363040 0.861626 0.003858 0.005144
0 0.069252 0.667438 0.003472 0.005658
0 0.445409 0.470936 0.003472 0.004630
0 0.211034 0.568416 0.003858 0.005144
0 0.506559 0.253858 0.006944 0.010802
0 0.302083 0.394805 0.003858 0.004630
0 0.360532 0.051440 0.003472 0.005144
0 0.440586 0.996399 0.003858 0.005144
0 0.010031 0.635545 0.003858 0.004630
0 0.260417 0.331276 0.003858 0.004115
0 0.010031 0.635802 0.004630 0.005144
0 0.297454 0.380658 0.003086 0.004115
0 0.106289 0.572788 0.003472 0.004630
0 0.163194 0.634002 0.003858 0.002572
0 0.248650 0.500257 0.003472 0.004630
0 0.292631 0.997685 0.004244 0.003601
0 0.036265 0.602881 0.003086 0.005144
0 0.255594 0.379630 0.005787 0.005144
0 0.352238 0.728395 0.003086 0.004115
0 0.239005 0.465535 0.003472 0.004115
0 0.354360 0.320988 0.002701 0.004115
0 0.117477 0.524177 0.004244 0.004115
0 0.201582 0.386060 0.003472 0.004630
0 0.018326 0.773405 0.004244 0.005658
0 0.281829 0.868827 0.004244 0.005144
0 0.378858 0.997685 0.003858 0.004630
0 0.311150 0.844650 0.005787 0.010288
0 0.446373 0.747942 0.003086 0.005144
0 0.029707 0.750772 0.003858 0.004630
0 0.035494 0.748200 0.001543 0.003601
0 0.484375 0.681070 0.004244 0.005144
0 0.436728 0.501029 0.003086 0.005144
0 0.417631 0.564558 0.003472 0.003601
0 0.415509 0.568416 0.003086 0.006173
0 0.265625 0.514146 0.003472 0.004630
0 0.257330 0.538837 0.003858 0.004630
0 0.259452 0.381944 0.005787 0.008745
0 0.532022 0.446502 0.001543 0.001029
0 0.572724 0.889918 0.005787 0.017490
0 0.569059 0.913323 0.003858 0.011831
0 0.139853 0.688014 0.002701 0.004630
0 0.045525 0.656379 0.003086 0.004115
0 0.040895 0.600566 0.003086 0.003601
0 0.033951 0.617541 0.003858 0.003601
0 0.166281 0.637603 0.002315 0.004630
0 0.156250 0.635802 0.003858 0.005144
0 0.154514 0.644547 0.003472 0.004115
0 0.157022 0.641204 0.002315 0.003601
0 0.160880 0.638889 0.003086 0.004115
0 0.351659 0.665638 0.002701 0.005144
0 0.078318 0.436471 0.001543 0.004630
0 0.131559 0.407922 0.003086 0.005144
0 0.039738 0.429784 0.003086 0.003601
0 0.043403 0.431327 0.004244 0.004630
0 0.046296 0.427212 0.003858 0.004630
0 0.267940 0.293724 0.003472 0.004115
0 0.753665 0.208848 0.004244 0.006173
0 0.674190 0.383745 0.002701 0.005144
0 0.678434 0.381173 0.003472 0.005144
0 0.020255 0.765947 0.004244 0.006173
0 0.001157 0.659722 0.002315 0.003601
