0 0.542245 0.924897 0.004244 0.005144
0 0.899691 0.567901 0.003858 0.006173
0 0.560185 0.952418 0.004630 0.005658
0 0.445023 0.029835 0.003472 0.005144
0 0.411265 0.105710 0.004630 0.005658
0 0.637539 0.753601 0.005787 0.006173
0 0.761767 0.955761 0.004244 0.006173
0 0.423997 0.185442 0.003858 0.005658
0 0.728395 0.462963 0.004630 0.006173
0 0.945795 0.323302 0.003472 0.004630
0 0.986497 0.934156 0.003858 0.005144
0 0.722608 0.826389 0.006173 0.007716
0 0.914159 0.905093 0.004244 0.004630
0 0.752894 0.801955 0.004244 0.005144
0 0.842014 0.942387 0.004244 0.005144
0 0.862461 0.537294 0.003472 0.005658
0 0.661265 0.647634 0.003858 0.005144
0 0.931906 0.945473 0.003472 0.004115
0 0.557292 0.088992 0.003472 0.005144
0 0.800347 0.914609 0.003472 0.006173
0 0.685957 0.543981 0.003858 0.005658
0 0.651235 0.903807 0.006173 0.006173
0 0.404900 0.606739 0.004244 0.005658
0 0.462963 0.818673 0.004630 0.007716
0 0.918403 0.662551 0.003472 0.005144
0 0.611497 0.620370 0.003858 0.005144
0 0.548997 0.911265 0.004630 0.005658
0 0.608603 0.539095 0.005787 0.006173
0 0.372106 0.690586 0.003472 0.007716
0 0.931327 0.579733 0.003858 0.005144
0 0.617670 0.822788 0.004630 0.007716
0 0.573495 0.904835 0.003472 0.005144
0 0.511381 0.460648 0.004244 0.005658
0 0.293210 0.430041 0.004630 0.006173
0 0.949267 0.285237 0.005787 0.008745
0 0.887924 0.513117 0.005787 0.007716
0 0.618056 0.650463 0.003858 0.005658
0 0.394290 0.434414 0.004630 0.005658
0 0.727816 0.786523 0.003472 0.006173
0 0.486111 0.691101 0.006944 0.007716
0 0.572145 0.557870 0.003858 0.005658
0 0.929012 0.029321 0.003086 0.004115
0 0.767940 0.888117 0.004244 0.005658
0 0.931713 0.909465 0.003858 0.005144
0 0.925733 0.774177 0.007330 0.006173
0 0.721644 0.037294 0.003472 0.004630
0 0.945409 0.050412 0.003472 0.005144
0 0.973187 0.506430 0.003472 0.005658
0 0.818480 0.823302 0.004244 0.004630
0 0.406443 0.486626 0.004244 0.006173
0 0.494599 0.084877 0.003858 0.005144
0 0.753086 0.369084 0.003858 0.005658
0 0.745370 0.377058 0.003858 0.005144
0 0.582176 0.917953 0.004630 0.005658
0 0.315201 0.195730 0.004630 0.005658
0 0.374035 0.506173 0.004244 0.006173
0 0.778549 0.880144 0.003858 0.005144
0 0.595679 0.934414 0.006173 0.008745
0 0.989583 0.693416 0.003858 0.004115
0 0.464120 0.040638 0.003858 0.005144
0 0.473573 0.959619 0.006559 0.007716
0 0.927276 0.706276 0.003472 0.005144
0 0.431134 0.075874 0.003472 0.004630
0 0.341821 0.240484 0.004630 0.005658
0 0.941358 0.797325 0.004630 0.006173
0 0.598958 0.955761 0.006559 0.008230
0 0.928434 0.189815 0.003472 0.005144
0 0.904707 0.629887 0.003858 0.005658
0 0.524306 0.540381 0.004630 0.005658
0 0.951582 0.724537 0.003472 0.004630
0 0.973765 0.219907 0.003858 0.004630
0 0.985147 0.715278 0.003472 0.004630
0 0.955440 0.842593 0.003472 0.004115
0 0.315008 0.110082 0.003472 0.004115
0 0.572338 0.057099 0.004244 0.005144
0 0.697917 0.350051 0.003858 0.004630
0 0.707562 0.516461 0.003858 0.005144
0 0.407793 0.055813 0.003858 0.005658
0 0.331790 0.094393 0.004630 0.005658
0 0.597801 0.821502 0.005787 0.006173
0 0.957369 0.442130 0.005787 0.005658
0 0.709684 0.559671 0.006559 0.008230
0 0.935185 0.236883 0.003858 0.004630
0 0.627701 0.951903 0.006944 0.009774
0 0.673418 0.572016 0.004244 0.005144
0 0.425733 0.150463 0.004244 0.005658
0 0.933835 0.173868 0.003472 0.005144
0 0.717207 0.498714 0.003858 0.004630
0 0.583912 0.081276 0.004244 0.005144
0 0.508295 0.516204 0.004244 0.005658
0 0.757330 0.911008 0.003858 0.006173
0 0.724151 0.412037 0.003858 0.005144
0 0.662423 0.925926 0.003858 0.006173
0 0.423997 0.575874 0.008488 0.008745
0 0.952353 0.627829 0.003472 0.004630
0 0.549769 0.185442 0.003858 0.005658
0 0.716435 0.060185 0.003858 0.004115
0 0.390432 0.095936 0.004630 0.007716
0 0.615741 0.861368 0.003858 0.004630
0 0.433642 0.570473 0.003858 0.005144
0 0.592978 0.746656 0.003858 0.005658
0 0.692515 0.501029 0.003858 0.005144
0 0.387153 0.570473 0.004244 0.006173
0 0.989583 0.622171 0.003086 0.004630
0 0.971836 0.780093 0.003086 0.004630
0 0.342978 0.016204 0.003858 0.005658
0 0.988233 0.738940 0.003472 0.004630
0 0.361883 0.700103 0.004630 0.006173
0 0.911073 0.940072 0.003472 0.005658
0 0.500386 0.915638 0.004630 0.006173
0 0.928819 0.731481 0.003472 0.005144
0 0.443094 0.639146 0.005787 0.007716
0 0.712384 0.174383 0.004244 0.006173
0 0.947531 0.552212 0.003858 0.004630
0 0.876543 0.414095 0.003086 0.004115
0 0.865162 0.877315 0.004244 0.007716
0 0.413773 0.872685 0.005787 0.007716
0 0.697145 0.899949 0.006173 0.005658
0 0.930941 0.319444 0.006173 0.005144
0 0.556906 0.987397 0.007330 0.008745
0 0.943673 0.092335 0.003858 0.004630
0 0.879630 0.440329 0.003086 0.005144
0 0.350694 0.341049 0.003858 0.004115
0 0.889275 0.475823 0.003086 0.005144
0 0.833912 0.915638 0.004244 0.005144
0 0.845679 0.511831 0.003858 0.005144
0 0.429012 0.538837 0.003858 0.005658
0 0.420718 0.079475 0.003472 0.004630
0 0.979167 0.572016 0.003858 0.005144
0 0.911073 0.355710 0.004244 0.005658
0 0.959298 0.566358 0.003472 0.005144
0 0.412616 0.076646 0.002701 0.005144
0 0.951968 0.362912 0.003472 0.004630
0 0.925926 0.310700 0.003858 0.005144
0 0.396219 0.277263 0.004630 0.006173
0 0.829861 0.363426 0.003858 0.004630
0 0.991898 0.462191 0.004630 0.009774
0 0.632330 0.932099 0.004630 0.006173
0 0.755594 0.058899 0.004244 0.007716
0 0.319637 0.127572 0.004244 0.006173
0 0.613619 0.022634 0.003472 0.004115
0 0.458526 0.139660 0.005787 0.005658
0 0.975116 0.660237 0.003472 0.005658
0 0.702546 0.306327 0.004630 0.007716
0 0.855517 0.673097 0.003472 0.004630
0 0.744406 0.511317 0.003472 0.004115
0 0.538387 0.556327 0.004244 0.005658
0 0.426505 0.485854 0.003472 0.004630
0 0.863619 0.903035 0.003472 0.005658
0 0.993441 0.390947 0.003858 0.005144
0 0.431134 0.135031 0.003472 0.004630
0 0.430170 0.025206 0.003858 0.005144
0 0.544560 0.707819 0.006559 0.008230
0 0.848958 0.286008 0.004244 0.006173
0 0.618827 0.775977 0.002315 0.004630
0 0.943094 0.742541 0.003472 0.004630
0 0.404321 0.066615 0.006173 0.005658
0 0.996335 0.352623 0.002701 0.004630
0 0.529900 0.389403 0.005787 0.005144
0 0.451968 0.643004 0.003472 0.005144
0 0.817323 0.015432 0.005787 0.006173
0 0.507330 0.044496 0.003858 0.005658
0 0.425926 0.131173 0.003858 0.005144
0 0.678241 0.013117 0.003858 0.005658
0 0.947338 0.604938 0.005787 0.006173
0 0.881366 0.319187 0.003472 0.004630
0 0.861690 0.479167 0.003472 0.004630
0 0.907407 0.623971 0.003858 0.005144
0 0.637924 0.975051 0.004244 0.005658
0 0.272184 0.394033 0.004244 0.005144
0 0.706790 0.396862 0.003858 0.005658
0 0.943866 0.117541 0.004244 0.005658
0 0.957176 0.801440 0.003086 0.004115
0 0.983218 0.832305 0.003472 0.005144
0 0.311921 0.483539 0.005787 0.008230
0 0.983218 0.882973 0.003472 0.004630
0 0.653164 0.676698 0.003858 0.005658
0 0.655864 0.611368 0.003858 0.005658
0 0.712963 0.688529 0.007716 0.009774
0 0.805170 0.339763 0.003858 0.004630
0 0.693673 0.012860 0.003858 0.005144
0 0.823495 0.542181 0.008102 0.008230
0 0.723958 0.694444 0.004244 0.008230
0 0.792824 0.869084 0.003858 0.004630
0 0.785880 0.847479 0.003858 0.007716
0 0.550926 0.971193 0.004630 0.006173
0 0.955054 0.693930 0.003472 0.005144
0 0.530478 0.411780 0.004630 0.005658
0 0.397955 0.005144 0.005787 0.006173
0 0.984568 0.579475 0.003858 0.004630
0 0.630401 0.002315 0.003858 0.004630
0 0.351273 0.420010 0.004244 0.005658
0 0.825810 0.331019 0.003472 0.003601
0 0.844522 0.533693 0.003858 0.004630
0 0.791281 0.994856 0.003858 0.005144
0 0.926698 0.866255 0.003858 0.005144
0 0.601659 0.973508 0.005787 0.005658
0 0.948688 0.603909 0.003858 0.005144
0 0.998071 0.148405 0.002315 0.004630
0 0.736690 0.310185 0.002701 0.003086
0 0.928627 0.317387 0.003858 0.004115
0 0.695602 0.399434 0.003858 0.005658
0 0.883681 0.957819 0.004244 0.004115
0 0.983796 0.577675 0.001543 0.002058
0 0.833912 0.635802 0.001929 0.004115
0 0.979938 0.645833 0.003858 0.005658
0 0.776620 0.936986 0.003086 0.003601
0 0.944059 0.689815 0.003086 0.004115
0 0.398534 0.503344 0.004630 0.005658
0 0.918210 0.021862 0.003858 0.005658
0 0.494792 0.679012 0.003472 0.003086
0 0.693673 0.963735 0.002315 0.002572
0 0.976466 0.584619 0.003858 0.005658
0 0.984182 0.380916 0.003086 0.004630
0 0.694637 0.214763 0.003472 0.004630
0 0.566165 0.117541 0.002701 0.002572
0 0.407600 0.127829 0.003472 0.004630
0 0.831983 0.336420 0.002701 0.004115
0 0.975694 0.297068 0.003086 0.004630
0 0.475116 0.498200 0.003472 0.004630
0 0.314815 0.485340 0.007716 0.010802
0 0.811535 0.608539 0.002701 0.004115
0 0.742670 0.769033 0.003086 0.004115
0 0.407022 0.065586 0.006173 0.005658
0 0.924576 0.896091 0.003472 0.005144
0 0.476852 0.375000 0.003858 0.005144
0 0.842785 0.314558 0.004244 0.007716
0 0.975502 0.297840 0.002701 0.004115
0 0.991512 0.790895 0.003086 0.004630
0 0.406057 0.082562 0.003472 0.005658
0 0.408758 0.137346 0.004244 0.003086
0 0.673997 0.115226 0.004630 0.006173
0 0.734182 0.067130 0.003858 0.004630
0 0.624228 0.008230 0.003858 0.005144
0 0.769097 0.079218 0.004244 0.009259
0 0.723573 0.110082 0.005787 0.005144
0 0.680941 0.163837 0.009259 0.010802
0 0.682677 0.159208 0.005787 0.004630
0 0.702739 0.387346 0.005787 0.006173
0 0.875386 0.336934 0.003086 0.004115
0 0.935185 0.089763 0.003858 0.005658
0 0.862461 0.063272 0.012731 0.009259
0 0.992670 0.500257 0.003086 0.004630
0 0.691744 0.380144 0.006944 0.006173
0 0.658758 0.470165 0.004244 0.003086
0 0.655478 0.471451 0.003858 0.003601
0 0.652199 0.469393 0.003472 0.003601
0 0.869792 0.875514 0.003472 0.004115
0 0.775849 0.766461 0.003086 0.005144
0 0.781057 0.761574 0.004244 0.007716
0 0.644097 0.872171 0.006559 0.007716
0 0.644483 0.864712 0.003472 0.004115
0 0.948495 0.691872 0.004244 0.005144
0 0.928627 0.774177 0.003086 0.005144
0 0.972608 0.675926 0.003086 0.005144
0 0.469136 0.862397 0.004630 0.004630
0 0.430748 0.875514 0.006559 0.011317
0 0.414159 0.416409 0.005787 0.005658
0 0.477431 0.537294 0.004244 0.004630
0 0.478009 0.542438 0.003858 0.005658
0 0.587577 0.276235 0.003858 0.005144
0 0.590085 0.282665 0.006559 0.003601
0 0.592400 0.278807 0.003472 0.005144
0 0.851659 0.282665 0.002701 0.004630
0 0.840471 0.334362 0.003472 0.004115
0 0.840664 0.339506 0.003086 0.004115
0 0.929591 0.855967 0.003472 0.003086
0 0.968364 0.866255 0.003086 0.005144
0 0.628472 0.971965 0.008488 0.008745
