0 0.340855 0.344418 0.011253 0.012860
0 0.421615 0.403009 0.011253 0.012860
0 0.440024 0.420428 0.011253 0.012860
0 0.434679 0.456849 0.011253 0.012860
0 0.375297 0.479018 0.011253 0.012860
0 0.399644 0.501979 0.011253 0.012860
0 0.404988 0.528108 0.011253 0.012860
0 0.428147 0.515439 0.011253 0.012860
0 0.450713 0.478226 0.011253 0.012860
0 0.457245 0.543943 0.011253 0.012860
0 0.470309 0.531275 0.011253 0.012860
0 0.477435 0.515439 0.011253 0.012860
0 0.414489 0.551861 0.011253 0.012860
0 0.447150 0.579572 0.011253 0.012860
0 0.418052 0.606492 0.011253 0.012860
0 0.408551 0.620744 0.011253 0.012860
0 0.367577 0.596200 0.011253 0.012860
0 0.381829 0.631829 0.011253 0.012860
0 0.385986 0.642914 0.011253 0.012860
0 0.397862 0.655582 0.011253 0.012860
0 0.393112 0.681710 0.011253 0.012860
0 0.417458 0.661916 0.011253 0.012860
0 0.426366 0.662708 0.011253 0.012860
0 0.441805 0.673001 0.011253 0.012860
0 0.434086 0.694378 0.011253 0.012860
0 0.456651 0.646081 0.011253 0.012860
0 0.471496 0.651623 0.011253 0.012860
0 0.445368 0.630245 0.011253 0.012860
0 0.493468 0.539192 0.011253 0.012860
0 0.526128 0.526524 0.011253 0.012860
0 0.536223 0.524149 0.011253 0.012860
0 0.536223 0.501188 0.011253 0.012860
0 0.548100 0.486144 0.011253 0.012860
0 0.558195 0.525732 0.011253 0.012860
0 0.573634 0.525732 0.011253 0.012860
0 0.584323 0.496437 0.011253 0.012860
0 0.527316 0.555819 0.011253 0.012860
0 0.536817 0.549485 0.011253 0.012860
0 0.552850 0.570863 0.011253 0.012860
0 0.562945 0.592241 0.011253 0.012860
0 0.577791 0.591449 0.011253 0.012860
0 0.576010 0.555819 0.011253 0.012860
0 0.596200 0.577197 0.011253 0.012860
0 0.614608 0.577197 0.011253 0.012860
0 0.608670 0.551861 0.011253 0.012860
0 0.605107 0.524941 0.011253 0.012860
0 0.603325 0.513064 0.011253 0.012860
0 0.623515 0.509105 0.011253 0.012860
0 0.633017 0.514648 0.011253 0.012860
0 0.645487 0.513064 0.011253 0.012860
0 0.640143 0.482977 0.011253 0.012860
0 0.634204 0.450515 0.011253 0.012860
0 0.622922 0.463183 0.011253 0.012860
0 0.615202 0.454473 0.011253 0.012860
0 0.583135 0.452098 0.011253 0.012860
0 0.555226 0.453682 0.011253 0.012860
0 0.549287 0.441805 0.011253 0.012860
0 0.533254 0.459224 0.011253 0.012860
0 0.527316 0.471101 0.011253 0.012860
0 0.527910 0.425970 0.011253 0.012860
0 0.539192 0.411718 0.011253 0.012860
0 0.550475 0.419636 0.011253 0.012860
0 0.335511 0.605701 0.011253 0.012860
0 0.339074 0.646081 0.011253 0.012860
0 0.353919 0.616785 0.011253 0.012860
0 0.362233 0.632621 0.011253 0.012860
0 0.382423 0.711006 0.011253 0.012860
0 0.374109 0.718923 0.011253 0.012860
0 0.396081 0.738717 0.011253 0.012860
0 0.420428 0.744260 0.011253 0.012860
0 0.447150 0.745843 0.011253 0.012860
0 0.435867 0.778306 0.011253 0.012860
0 0.465558 0.721298 0.011253 0.012860
0 0.478029 0.716548 0.011253 0.012860
0 0.486936 0.708630 0.011253 0.012860
0 0.464964 0.686461 0.011253 0.012860
0 0.447743 0.702296 0.011253 0.012860
0 0.479810 0.739509 0.011253 0.012860
0 0.524941 0.714173 0.011253 0.012860
0 0.523753 0.730008 0.011253 0.012860
0 0.544537 0.724466 0.011253 0.012860
0 0.550475 0.713381 0.011253 0.012860
0 0.564727 0.699921 0.011253 0.012860
0 0.584917 0.659541 0.011253 0.012860
0 0.579572 0.635788 0.011253 0.012860
0 0.568290 0.613618 0.011253 0.012860
0 0.568587 0.637767 0.016033 0.024545
0 0.603919 0.619952 0.011253 0.012860
0 0.623515 0.643705 0.011253 0.012860
0 0.616390 0.662708 0.011253 0.012860
0 0.631235 0.660333 0.011253 0.012860
0 0.651425 0.666667 0.011253 0.012860
0 0.640736 0.685669 0.011253 0.012860
0 0.630641 0.692795 0.011253 0.012860
0 0.619952 0.697546 0.011253 0.012860
0 0.626485 0.708630 0.011253 0.012860
0 0.624703 0.725257 0.011253 0.012860
0 0.650238 0.709422 0.011253 0.012860
0 0.599169 0.707838 0.011253 0.012860
0 0.591449 0.715756 0.011253 0.012860
0 0.608670 0.733175 0.011253 0.012860
0 0.616983 0.739509 0.011253 0.012860
0 0.611639 0.752177 0.011253 0.012860
0 0.594418 0.752177 0.011253 0.012860
0 0.584917 0.762470 0.011253 0.012860
0 0.577791 0.751386 0.011253 0.012860
0 0.564133 0.748219 0.011253 0.012860
0 0.559976 0.742676 0.011253 0.012860
0 0.634798 0.604909 0.011253 0.012860
0 0.648456 0.610451 0.011253 0.012860
0 0.656176 0.620744 0.011253 0.012860
0 0.476247 0.371338 0.011253 0.012860
0 0.520784 0.393508 0.011253 0.012860
0 0.527316 0.384006 0.011253 0.012860
0 0.502375 0.357878 0.011253 0.012860
0 0.494062 0.365004 0.011253 0.012860
0 0.502969 0.309580 0.011253 0.012860
0 0.529691 0.319082 0.011253 0.012860
0 0.526722 0.327791 0.011253 0.012860
0 0.535629 0.351544 0.011253 0.012860
0 0.556413 0.353127 0.011253 0.012860
0 0.576603 0.362629 0.011253 0.012860
0 0.574228 0.380048 0.011253 0.012860
0 0.585511 0.418844 0.011253 0.012860
0 0.625891 0.387965 0.011253 0.012860
0 0.624703 0.399842 0.011253 0.012860
0 0.608670 0.405384 0.011253 0.012860
0 0.637173 0.391132 0.011253 0.012860
0 0.640736 0.402217 0.011253 0.012860
0 0.655582 0.373713 0.011253 0.012860
0 0.660926 0.425970 0.011253 0.012860
0 0.672803 0.425970 0.011253 0.012860
0 0.665677 0.440222 0.011253 0.012860
0 0.689430 0.454473 0.011253 0.012860
0 0.700119 0.447348 0.011253 0.012860
0 0.678147 0.464766 0.011253 0.012860
0 0.668646 0.475851 0.011253 0.012860
0 0.671615 0.489311 0.011253 0.012860
0 0.676366 0.498812 0.011253 0.012860
0 0.690618 0.497229 0.011253 0.012860
0 0.697150 0.525732 0.011253 0.012860
0 0.675772 0.534442 0.011253 0.012860
0 0.669834 0.550277 0.011253 0.012860
0 0.711995 0.513856 0.011253 0.012860
0 0.719121 0.505146 0.011253 0.012860
0 0.718527 0.491686 0.011253 0.012860
0 0.458432 0.608868 0.014252 0.015835
0 0.676960 0.356295 0.011253 0.012860
0 0.681710 0.338876 0.011253 0.012860
0 0.682898 0.327791 0.011253 0.012860
0 0.660926 0.315123 0.011253 0.012860
0 0.644299 0.293745 0.011253 0.012860
0 0.629454 0.260491 0.011253 0.012860
0 0.620546 0.247823 0.011253 0.012860
0 0.630641 0.228029 0.011253 0.012860
0 0.644893 0.245447 0.011253 0.012860
0 0.663895 0.257324 0.011253 0.012860
0 0.668052 0.241489 0.011253 0.012860
