0 0.956404 0.543724 0.002315 0.004115
0 0.866898 0.821502 0.003086 0.004115
0 0.910108 0.503086 0.003086 0.003086
0 0.767168 0.775463 0.002701 0.003601
0 0.823302 0.792438 0.003086 0.004630
0 0.069637 0.698302 0.001929 0.003601
0 0.840856 0.714249 0.002701 0.003601
0 0.721836 0.681842 0.003086 0.004630
0 0.903549 0.661780 0.002315 0.003601
0 0.507330 0.364969 0.002315 0.003601
0 0.023727 0.780350 0.002701 0.004115
0 0.292631 0.640432 0.002701 0.004115
0 0.598765 0.265175 0.002315 0.003601
0 0.307677 0.580247 0.002701 0.003086
0 0.548997 0.025977 0.001543 0.002572
0 0.710648 0.820473 0.002315 0.004115
0 0.946373 0.552984 0.001543 0.003086
0 0.731867 0.671553 0.002315 0.003601
0 0.900077 0.818416 0.003086 0.004115
0 0.285494 0.171553 0.003086 0.002572
0 0.774691 0.799897 0.003086 0.003086
0 0.556520 0.448560 0.002701 0.004115
0 0.777392 0.670525 0.002315 0.003601
0 0.838156 0.737654 0.003472 0.003086
0 0.435378 0.578189 0.002701 0.003086
0 0.948302 0.590792 0.002315 0.003601
0 0.611690 0.237654 0.002701 0.003086
0 0.821759 0.682099 0.003086 0.004115
0 0.840278 0.485597 0.001543 0.003086
0 0.712577 0.765175 0.002315 0.003601
0 0.543981 0.298868 0.003086 0.003086
0 0.058256 0.582305 0.003086 0.004115
0 0.705247 0.243056 0.002315 0.003601
0 0.885224 0.823560 0.002701 0.004115
0 0.587384 0.676183 0.002701 0.003601
0 0.521026 0.260031 0.002701 0.004630
0 0.527199 0.068930 0.002701 0.004115
0 0.726273 0.528807 0.003472 0.003086
0 0.606096 0.772891 0.002315 0.003601
0 0.456597 0.096965 0.001929 0.003601
0 0.697338 0.099280 0.001929 0.003086
0 0.957369 0.515432 0.002701 0.003086
0 0.739583 0.692387 0.003086 0.004115
0 0.618441 0.031893 0.002315 0.003086
0 0.128858 0.380401 0.003086 0.003601
0 0.779321 0.808642 0.003086 0.004115
0 0.697531 0.766718 0.002315 0.003601
0 0.229745 0.234311 0.001929 0.002572
0 0.039545 0.550926 0.002701 0.004115
0 0.276813 0.465021 0.002701 0.003086
0 0.605131 0.022891 0.002701 0.003601
0 0.630594 0.673354 0.002701 0.004115
0 0.863812 0.732767 0.002315 0.003601
0 0.258488 0.782150 0.002315 0.003601
0 0.520640 0.816615 0.002701 0.002572
0 0.006173 0.588477 0.003086 0.004115
0 0.527392 0.601595 0.002315 0.003601
0 0.090471 0.411780 0.002701 0.002572
0 0.963927 0.819187 0.002701 0.003601
0 0.326968 0.221193 0.003472 0.005144
0 0.695216 0.446245 0.002315 0.003601
0 0.240934 0.634516 0.002701 0.003601
0 0.283758 0.194702 0.002701 0.003601
0 0.679591 0.679527 0.001929 0.003086
0 0.774498 0.029064 0.002701 0.004630
0 0.935571 0.834362 0.003086 0.004115
0 0.829668 0.859053 0.002701 0.004115
0 0.494406 0.285751 0.001929 0.003601
0 0.278356 0.358025 0.002701 0.003086
0 0.910301 0.727623 0.002701 0.004630
0 0.216435 0.013889 0.002315 0.003086
0 0.853009 0.463735 0.003086 0.003601
0 0.931713 0.659208 0.003086 0.004630
0 0.630015 0.722479 0.002315 0.003601
0 0.597029 0.255401 0.001929 0.002572
0 0.642554 0.756173 0.002701 0.004115
0 0.919367 0.558385 0.002315 0.003601
0 0.757137 0.820988 0.002701 0.004115
0 0.043789 0.225566 0.002701 0.004630
0 0.472029 0.892490 0.002701 0.003086
0 0.331790 0.070730 0.002315 0.002572
0 0.369213 0.599794 0.002315 0.003086
0 0.467400 0.472994 0.002701 0.003601
0 0.870370 0.724280 0.003086 0.003086
0 0.712384 0.423611 0.002701 0.003601
0 0.880980 0.887860 0.003472 0.003086
0 0.544753 0.429527 0.002315 0.004115
0 0.666474 0.879887 0.001929 0.003601
0 0.974537 0.525720 0.003086 0.004115
0 0.771991 0.745370 0.002315 0.003086
0 0.699653 0.390947 0.002701 0.002058
0 0.687114 0.809156 0.003086 0.005144
0 0.979360 0.040123 0.002701 0.004115
0 0.230131 0.212706 0.001929 0.003601
0 0.864005 0.813529 0.002701 0.002572
0 0.347994 0.026749 0.002315 0.003086
0 0.733603 0.273405 0.002701 0.004630
0 0.789352 0.692901 0.004630 0.006173
0 0.043403 0.412809 0.002701 0.003601
0 0.381366 0.115998 0.002701 0.002572
0 0.136574 0.366770 0.003086 0.003086
0 0.582948 0.243570 0.002315 0.002572
0 0.308449 0.840278 0.002701 0.003601
0 0.393519 0.495628 0.002315 0.003601
0 0.775270 0.543981 0.002701 0.004630
0 0.455440 0.481996 0.002701 0.004115
0 0.682099 0.278549 0.003086 0.003601
0 0.169367 0.012603 0.003086 0.003601
0 0.896991 0.441358 0.003086 0.004115
0 0.357639 0.044239 0.002315 0.003086
0 0.776427 0.716307 0.002701 0.003601
0 0.431134 0.261317 0.002701 0.003086
0 0.181327 0.368313 0.002315 0.003086
0 0.921103 0.757716 0.002701 0.004115
0 0.956790 0.625772 0.002315 0.003601
0 0.377122 0.203189 0.001929 0.003086
0 0.784915 0.739455 0.004244 0.003601
0 0.144869 0.456276 0.002701 0.004115
0 0.128858 0.104681 0.003086 0.003601
0 0.617284 0.554527 0.002315 0.003086
0 0.784529 0.383745 0.002701 0.004115
0 0.233603 0.558385 0.002701 0.003601
0 0.667631 0.168981 0.004244 0.004630
0 0.742477 0.322016 0.001929 0.003086
0 0.208719 0.434414 0.003086 0.003601
0 0.690201 0.432613 0.002315 0.003086
0 0.018711 0.108282 0.002701 0.003601
0 0.094907 0.484311 0.003086 0.003601
0 0.854167 0.852881 0.003086 0.004115
0 0.185185 0.782407 0.003858 0.004115
0 0.983410 0.653807 0.003086 0.004115
0 0.447145 0.256430 0.002315 0.003601
0 0.334105 0.617798 0.003086 0.004115
0 0.008681 0.352366 0.003472 0.004115
0 0.444059 0.536008 0.003086 0.003086
0 0.535301 0.010545 0.002701 0.003601
0 0.285108 0.161780 0.002315 0.002572
0 0.215856 0.630658 0.005787 0.005144
0 0.295718 0.098508 0.002701 0.002572
0 0.276620 0.026235 0.003086 0.003086
0 0.608603 0.672840 0.002701 0.003086
0 0.509645 0.284722 0.002315 0.003601
0 0.385802 0.498200 0.002315 0.003601
0 0.298225 0.244599 0.003086 0.004630
0 0.068480 0.065329 0.002701 0.004115
0 0.963927 0.523148 0.002701 0.003086
0 0.180748 0.568673 0.002701 0.003601
0 0.477816 0.136574 0.002701 0.003601
0 0.071566 0.402521 0.002701 0.003601
0 0.837577 0.174126 0.002315 0.003601
0 0.694830 0.754115 0.002315 0.003086
0 0.823110 0.846193 0.002701 0.004115
0 0.512924 0.306584 0.002701 0.003086
0 0.373264 0.461677 0.002701 0.003601
0 0.005980 0.398663 0.002701 0.004115
0 0.801119 0.168210 0.003472 0.004115
0 0.666088 0.732510 0.003472 0.003086
0 0.106289 0.361883 0.002701 0.003601
0 0.512346 0.639403 0.002315 0.003086
0 0.557292 0.182870 0.002701 0.003601
0 0.324653 0.372428 0.001929 0.003086
0 0.846644 0.730967 0.003472 0.006173
0 0.715085 0.782665 0.001929 0.003601
0 0.740162 0.792181 0.002701 0.004115
0 0.149884 0.089249 0.002701 0.003601
0 0.567708 0.118313 0.002701 0.003086
0 0.239583 0.579733 0.002315 0.003086
0 0.457948 0.367284 0.002315 0.003086
0 0.836227 0.821759 0.003472 0.003601
0 0.340856 0.263117 0.002701 0.003601
0 0.722994 0.375257 0.003086 0.003601
0 0.570409 0.237140 0.002701 0.003086
0 0.391782 0.201132 0.002701 0.004115
0 0.385995 0.032150 0.002701 0.003601
0 0.509452 0.010802 0.005787 0.005144
0 0.981867 0.015175 0.002315 0.003601
0 0.822724 0.490484 0.002701 0.003601
0 0.560378 0.013374 0.002701 0.004115
0 0.314622 0.216307 0.004244 0.004630
0 0.014275 0.183128 0.003086 0.003086
0 0.136574 0.326389 0.003086 0.003601
0 0.433835 0.354938 0.002701 0.003086
0 0.300733 0.188272 0.002701 0.004115
0 0.244599 0.685442 0.003086 0.003601
0 0.010995 0.565072 0.002701 0.003601
0 0.060571 0.737140 0.003086 0.004115
0 0.976080 0.158693 0.001543 0.003601
0 0.136381 0.446502 0.002701 0.003086
0 0.220486 0.572016 0.002701 0.003086
0 0.082562 0.830504 0.003086 0.003601
0 0.394097 0.898148 0.002701 0.003086
0 0.857446 0.057870 0.002701 0.003601
0 0.129051 0.358025 0.001929 0.003086
0 0.566937 0.623971 0.002701 0.004115
0 0.545718 0.549126 0.002701 0.003601
0 0.448881 0.235082 0.001929 0.003086
0 0.230710 0.070730 0.002315 0.003601
0 0.549961 0.274434 0.002701 0.003601
0 0.397955 0.016718 0.002701 0.003601
0 0.720679 0.479681 0.003086 0.003601
0 0.804784 0.757716 0.001543 0.004115
0 0.573881 0.043724 0.002701 0.004115
0 0.784336 0.157665 0.002315 0.003601
0 0.510417 0.075617 0.002315 0.003086
0 0.400849 0.866255 0.003086 0.003086
0 0.535494 0.276235 0.001543 0.003086
0 0.807292 0.437243 0.002701 0.004115
0 0.261381 0.497428 0.002701 0.004115
0 0.919753 0.200874 0.003858 0.003601
0 0.150656 0.501286 0.003472 0.003601
0 0.456211 0.221451 0.003472 0.002572
0 0.671296 0.787037 0.003086 0.002058
0 0.771605 0.696502 0.002315 0.004115
0 0.551119 0.121399 0.002701 0.003086
0 0.435764 0.203704 0.002701 0.004115
0 0.224151 0.529064 0.003086 0.003601
0 0.705440 0.781636 0.002701 0.003601
0 0.143326 0.234568 0.002701 0.003086
0 0.157215 0.433385 0.002701 0.003601
0 0.803819 0.809671 0.001929 0.004115
0 0.491898 0.236111 0.002315 0.004115
0 0.436343 0.430556 0.003086 0.004115
0 0.666281 0.025206 0.002315 0.003086
0 0.695216 0.870885 0.003086 0.004115
0 0.992670 0.155093 0.003086 0.004630
0 0.463927 0.082047 0.002701 0.003601
0 0.085069 0.368570 0.002701 0.002572
0 0.381944 0.889918 0.003086 0.004115
0 0.138889 0.733025 0.003086 0.004115
0 0.635417 0.342593 0.002315 0.004115
0 0.451582 0.766718 0.002701 0.003601
0 0.943673 0.550926 0.003086 0.004115
0 0.036458 0.053755 0.003472 0.003601
0 0.548611 0.474794 0.002315 0.003086
0 0.057485 0.510545 0.003086 0.003601
0 0.435378 0.148405 0.002701 0.003601
0 0.814622 0.772377 0.002701 0.003601
0 0.680363 0.763889 0.002701 0.003086
0 0.268133 0.502315 0.003086 0.003601
0 0.218750 0.171553 0.003086 0.003601
0 0.539738 0.110854 0.003086 0.003601
0 0.799961 0.756944 0.002701 0.003601
0 0.629630 0.356996 0.003086 0.004115
0 0.010610 0.611368 0.002701 0.003601
0 0.295139 0.109568 0.002315 0.003086
0 0.868056 0.881173 0.003086 0.004115
0 0.769290 0.348508 0.003858 0.003601
0 0.446566 0.024949 0.002701 0.004630
0 0.630787 0.086420 0.002315 0.004115
0 0.316937 0.793467 0.002701 0.003601
0 0.106481 0.193158 0.002315 0.003601
0 0.490741 0.702160 0.003086 0.003086
0 0.674769 0.625514 0.003086 0.004115
0 0.376157 0.036008 0.003086 0.004115
0 0.608410 0.443158 0.003858 0.005658
0 0.400849 0.552469 0.002315 0.003086
0 0.315586 0.066872 0.001543 0.003086
0 0.698688 0.014660 0.003086 0.002572
0 0.714313 0.181584 0.002701 0.003086
0 0.331019 0.052726 0.002315 0.003601
0 0.819059 0.059928 0.002315 0.003601
0 0.643133 0.376543 0.002315 0.004115
0 0.670910 0.818416 0.002315 0.003086
0 0.298804 0.514146 0.002701 0.003601
0 0.393133 0.363426 0.003086 0.003601
0 0.682099 0.011831 0.002315 0.003086
0 0.244213 0.653292 0.003086 0.003086
0 0.884452 0.248971 0.003472 0.003086
0 0.446181 0.081533 0.002701 0.003601
0 0.654900 0.744599 0.002701 0.003601
0 0.719329 0.546296 0.002701 0.004115
0 0.127701 0.431327 0.003858 0.003601
0 0.713927 0.014146 0.002701 0.003601
0 0.586420 0.202160 0.003086 0.004115
0 0.071952 0.564043 0.002701 0.003601
0 0.107446 0.600566 0.002701 0.003601
0 0.781829 0.761574 0.002701 0.003601
0 0.614005 0.012088 0.002701 0.003601
0 0.699074 0.259516 0.002315 0.003601
0 0.807099 0.855195 0.003086 0.003601
0 0.631366 0.248200 0.002701 0.003601
0 0.315201 0.824331 0.003086 0.003601
0 0.276813 0.432356 0.002701 0.003601
0 0.055170 0.460648 0.003086 0.003601
0 0.474344 0.248200 0.003472 0.003601
0 0.090085 0.646348 0.003472 0.004630
0 0.273727 0.453961 0.002701 0.003601
0 0.830054 0.823560 0.003472 0.004115
0 0.112654 0.556070 0.003086 0.005144
0 0.609375 0.580504 0.002701 0.003601
0 0.295332 0.387603 0.002701 0.003601
0 0.699074 0.005144 0.002315 0.003086
0 0.569637 0.182099 0.002701 0.004115
0 0.461227 0.627572 0.003472 0.004115
0 0.257909 0.547840 0.003472 0.004115
0 0.670718 0.003086 0.002701 0.004115
0 0.647377 0.002315 0.003086 0.003601
0 0.414545 0.231224 0.002701 0.003601
0 0.787616 0.511831 0.002701 0.003086
0 0.674769 0.075360 0.002315 0.002572
0 0.329282 0.010545 0.002701 0.004630
0 0.039545 0.443930 0.002701 0.004115
0 0.096836 0.618827 0.002315 0.002058
0 0.922454 0.952932 0.003086 0.007716
0 0.265818 0.077675 0.003086 0.005144
0 0.593171 0.221965 0.002701 0.003601
0 0.601852 0.722479 0.003086 0.003601
0 0.654514 0.062500 0.002701 0.003601
0 0.375965 0.370628 0.002701 0.003601
0 0.637731 0.369599 0.003086 0.004630
0 0.798997 0.435957 0.003086 0.003601
0 0.405864 0.307613 0.003086 0.004115
0 0.828704 0.293724 0.002315 0.003086
0 0.393133 0.303755 0.002315 0.003601
0 0.363812 0.386831 0.003086 0.004115
0 0.439815 0.323560 0.003086 0.004115
0 0.338542 0.396091 0.002701 0.004115
0 0.723958 0.116512 0.002701 0.003601
0 0.252122 0.034208 0.001929 0.002572
0 0.630787 0.005144 0.002315 0.003086
0 0.669367 0.322274 0.002315 0.003601
0 0.027392 0.363169 0.003086 0.004115
0 0.287616 0.526235 0.002701 0.003086
0 0.201003 0.088735 0.003086 0.003601
0 0.594329 0.007202 0.002701 0.004115
0 0.580054 0.031636 0.003472 0.003601
0 0.134645 0.020319 0.003086 0.004630
0 0.205633 0.082562 0.003086 0.003601
0 0.234375 0.082562 0.002701 0.003601
0 0.236497 0.112397 0.003086 0.002572
0 0.242284 0.121914 0.003086 0.004115
0 0.241705 0.112397 0.002701 0.004630
0 0.228974 0.117284 0.001929 0.003086
0 0.239198 0.182356 0.002315 0.003601
0 0.107639 0.185442 0.003086 0.003601
0 0.112269 0.166152 0.003086 0.004115
0 0.110147 0.146091 0.003472 0.004115
0 0.052083 0.145576 0.003086 0.004115
0 0.010802 0.083848 0.003086 0.004115
0 0.009838 0.210391 0.003472 0.004115
0 0.039352 0.202675 0.003086 0.004115
0 0.007716 0.299126 0.003858 0.004630
0 0.309992 0.176955 0.002701 0.004115
0 0.351852 0.192387 0.003086 0.004115
0 0.343750 0.180556 0.003086 0.004115
0 0.392940 0.190072 0.003472 0.003601
0 0.440201 0.147891 0.003086 0.003601
0 0.398920 0.057613 0.003086 0.004115
0 0.405478 0.056070 0.003086 0.004115
0 0.452739 0.045782 0.003472 0.004115
0 0.440008 0.010802 0.003472 0.004115
0 0.224151 0.343621 0.003086 0.004115
0 0.233989 0.350823 0.002701 0.003086
0 0.242670 0.346965 0.003086 0.003601
0 0.258102 0.378601 0.003086 0.004115
0 0.284144 0.368570 0.002701 0.003601
0 0.287423 0.374228 0.003086 0.003601
0 0.286844 0.385802 0.002701 0.004115
0 0.156250 0.352623 0.003086 0.003601
0 0.147955 0.375000 0.003472 0.004115
0 0.255015 0.262088 0.001543 0.003601
0 0.406250 0.357510 0.003086 0.004115
0 0.375193 0.362140 0.002701 0.004115
0 0.375000 0.393776 0.003086 0.004630
0 0.466242 0.374486 0.003472 0.004115
0 0.452739 0.247685 0.002701 0.003601
0 0.560764 0.280864 0.002701 0.004115
0 0.585648 0.292695 0.003086 0.004115
0 0.602816 0.326132 0.002701 0.004115
0 0.633295 0.319959 0.002701 0.004115
0 0.657215 0.374228 0.003472 0.003601
0 0.660494 0.406379 0.003086 0.004115
0 0.983603 0.321502 0.002701 0.004115
0 0.867477 0.369856 0.002701 0.004115
0 0.820795 0.332562 0.002701 0.003601
0 0.766590 0.399177 0.003086 0.004115
0 0.676505 0.323045 0.002701 0.004115
0 0.675540 0.281893 0.003086 0.004115
0 0.687693 0.191615 0.002701 0.003601
0 0.618248 0.188786 0.002701 0.005144
0 0.609182 0.169239 0.003086 0.004115
0 0.570602 0.143261 0.001543 0.002572
0 0.579282 0.139660 0.002701 0.003601
0 0.625965 0.133488 0.002701 0.004630
0 0.619599 0.114712 0.003086 0.003086
0 0.649113 0.150206 0.002701 0.004115
0 0.636381 0.092850 0.002701 0.003601
0 0.670525 0.057099 0.002315 0.003086
0 0.663002 0.053498 0.002701 0.004115
0 0.656443 0.029321 0.002701 0.004115
0 0.594522 0.082819 0.003086 0.004115
0 0.490934 0.066358 0.002701 0.004115
0 0.500772 0.040638 0.003086 0.005144
0 0.529128 0.030607 0.002701 0.003601
0 0.836227 0.146862 0.002701 0.004630
0 0.773727 0.165381 0.003472 0.004630
0 0.825424 0.269805 0.001929 0.003601
0 0.950231 0.051698 0.003086 0.004630
0 0.828318 0.037294 0.003086 0.004630
0 0.826389 0.093107 0.003086 0.004115
0 0.812307 0.094650 0.002701 0.004115
0 0.799769 0.011060 0.002315 0.001543
0 0.801119 0.020833 0.002701 0.004630
0 0.846451 0.003858 0.002315 0.002572
0 0.734375 0.023148 0.003472 0.004115
0 0.741319 0.085134 0.001929 0.003601
0 0.703318 0.057099 0.003086 0.004115
0 0.545139 0.002058 0.003086 0.004115
0 0.579475 0.357253 0.003086 0.004630
0 0.579861 0.377572 0.002315 0.004115
0 0.534529 0.463220 0.002701 0.004630
0 0.519097 0.489712 0.002701 0.004115
0 0.531250 0.488169 0.003086 0.005144
0 0.462191 0.419496 0.003086 0.003601
0 0.453704 0.423097 0.003086 0.004630
0 0.328511 0.490741 0.003472 0.004115
0 0.343750 0.463735 0.004630 0.005658
0 0.204861 0.452675 0.003086 0.004115
0 0.221065 0.454475 0.003086 0.003601
0 0.179205 0.624486 0.003472 0.004115
0 0.302083 0.697788 0.003858 0.004630
0 0.303241 0.705761 0.003086 0.004115
0 0.281057 0.648920 0.003472 0.004630
0 0.281057 0.599537 0.003472 0.004630
0 0.274306 0.598508 0.003086 0.003601
0 0.353202 0.668724 0.003472 0.004115
0 0.334877 0.771862 0.003086 0.004630
0 0.444637 0.757973 0.003472 0.004630
0 0.453897 0.731996 0.002701 0.004115
0 0.440201 0.823560 0.003086 0.004115
0 0.509066 0.813014 0.003472 0.004630
0 0.498264 0.801183 0.003472 0.004630
0 0.530864 0.760802 0.003086 0.004115
0 0.488812 0.691872 0.003086 0.004115
0 0.461034 0.682099 0.003086 0.004115
0 0.556134 0.700617 0.002701 0.004115
0 0.617670 0.681070 0.003086 0.003086
0 0.574267 0.596193 0.002701 0.003086
0 0.575039 0.600566 0.003472 0.003601
0 0.856867 0.817130 0.003086 0.004630
0 0.853202 0.817901 0.002701 0.004115
0 0.817323 0.799126 0.002701 0.003601
0 0.816358 0.803755 0.003086 0.004630
0 0.797454 0.811986 0.002315 0.003601
0 0.793403 0.759002 0.002701 0.003601
0 0.764660 0.750772 0.003086 0.004630
0 0.766590 0.691872 0.003086 0.003086
0 0.766782 0.695988 0.002701 0.003086
0 0.906057 0.676440 0.003472 0.004115
0 0.899884 0.514403 0.003472 0.005144
0 0.671489 0.698302 0.002701 0.003601
0 0.797068 0.717078 0.002315 0.005144
0 0.573688 0.905607 0.003086 0.004630
0 0.999035 0.777263 0.001929 0.002058
