0 0.478029 0.159937 0.009645 0.012860
0 0.537411 0.224070 0.009645 0.012860
0 0.646675 0.201900 0.009645 0.012860
0 0.656770 0.384798 0.009645 0.012860
0 0.623515 0.471101 0.009645 0.012860
0 0.588480 0.471892 0.009645 0.012860
0 0.574822 0.438638 0.009645 0.012860
0 0.478029 0.473476 0.009645 0.012860
0 0.482185 0.506730 0.009645 0.012860
0 0.401425 0.479810 0.009645 0.012860
0 0.375891 0.482977 0.009645 0.012860
0 0.404988 0.517815 0.009645 0.012860
0 0.385392 0.506730 0.009645 0.012860
0 0.366390 0.523357 0.009645 0.012860
0 0.334323 0.512272 0.009645 0.012860
0 0.333135 0.500396 0.009645 0.012860
0 0.450119 0.329375 0.009645 0.012860
0 0.445962 0.212985 0.009645 0.012860
0 0.350950 0.212985 0.009645 0.012860
0 0.418052 0.359462 0.009645 0.012860
0 0.394299 0.321457 0.009645 0.012860
0 0.387173 0.292162 0.009645 0.012860
0 0.299881 0.542359 0.009645 0.012860
0 0.289192 0.539192 0.009645 0.012860
0 0.305819 0.511481 0.009645 0.012860
0 0.609857 0.688836 0.009645 0.012860
0 0.570665 0.675376 0.009645 0.012860
0 0.565914 0.665875 0.009645 0.012860
0 0.542755 0.669042 0.009645 0.012860
0 0.529097 0.667458 0.009645 0.012860
0 0.555226 0.766429 0.009645 0.012860
0 0.524941 0.821061 0.009645 0.012860
0 0.168087 0.066727 0.011253 0.012860
0 0.113146 0.096464 0.011253 0.012860
0 0.038435 0.144827 0.011253 0.012860
0 0.048740 0.179548 0.007241 0.006313
0 0.051664 0.185118 0.007520 0.007798
0 0.135357 0.228752 0.011253 0.012860
0 0.185211 0.162280 0.011253 0.012860
0 0.312213 0.230609 0.011253 0.012860
0 0.346470 0.175278 0.005570 0.008912
0 0.352876 0.175649 0.007241 0.010398
0 0.305807 0.254004 0.011253 0.012860
0 0.298566 0.283341 0.011253 0.012860
0 0.346749 0.279627 0.011253 0.012860
0 0.263752 0.326046 0.011253 0.012860
0 0.321961 0.385462 0.011253 0.012860
0 0.394932 0.367266 0.011253 0.012860
0 0.395489 0.260688 0.011253 0.012860
0 0.090517 0.337187 0.011253 0.012860
0 0.155689 0.324932 0.011253 0.012860
0 0.162095 0.257346 0.011253 0.012860
0 0.010583 0.270715 0.011253 0.012860
0 0.005627 0.317876 0.011253 0.012860
0 0.005627 0.363924 0.011253 0.012860
0 0.023395 0.340157 0.011253 0.012860
0 0.037599 0.349813 0.011253 0.012860
0 0.081883 0.401059 0.011253 0.012860
0 0.106392 0.398831 0.011253 0.012860
0 0.036207 0.222439 0.011253 0.012860
0 0.044423 0.228752 0.006963 0.010398
0 0.052778 0.229866 0.006963 0.009655
0 0.045815 0.212413 0.007520 0.011883
0 0.055285 0.201272 0.011976 0.011141
0 0.062805 0.218911 0.008077 0.008541
0 0.063222 0.228381 0.010026 0.008912
0 0.069350 0.235251 0.013926 0.010769
0 0.067679 0.250290 0.011253 0.012860
0 0.074781 0.257346 0.009748 0.012626
0 0.082718 0.243420 0.012255 0.011512
0 0.099708 0.463075 0.011253 0.012860
0 0.145105 0.447478 0.011253 0.012860
0 0.163766 0.448963 0.011253 0.012860
0 0.171843 0.480528 0.011253 0.012860
0 0.249826 0.421483 0.011253 0.012860
0 0.241749 0.464189 0.011253 0.012860
0 0.255397 0.482013 0.011253 0.012860
0 0.318062 0.447478 0.011253 0.012860
0 0.328088 0.471244 0.011253 0.012860
0 0.431974 0.415170 0.011253 0.012860
0 0.110570 0.441908 0.011253 0.012860
0 0.083832 0.440422 0.011253 0.012860
0 0.208606 0.448963 0.011253 0.012860
0 0.005627 0.486841 0.011253 0.012860
0 0.027851 0.502809 0.011253 0.012860
0 0.037042 0.506523 0.011253 0.012860
0 0.052082 0.486841 0.011253 0.012860
0 0.059045 0.506894 0.011253 0.012860
0 0.037321 0.569652 0.011253 0.012860
0 0.120318 0.507637 0.011253 0.012860
0 0.142599 0.494639 0.010026 0.010398
0 0.147751 0.504294 0.010305 0.009655
0 0.487119 0.521748 0.011253 0.012860
0 0.434759 0.589334 0.011253 0.012860
0 0.447849 0.606416 0.011253 0.012860
0 0.443950 0.635010 0.011253 0.012860
0 0.472080 0.678087 0.011141 0.008170
0 0.476397 0.666203 0.006963 0.010398
0 0.184097 0.521934 0.008912 0.008541
0 0.190224 0.530660 0.010583 0.009655
0 0.159727 0.543843 0.005292 0.009284
0 0.165158 0.544215 0.004456 0.007798
0 0.186465 0.556655 0.008634 0.005942
0 0.182426 0.564268 0.007241 0.008541
0 0.200808 0.561483 0.011253 0.012860
0 0.206100 0.580421 0.011253 0.012860
0 0.263056 0.534745 0.006406 0.009655
0 0.267233 0.539944 0.006963 0.006684
0 0.274892 0.571138 0.011253 0.012860
0 0.267094 0.580050 0.011253 0.012860
0 0.245649 0.575222 0.011253 0.012860
0 0.218215 0.545886 0.005849 0.011141
0 0.223785 0.546443 0.006406 0.012255
0 0.228242 0.549971 0.005849 0.007427
0 0.230887 0.556098 0.005013 0.010026
0 0.338393 0.544772 0.011253 0.012860
0 0.397160 0.618114 0.008912 0.013740
0 0.402034 0.629254 0.008634 0.009284
0 0.406629 0.656548 0.011253 0.012860
0 0.402730 0.682172 0.011253 0.012860
0 0.419998 0.678458 0.011253 0.012860
0 0.101657 0.519149 0.011253 0.012860
0 0.096644 0.539201 0.011253 0.012860
0 0.117672 0.579307 0.009748 0.011141
0 0.119761 0.588220 0.006127 0.008170
0 0.126723 0.594718 0.006684 0.007798
0 0.131180 0.601031 0.007798 0.008541
0 0.132294 0.637981 0.011253 0.012860
0 0.144131 0.626840 0.005849 0.011141
0 0.147194 0.637238 0.010862 0.011883
0 0.059880 0.623498 0.011253 0.012860
0 0.054867 0.665461 0.011253 0.012860
0 0.049297 0.682914 0.011253 0.012860
0 0.072413 0.655806 0.011253 0.012860
0 0.089124 0.655063 0.011253 0.012860
0 0.086061 0.674002 0.011253 0.012860
0 0.105835 0.670660 0.011253 0.012860
0 0.069071 0.700368 0.011253 0.012860
0 0.022281 0.661747 0.011253 0.012860
0 0.132572 0.698140 0.011253 0.012860
0 0.005627 0.628976 0.011253 0.012860
0 0.005627 0.647543 0.011253 0.012860
0 0.005627 0.685607 0.011253 0.012860
0 0.022629 0.729704 0.011253 0.012860
0 0.035162 0.723670 0.011253 0.012860
0 0.052569 0.719956 0.011253 0.012860
0 0.009748 0.766375 0.011253 0.012860
0 0.005627 0.704638 0.011253 0.012860
0 0.009052 0.819757 0.011253 0.012860
0 0.025414 0.830898 0.011253 0.012860
0 0.020888 0.900526 0.011253 0.012860
0 0.021933 0.920486 0.011253 0.012860
0 0.028896 0.943231 0.011253 0.012860
0 0.060228 0.985472 0.011253 0.012860
0 0.096435 0.709744 0.011253 0.012860
0 0.207144 0.647079 0.011253 0.012860
0 0.215500 0.670288 0.011253 0.012860
0 0.222811 0.681429 0.011253 0.012860
0 0.203315 0.627583 0.011253 0.012860
0 0.183471 0.642437 0.011253 0.012860
0 0.180685 0.658219 0.011253 0.012860
0 0.174419 0.692337 0.010444 0.010676
0 0.180163 0.679804 0.010096 0.014390
0 0.188170 0.695587 0.012185 0.011605
0 0.186604 0.709280 0.009748 0.011141
0 0.185385 0.718796 0.010792 0.009748
0 0.193044 0.589055 0.008007 0.010212
0 0.201226 0.593697 0.011837 0.011141
0 0.189737 0.600660 0.011253 0.012860
0 0.166412 0.593233 0.011253 0.012860
0 0.152486 0.583485 0.011253 0.012860
0 0.145175 0.569559 0.011253 0.012860
0 0.117672 0.631761 0.011253 0.012860
0 0.140301 0.670752 0.011253 0.012860
0 0.160841 0.652185 0.011253 0.012860
0 0.199833 0.614818 0.007659 0.011605
0 0.211148 0.611336 0.008704 0.009284
0 0.216892 0.602285 0.008355 0.008820
0 0.226292 0.594161 0.011253 0.012860
0 0.249966 0.622941 0.011253 0.012860
0 0.269461 0.612265 0.011253 0.012860
0 0.239173 0.637331 0.011253 0.012860
0 0.250314 0.642901 0.011253 0.012860
0 0.304624 0.634546 0.011253 0.012860
0 0.268417 0.648936 0.009052 0.012997
0 0.276772 0.639652 0.014622 0.010212
0 0.257625 0.659380 0.009748 0.009748
0 0.288435 0.674002 0.006615 0.012997
0 0.278861 0.684446 0.013229 0.011605
0 0.279209 0.704870 0.010444 0.012533
