0 0.468527 0.309580 0.009645 0.012860
0 0.391924 0.410926 0.009645 0.012860
0 0.362827 0.392716 0.009645 0.012860
0 0.340855 0.240697 0.009645 0.012860
0 0.390736 0.269992 0.009645 0.012860
0 0.417458 0.203484 0.009645 0.012860
0 0.462589 0.125099 0.009645 0.012860
0 0.420428 0.076010 0.009645 0.012860
0 0.300475 0.032462 0.009645 0.012860
0 0.287411 0.034838 0.009645 0.012860
0 0.314727 0.128266 0.009645 0.012860
0 0.320665 0.134600 0.009645 0.012860
0 0.293943 0.193983 0.009645 0.012860
0 0.291568 0.180523 0.009645 0.012860
0 0.295131 0.159937 0.009645 0.012860
0 0.280285 0.180523 0.009645 0.012860
0 0.273753 0.168646 0.009645 0.012860
0 0.274941 0.154394 0.009645 0.012860
0 0.283254 0.136184 0.009645 0.012860
0 0.290974 0.114806 0.009645 0.012860
0 0.279097 0.223278 0.009645 0.012860
0 0.295131 0.233571 0.009645 0.012860
0 0.305226 0.247031 0.009645 0.012860
0 0.282660 0.264450 0.009645 0.012860
0 0.244656 0.220111 0.009645 0.012860
0 0.228029 0.206651 0.009645 0.012860
0 0.222684 0.177356 0.009645 0.012860
0 0.226841 0.152811 0.009645 0.012860
0 0.210214 0.171021 0.009645 0.012860
0 0.185867 0.177356 0.009645 0.012860
0 0.175772 0.193983 0.009645 0.012860
0 0.197743 0.203484 0.009645 0.012860
0 0.206651 0.218527 0.009645 0.012860
0 0.219715 0.239905 0.009645 0.012860
0 0.286223 0.330958 0.009645 0.012860
0 0.300475 0.346793 0.009645 0.012860
0 0.300475 0.356295 0.009645 0.012860
0 0.267815 0.361045 0.009645 0.012860
0 0.304038 0.384798 0.009645 0.012860
0 0.289192 0.441805 0.009645 0.012860
0 0.207245 0.456057 0.009645 0.012860
0 0.117577 0.409343 0.009645 0.012860
0 0.096793 0.376089 0.009645 0.012860
0 0.151425 0.389549 0.009645 0.012860
0 0.131235 0.369755 0.009645 0.012860
0 0.123515 0.312747 0.009645 0.012860
