0 0.616983 0.391924 0.011253 0.012860
0 0.608076 0.429137 0.011253 0.012860
0 0.646675 0.414093 0.011253 0.012860
0 0.654394 0.422011 0.011253 0.012860
0 0.659739 0.422803 0.011253 0.012860
0 0.687055 0.415677 0.011253 0.012860
0 0.687648 0.406968 0.011253 0.012860
0 0.694774 0.402217 0.011253 0.012860
0 0.720309 0.417260 0.011253 0.012860
0 0.730998 0.432304 0.011253 0.012860
0 0.728622 0.453682 0.011253 0.012860
0 0.741686 0.453682 0.011253 0.012860
0 0.747625 0.446556 0.011253 0.012860
0 0.752375 0.443389 0.011253 0.012860
0 0.756532 0.432304 0.011253 0.012860
0 0.769596 0.380048 0.011253 0.012860
0 0.796318 0.381631 0.011253 0.012860
0 0.770190 0.453682 0.011253 0.012860
0 0.779691 0.472684 0.011253 0.012860
0 0.763064 0.474268 0.011253 0.012860
0 0.748812 0.484561 0.011253 0.012860
0 0.757126 0.493270 0.011253 0.012860
0 0.744656 0.473476 0.011253 0.012860
0 0.737530 0.501188 0.011253 0.012860
0 0.694774 0.501979 0.011253 0.012860
0 0.688242 0.510689 0.011253 0.012860
0 0.686461 0.524941 0.011253 0.012860
0 0.700713 0.536817 0.011253 0.012860
0 0.713777 0.532858 0.011253 0.012860
0 0.669834 0.529691 0.011253 0.012860
0 0.662114 0.522565 0.011253 0.012860
0 0.653207 0.549485 0.011253 0.012860
0 0.611045 0.515439 0.011253 0.012860
0 0.602138 0.522565 0.011253 0.012860
0 0.593824 0.555819 0.011253 0.012860
0 0.591449 0.580364 0.011253 0.012860
0 0.601544 0.585115 0.011253 0.012860
0 0.589667 0.596200 0.011253 0.012860
0 0.577197 0.598575 0.011253 0.012860
0 0.560570 0.579572 0.011253 0.012860
0 0.548694 0.583531 0.011253 0.012860
0 0.544537 0.570071 0.011253 0.012860
0 0.520190 0.554236 0.011253 0.012860
0 0.505938 0.576405 0.011253 0.012860
0 0.539786 0.530483 0.011253 0.012860
0 0.499406 0.497229 0.011253 0.012860
0 0.471496 0.524149 0.011253 0.012860
0 0.549881 0.480602 0.011253 0.012860
0 0.556413 0.479810 0.011253 0.012860
0 0.558789 0.490103 0.011253 0.012860
0 0.568884 0.478226 0.011253 0.012860
0 0.580166 0.483769 0.011253 0.012860
0 0.586105 0.470309 0.011253 0.012860
0 0.569477 0.448139 0.011253 0.012860
0 0.483373 0.408551 0.011253 0.012860
0 0.365796 0.469517 0.011253 0.012860
0 0.361045 0.489311 0.011253 0.012860
0 0.349169 0.488519 0.011253 0.012860
0 0.342637 0.496437 0.011253 0.012860
0 0.340855 0.515439 0.011253 0.012860
0 0.342043 0.531275 0.011253 0.012860
0 0.350950 0.539192 0.011253 0.012860
0 0.330760 0.534442 0.011253 0.012860
0 0.339074 0.553444 0.011253 0.012860
0 0.346200 0.574822 0.011253 0.012860
0 0.312945 0.532067 0.011253 0.012860
0 0.330166 0.501979 0.011253 0.012860
0 0.279691 0.512272 0.011253 0.012860
0 0.271971 0.544735 0.011253 0.012860
0 0.267815 0.593032 0.011253 0.012860
0 0.252375 0.588282 0.011253 0.012860
0 0.290380 0.600158 0.011253 0.012860
0 0.299881 0.615202 0.011253 0.012860
0 0.358670 0.640538 0.011253 0.012860
0 0.321853 0.676960 0.011253 0.012860
0 0.081047 0.376921 0.011253 0.012860
0 0.110013 0.424454 0.011253 0.012860
0 0.072413 0.440793 0.011253 0.012860
0 0.070185 0.476072 0.011253 0.012860
0 0.140928 0.472358 0.011253 0.012860
0 0.165437 0.512464 0.011253 0.012860
0 0.168500 0.487955 0.011253 0.012860
0 0.183540 0.498353 0.011253 0.012860
0 0.103050 0.557026 0.011253 0.012860
0 0.106114 0.597132 0.011253 0.012860
0 0.085504 0.584506 0.011253 0.012860
0 0.175185 0.609387 0.011253 0.012860
0 0.154018 0.584506 0.011253 0.012860
0 0.134522 0.605673 0.011253 0.012860
0 0.071021 0.406258 0.011253 0.012860
0 0.072692 0.569281 0.011253 0.012860
0 0.155132 0.697397 0.011253 0.012860
0 0.123381 0.720792 0.011253 0.012860
0 0.144548 0.730818 0.011253 0.012860
0 0.088010 0.737131 0.011253 0.012860
0 0.073249 0.764240 0.011253 0.012860
0 0.082440 0.780208 0.011253 0.012860
0 0.153461 0.762755 0.011253 0.012860
0 0.174628 0.777237 0.011253 0.012860
0 0.160702 0.792091 0.011253 0.012860
0 0.250662 0.706309 0.011253 0.012860
0 0.272943 0.723763 0.011253 0.012860
0 0.298566 0.730076 0.011253 0.012860
0 0.308593 0.760527 0.011253 0.012860
0 0.285197 0.789492 0.011253 0.012860
0 0.268487 0.788007 0.011253 0.012860
0 0.241471 0.748272 0.011253 0.012860
0 0.324189 0.832940 0.011253 0.012860
0 0.349534 0.741959 0.011253 0.012860
0 0.362346 0.730076 0.011253 0.012860
0 0.107506 0.818086 0.011253 0.012860
0 0.301908 0.695169 0.011253 0.012860
0 0.237850 0.771667 0.011253 0.012860
0 0.234230 0.797662 0.011253 0.012860
0 0.377385 0.836282 0.011253 0.012860
0 0.448406 0.835911 0.011253 0.012860
0 0.448963 0.853736 0.011253 0.012860
0 0.447292 0.690713 0.011253 0.012860
0 0.443950 0.718564 0.011253 0.012860
0 0.491297 0.693312 0.011253 0.012860
0 0.494639 0.705195 0.011253 0.012860
0 0.522491 0.707423 0.011253 0.012860
0 0.595740 0.685142 0.011253 0.012860
0 0.585156 0.787264 0.011253 0.012860
0 0.577079 0.796548 0.011253 0.012860
0 0.552570 0.791349 0.011253 0.012860
0 0.534467 0.817715 0.011253 0.012860
0 0.491854 0.754956 0.011253 0.012860
0 0.485448 0.738246 0.011253 0.012860
0 0.422226 0.691827 0.011253 0.012860
0 0.411921 0.687370 0.011253 0.012860
0 0.410528 0.704824 0.011253 0.012860
0 0.379056 0.704081 0.011253 0.012860
0 0.386576 0.740474 0.011253 0.012860
0 0.567888 0.876017 0.011253 0.012860
0 0.535859 0.932833 0.011253 0.012860
0 0.492133 0.910181 0.011253 0.012860
0 0.500488 0.925406 0.011253 0.012860
0 0.446735 0.960685 0.011253 0.012860
0 0.377107 0.949544 0.011253 0.012860
0 0.333659 0.943974 0.011253 0.012860
0 0.308036 0.939518 0.011253 0.012860
0 0.343685 0.916494 0.011253 0.012860
0 0.241192 0.919465 0.011253 0.012860
0 0.220304 0.895698 0.011253 0.012860
0 0.254561 0.870446 0.011253 0.012860
0 0.279349 0.865619 0.011253 0.012860
0 0.484334 0.774267 0.011253 0.012860
0 0.479878 0.863391 0.011253 0.012860
0 0.443671 0.864876 0.011253 0.012860
0 0.402451 0.873417 0.011253 0.012860
0 0.403287 0.887900 0.011253 0.012860
0 0.391589 0.722463 0.005570 0.008541
0 0.397160 0.717821 0.006127 0.009655
0 0.400363 0.711880 0.009191 0.008912
0 0.358446 0.692941 0.007241 0.010398
0 0.364574 0.696283 0.007798 0.010398
0 0.388247 0.693126 0.009469 0.010769
0 0.381284 0.687185 0.005570 0.008541
0 0.386437 0.683100 0.008077 0.009284
0 0.665368 0.469387 0.011253 0.012860
0 0.733882 0.569281 0.011253 0.012860
0 0.788471 0.563711 0.011253 0.012860
0 0.769532 0.594904 0.011253 0.012860
0 0.708537 0.592305 0.011253 0.012860
0 0.660633 0.622755 0.011253 0.012860
0 0.647265 0.648007 0.011253 0.012860
0 0.721906 0.628697 0.011253 0.012860
0 0.763126 0.637238 0.011253 0.012860
0 0.732211 0.651349 0.011253 0.012860
0 0.703803 0.702967 0.011253 0.012860
0 0.660633 0.671402 0.011253 0.012860
0 0.665089 0.699996 0.011253 0.012860
0 0.642808 0.697397 0.011253 0.012860
0 0.648936 0.711880 0.011253 0.012860
0 0.619135 0.715222 0.011253 0.012860
0 0.621920 0.730818 0.011253 0.012860
0 0.629718 0.737131 0.011253 0.012860
0 0.635010 0.753471 0.011253 0.012860
0 0.616907 0.792091 0.011253 0.012860
0 0.655620 0.798404 0.011253 0.012860
0 0.724134 0.682172 0.011253 0.012860
0 0.799333 0.504666 0.011253 0.012860
0 0.804624 0.523605 0.011253 0.012860
0 0.807688 0.541058 0.011253 0.012860
0 0.811309 0.569652 0.011253 0.012860
0 0.799054 0.593790 0.011253 0.012860
0 0.812144 0.604188 0.011253 0.012860
0 0.812144 0.584135 0.011253 0.012860
0 0.818272 0.586734 0.011253 0.012860
0 0.818272 0.574480 0.011253 0.012860
0 0.828855 0.558512 0.011253 0.012860
0 0.822589 0.566681 0.006406 0.014854
0 0.835261 0.535488 0.011253 0.012860
0 0.828298 0.530289 0.011253 0.012860
0 0.817715 0.540687 0.011253 0.012860
0 0.817993 0.552199 0.011253 0.012860
0 0.817436 0.516178 0.011253 0.012860
0 0.820500 0.500581 0.011253 0.012860
0 0.820500 0.476815 0.011253 0.012860
0 0.801004 0.464931 0.011253 0.012860
0 0.799890 0.479414 0.011253 0.012860
0 0.807410 0.487584 0.011253 0.012860
0 0.788192 0.483127 0.011253 0.012860
0 0.788471 0.502066 0.011253 0.012860
0 0.774963 0.495939 0.006406 0.008541
0 0.773013 0.488512 0.009748 0.008541
0 0.779280 0.489812 0.004456 0.009655
