0 0.614014 0.314331 0.009645 0.012860
0 0.580760 0.376880 0.009645 0.012860
0 0.609264 0.444181 0.009645 0.012860
0 0.467933 0.349960 0.009645 0.012860
0 0.453088 0.326207 0.009645 0.012860
0 0.533254 0.261283 0.009645 0.012860
0 0.602138 0.246239 0.009645 0.012860
0 0.740499 0.228029 0.009645 0.012860
0 0.766627 0.263658 0.009645 0.012860
0 0.790974 0.222486 0.009645 0.012860
0 0.807601 0.197941 0.009645 0.012860
0 0.697743 0.181314 0.009645 0.012860
0 0.696556 0.239113 0.009645 0.012860
0 0.686461 0.302454 0.009645 0.012860
0 0.692993 0.513064 0.009645 0.012860
0 0.347981 0.617577 0.009645 0.012860
0 0.351544 0.657957 0.009645 0.012860
0 0.389549 0.653998 0.009645 0.012860
0 0.441805 0.681710 0.009645 0.012860
0 0.434679 0.713381 0.009645 0.012860
0 0.425772 0.725257 0.009645 0.012860
0 0.445962 0.764846 0.009645 0.012860
0 0.464964 0.764846 0.009645 0.012860
0 0.498219 0.692795 0.009645 0.012860
0 0.512470 0.716548 0.009645 0.012860
0 0.522565 0.702296 0.009645 0.012860
0 0.536223 0.730008 0.009645 0.012860
0 0.605701 0.676168 0.009645 0.012860
0 0.581354 0.752177 0.009645 0.012860
0 0.153207 0.756136 0.009645 0.012860
0 0.185867 0.763262 0.009645 0.012860
0 0.190024 0.753761 0.009645 0.012860
0 0.206057 0.752177 0.009645 0.012860
0 0.191805 0.704671 0.009645 0.012860
0 0.222090 0.708630 0.009645 0.012860
0 0.219715 0.692003 0.009645 0.012860
0 0.209026 0.674584 0.009645 0.012860
0 0.189430 0.674584 0.009645 0.012860
0 0.257126 0.698337 0.009645 0.012860
0 0.252969 0.641330 0.009645 0.012860
0 0.292755 0.723674 0.009645 0.012860
0 0.298694 0.524149 0.009645 0.012860
0 0.273159 0.524149 0.009645 0.012860
0 0.244656 0.548694 0.009645 0.012860
0 0.239311 0.492478 0.009645 0.012860
0 0.229810 0.500396 0.009645 0.012860
0 0.206057 0.521774 0.009645 0.012860
0 0.324822 0.469517 0.009645 0.012860
0 0.318884 0.449723 0.009645 0.012860
0 0.214371 0.422803 0.009645 0.012860
0 0.161520 0.432304 0.009645 0.012860
0 0.160926 0.451306 0.009645 0.012860
0 0.141330 0.463975 0.009645 0.012860
0 0.146219 0.071949 0.011253 0.012860
0 0.174419 0.048740 0.011253 0.012860
0 0.302535 0.078448 0.011253 0.012860
0 0.337697 0.081697 0.011253 0.012860
0 0.531612 0.061273 0.011253 0.012860
0 0.499931 0.096551 0.011253 0.012860
0 0.126027 0.048740 0.011253 0.012860
0 0.119064 0.144363 0.011253 0.012860
0 0.111753 0.315648 0.011253 0.012860
0 0.304972 0.104442 0.011253 0.012860
0 0.299750 0.172214 0.011253 0.012860
0 0.367985 0.183354 0.011253 0.012860
0 0.388526 0.180105 0.011253 0.012860
0 0.424036 0.161073 0.011253 0.012860
0 0.443532 0.183819 0.011253 0.012860
0 0.515249 0.124403 0.011253 0.012860
0 0.506546 0.147148 0.011253 0.012860
0 0.496798 0.166180 0.011253 0.012860
0 0.509331 0.187996 0.011253 0.012860
0 0.529871 0.168965 0.011253 0.012860
0 0.420903 0.118368 0.011253 0.012860
0 0.435525 0.107692 0.011253 0.012860
0 0.463028 0.060809 0.011253 0.012860
0 0.427866 0.090053 0.011253 0.012860
0 0.483220 0.221882 0.011253 0.012860
0 0.410807 0.298009 0.011253 0.012860
0 0.370074 0.289189 0.011253 0.012860
0 0.313675 0.238593 0.011253 0.012860
0 0.306016 0.251590 0.011253 0.012860
0 0.271898 0.263659 0.011253 0.012860
0 0.256928 0.270158 0.011253 0.012860
0 0.258669 0.298473 0.011253 0.012860
0 0.298357 0.302651 0.011253 0.012860
0 0.373208 0.377385 0.011253 0.012860
0 0.146776 0.608644 0.011253 0.012860
0 0.127559 0.619785 0.011253 0.012860
0 0.157360 0.674745 0.011253 0.012860
0 0.144270 0.699254 0.011253 0.012860
0 0.272386 0.894213 0.011253 0.012860
0 0.269044 0.932833 0.011253 0.012860
0 0.242306 0.826627 0.011253 0.012860
0 0.255397 0.850393 0.011253 0.012860
0 0.217797 0.882330 0.011253 0.012860
0 0.145384 0.954000 0.011253 0.012860
0 0.189110 0.908696 0.011253 0.012860
0 0.113633 0.912409 0.011253 0.012860
0 0.176299 0.812144 0.011253 0.012860
0 0.196909 0.824028 0.011253 0.012860
0 0.163766 0.855964 0.011253 0.012860
0 0.178248 0.853736 0.011253 0.012860
0 0.179362 0.841110 0.011253 0.012860
0 0.165158 0.838139 0.011253 0.012860
0 0.215291 0.823656 0.011253 0.012860
0 0.219468 0.837768 0.011253 0.012860
0 0.236179 0.849279 0.011253 0.012860
0 0.228381 0.858935 0.011253 0.012860
0 0.220304 0.852250 0.011253 0.012860
0 0.135079 0.829598 0.011253 0.012860
