0 0.960808 0.352336 0.011253 0.012860
0 0.943587 0.290578 0.011253 0.012860
0 0.964964 0.275534 0.011253 0.012860
0 0.915083 0.289786 0.011253 0.012860
0 0.896081 0.251781 0.011253 0.012860
0 0.891330 0.256532 0.011253 0.012860
0 0.884204 0.328583 0.011253 0.012860
0 0.882423 0.406176 0.011253 0.012860
0 0.856295 0.420428 0.011253 0.012860
0 0.874109 0.459224 0.011253 0.012860
0 0.869359 0.482185 0.011253 0.012860
0 0.893112 0.482185 0.011253 0.012860
0 0.957838 0.510689 0.011253 0.012860
0 0.856295 0.544735 0.011253 0.012860
0 0.825416 0.554236 0.011253 0.012860
0 0.817102 0.498812 0.011253 0.012860
0 0.776128 0.486936 0.011253 0.012860
0 0.795724 0.400633 0.011253 0.012860
0 0.706057 0.415677 0.011253 0.012860
0 0.676960 0.315123 0.011253 0.012860
0 0.709026 0.307205 0.011253 0.012860
0 0.664489 0.353919 0.011253 0.012860
0 0.648456 0.346002 0.011253 0.012860
0 0.634798 0.376089 0.011253 0.012860
0 0.615202 0.372922 0.011253 0.012860
0 0.608670 0.369755 0.011253 0.012860
0 0.614014 0.396675 0.011253 0.012860
0 0.630048 0.326207 0.011253 0.012860
0 0.592043 0.349169 0.011253 0.012860
0 0.571259 0.335709 0.011253 0.012860
0 0.561758 0.346002 0.011253 0.012860
0 0.551663 0.342043 0.011253 0.012860
0 0.555226 0.384798 0.011253 0.012860
0 0.522565 0.422803 0.011253 0.012860
0 0.527316 0.442597 0.011253 0.012860
0 0.483373 0.443389 0.011253 0.012860
0 0.483373 0.461599 0.011253 0.012860
0 0.475059 0.437055 0.011253 0.012860
0 0.463183 0.470309 0.011253 0.012860
0 0.441211 0.409343 0.011253 0.012860
0 0.422803 0.395091 0.011253 0.012860
0 0.439430 0.342835 0.011253 0.012860
0 0.464964 0.318290 0.011253 0.012860
0 0.453088 0.302454 0.011253 0.012860
0 0.440618 0.314331 0.011253 0.012860
0 0.449525 0.270784 0.011253 0.012860
0 0.454869 0.258907 0.011253 0.012860
0 0.464371 0.265241 0.011253 0.012860
0 0.448337 0.246239 0.011253 0.012860
0 0.508314 0.225653 0.011253 0.012860
0 0.538005 0.222486 0.011253 0.012860
0 0.557007 0.235946 0.011253 0.012860
0 0.551069 0.251781 0.011253 0.012860
0 0.581948 0.244656 0.011253 0.012860
0 0.576603 0.225653 0.011253 0.012860
0 0.537411 0.190816 0.011253 0.012860
0 0.522565 0.171021 0.011253 0.012860
0 0.500594 0.167063 0.011253 0.012860
0 0.590855 0.190024 0.011253 0.012860
0 0.603919 0.177356 0.011253 0.012860
0 0.579572 0.163895 0.011253 0.012860
0 0.579572 0.130641 0.011253 0.012860
0 0.603919 0.120348 0.011253 0.012860
0 0.616390 0.114806 0.011253 0.012860
0 0.559976 0.083927 0.011253 0.012860
0 0.501781 0.121932 0.011253 0.012860
0 0.453088 0.113222 0.011253 0.012860
0 0.441805 0.134600 0.011253 0.012860
0 0.432304 0.103721 0.011253 0.012860
0 0.410926 0.093428 0.011253 0.012860
0 0.403207 0.121932 0.011253 0.012860
