0 0.448931 0.283452 0.011253 0.012860
0 0.461995 0.286619 0.011253 0.012860
0 0.490499 0.305622 0.011253 0.012860
0 0.530879 0.324624 0.011253 0.012860
0 0.534442 0.356295 0.011253 0.012860
0 0.550475 0.337292 0.011253 0.012860
0 0.564133 0.347585 0.011253 0.012860
0 0.588480 0.334917 0.011253 0.012860
0 0.595012 0.313539 0.011253 0.012860
0 0.607482 0.338084 0.011253 0.012860
0 0.593230 0.349960 0.011253 0.012860
0 0.615796 0.326999 0.011253 0.012860
0 0.643112 0.330958 0.011253 0.012860
0 0.646081 0.369755 0.011253 0.012860
0 0.653207 0.369755 0.011253 0.012860
0 0.669834 0.349169 0.011253 0.012860
0 0.679929 0.332542 0.011253 0.012860
0 0.695962 0.344418 0.011253 0.012860
0 0.709620 0.354711 0.011253 0.012860
0 0.722684 0.380048 0.011253 0.012860
0 0.723278 0.353919 0.011253 0.012860
0 0.732185 0.363420 0.011253 0.012860
0 0.742280 0.373713 0.011253 0.012860
0 0.747625 0.340459 0.011253 0.012860
0 0.723278 0.330166 0.011253 0.012860
0 0.736936 0.315914 0.011253 0.012860
0 0.747625 0.304038 0.011253 0.012860
0 0.753563 0.281077 0.011253 0.012860
0 0.770784 0.273951 0.011253 0.012860
0 0.779691 0.252573 0.011253 0.012860
0 0.790974 0.234363 0.011253 0.012860
0 0.801069 0.224070 0.011253 0.012860
0 0.779691 0.216944 0.011253 0.012860
0 0.738717 0.216152 0.011253 0.012860
0 0.723872 0.227237 0.011253 0.012860
0 0.726841 0.251781 0.011253 0.012860
0 0.716746 0.254157 0.011253 0.012860
0 0.707838 0.253365 0.011253 0.012860
0 0.701900 0.273951 0.011253 0.012860
0 0.692993 0.295329 0.011253 0.012860
0 0.670428 0.268409 0.011253 0.012860
0 0.639549 0.252573 0.011253 0.012860
0 0.631829 0.237530 0.011253 0.012860
0 0.660333 0.216944 0.011253 0.012860
0 0.690024 0.224861 0.011253 0.012860
0 0.701306 0.182106 0.011253 0.012860
0 0.678741 0.166271 0.011253 0.012860
0 0.670428 0.152019 0.011253 0.012860
0 0.646081 0.177356 0.011253 0.012860
0 0.634798 0.166271 0.011253 0.012860
0 0.621140 0.169438 0.011253 0.012860
0 0.605107 0.167854 0.011253 0.012860
0 0.597981 0.151227 0.011253 0.012860
0 0.595606 0.129850 0.011253 0.012860
0 0.595012 0.085511 0.011253 0.012860
0 0.600950 0.066508 0.011253 0.012860
0 0.605701 0.051465 0.011253 0.012860
0 0.541568 0.074426 0.011253 0.012860
0 0.504157 0.032462 0.011253 0.012860
0 0.529691 0.104513 0.011253 0.012860
0 0.497625 0.144893 0.011253 0.012860
0 0.492874 0.210610 0.011253 0.012860
0 0.677553 0.254949 0.011253 0.012860
0 0.685273 0.263658 0.011253 0.012860
0 0.726841 0.173397 0.011253 0.012860
0 0.734561 0.155186 0.011253 0.012860
0 0.750594 0.162312 0.011253 0.012860
0 0.753563 0.182898 0.011253 0.012860
0 0.750594 0.140143 0.011253 0.012860
0 0.748812 0.114014 0.011253 0.012860
0 0.735748 0.095804 0.011253 0.012860
0 0.711401 0.079968 0.011253 0.012860
0 0.695368 0.109264 0.011253 0.012860
0 0.688242 0.121932 0.011253 0.012860
0 0.699525 0.139351 0.011253 0.012860
0 0.713777 0.140934 0.011253 0.012860
0 0.501781 0.394299 0.011253 0.012860
0 0.510689 0.417260 0.011253 0.012860
0 0.515439 0.433096 0.011253 0.012860
0 0.533254 0.463183 0.011253 0.012860
0 0.545131 0.494062 0.011253 0.012860
0 0.497031 0.488519 0.011253 0.012860
0 0.519596 0.537609 0.011253 0.012860
0 0.534442 0.583531 0.011253 0.012860
0 0.527910 0.585907 0.011253 0.012860
0 0.495249 0.576405 0.011253 0.012860
0 0.487530 0.566904 0.011253 0.012860
0 0.489311 0.547902 0.011253 0.012860
0 0.581948 0.520190 0.011253 0.012860
0 0.600356 0.548694 0.011253 0.012860
0 0.611639 0.528108 0.011253 0.012860
0 0.618171 0.527316 0.011253 0.012860
0 0.621140 0.543151 0.011253 0.012860
0 0.634204 0.545527 0.011253 0.012860
0 0.640736 0.528108 0.011253 0.012860
0 0.630641 0.520190 0.011253 0.012860
0 0.646675 0.517815 0.011253 0.012860
0 0.659145 0.505146 0.011253 0.012860
0 0.634798 0.498021 0.011253 0.012860
0 0.628266 0.505938 0.011253 0.012860
0 0.614014 0.499604 0.011253 0.012860
0 0.608670 0.515439 0.011253 0.012860
0 0.622922 0.482977 0.011253 0.012860
0 0.611045 0.476643 0.011253 0.012860
0 0.595012 0.453682 0.011253 0.012860
0 0.582542 0.444181 0.011253 0.012860
0 0.587292 0.432304 0.011253 0.012860
0 0.577197 0.425970 0.011253 0.012860
0 0.602138 0.414093 0.011253 0.012860
0 0.595606 0.403009 0.011253 0.012860
0 0.610451 0.385590 0.011253 0.012860
