0 0.022565 0.380839 0.011253 0.012860
0 0.050475 0.407759 0.011253 0.012860
0 0.087886 0.435471 0.011253 0.012860
0 0.013064 0.736342 0.011253 0.012860
0 0.043349 0.791766 0.011253 0.012860
0 0.243468 0.585907 0.011253 0.012860
0 0.154394 0.819477 0.011253 0.012860
0 0.144299 0.834521 0.011253 0.012860
0 0.163302 0.882027 0.011253 0.012860
0 0.174584 0.872526 0.011253 0.012860
0 0.168052 0.956453 0.011253 0.012860
0 0.079572 0.979414 0.011253 0.012860
0 0.050475 0.942993 0.011253 0.012860
0 0.200119 0.946160 0.011253 0.012860
0 0.205463 0.921615 0.011253 0.012860
0 0.233967 0.897070 0.011253 0.012860
0 0.236342 0.858274 0.011253 0.012860
0 0.259501 0.863816 0.011253 0.012860
0 0.270784 0.870942 0.011253 0.012860
0 0.279097 0.833729 0.011253 0.012860
0 0.298694 0.849565 0.011253 0.012860
0 0.292162 0.798100 0.011253 0.012860
0 0.362827 0.796516 0.011253 0.012860
0 0.352138 0.604909 0.011253 0.012860
0 0.511283 0.506730 0.011253 0.012860
0 0.568884 0.501979 0.011253 0.012860
0 0.528504 0.572447 0.011253 0.012860
0 0.538005 0.576405 0.011253 0.012860
0 0.520784 0.601742 0.011253 0.012860
0 0.549881 0.630245 0.011253 0.012860
0 0.459620 0.673001 0.011253 0.012860
0 0.459620 0.685669 0.011253 0.012860
0 0.422803 0.737134 0.011253 0.012860
0 0.435867 0.781473 0.011253 0.012860
0 0.445368 0.818686 0.011253 0.012860
0 0.461995 0.835313 0.011253 0.012860
0 0.466746 0.771971 0.011253 0.012860
0 0.515439 0.779097 0.011253 0.012860
0 0.524347 0.753761 0.011253 0.012860
0 0.581354 0.759303 0.011253 0.012860
0 0.586698 0.746635 0.011253 0.012860
0 0.592043 0.657957 0.011253 0.012860
0 0.590261 0.641330 0.011253 0.012860
0 0.637173 0.574030 0.011253 0.012860
0 0.769002 0.690420 0.011253 0.012860
0 0.779691 0.689628 0.011253 0.012860
0 0.811164 0.675376 0.011253 0.012860
0 0.828385 0.666667 0.011253 0.012860
0 0.827791 0.655582 0.011253 0.012860
0 0.824228 0.625495 0.011253 0.012860
0 0.791568 0.570071 0.011253 0.012860
0 0.780879 0.574822 0.011253 0.012860
0 0.777316 0.376089 0.011253 0.012860
0 0.759501 0.376880 0.011253 0.012860
