0 0.374703 0.508314 0.011253 0.012860
0 0.460214 0.632621 0.011253 0.012860
0 0.511876 0.661916 0.011253 0.012860
0 0.502969 0.724466 0.011253 0.012860
0 0.504157 0.736342 0.011253 0.012860
0 0.570071 0.731591 0.011253 0.012860
0 0.568884 0.706255 0.011253 0.012860
0 0.593824 0.736342 0.011253 0.012860
0 0.530285 0.550277 0.011253 0.012860
0 0.529691 0.508314 0.011253 0.012860
0 0.568884 0.505146 0.011253 0.012860
0 0.568884 0.455265 0.011253 0.012860
0 0.575416 0.412510 0.011253 0.012860
0 0.535629 0.403009 0.011253 0.012860
0 0.488124 0.429929 0.011253 0.012860
0 0.492280 0.454473 0.011253 0.012860
0 0.491686 0.466350 0.011253 0.012860
0 0.467340 0.444181 0.011253 0.012860
0 0.475653 0.441013 0.011253 0.012860
0 0.313539 0.477435 0.011253 0.012860
0 0.293943 0.458432 0.011253 0.012860
0 0.291568 0.475851 0.011253 0.012860
0 0.273159 0.539984 0.011253 0.012860
0 0.247031 0.549485 0.011253 0.012860
0 0.235748 0.490895 0.011253 0.012860
0 0.195962 0.485352 0.011253 0.012860
0 0.217933 0.577197 0.011253 0.012860
0 0.268409 0.683294 0.011253 0.012860
0 0.326010 0.646873 0.011253 0.012860
0 0.178741 0.596991 0.011253 0.012860
0 0.188242 0.634204 0.011253 0.012860
0 0.190024 0.650040 0.011253 0.012860
0 0.143112 0.548694 0.011253 0.012860
0 0.143112 0.570863 0.011253 0.012860
0 0.108670 0.547902 0.011253 0.012860
0 0.079572 0.543151 0.011253 0.012860
0 0.057601 0.569279 0.011253 0.012860
0 0.052850 0.594616 0.011253 0.012860
0 0.040974 0.589074 0.011253 0.012860
0 0.043943 0.606492 0.011253 0.012860
0 0.036223 0.625495 0.011253 0.012860
0 0.026128 0.625495 0.011253 0.012860
0 0.084917 0.652415 0.011253 0.012860
0 0.125891 0.609660 0.011253 0.012860
0 0.128860 0.699921 0.011253 0.012860
0 0.073040 0.715756 0.011253 0.012860
