0 0.423990 0.171021 0.011253 0.012860
0 0.460808 0.227237 0.011253 0.012860
0 0.486342 0.249406 0.011253 0.012860
0 0.362233 0.303246 0.011253 0.012860
0 0.291568 0.220903 0.011253 0.012860
0 0.291568 0.364212 0.011253 0.012860
0 0.245249 0.327791 0.011253 0.012860
0 0.242874 0.380839 0.011253 0.012860
0 0.244656 0.413302 0.011253 0.012860
0 0.217933 0.485352 0.011253 0.012860
0 0.225653 0.488519 0.011253 0.012860
0 0.417458 0.478226 0.011253 0.012860
0 0.460808 0.619952 0.011253 0.012860
0 0.460808 0.631829 0.011253 0.012860
0 0.514252 0.509105 0.011253 0.012860
0 0.551663 0.467142 0.011253 0.012860
0 0.710808 0.424386 0.011253 0.012860
0 0.691211 0.520982 0.011253 0.012860
0 0.726247 0.585115 0.011253 0.012860
0 0.792162 0.486144 0.011253 0.012860
0 0.879454 0.562945 0.011253 0.012860
0 0.903207 0.615202 0.011253 0.012860
0 0.770190 0.680127 0.011253 0.012860
0 0.515439 0.814727 0.011253 0.012860
0 0.314133 0.954869 0.011253 0.012860
0 0.538005 0.821853 0.011253 0.012860
0 0.645487 0.875693 0.011253 0.012860
0 0.676960 0.885194 0.011253 0.012860
0 0.719121 0.804434 0.011253 0.012860
0 0.755344 0.908155 0.011253 0.012860
0 0.753563 0.987332 0.011253 0.012860
0 0.795131 0.872526 0.011253 0.012860
0 0.787411 0.851940 0.011253 0.012860
0 0.893112 0.835313 0.011253 0.012860
0 0.891924 0.799683 0.011253 0.012860
0 0.849169 0.741093 0.011253 0.012860
0 0.960808 0.993570 0.011253 0.012860
0 0.973278 0.993570 0.011253 0.012860
