0 0.779917 0.303172 0.020615 0.020489
0 0.958731 0.409292 0.023333 0.023040
0 0.572811 0.780126 0.026363 0.026165
0 0.695667 0.902306 0.025172 0.025035
0 0.822023 0.888258 0.027521 0.027362
0 0.754872 0.884362 0.025143 0.024881
0 0.293648 0.393097 0.024502 0.023470
0 0.709296 0.939770 0.023793 0.023461
0 0.752229 0.579550 0.021068 0.021267
0 0.547019 0.396021 0.019390 0.018716
0 0.402386 0.595485 0.027775 0.030297
0 0.739605 0.834725 0.019854 0.019718
0 0.480058 0.161524 0.021862 0.021912
0 0.258416 0.872835 0.020752 0.019681
0 0.215794 0.345078 0.026470 0.026408
0 0.430724 0.157951 0.020903 0.020608
0 0.426721 0.052006 0.019791 0.019478
0 0.550439 0.026564 0.031933 0.032062
0 0.323410 0.167502 0.019865 0.019604
0 0.332130 0.042522 0.020148 0.020235
0 0.246271 0.265427 0.016979 0.016804
0 0.222070 0.190325 0.018297 0.017953
0 0.278298 0.345254 0.022863 0.023912
