0 0.944335 0.296874 0.023632 0.021483
0 0.703127 0.295898 0.017187 0.019337
0 0.580078 0.568358 0.021485 0.021483
0 0.693362 0.479492 0.021485 0.032228
0 0.697265 0.533203 0.021485 0.021483
0 0.657226 0.561524 0.019334 0.023632
0 0.625975 0.633790 0.019334 0.019337
0 0.627929 0.852539 0.023632 0.023632
0 0.758790 0.288084 0.019334 0.023632
0 0.818360 0.218750 0.021485 0.021483
0 0.938478 0.125001 0.019334 0.021483
0 0.192382 0.972657 0.023632 0.021483
0 0.190428 0.858398 0.023632 0.023632
0 0.864257 0.370116 0.019334 0.019337
0 0.494142 0.534179 0.021485 0.023632
0 0.817383 0.891601 0.019334 0.023632
0 0.448241 0.969726 0.023632 0.023632
0 0.732424 0.632814 0.021485 0.021483
0 0.636718 0.810546 0.021485 0.021483
0 0.858399 0.255860 0.019334 0.021483
0 0.958009 0.920898 0.019334 0.023632
0 0.851565 0.439454 0.021485 0.025781
0 0.973632 0.392578 0.023632 0.025781
0 0.690431 0.407226 0.023632 0.023632
0 0.420898 0.925781 0.019334 0.021483
0 0.524416 0.600586 0.019334 0.023632
0 0.577147 0.624024 0.023632 0.023632
0 0.856445 0.626952 0.019334 0.021483
0 0.825194 0.148439 0.023632 0.021483
0 0.766601 0.181639 0.023632 0.021483
0 0.802732 0.992677 0.021485 0.014646
0 0.964843 0.256836 0.021485 0.023632
0 0.910158 0.703124 0.021485 0.021483
0 0.499023 0.691407 0.023632 0.021483
0 0.504885 0.710938 0.023632 0.021483
0 0.983398 0.641600 0.013674 0.021483
0 0.070472 0.090859 0.016570 0.018339
0 0.137697 0.014649 0.017577 0.017580
0 0.482043 0.059156 0.022746 0.018206
0 0.480671 0.111514 0.020979 0.017094
