0 0.465820 0.007812 0.013672 0.015625
0 0.494161 0.638015 0.025947 0.025379
0 0.489752 0.762945 0.022833 0.021785
0 0.236932 0.798551 0.025968 0.026224
0 0.089491 0.287133 0.026234 0.025645
0 0.111129 0.600727 0.027203 0.027744
0 0.139573 0.084879 0.026342 0.025565
0 0.471480 0.053420 0.024409 0.023572
0 0.020179 0.607501 0.026613 0.026228
0 0.568776 0.587485 0.023867 0.023527
0 0.455735 0.678727 0.022767 0.022449
0 0.836914 0.752930 0.013672 0.013672
0 0.191589 0.881430 0.022115 0.022899
0 0.168544 0.493338 0.023499 0.022805
0 0.990554 0.793357 0.018893 0.019188
0 0.297757 0.330558 0.017903 0.021028
0 0.636719 0.793945 0.015625 0.017578
0 0.933594 0.812500 0.019531 0.015625
0 0.032780 0.048295 0.022491 0.017184
0 0.203125 0.623047 0.007812 0.007812
0 0.542969 0.737305 0.015625 0.009766
0 0.550781 0.324219 0.023438 0.011719
0 0.134766 0.851562 0.007812 0.007812
0 0.338000 0.715500 0.018000 0.029000
