0 0.576537 0.400779 0.022922 0.021732
0 0.967624 0.493293 0.023087 0.022272
0 0.518418 0.343772 0.024602 0.023716
0 0.405499 0.425328 0.024147 0.023227
0 0.296087 0.420865 0.024258 0.024256
0 0.910078 0.600120 0.026233 0.027391
0 0.703233 0.270387 0.027155 0.026294
0 0.888962 0.286896 0.026452 0.025418
0 0.413279 0.397459 0.023057 0.021680
0 0.938224 0.084921 0.026099 0.025567
0 0.345122 0.388165 0.025837 0.024875
0 0.572626 0.057697 0.021685 0.020407
0 0.640859 0.724712 0.024065 0.023457
0 0.818987 0.607432 0.025494 0.024694
0 0.338867 0.597656 0.017578 0.015625
0 0.404062 0.169956 0.026944 0.025197
0 0.736551 0.151685 0.024095 0.022806
0 0.113163 0.926394 0.026554 0.026282
0 0.087736 0.386239 0.023798 0.021997
0 0.377145 0.163026 0.023023 0.021689
0 0.990049 0.880969 0.019625 0.021663
0 0.691406 0.587891 0.019531 0.015625
0 0.457700 0.221271 0.025805 0.024408
0 0.694336 0.654297 0.017578 0.015625
0 0.527005 0.052161 0.020935 0.020961
0 0.484375 0.132812 0.015625 0.015625
0 0.460938 0.686523 0.027344 0.029297
0 0.831326 0.048386 0.024317 0.019386
0 0.545898 0.278320 0.017578 0.017578
0 0.492188 0.778320 0.011719 0.013672
0 0.594450 0.537811 0.021544 0.016527
0 0.997070 0.621094 0.001953 0.007812
0 0.221680 0.469727 0.017578 0.013672
0 0.980469 0.769531 0.011719 0.019531
0 0.510742 0.647461 0.013672 0.009766
0 0.933594 0.851562 0.011719 0.007812
