0 0.123046 0.309569 0.017187 0.019337
0 0.944335 0.153320 0.015041 0.019337
0 0.114257 0.117189 0.015041 0.021483
0 0.624998 0.166016 0.021485 0.017188
0 0.128908 0.494142 0.017187 0.017188
0 0.192382 0.571287 0.015041 0.019337
0 0.347654 0.903320 0.017187 0.019337
0 0.497069 0.332031 0.019334 0.021483
0 0.746093 0.987303 0.017187 0.019337
0 0.457029 0.844727 0.021485 0.019337
0 0.772463 0.283203 0.023632 0.017188
0 0.517577 0.799806 0.017187 0.019337
0 0.719727 0.475587 0.023632 0.019337
0 0.212890 0.840820 0.021485 0.019337
0 0.840822 0.682615 0.019334 0.019337
0 0.855469 0.022461 0.011719 0.009766
0 0.917969 0.001953 0.011719 0.003906
0 0.993164 0.299805 0.009766 0.021484
0 0.825195 0.666016 0.013672 0.011719
0 0.005859 0.665039 0.011719 0.017578
0 0.316406 0.601562 0.007812 0.007812
0 0.802448 0.684003 0.026224 0.027098
0 0.678711 0.630859 0.013672 0.015625
0 0.114258 0.434570 0.013672 0.017578
0 0.340909 0.879371 0.019231 0.019231
