0 0.312502 0.824219 0.019531 0.019531
0 0.830077 0.307616 0.015623 0.017580
0 0.715822 0.084959 0.021485 0.021483
0 0.215819 0.040039 0.017577 0.017580
0 0.932618 0.116212 0.017577 0.017580
0 0.956052 0.395510 0.017577 0.017580
0 0.204099 0.702149 0.017577 0.017580
0 0.926756 0.279299 0.017577 0.019531
0 0.755861 0.295899 0.023439 0.029297
0 0.823243 0.007812 0.017577 0.015625
0 0.516602 0.079101 0.017577 0.017580
0 0.422850 0.984375 0.021485 0.019531
0 0.773438 0.177736 0.019531 0.019531
0 0.452146 0.576173 0.029297 0.031248
0 0.514648 0.366209 0.021485 0.021483
0 0.458009 0.833984 0.021485 0.015624
0 0.035158 0.641600 0.019531 0.017580
0 0.576173 0.802736 0.019531 0.015624
0 0.796877 0.497069 0.015623 0.013673
0 0.357422 0.206053 0.015623 0.013673
0 0.917967 0.338868 0.015623 0.017580
0 0.797849 0.648439 0.017577 0.011717
0 0.680663 0.546876 0.017577 0.019531
0 0.398438 0.859374 0.015623 0.015624
0 0.257812 0.686525 0.019531 0.013673
0 0.891602 0.877929 0.017577 0.013673
0 0.276366 0.911133 0.017577 0.013673
0 0.862305 0.042970 0.017577 0.015624
0 0.351565 0.352540 0.019531 0.013673
0 0.343748 0.375975 0.023439 0.021483
0 0.962892 0.276368 0.015623 0.013673
0 0.572178 0.909557 0.019531 0.019531
0 0.042969 0.613281 0.023438 0.015625
