0 0.380862 0.423828 0.019531 0.019531
0 0.014651 0.663084 0.029297 0.021483
0 0.272458 0.301758 0.017577 0.017580
0 0.491209 0.583984 0.021485 0.019531
0 0.520506 0.175782 0.029297 0.031248
0 0.526368 0.433594 0.021485 0.015624
0 0.103518 0.241210 0.019531 0.017580
0 0.386719 0.888672 0.023439 0.023438
0 0.644532 0.402345 0.019531 0.015624
0 0.746096 0.896486 0.015623 0.023438
0 0.865237 0.096678 0.015623 0.013673
0 0.866209 0.248048 0.017577 0.011717
0 0.749022 0.146485 0.017577 0.019531
0 0.466798 0.458983 0.015623 0.015624
0 0.104490 0.696288 0.017577 0.013673
0 0.326172 0.286134 0.019531 0.013673
0 0.959961 0.477539 0.017577 0.013673
0 0.208985 0.962889 0.023439 0.023438
0 0.410158 0.854492 0.015623 0.013673
0 0.344726 0.510742 0.017577 0.013673
0 0.291995 0.717774 0.017577 0.013673
0 0.149414 0.605471 0.017577 0.019531
0 0.921876 0.833985 0.011720 0.015624
0 0.640538 0.509167 0.019531 0.019531
