0 0.447266 0.837891 0.015468 0.015469
0 0.837888 0.203125 0.015468 0.019335
0 0.139648 0.521486 0.017401 0.019335
0 0.315428 0.954102 0.017401 0.021269
0 0.020507 0.130860 0.017401 0.015469
0 0.635743 0.050780 0.017401 0.019335
0 0.154299 0.032228 0.019336 0.017403
0 0.638674 0.192384 0.019336 0.021269
0 0.648439 0.583986 0.019336 0.019335
0 0.247069 0.416992 0.017401 0.021269
0 0.069336 0.277344 0.015820 0.010547
0 0.300522 0.827732 0.031425 0.031928
0 0.003906 0.088867 0.007031 0.019336
0 0.872070 0.996094 0.008789 0.003515
0 0.323242 0.807617 0.026367 0.029883
