0 0.766603 0.119139 0.019334 0.021483
0 0.357422 0.555665 0.025783 0.023632
0 0.562498 0.083983 0.017187 0.021483
0 0.880859 0.906250 0.017187 0.017188
0 0.391604 0.012697 0.032228 0.023632
0 0.698244 0.398437 0.019334 0.017188
0 0.639651 0.252929 0.019334 0.019337
0 0.612303 0.541017 0.019334 0.021483
0 0.788088 0.403320 0.019334 0.019337
0 0.236327 0.399413 0.017187 0.019337
0 0.736329 0.454103 0.021485 0.015039
0 0.708987 0.689452 0.017187 0.017188
0 0.148436 0.720704 0.017187 0.021483
0 0.739256 0.739260 0.023632 0.023632
0 0.707033 0.494141 0.021485 0.021483
0 0.420900 0.963868 0.032228 0.032228
