0 0.484377 0.617188 0.019531 0.019531
0 0.777344 0.378907 0.021485 0.025781
0 0.332031 0.642577 0.021485 0.017188
0 0.917970 0.587891 0.021485 0.021483
0 0.988283 0.596681 0.017187 0.019337
0 0.369139 0.122071 0.025783 0.032228
0 0.545896 0.361328 0.019334 0.021483
0 0.705077 0.750978 0.017187 0.019337
0 0.638672 0.783202 0.021485 0.021483
0 0.962889 0.674805 0.025783 0.023632
0 0.375001 0.191406 0.021485 0.021483
0 0.786132 0.287110 0.036526 0.025781
0 0.166993 0.790040 0.019334 0.019337
0 0.668945 0.433594 0.017577 0.015624
0 0.614260 0.063478 0.019334 0.023632
0 0.820314 0.421876 0.021485 0.021483
0 0.494142 0.751954 0.021485 0.021483
0 0.293946 0.245117 0.023632 0.023632
0 0.528319 0.720702 0.023632 0.021483
0 0.411133 0.990771 0.019334 0.018459
0 0.492188 0.387697 0.017187 0.023632
0 0.843749 0.121096 0.025783 0.025781
0 0.846680 0.142578 0.019334 0.021483
0 0.605467 0.423828 0.025783 0.017188
