0 0.392580 0.798829 0.017187 0.017188
0 0.712889 0.402344 0.017187 0.017188
0 0.236331 0.789063 0.012894 0.017188
0 0.233399 0.595704 0.019334 0.021483
0 0.047854 0.557617 0.019334 0.015039
0 0.400391 0.148436 0.017187 0.021483
0 0.669924 0.307616 0.017187 0.019337
0 0.342775 0.705077 0.019334 0.021483
0 0.912108 0.127929 0.012894 0.015039
0 0.430665 0.747070 0.015041 0.015039
0 0.088865 0.598631 0.015041 0.015039
0 0.011718 0.323244 0.017187 0.015039
0 0.534178 0.520507 0.019334 0.015039
0 0.147463 0.908202 0.015041 0.017188
0 0.243165 0.086915 0.015041 0.015039
0 0.265627 0.876953 0.017187 0.017188
0 0.159178 0.276368 0.015041 0.015039
0 0.333009 0.559569 0.015041 0.010741
0 0.179686 0.554686 0.017187 0.017188
0 0.422853 0.499024 0.010743 0.015039
0 0.221680 0.745118 0.019334 0.019337
0 0.053711 0.833008 0.023632 0.019337
0 0.038088 0.839843 0.019334 0.021483
0 0.679600 0.521200 0.020000 0.018400
