0 0.139649 0.974610 0.019334 0.021483
0 0.422850 0.748047 0.019334 0.021483
0 0.894534 0.756837 0.021485 0.023632
0 0.458986 0.665040 0.017187 0.019337
0 0.726565 0.227537 0.017187 0.019337
0 0.455078 0.161134 0.021485 0.023632
0 0.930665 0.444335 0.023632 0.023632
0 0.257813 0.198240 0.012894 0.015039
0 0.221682 0.893555 0.019334 0.019337
0 0.876952 0.974610 0.021485 0.021483
0 0.427736 0.906251 0.017187 0.021483
0 0.882814 0.084961 0.021485 0.019337
0 0.778319 0.519532 0.019334 0.021483
0 0.388673 0.818357 0.021485 0.021483
0 0.224608 0.098633 0.017187 0.019337
0 0.162111 0.900389 0.021485 0.021483
0 0.785158 0.274413 0.017187 0.019337
0 0.524414 0.213868 0.019334 0.019337
0 0.050782 0.444335 0.021485 0.019337
0 0.208008 0.599608 0.019334 0.017188
0 0.863283 0.603515 0.021485 0.021483
0 0.403319 0.334962 0.019334 0.019337
0 0.261721 0.249999 0.017187 0.017188
0 0.597658 0.719726 0.021485 0.019337
0 0.511718 0.183592 0.021485 0.017188
0 0.927733 0.606446 0.025783 0.023632
0 0.012306 0.895506 0.024611 0.023632
