0 0.351562 0.007812 0.010252 0.010252
0 0.146484 0.877930 0.010252 0.011533
0 0.536133 0.921874 0.012685 0.016915
0 0.022462 0.890626 0.015505 0.016915
0 0.091797 0.909180 0.010252 0.011533
0 0.085938 0.868164 0.010252 0.011533
0 0.013673 0.828125 0.011276 0.014095
0 0.179688 0.765625 0.016916 0.016915
0 0.246094 0.768555 0.010252 0.011533
0 0.230470 0.856446 0.016916 0.021145
0 0.597658 0.903319 0.014096 0.021145
0 0.661131 0.875977 0.012685 0.021145
0 0.953126 0.895509 0.014096 0.021145
0 0.973635 0.679687 0.015505 0.016915
0 0.988721 0.560548 0.014800 0.022552
0 0.862305 0.634766 0.021145 0.025372
0 0.529299 0.546876 0.014096 0.022552
0 0.416015 0.534179 0.014096 0.021145
0 0.130860 0.646483 0.016916 0.016915
0 0.011719 0.571290 0.014096 0.021145
0 0.769530 0.356443 0.014096 0.015505
0 0.773438 0.276367 0.016916 0.023962
0 0.711913 0.205077 0.015505 0.022552
0 0.547853 0.270509 0.015505 0.023962
0 0.638674 0.027345 0.016916 0.016915
0 0.451172 0.006836 0.010252 0.008970
0 0.217773 0.056641 0.008970 0.012814
0 0.189453 0.101563 0.016916 0.016915
0 0.012744 0.397461 0.016723 0.021145
