0 0.701173 0.019533 0.015623 0.015624
0 0.824217 0.074219 0.023439 0.023438
0 0.554690 0.985352 0.015623 0.013673
0 0.770509 0.008789 0.021485 0.017578
0 0.793944 0.253906 0.021485 0.019531
0 0.721681 0.910155 0.017577 0.015624
0 0.739259 0.427735 0.017577 0.015624
0 0.599609 0.341797 0.015623 0.019531
0 0.345705 0.986327 0.015623 0.015624
0 0.562501 0.189455 0.015623 0.015624
0 0.932616 0.815430 0.017577 0.017580
0 0.385744 0.537108 0.021485 0.019531
0 0.213867 0.555663 0.021485 0.021483
0 0.791995 0.759764 0.017577 0.015624
0 0.281249 0.052733 0.019531 0.019531
0 0.756836 0.838868 0.017577 0.013673
0 0.542970 0.691405 0.015623 0.015624
0 0.848634 0.276369 0.029297 0.021483
0 0.594724 0.290038 0.017577 0.017580
0 0.860353 0.308593 0.021485 0.019531
0 0.939455 0.352538 0.015623 0.013673
0 0.496091 0.990234 0.023439 0.019531
