0 0.694338 0.745116 0.019334 0.019337
0 0.627928 0.621095 0.019334 0.021483
0 0.344727 0.748047 0.019334 0.021483
0 0.417971 0.122071 0.021485 0.032228
0 0.417971 0.992186 0.021485 0.012890
0 0.254882 0.857424 0.023632 0.021483
0 0.615236 0.529298 0.017187 0.021483
0 0.298830 0.138671 0.021485 0.025781
0 0.361327 0.104492 0.021485 0.019337
0 0.145507 0.153320 0.015041 0.019337
0 0.338869 0.321290 0.023632 0.019337
0 0.556643 0.462890 0.021485 0.021483
0 0.406251 0.539063 0.021485 0.021483
0 0.285156 0.744140 0.021485 0.021483
0 0.295899 0.811523 0.023632 0.019337
0 0.349607 0.452149 0.017187 0.019337
0 0.653322 0.133789 0.019334 0.019337
0 0.539061 0.066405 0.012894 0.017188
0 0.633790 0.070312 0.019334 0.017188
0 0.559569 0.173827 0.019334 0.017188
0 0.313476 0.276369 0.019334 0.015039
0 0.283202 0.550780 0.017187 0.021483
0 0.494141 0.433594 0.021485 0.021483
0 0.530272 0.361328 0.023632 0.017188
0 0.369143 0.805665 0.021485 0.019337
0 0.451171 0.685547 0.025783 0.017188
0 0.443359 0.768554 0.021485 0.019337
0 0.776366 0.009570 0.019334 0.019140
0 0.857421 0.620119 0.017187 0.019337
0 0.303710 0.512694 0.015041 0.015039
0 0.823244 0.329100 0.023632 0.023632
0 0.484376 0.644533 0.017187 0.017188
0 0.202146 0.299803 0.032228 0.032228
0 0.797851 0.322265 0.019334 0.021483
0 0.407228 0.719726 0.019334 0.023632
0 0.406251 0.699219 0.017187 0.017188
0 0.662110 0.702147 0.025783 0.023632
0 0.673830 0.674805 0.025783 0.036522
0 0.713869 0.523439 0.019334 0.025781
0 0.390623 0.402345 0.021485 0.017188
0 0.679687 0.409180 0.025783 0.023632
0 0.544923 0.416994 0.025783 0.023632
0 0.503907 0.406248 0.012894 0.012890
0 0.528318 0.391600 0.015041 0.010741
0 0.348635 0.359376 0.019334 0.017188
0 0.557615 0.390624 0.015041 0.012890
0 0.791993 0.407228 0.019334 0.019337
0 0.308596 0.831054 0.021485 0.015039
0 0.041994 0.682615 0.019334 0.019337
