0 0.275393 0.696290 0.019531 0.017580
0 0.160155 0.408202 0.015623 0.015624
0 0.323244 0.062501 0.021485 0.019531
0 0.645507 0.407226 0.017577 0.017580
0 0.768556 0.194336 0.017577 0.017580
0 0.529297 0.281250 0.015623 0.015624
0 0.447265 0.578124 0.015623 0.015624
0 0.571291 0.356447 0.017577 0.021483
0 0.023437 0.887694 0.019531 0.017580
0 0.367186 0.263670 0.011720 0.011717
0 0.775391 0.088866 0.019531 0.017580
0 0.989256 0.108397 0.021485 0.021483
0 0.695312 0.178712 0.015623 0.017580
0 0.505858 0.225588 0.015623 0.017580
