0 0.312502 0.423828 0.019531 0.019531
0 0.204099 0.301758 0.017577 0.017580
0 0.422850 0.583984 0.021485 0.019531
0 0.452146 0.175782 0.029297 0.031248
0 0.458009 0.433594 0.021485 0.015624
0 0.035158 0.241210 0.019531 0.017580
0 0.318360 0.888672 0.023439 0.023438
0 0.576173 0.402345 0.019531 0.015624
0 0.677736 0.896486 0.015623 0.023438
0 0.796877 0.096678 0.015623 0.013673
0 0.797849 0.248048 0.017577 0.011717
0 0.680663 0.146485 0.017577 0.019531
0 0.398438 0.458983 0.015623 0.015624
0 0.036130 0.696288 0.017577 0.013673
0 0.257812 0.286134 0.019531 0.013673
0 0.891602 0.477539 0.017577 0.013673
0 0.140625 0.962889 0.023439 0.023438
0 0.341799 0.854492 0.015623 0.013673
0 0.276366 0.510742 0.017577 0.013673
0 0.223635 0.717774 0.017577 0.013673
0 0.081055 0.605471 0.017577 0.019531
0 0.853517 0.833985 0.011720 0.015624
0 0.572178 0.509167 0.019531 0.019531
