0 0.102541 0.402344 0.023632 0.021483
0 0.300783 0.354492 0.021485 0.019337
0 0.136718 0.630859 0.034374 0.042969
0 0.603516 0.281250 0.021485 0.021483
0 0.371091 0.332030 0.017187 0.017188
0 0.696291 0.647463 0.019334 0.019337
0 0.342772 0.491210 0.019334 0.015039
0 0.849609 0.858398 0.017187 0.023632
0 0.366211 0.451172 0.015041 0.017188
0 0.793947 0.989257 0.023632 0.019337
0 0.231447 0.584962 0.019334 0.019337
0 0.639647 0.531252 0.015041 0.017188
0 0.499998 0.087890 0.017187 0.017188
0 0.938476 0.214843 0.015041 0.017188
0 0.328126 0.658204 0.021485 0.021483
0 0.549803 0.857422 0.015041 0.017188
0 0.391600 0.494141 0.015041 0.012890
0 0.439455 0.576172 0.042971 0.042969
