0 0.329103 0.986327 0.023632 0.021483
0 0.579099 0.983400 0.019334 0.019337
0 0.092775 0.191406 0.015041 0.017188
0 0.859375 0.033202 0.017187 0.017188
0 0.371091 0.546873 0.017187 0.021483
0 0.136718 0.715819 0.021485 0.019337
0 0.675783 0.300783 0.025783 0.025781
0 0.735353 0.134764 0.019334 0.017188
0 0.097656 0.608398 0.021485 0.019337
0 0.083010 0.751954 0.019334 0.017188
0 0.525391 0.795899 0.017187 0.015039
0 0.322264 0.045898 0.017187 0.015039
0 0.890625 0.958986 0.021485 0.017188
0 0.874025 0.371093 0.032228 0.038671
0 0.007177 0.216796 0.014355 0.017188
0 0.343749 0.210937 0.017187 0.017188
0 0.696291 0.010743 0.019334 0.019337
0 0.149415 0.089843 0.019334 0.012890
0 0.424805 0.993848 0.019334 0.012304
0 0.414062 0.502930 0.015625 0.017578
0 0.559570 0.367188 0.009766 0.011719
