0 0.181638 0.290040 0.021485 0.023632
0 0.908203 0.803712 0.021485 0.023632
0 0.360350 0.914064 0.023632 0.025781
0 0.058594 0.262695 0.021485 0.023632
0 0.174804 0.481444 0.019334 0.019337
0 0.018555 0.092773 0.019334 0.023632
0 0.116211 0.467772 0.019334 0.023632
0 0.353515 0.492189 0.021485 0.021483
0 0.159181 0.122070 0.019334 0.023632
0 0.033201 0.455079 0.021485 0.025781
0 0.230471 0.773439 0.019531 0.019531
0 0.378909 0.373047 0.017187 0.021483
0 0.404297 0.844725 0.021485 0.023632
0 0.962888 0.732421 0.017187 0.021483
0 0.007323 0.197267 0.014647 0.021483
0 0.931643 0.708007 0.017187 0.019337
0 0.187501 0.872070 0.017187 0.019337
0 0.612305 0.355468 0.029297 0.019531
0 0.126953 0.555665 0.021485 0.023632
0 0.199220 0.728514 0.021485 0.021483
0 0.178712 0.737304 0.019334 0.023632
0 0.184569 0.758791 0.019334 0.019337
0 0.053825 0.779772 0.019891 0.018897
0 0.980470 0.014649 0.031251 0.029299
0 0.993164 0.141601 0.013672 0.021483
