0 0.204222 0.286554 0.029314 0.029758
0 0.398685 0.077121 0.028880 0.028146
0 0.272029 0.411010 0.029147 0.028151
0 0.352219 0.576399 0.027910 0.027283
0 0.092890 0.386646 0.026710 0.026288
0 0.368520 0.966321 0.028008 0.028016
0 0.198116 0.134668 0.025995 0.026416
0 0.064777 0.781991 0.027962 0.028551
0 0.448408 0.098602 0.028551 0.027940
0 0.181473 0.461305 0.026880 0.026659
0 0.294801 0.305388 0.025200 0.025231
0 0.442961 0.159279 0.029721 0.031325
0 0.220519 0.480121 0.022713 0.021605
0 0.352557 0.822883 0.028205 0.028520
0 0.421153 0.763578 0.026750 0.026372
