0 0.085939 0.326171 0.021485 0.025781
0 0.640627 0.069335 0.017187 0.019337
0 0.558594 0.151366 0.021485 0.023632
0 0.009229 0.723631 0.018458 0.019337
0 0.240234 0.683593 0.017187 0.017188
0 0.447265 0.527344 0.017187 0.021483
0 0.607422 0.307619 0.017187 0.023632
0 0.513669 0.917970 0.017187 0.021483
0 0.432619 0.706055 0.019334 0.019337
0 0.274416 0.825194 0.019334 0.019337
0 0.591799 0.667969 0.017187 0.017188
0 0.940428 0.291015 0.019334 0.021483
0 0.993703 0.283201 0.012594 0.021483
0 0.510743 0.417968 0.019334 0.021483
0 0.166995 0.676759 0.019334 0.019337
0 0.587891 0.570313 0.017187 0.017188
0 0.285158 0.993750 0.017187 0.012499
0 0.881835 0.875001 0.019334 0.017188
0 0.461916 0.851563 0.019334 0.021483
0 0.763671 0.915039 0.017187 0.019337
0 0.732420 0.108397 0.017187 0.023632
0 0.896486 0.620117 0.021485 0.019337
0 0.946290 0.833984 0.019334 0.017188
0 0.621096 0.919922 0.017187 0.021483
0 0.053711 0.077149 0.015041 0.019337
0 0.420899 0.606444 0.019334 0.019337
0 0.931640 0.995751 0.017187 0.008497
0 0.233399 0.281250 0.019334 0.017188
0 0.852538 0.801760 0.015041 0.015039
0 0.370117 0.429689 0.019334 0.017188
0 0.404299 0.464844 0.021485 0.021483
0 0.939453 0.005859 0.011719 0.011719
0 0.298163 0.747705 0.021039 0.020705
0 0.587153 0.420971 0.022645 0.020087
0 0.708984 0.444336 0.015625 0.013672
0 0.981445 0.472656 0.025391 0.023438
0 0.705434 0.638803 0.026711 0.025498
