0 0.236391 0.852855 0.024662 0.024792
0 0.486954 0.776680 0.025388 0.025839
0 0.281625 0.752439 0.022269 0.022737
0 0.712084 0.740776 0.023630 0.024595
0 0.778410 0.273488 0.025949 0.025999
0 0.322233 0.850190 0.024024 0.024008
0 0.162617 0.587375 0.024939 0.024857
0 0.395630 0.326345 0.021970 0.022338
0 0.242995 0.253219 0.021160 0.021100
0 0.345131 0.154291 0.020693 0.021144
0 0.529506 0.616890 0.024590 0.024631
0 0.874262 0.695013 0.023415 0.023787
0 0.809093 0.989582 0.018544 0.017272
0 0.058506 0.534999 0.018752 0.019304
0 0.558381 0.387514 0.021055 0.021434
0 0.142916 0.214300 0.018451 0.018561
