0 0.092775 0.591797 0.015041 0.017188
0 0.379885 0.356444 0.019334 0.019337
0 0.092775 0.300781 0.015041 0.017188
0 0.859375 0.433592 0.017187 0.017188
0 0.371091 0.947264 0.017187 0.021483
0 0.083987 0.238281 0.017187 0.021483
0 0.303709 0.167971 0.019334 0.017188
0 0.368165 0.303713 0.019334 0.019337
0 0.699217 0.089842 0.017187 0.021483
0 0.345703 0.029297 0.017187 0.017188
0 0.675783 0.701173 0.025783 0.025781
0 0.735353 0.535155 0.019334 0.017188
0 0.666017 0.241212 0.017187 0.019337
0 0.583985 0.325195 0.017187 0.019337
0 0.588865 0.389647 0.015041 0.019337
0 0.866209 0.112305 0.019334 0.019337
0 0.322264 0.446289 0.017187 0.015039
0 0.007177 0.617186 0.014355 0.017188
0 0.343749 0.611328 0.017187 0.017188
0 0.361326 0.005323 0.017187 0.010645
0 0.696291 0.411134 0.019334 0.019337
0 0.941407 0.127929 0.017187 0.015039
0 0.584962 0.008790 0.019334 0.015039
0 0.977538 0.137694 0.019334 0.019337
0 0.952150 0.154298 0.019334 0.017188
0 0.158203 0.275392 0.021485 0.012890
0 0.150392 0.295899 0.021485 0.019337
0 0.149415 0.490234 0.019334 0.012890
0 0.558594 0.768555 0.011719 0.013672
0 0.414062 0.903320 0.015625 0.017578
0 0.873200 0.765600 0.028000 0.022400
