0 0.420896 0.009278 0.019334 0.018556
0 0.213865 0.876953 0.015041 0.021483
0 0.604493 0.921874 0.019334 0.025781
0 0.048828 0.482424 0.017187 0.021483
0 0.090821 0.890626 0.023632 0.025781
0 0.161134 0.908202 0.023632 0.025781
0 0.155272 0.869139 0.019334 0.021483
0 0.082033 0.828125 0.017187 0.021483
0 0.248047 0.765625 0.025783 0.025781
0 0.315429 0.766601 0.019334 0.019337
0 0.298829 0.856446 0.025783 0.032228
0 0.666017 0.903319 0.021485 0.032228
0 0.729491 0.875977 0.019334 0.032228
0 0.930664 0.634766 0.032228 0.038671
0 0.597658 0.546876 0.021485 0.034373
0 0.484375 0.534179 0.021485 0.032228
0 0.199219 0.646483 0.025783 0.025781
0 0.080078 0.571290 0.021485 0.032228
0 0.837889 0.356443 0.021485 0.023632
0 0.841797 0.276367 0.025783 0.036522
0 0.707034 0.027345 0.025783 0.025781
0 0.520506 0.008399 0.019334 0.016798
0 0.286132 0.054687 0.019334 0.021483
0 0.257813 0.101563 0.025783 0.025781
0 0.615385 0.271853 0.017483 0.022727
0 0.779283 0.206731 0.021853 0.018357
