0 0.189454 0.930664 0.012894 0.015039
0 0.262693 0.550782 0.015041 0.021483
0 0.188477 0.877929 0.015041 0.015039
0 0.265624 0.502930 0.017187 0.019337
0 0.484375 0.374999 0.017187 0.017188
0 0.509763 0.005322 0.017187 0.010645
0 0.897460 0.235353 0.015041 0.015039
0 0.443358 0.461913 0.017187 0.015039
0 0.519534 0.517579 0.021485 0.017188
0 0.156249 0.792970 0.012894 0.017188
0 0.483398 0.936522 0.015041 0.015039
0 0.083010 0.354492 0.015041 0.015039
0 0.136718 0.591796 0.017187 0.012890
0 0.123049 0.606445 0.012894 0.015039
0 0.188880 0.820018 0.022036 0.022228
