0 0.377931 0.225586 0.019334 0.019337
0 0.104490 0.395507 0.019334 0.023632
0 0.407227 0.590822 0.019334 0.023632
0 0.487306 0.347655 0.019334 0.021483
0 0.502929 0.228517 0.019334 0.021483
0 0.109375 0.302734 0.034374 0.025781
0 0.145506 0.437501 0.019334 0.021483
0 0.458986 0.085937 0.021485 0.021483
0 0.508791 0.147461 0.019334 0.019337
0 0.290041 0.689454 0.019334 0.021483
0 0.519529 0.005224 0.017187 0.010449
0 0.033205 0.769530 0.017187 0.017188
0 0.242190 0.599608 0.021485 0.017188
0 0.170900 0.136720 0.032228 0.025781
0 0.172854 0.160158 0.019334 0.017188
0 0.315429 0.610353 0.019334 0.019337
