0 0.004883 0.471680 0.009766 0.013672
0 0.573062 0.932643 0.022900 0.021659
0 0.263968 0.395714 0.023514 0.023345
0 0.149519 0.482325 0.026223 0.024843
0 0.711437 0.701458 0.025815 0.024827
0 0.100652 0.696416 0.024660 0.024156
0 0.292663 0.402369 0.020554 0.020014
0 0.016341 0.493068 0.023425 0.021303
0 0.188031 0.596377 0.024297 0.023119
0 0.246094 0.075195 0.027344 0.029297
0 0.263158 0.478899 0.019532 0.018384
0 0.028969 0.537016 0.021503 0.021355
0 0.088169 0.604199 0.024348 0.024385
0 0.522668 0.158183 0.024179 0.023376
0 0.167109 0.818960 0.025061 0.024808
0 0.120177 0.208500 0.022468 0.022205
0 0.005859 0.141602 0.011719 0.013672
0 0.027344 0.470703 0.015625 0.015625
0 0.026627 0.249676 0.020860 0.019605
0 0.133000 0.776500 0.022000 0.021000
0 0.099609 0.141602 0.015625 0.017578
