0 0.299806 0.494141 0.032228 0.025781
0 0.140626 0.569338 0.025783 0.032228
0 0.568362 0.415040 0.021485 0.023632
0 0.190431 0.330078 0.019334 0.017188
0 0.328126 0.317381 0.021485 0.019337
0 0.500975 0.198243 0.019334 0.023632
0 0.581054 0.338868 0.015041 0.019337
0 0.320314 0.755859 0.021485 0.017188
0 0.251956 0.742187 0.017187 0.017188
0 0.588865 0.792970 0.015041 0.021483
0 0.757811 0.778322 0.017187 0.019337
0 0.511718 0.597655 0.017187 0.017188
0 0.204100 0.433592 0.015041 0.021483
0 0.483398 0.106446 0.019334 0.015039
0 0.499998 0.886719 0.017187 0.017188
0 0.565431 0.582031 0.015041 0.012890
0 0.114256 0.758790 0.015041 0.015039
0 0.957030 0.548827 0.021485 0.021483
0 0.710937 0.740235 0.023439 0.019531
