0 0.622070 0.378907 0.019334 0.021483
0 0.441404 0.818357 0.025783 0.025781
0 0.255858 0.062498 0.021485 0.021483
0 0.494140 0.932617 0.017187 0.019337
0 0.779296 0.735350 0.017187 0.019337
0 0.973635 0.757813 0.019334 0.021483
0 0.453124 0.202147 0.017187 0.019337
0 0.815432 0.875975 0.023632 0.023632
0 0.293944 0.220703 0.015041 0.021483
0 0.017577 0.565429 0.017187 0.019337
0 0.052736 0.561522 0.017187 0.015039
0 0.197265 0.612305 0.021485 0.019337
0 0.277344 0.889648 0.017187 0.015039
0 0.545899 0.775392 0.019334 0.021483
0 0.708006 0.728516 0.032228 0.025781
0 0.837889 0.797851 0.017187 0.019337
0 0.959961 0.657226 0.023632 0.023632
0 0.986327 0.576170 0.017187 0.025781
0 0.235350 0.235351 0.015041 0.023632
0 0.141603 0.359376 0.015041 0.017188
0 0.588865 0.127930 0.023632 0.032228
0 0.771484 0.330079 0.025783 0.034373
0 0.036131 0.389649 0.015041 0.019337
0 0.009765 0.241210 0.017187 0.019337
0 0.166991 0.358400 0.023632 0.032228
