0 0.340823 0.484375 0.019334 0.017188
0 0.325195 0.695312 0.017578 0.019531
0 0.500975 0.992627 0.019334 0.014745
0 0.046874 0.369140 0.017187 0.017188
0 0.556642 0.087890 0.021485 0.017188
0 0.405273 0.036131 0.040819 0.036522
0 0.836914 0.604492 0.017578 0.017578
0 0.158203 0.566406 0.017187 0.017188
0 0.721680 0.081056 0.019334 0.019337
0 0.379885 0.238280 0.019334 0.017188
0 0.483398 0.906250 0.017578 0.015625
0 0.005859 0.389648 0.011719 0.017578
0 0.541991 0.789063 0.015041 0.017188
0 0.987305 0.752930 0.017578 0.013672
0 0.940168 0.446552 0.027049 0.028804
