0 0.784181 0.883788 0.021485 0.021483
0 0.335937 0.502931 0.015623 0.017580
0 0.284178 0.838867 0.017577 0.017580
0 0.252927 0.593748 0.017577 0.015624
0 0.891602 0.805663 0.017577 0.017580
0 0.584962 0.877929 0.017577 0.017580
0 0.255858 0.789063 0.015623 0.019531
0 0.211916 0.039063 0.017577 0.015624
0 0.285155 0.555665 0.023439 0.021483
0 0.841797 0.976564 0.019531 0.019531
0 0.187500 0.350585 0.015623 0.017580
0 0.615235 0.013673 0.019531 0.023438
0 0.912110 0.509765 0.023439 0.019531
0 0.158203 0.640624 0.019531 0.023438
0 0.245116 0.495117 0.017577 0.017580
0 0.112306 0.180663 0.017577 0.017580
0 0.315429 0.217774 0.017577 0.017580
0 0.643555 0.039063 0.017577 0.019531
0 0.930664 0.841798 0.017577 0.015624
