0 0.469049 0.535593 0.018081 0.017823
0 0.944713 0.712700 0.018799 0.018597
0 0.496265 0.742110 0.017158 0.017452
0 0.967622 0.335966 0.017523 0.018030
0 0.347825 0.623245 0.016971 0.016525
0 0.159621 0.850568 0.016929 0.016949
0 0.315093 0.447600 0.018440 0.018662
0 0.079521 0.483424 0.018128 0.017536
0 0.835553 0.663646 0.028153 0.029556
0 0.703512 0.085487 0.017614 0.018248
0 0.116554 0.161170 0.015869 0.015867
0 0.729023 0.089953 0.019329 0.018832
0 0.078266 0.502940 0.016627 0.016003
0 0.468711 0.785979 0.017306 0.017735
0 0.472788 0.801585 0.017127 0.016739
0 0.736154 0.062961 0.018495 0.018551
0 0.527200 0.802800 0.017600 0.018400
