0 0.432619 0.685549 0.019334 0.021483
0 0.765625 0.775390 0.017187 0.021483
0 0.468750 0.362305 0.025783 0.036522
0 0.483401 0.943360 0.019334 0.017188
0 0.546874 0.917970 0.021485 0.017188
0 0.292970 0.937502 0.017187 0.021483
0 0.149413 0.596679 0.036526 0.032228
0 0.881835 0.781249 0.019334 0.017188
0 0.863281 0.338867 0.017187 0.019337
0 0.919920 0.676759 0.017187 0.023632
0 0.045900 0.396485 0.019334 0.021483
0 0.175783 0.458009 0.021485 0.019337
0 0.334963 0.915039 0.023632 0.023632
0 0.498047 0.868163 0.021485 0.023632
0 0.630861 0.870118 0.021485 0.023632
0 0.942382 0.984374 0.019334 0.017188
0 0.763671 0.560548 0.025783 0.017188
0 0.934571 0.825194 0.023632 0.019337
0 0.985353 0.588869 0.019334 0.019337
