0 0.358399 0.233398 0.021485 0.029297
0 0.302736 0.574220 0.019531 0.019531
0 0.950195 0.974608 0.017577 0.015624
0 0.381838 0.718748 0.017577 0.015624
0 0.232423 0.290039 0.015623 0.017580
0 0.423826 0.201174 0.019531 0.019531
0 0.016604 0.654296 0.009766 0.007814
0 0.017576 0.537110 0.007811 0.007814
0 0.136717 0.499023 0.015623 0.009766
0 0.078123 0.526368 0.011720 0.013673
0 0.509767 0.102538 0.031251 0.033204
0 0.507813 0.130859 0.031251 0.023438
0 0.297851 0.089845 0.021485 0.019531
0 0.206053 0.117187 0.033205 0.042969
0 0.221681 0.195311 0.029297 0.031248
0 0.936521 0.206056 0.029297 0.029297
0 0.478689 0.927747 0.024087 0.024304
