0 0.382812 0.875000 0.015625 0.015625
0 0.406250 0.905273 0.015625 0.013672
0 0.895508 0.714844 0.013672 0.015625
0 0.607422 0.489258 0.011719 0.017578
0 0.038086 0.988281 0.013672 0.015625
0 0.016602 0.079102 0.013672 0.013672
0 0.667969 0.298828 0.015625 0.015625
0 0.847656 0.737305 0.015625 0.017578
0 0.673828 0.910156 0.015625 0.015625
0 0.261719 0.955078 0.015625 0.015625
0 0.729492 0.090820 0.017578 0.017578
0 0.307617 0.929688 0.017578 0.015625
0 0.626953 0.947266 0.015625 0.015625
0 0.207031 0.117188 0.015625 0.015625
0 0.654297 0.458984 0.015625 0.015625
0 0.904297 0.991211 0.015625 0.017578
0 0.638324 0.542607 0.019189 0.018887
0 0.553711 0.754883 0.017578 0.017578
0 0.649996 0.796552 0.020812 0.019269
0 0.637695 0.510742 0.017578 0.017578
0 0.547184 0.853357 0.020873 0.019847
0 0.150966 0.778038 0.021797 0.020940
0 0.037109 0.703125 0.015625 0.015625
0 0.675781 0.970703 0.015625 0.015625
0 0.251953 0.097656 0.015625 0.015625
0 0.983398 0.221680 0.017578 0.017578
0 0.281495 0.989397 0.029173 0.021205
0 0.843750 0.941406 0.015625 0.015625
0 0.850586 0.955078 0.017578 0.019531
0 0.449219 0.989258 0.019531 0.017578
0 0.447253 0.931638 0.022824 0.022316
0 0.104492 0.906250 0.017578 0.019531
0 0.245908 0.706593 0.027840 0.029087
0 0.454476 0.839781 0.027023 0.031045
0 0.588867 0.992188 0.017578 0.015625
0 0.118565 0.890283 0.028187 0.023821
0 0.234365 0.739409 0.024394 0.024587
0 0.106382 0.972513 0.021066 0.022286
0 0.133000 0.090000 0.036000 0.036000
