0 0.809569 0.565431 0.013674 0.013673
0 0.800780 0.048828 0.019531 0.023438
0 0.993165 0.019531 0.013669 0.011717
0 0.123048 0.171873 0.015623 0.015624
0 0.448243 0.840822 0.017577 0.017580
0 0.479494 0.925781 0.013674 0.015624
0 0.839842 0.011717 0.015623 0.015624
0 0.554687 0.596679 0.015623 0.017580
0 0.059569 0.028321 0.013674 0.017580
0 0.165042 0.156249 0.017577 0.015624
0 0.376953 0.402344 0.015623 0.015624
0 0.479494 0.866212 0.017577 0.017580
0 0.731444 0.510741 0.013674 0.013673
0 0.556641 0.551758 0.019531 0.017580
0 0.406249 0.218750 0.015623 0.015624
0 0.773438 0.983398 0.011720 0.013673
0 0.479494 0.979491 0.017577 0.013673
0 0.775392 0.425782 0.015623 0.011717
0 0.428712 0.637697 0.017577 0.013673
0 0.415038 0.656248 0.029297 0.019531
0 0.230469 0.432616 0.015623 0.017580
