0 0.096680 0.714844 0.013672 0.015625
0 0.328125 0.851562 0.015625 0.015625
0 0.185547 0.221680 0.019531 0.017578
0 0.489258 0.852539 0.017578 0.013672
0 0.106445 0.991211 0.017578 0.017578
0 0.747070 0.910156 0.017578 0.015625
0 0.549805 0.596680 0.017578 0.013672
0 0.856445 0.965820 0.017578 0.013672
0 0.047852 0.737305 0.017578 0.017578
0 0.667830 0.911766 0.019856 0.019517
0 0.208008 0.910156 0.013672 0.015625
0 0.846927 0.779926 0.022245 0.022385
0 0.311523 0.921875 0.013672 0.015625
0 0.309570 0.956055 0.017578 0.017578
0 0.625000 0.538086 0.015625 0.013672
0 0.283203 0.539062 0.015625 0.015625
0 0.044922 0.941406 0.015625 0.015625
0 0.051758 0.955078 0.017578 0.019531
0 0.368534 0.951364 0.028304 0.028497
0 0.373047 0.995117 0.011719 0.005859
0 0.782132 0.293203 0.028192 0.026966
0 0.425880 0.167957 0.024262 0.029231
