0 0.584961 0.806641 0.013672 0.015625
0 0.832031 0.651367 0.015625 0.017578
0 0.674805 0.110352 0.013672 0.017578
0 0.699219 0.888672 0.015625 0.015625
0 0.864258 0.913086 0.013672 0.013672
0 0.735352 0.589844 0.017578 0.015625
0 0.493164 0.394531 0.017578 0.015625
0 0.942383 0.929688 0.017578 0.015625
0 0.698242 0.386719 0.017578 0.015625
0 0.908203 0.660156 0.015625 0.015625
0 0.605469 0.314453 0.015625 0.015625
0 0.795898 0.421875 0.017578 0.015625
0 0.606445 0.717773 0.017578 0.017578
0 0.485352 0.636719 0.017578 0.015625
0 0.977539 0.937500 0.013672 0.015625
0 0.676758 0.171875 0.017578 0.015625
0 0.518555 0.619141 0.013672 0.015625
0 0.602539 0.491211 0.017578 0.013672
0 0.166992 0.697266 0.013672 0.015625
0 0.261719 0.155273 0.015625 0.013672
0 0.684570 0.219727 0.017578 0.017578
0 0.126953 0.769531 0.015625 0.015625
0 0.166992 0.749023 0.017578 0.013672
0 0.586914 0.282227 0.017578 0.017578
0 0.513672 0.445312 0.011719 0.011719
0 0.189453 0.285156 0.019531 0.015625
0 0.134766 0.258789 0.015625 0.017578
0 0.770473 0.244722 0.017227 0.017346
0 0.650391 0.578125 0.015625 0.015625
0 0.171875 0.784180 0.015625 0.013672
0 0.362305 0.801758 0.013672 0.013672
0 0.402344 0.773438 0.015625 0.015625
0 0.004883 0.494141 0.009766 0.015625
0 0.582031 0.653320 0.019531 0.017578
0 0.304688 0.966797 0.015625 0.015625
0 0.499023 0.566406 0.013672 0.015625
0 0.705078 0.249023 0.015625 0.017578
0 0.206055 0.788086 0.017578 0.013672
0 0.182617 0.342773 0.013672 0.013672
0 0.190430 0.525391 0.017578 0.015625
0 0.518555 0.297852 0.017578 0.017578
0 0.799805 0.369141 0.013672 0.011719
0 0.582031 0.595703 0.015625 0.015625
0 0.883789 0.228516 0.017578 0.015625
0 0.074219 0.236328 0.015625 0.015625
0 0.993164 0.490234 0.009766 0.015625
0 0.053711 0.390625 0.013672 0.015625
0 0.878906 0.633789 0.011719 0.009766
0 0.811523 0.214844 0.017578 0.015625
0 0.307617 0.130859 0.017578 0.015625
0 0.758789 0.283203 0.013672 0.015625
0 0.881836 0.500000 0.013672 0.015625
0 0.228516 0.422852 0.015625 0.017578
0 0.604492 0.388672 0.017578 0.015625
0 0.359375 0.473633 0.019531 0.017578
0 0.383789 0.076172 0.017578 0.015625
0 0.372070 0.364258 0.013672 0.013672
0 0.860352 0.715820 0.013672 0.013672
0 0.038086 0.189453 0.013672 0.015625
0 0.545898 0.055664 0.017578 0.017578
0 0.628906 0.148438 0.015625 0.015625
0 0.200195 0.492188 0.017578 0.015625
0 0.741211 0.705078 0.017578 0.015625
0 0.333984 0.296875 0.015625 0.015625
0 0.475586 0.599609 0.013672 0.015625
0 0.951172 0.954102 0.019531 0.017578
0 0.346680 0.829102 0.017578 0.017578
0 0.207031 0.392578 0.015625 0.015625
0 0.407227 0.106445 0.017578 0.017578
0 0.104492 0.107422 0.017578 0.019531
0 0.266602 0.379883 0.017578 0.017578
0 0.447232 0.133115 0.023242 0.022292
0 0.045898 0.293945 0.013672 0.013672
0 0.122070 0.489258 0.013672 0.013672
0 0.050781 0.558594 0.015625 0.015625
0 0.905273 0.192383 0.017578 0.017578
0 0.188477 0.407227 0.013672 0.017578
0 0.382812 0.693359 0.015625 0.015625
0 0.633789 0.384766 0.017578 0.019531
0 0.039062 0.531250 0.011719 0.015625
0 0.763672 0.490234 0.019531 0.015625
0 0.044922 0.337891 0.015625 0.015625
0 0.676758 0.680664 0.013672 0.013672
0 0.475125 0.273692 0.027360 0.025431
0 0.447266 0.567383 0.015625 0.017578
0 0.200195 0.755859 0.017578 0.015625
0 0.281593 0.194916 0.028961 0.029048
0 0.703125 0.408203 0.015625 0.015625
0 0.543945 0.584961 0.017578 0.017578
0 0.443359 0.594727 0.019531 0.017578
0 0.842773 0.142578 0.017578 0.015625
0 0.120117 0.353516 0.017578 0.019531
0 0.449219 0.191406 0.015625 0.015625
0 0.511719 0.496094 0.015625 0.015625
0 0.098633 0.607422 0.017578 0.015625
0 0.852539 0.157227 0.013672 0.017578
0 0.216797 0.614258 0.015625 0.017578
0 0.218750 0.598633 0.015625 0.013672
0 0.115234 0.338867 0.015625 0.013672
0 0.404297 0.455078 0.019531 0.019531
0 0.457031 0.204102 0.019531 0.017578
0 0.107422 0.433594 0.015625 0.015625
0 0.375977 0.712891 0.013672 0.015625
0 0.499023 0.479492 0.017578 0.013672
0 0.483398 0.477539 0.013672 0.013672
0 0.117188 0.590820 0.015625 0.013672
0 0.139648 0.625977 0.009766 0.009766
0 0.649414 0.002930 0.013672 0.005859
0 0.397461 0.442383 0.017578 0.013672
0 0.454530 0.040570 0.024485 0.027927
0 0.126953 0.605469 0.011719 0.015625
0 0.154297 0.619141 0.019531 0.015625
0 0.140625 0.640625 0.015625 0.019531
0 0.589483 0.196814 0.021379 0.024942
0 0.110352 0.449219 0.017578 0.019531
0 0.130859 0.657227 0.015625 0.017578
0 0.349184 0.412744 0.022992 0.026528
0 0.118777 0.091117 0.027422 0.021894
0 0.132812 0.590820 0.011719 0.013672
0 0.993164 0.664062 0.013672 0.015625
0 0.105974 0.172986 0.018759 0.018957
