0 0.507811 0.439455 0.021485 0.021483
0 0.751955 0.527345 0.021485 0.021483
0 0.705077 0.387696 0.017187 0.019337
0 0.778321 0.365233 0.019334 0.021483
0 0.386721 0.117187 0.017187 0.017188
0 0.146485 0.209960 0.021485 0.023632
0 0.734373 0.692383 0.021485 0.019337
0 0.795898 0.529296 0.019334 0.017188
0 0.637695 0.619142 0.019334 0.021483
0 0.394533 0.339843 0.021485 0.021483
0 0.772463 0.486327 0.019334 0.025781
0 0.093749 0.570314 0.025783 0.021483
0 0.215821 0.458006 0.023632 0.032228
0 0.377928 0.023439 0.023632 0.021483
0 0.957032 0.891602 0.025783 0.032228
0 0.843531 0.607955 0.033217 0.037587
0 0.543945 0.665039 0.029297 0.033203
0 0.992198 0.026486 0.015603 0.022246
