0 0.286134 0.396485 0.032228 0.025781
0 0.440429 0.833984 0.032228 0.025781
0 0.142577 0.204101 0.021485 0.019337
0 0.092772 0.669921 0.023632 0.025781
0 0.551759 0.450196 0.023632 0.023632
0 0.800783 0.797853 0.025783 0.023632
0 0.240233 0.046877 0.025783 0.021483
0 0.319334 0.334961 0.019334 0.019337
0 0.379882 0.330078 0.019334 0.021483
0 0.600587 0.412109 0.023632 0.025781
0 0.023436 0.797853 0.034374 0.032228
0 0.870117 0.789062 0.013672 0.019531
0 0.938477 0.768555 0.017578 0.017578
0 0.790040 0.106446 0.019334 0.023632
0 0.645506 0.404295 0.019334 0.021483
0 0.140623 0.133791 0.017187 0.023632
0 0.006221 0.206739 0.011502 0.023706
