0 0.653375 0.305589 0.018579 0.019089
0 0.252748 0.658242 0.021687 0.021304
0 0.389592 0.734060 0.020086 0.020182
0 0.211144 0.028917 0.018836 0.018513
0 0.655638 0.747571 0.019437 0.019240
0 0.549785 0.825279 0.028941 0.028654
0 0.775015 0.620410 0.020819 0.020692
0 0.754050 0.697082 0.020311 0.020088
0 0.071592 0.094062 0.018078 0.017886
0 0.479983 0.960088 0.019549 0.019447
0 0.426764 0.850599 0.017439 0.017156
0 0.284001 0.595329 0.019205 0.018828
0 0.332244 0.841703 0.016962 0.016835
0 0.221799 0.989018 0.016184 0.015259
0 0.323324 0.966044 0.017298 0.016709
0 0.430555 0.956987 0.018212 0.018348
0 0.212251 0.093879 0.017100 0.017403
0 0.738399 0.192376 0.032118 0.045670
0 0.845603 0.514501 0.020567 0.019337
