0 0.608385 0.019341 0.026060 0.025609
0 0.594727 0.691406 0.013672 0.015625
0 0.386009 0.936325 0.027416 0.025866
0 0.579102 0.313477 0.017578 0.017578
0 0.738790 0.828946 0.020510 0.020666
0 0.771063 0.406662 0.028974 0.029536
0 0.598633 0.743164 0.017578 0.017578
0 0.874023 0.262695 0.017578 0.017578
0 0.305000 0.339801 0.029300 0.029790
0 0.280273 0.453125 0.017578 0.015625
0 0.793210 0.654537 0.028026 0.027179
0 0.649937 0.313882 0.027437 0.028523
0 0.637694 0.253103 0.027395 0.027805
0 0.563477 0.591797 0.017578 0.019531
0 0.836513 0.359623 0.026466 0.025928
0 0.701172 0.420898 0.015625 0.017578
0 0.824875 0.474665 0.027263 0.027127
0 0.214915 0.955052 0.025551 0.023860
0 0.854779 0.043260 0.021544 0.020368
0 0.849641 0.676304 0.027211 0.024673
0 0.861230 0.709241 0.025682 0.025500
