0 0.852540 0.289064 0.019334 0.021483
0 0.224608 0.230470 0.017187 0.021483
0 0.115232 0.293946 0.017187 0.019337
0 0.692383 0.321288 0.023632 0.032228
0 0.876951 0.478516 0.025783 0.034373
0 0.442381 0.464844 0.023632 0.025781
0 0.039062 0.259767 0.021485 0.021483
0 0.572265 0.765625 0.017187 0.021483
0 0.263670 0.169922 0.017187 0.021483
0 0.089844 0.174804 0.021485 0.023632
0 0.152346 0.348633 0.017187 0.019337
0 0.282229 0.223632 0.019334 0.023632
0 0.243162 0.333009 0.019334 0.019337
0 0.261721 0.346681 0.017187 0.019337
0 0.307618 0.437499 0.019334 0.021483
0 0.054690 0.392578 0.025783 0.021483
0 0.026365 0.452147 0.023632 0.023632
0 0.548830 0.404295 0.021485 0.025781
0 0.397462 0.627931 0.023632 0.023632
0 0.482421 0.583986 0.025783 0.038671
0 0.901368 0.666017 0.023632 0.021483
0 0.909179 0.687500 0.015041 0.021483
