0 0.561386 0.275075 0.012167 0.012736
0 0.035094 0.325174 0.010020 0.009980
0 0.533785 0.529822 0.011404 0.011555
0 0.612773 0.388718 0.009938 0.009976
0 0.395591 0.495613 0.011230 0.011412
0 0.060351 0.112932 0.010304 0.010684
0 0.798734 0.388774 0.009133 0.009604
0 0.527934 0.415661 0.010621 0.009906
0 0.761031 0.200603 0.009310 0.009499
0 0.472485 0.759486 0.010634 0.010706
0 0.458958 0.089736 0.009860 0.010029
0 0.591337 0.608155 0.009079 0.009127
0 0.828769 0.075878 0.010273 0.010606
0 0.896786 0.090546 0.009436 0.009548
0 0.935400 0.682469 0.009957 0.010149
0 0.472656 0.536630 0.007887 0.007862
0 0.207441 0.360088 0.011444 0.010582
0 0.863916 0.765364 0.011577 0.012689
0 0.260789 0.471566 0.008691 0.008838
0 0.845180 0.677484 0.008270 0.008752
0 0.116149 0.762184 0.010606 0.010778
0 0.341989 0.510473 0.009397 0.009609
0 0.050804 0.452044 0.008909 0.009121
0 0.862736 0.285169 0.007689 0.007742
0 0.907806 0.659925 0.010747 0.010725
0 0.120001 0.073113 0.009689 0.009742
0 0.392630 0.303995 0.010128 0.010295
0 0.193285 0.198109 0.008713 0.008656
0 0.099832 0.863803 0.012604 0.011950
0 0.584326 0.424208 0.008864 0.008628
0 0.654524 0.495349 0.009032 0.009462
0 0.563544 0.501390 0.009641 0.010125
0 0.842304 0.239094 0.008500 0.008588
0 0.143402 0.502155 0.011000 0.012455
0 0.918588 0.558783 0.009710 0.009777
0 0.832232 0.701199 0.008705 0.008718
0 0.989458 0.662939 0.007769 0.008202
0 0.953799 0.256263 0.009810 0.010039
0 0.850402 0.530078 0.009674 0.009780
0 0.295846 0.416973 0.008370 0.008410
0 0.885786 0.119611 0.007517 0.007430
0 0.652624 0.146423 0.007554 0.007819
0 0.267544 0.277921 0.007181 0.007547
0 0.918005 0.798513 0.013195 0.016429
0 0.972320 0.663545 0.008957 0.008954
0 0.635030 0.509184 0.007124 0.008028
0 0.947508 0.775569 0.009917 0.009522
0 0.905312 0.811393 0.009238 0.009238
0 0.553965 0.538260 0.006774 0.007390
0 0.648499 0.258968 0.006159 0.008006
0 0.677752 0.264819 0.006774 0.007390
