0 0.611328 0.599610 0.007812 0.007812
0 0.666016 0.131836 0.007812 0.009765
0 0.396484 0.441407 0.007812 0.007812
0 0.209962 0.362304 0.009766 0.009765
0 0.490234 0.142578 0.011718 0.011718
0 0.162110 0.364258 0.007812 0.009765
0 0.135742 0.604492 0.009766 0.009765
0 0.068360 0.371094 0.007812 0.011718
0 0.832032 0.433593 0.007812 0.011718
0 0.896484 0.653320 0.007812 0.009765
0 0.497070 0.713866 0.009766 0.009765
0 0.558594 0.347657 0.007812 0.007812
0 0.868164 0.340821 0.009766 0.009765
0 0.948242 0.732422 0.009766 0.007812
0 0.905274 0.486328 0.017578 0.015625
0 0.892578 0.557617 0.007812 0.009765
0 0.824218 0.597657 0.007812 0.007812
0 0.590820 0.444336 0.013672 0.013672
0 0.898438 0.782226 0.007812 0.009765
0 0.385742 0.943359 0.017578 0.011718
0 0.673828 0.248048 0.007812 0.011718
0 0.452148 0.989258 0.009766 0.009765
0 0.430664 0.180665 0.009766 0.009765
0 0.782226 0.016602 0.009766 0.013673
0 0.752930 0.778320 0.005860 0.009765
