0 0.409180 0.412110 0.009766 0.007812
0 0.019532 0.424804 0.011718 0.009765
0 0.041992 0.743165 0.009766 0.009765
0 0.416016 0.976563 0.007812 0.011718
0 0.300782 0.960938 0.007812 0.007812
0 0.710938 0.934570 0.007812 0.009765
0 0.144532 0.699219 0.007812 0.007812
0 0.639648 0.916016 0.009766 0.007812
0 0.515626 0.662109 0.011718 0.007812
0 0.179688 0.541016 0.007812 0.007812
0 0.129882 0.559570 0.009766 0.009765
0 0.422852 0.827148 0.009766 0.009765
0 0.751954 0.745117 0.007812 0.009765
0 0.222656 0.967773 0.011718 0.013672
0 0.090814 0.466784 0.010490 0.010490
0 0.085896 0.475962 0.011146 0.009178
0 0.224774 0.399585 0.014424 0.009834
