0 0.316406 0.650391 0.007812 0.007812
0 0.181640 0.399413 0.007812 0.005859
0 0.691406 0.083008 0.007812 0.005859
0 0.198242 0.378907 0.005860 0.007812
0 0.820312 0.164062 0.007812 0.007812
0 0.489258 0.396484 0.009766 0.007812
0 0.520508 0.330078 0.009766 0.007812
0 0.996094 0.142578 0.003906 0.007812
0 0.086914 0.254883 0.005860 0.005859
0 0.924804 0.319336 0.009766 0.005859
0 0.132812 0.344726 0.007812 0.005859
0 0.383790 0.083984 0.009766 0.007812
0 0.103516 0.882812 0.007812 0.007812
0 0.022460 0.041992 0.009766 0.009765
0 0.196290 0.258788 0.009766 0.005859
0 0.887696 0.018555 0.005860 0.009765
0 0.026368 0.468749 0.009766 0.007812
0 0.681640 0.201172 0.007812 0.007812
0 0.214844 0.935547 0.011718 0.007812
0 0.118164 0.883789 0.009766 0.009765
0 0.604492 0.259765 0.005860 0.003906
0 0.825196 0.024413 0.005860 0.005859
0 0.753906 0.688477 0.007812 0.005859
0 0.093750 0.223633 0.007812 0.009765
0 0.515624 0.269531 0.007812 0.007812
0 0.937500 0.691406 0.007812 0.007812
0 0.250000 0.079102 0.007812 0.009765
0 0.366210 0.527344 0.005860 0.003906
0 0.360352 0.861328 0.005860 0.003906
0 0.195312 0.265626 0.007812 0.007812
0 0.482422 0.029297 0.007812 0.007812
0 0.297280 0.072801 0.012800 0.010241
0 0.300160 0.081120 0.010880 0.008960
0 0.382000 0.383601 0.008800 0.008800
0 0.372400 0.379600 0.008800 0.013600
0 0.027600 0.649199 0.010400 0.010400
0 0.379200 0.728001 0.011200 0.012799
0 0.219200 0.590400 0.012800 0.009600
0 0.155600 0.436000 0.008800 0.009600
