0 0.538086 0.510742 0.009766 0.009765
0 0.893554 0.534180 0.005860 0.009765
0 0.132812 0.040039 0.011718 0.009765
0 0.914062 0.887695 0.011718 0.009765
0 0.942382 0.641602 0.009766 0.009765
0 0.798828 0.730468 0.007812 0.007812
0 0.436524 0.896485 0.009766 0.007812
0 0.984376 0.041992 0.007812 0.009765
0 0.302734 0.032227 0.007812 0.009765
0 0.943360 0.273438 0.007812 0.007812
0 0.327148 0.470703 0.009766 0.007812
0 0.042968 0.120116 0.007812 0.009765
0 0.299804 0.818359 0.005860 0.007812
0 0.256836 0.036133 0.005860 0.009765
0 0.090820 0.176758 0.009766 0.009765
0 0.946290 0.973633 0.005860 0.005859
0 0.937500 0.805665 0.007812 0.005859
0 0.761718 0.707032 0.007812 0.007812
0 0.987304 0.646484 0.005860 0.007812
0 0.375000 0.019531 0.007812 0.007812
0 0.972656 0.453126 0.007812 0.007812
0 0.958984 0.486328 0.007812 0.007812
0 0.785156 0.669922 0.007812 0.007812
0 0.643554 0.129883 0.009766 0.009765
0 0.827148 0.107422 0.005860 0.007812
0 0.833984 0.112305 0.007812 0.005859
0 0.423828 0.235351 0.011718 0.009765
0 0.163086 0.382813 0.009766 0.007812
0 0.180664 0.744141 0.005860 0.007812
0 0.234376 0.579101 0.007812 0.009765
0 0.296876 0.697266 0.007812 0.007812
0 0.291992 0.830078 0.009766 0.011718
0 0.492188 0.573243 0.007812 0.009765
