0 0.318360 0.567383 0.011718 0.009765
0 0.832032 0.894531 0.015624 0.015626
0 0.415040 0.602540 0.009766 0.009765
0 0.908204 0.228516 0.011718 0.007812
0 0.711914 0.745117 0.009766 0.009765
0 0.942382 0.721680 0.009766 0.009765
0 0.377930 0.480468 0.009766 0.011718
0 0.496094 0.377929 0.011718 0.009765
0 0.315430 0.666015 0.009766 0.007812
0 0.153320 0.440430 0.009766 0.009765
0 0.666016 0.642578 0.015624 0.015626
0 0.268554 0.459962 0.017578 0.017579
0 0.300782 0.701172 0.015624 0.015626
0 0.979492 0.510742 0.009766 0.009765
0 0.199218 0.221679 0.011718 0.013672
0 0.533204 0.848633 0.011718 0.009765
0 0.595704 0.311523 0.015624 0.017579
0 0.038086 0.116211 0.009766 0.009765
0 0.766602 0.376953 0.013672 0.011718
0 0.663086 0.256836 0.009766 0.009765
0 0.375976 0.946288 0.013672 0.009765
0 0.910156 0.479491 0.023438 0.017579
0 0.537110 0.629883 0.011718 0.009765
0 0.167968 0.298828 0.015624 0.015625
0 0.594726 0.503907 0.013672 0.011718
0 0.609376 0.951172 0.015624 0.015626
0 0.383790 0.508790 0.009766 0.009765
0 0.993164 0.159180 0.009766 0.013672
0 0.900390 0.023438 0.011718 0.011718
0 0.081054 0.192383 0.009766 0.009765
0 0.416992 0.151367 0.009766 0.009765
0 0.126954 0.730468 0.011718 0.011718
0 0.096680 0.566406 0.009766 0.007812
0 0.880860 0.643554 0.019532 0.013672
0 0.311524 0.970703 0.009766 0.011718
0 0.272460 0.522460 0.005860 0.005859
0 0.062500 0.740235 0.011718 0.007812
