0 0.493164 0.333984 0.009766 0.011718
0 0.307618 0.166015 0.009766 0.011718
0 0.065430 0.308593 0.009766 0.011718
0 0.251954 0.095703 0.007812 0.007812
0 0.430664 0.142578 0.009766 0.011718
0 0.404296 0.246093 0.011718 0.011718
0 0.300782 0.291992 0.007812 0.009765
0 0.479492 0.480468 0.005860 0.007812
0 0.066406 0.004882 0.011718 0.009765
0 0.114258 0.360351 0.009766 0.009765
0 0.423828 0.339843 0.007812 0.007812
0 0.237304 0.096680 0.009766 0.009765
0 0.089844 0.634766 0.007812 0.007812
0 0.101562 0.134766 0.007812 0.007812
0 0.010742 0.990234 0.009766 0.007812
0 0.017578 0.175782 0.007812 0.007812
0 0.274414 0.216797 0.009766 0.007812
0 0.085938 0.325195 0.007812 0.009765
0 0.327148 0.016602 0.009766 0.009765
0 0.605468 0.596679 0.007812 0.009765
0 0.119140 0.110352 0.007812 0.009765
0 0.279296 0.251953 0.007812 0.007812
0 0.118164 0.124023 0.009766 0.009765
0 0.475586 0.389649 0.009766 0.009765
0 0.218750 0.154298 0.007812 0.007812
0 0.186524 0.186524 0.013672 0.009765
0 0.201172 0.171875 0.007812 0.007812
0 0.462890 0.067383 0.007812 0.009765
0 0.453124 0.064453 0.007812 0.011718
0 0.595704 0.368165 0.007812 0.009765
0 0.001953 0.341798 0.003906 0.007812
