0 0.039062 0.288087 0.007812 0.005859
0 0.571290 0.237304 0.005860 0.005859
0 0.212890 0.279296 0.007812 0.007812
0 0.475586 0.699219 0.009766 0.007812
0 0.224610 0.643555 0.023438 0.021485
0 0.616212 0.866210 0.005860 0.005859
0 0.486328 0.752929 0.007812 0.005859
0 0.003906 0.693359 0.007813 0.011718
0 0.291016 0.489258 0.007812 0.005859
0 0.229492 0.400390 0.005860 0.003906
0 0.612304 0.575195 0.005860 0.005859
0 0.442382 0.128907 0.005860 0.007812
0 0.208008 0.166991 0.009766 0.009765
0 0.042968 0.972656 0.003906 0.007812
0 0.192382 0.250000 0.005860 0.007812
0 0.766602 0.119140 0.009766 0.007812
0 0.420898 0.134766 0.005860 0.003906
0 0.299804 0.450196 0.005860 0.005859
0 0.357422 0.619141 0.007812 0.007812
0 0.025390 0.409180 0.007812 0.009765
0 0.425782 0.636718 0.011718 0.015626
0 0.574218 0.899415 0.003906 0.009765
0 0.360352 0.579101 0.009766 0.009765
0 0.048828 0.865234 0.007812 0.003906
0 0.025390 0.944337 0.007812 0.009765
0 0.035156 0.944337 0.003906 0.009765
0 0.391602 0.355468 0.009766 0.007812
0 0.620118 0.695312 0.009766 0.003906
0 0.167968 0.534180 0.003906 0.005859
0 0.211914 0.317383 0.005860 0.005859
0 0.684570 0.158203 0.005860 0.007812
0 0.520508 0.559570 0.021484 0.017578
0 0.175782 0.484375 0.011718 0.015626
0 0.439454 0.085938 0.007812 0.007812
0 0.427734 0.046874 0.007812 0.007812
0 0.059570 0.792969 0.009766 0.007812
0 0.051758 0.792969 0.005860 0.007812
