0 0.932618 0.607422 0.005860 0.007812
0 0.316406 0.443359 0.011718 0.007812
0 0.099610 0.257812 0.007812 0.007812
0 0.244140 0.115235 0.007812 0.007812
0 0.597656 0.475585 0.007812 0.009765
0 0.133790 0.382812 0.005860 0.007812
0 0.330078 0.809571 0.007812 0.009765
0 0.650390 0.132813 0.007812 0.007812
0 0.728516 0.997071 0.007812 0.005858
0 0.667968 0.022461 0.007812 0.005859
0 0.160156 0.350586 0.007812 0.009765
0 0.289062 0.064453 0.007812 0.007812
0 0.191406 0.242187 0.007812 0.007812
0 0.494140 0.269532 0.007812 0.007812
0 0.118164 0.138672 0.005860 0.007812
0 0.435546 0.039063 0.007812 0.007812
0 0.396484 0.939453 0.007812 0.007812
0 0.689454 0.568359 0.007812 0.007812
0 0.027344 0.930665 0.007812 0.005859
0 0.480468 0.341798 0.007812 0.007812
0 0.581054 0.867188 0.005860 0.007812
0 0.056640 0.640624 0.007812 0.007812
0 0.023438 0.916016 0.007812 0.007812
0 0.060546 0.791016 0.007812 0.007812
0 0.680664 0.357422 0.005860 0.007812
0 0.608398 0.622071 0.005860 0.005859
0 0.102540 0.892578 0.009766 0.007812
0 0.689454 0.585938 0.007812 0.007812
0 0.001953 0.949218 0.003906 0.007812
0 0.767578 0.609375 0.007812 0.007812
0 0.015624 0.361327 0.007812 0.007812
0 0.684570 0.665038 0.009766 0.005859
0 0.064454 0.414063 0.007812 0.007812
0 0.613282 0.052734 0.007812 0.007812
0 0.170898 0.261718 0.009766 0.007812
0 0.045898 0.896484 0.009766 0.007812
0 0.345704 0.923828 0.007812 0.007812
0 0.919922 0.564453 0.007812 0.007812
0 0.026368 0.202149 0.005860 0.005859
0 0.343750 0.603516 0.007812 0.007812
0 0.312500 0.223633 0.007812 0.009765
0 0.734376 0.300782 0.007812 0.007812
0 0.343750 0.355468 0.007812 0.007812
0 0.783204 0.744141 0.007812 0.007812
0 0.228516 0.093750 0.007812 0.007812
0 0.779296 0.734374 0.007812 0.003906
0 0.500000 0.571288 0.007812 0.005859
0 0.419922 0.359374 0.007812 0.003906
0 0.121094 0.106446 0.007812 0.009765
0 0.598632 0.657227 0.005860 0.009765
0 0.220704 0.390626 0.007812 0.007812
0 0.406250 0.484376 0.007812 0.007812
0 0.263672 0.662109 0.007812 0.007812
0 0.613282 0.661133 0.003906 0.005859
0 0.615234 0.669922 0.007812 0.007812
0 0.683594 0.743165 0.011718 0.009765
0 0.816406 0.441407 0.007812 0.007812
0 0.712890 0.685547 0.007812 0.007812
0 0.717774 0.676758 0.005860 0.005859
0 0.070312 0.956055 0.007812 0.005859
0 0.064454 0.963867 0.007812 0.005859
0 0.014648 0.995116 0.009766 0.005859
0 0.902344 0.914062 0.007812 0.007812
0 0.606446 0.871094 0.005860 0.007812
0 0.515624 0.959961 0.007812 0.005859
