0 0.607422 0.647461 0.011718 0.009765
0 0.945312 0.120116 0.011718 0.009765
0 0.010742 0.458984 0.009766 0.007812
0 0.444336 0.213866 0.009766 0.009765
0 0.069336 0.479492 0.009766 0.009765
0 0.858398 0.297851 0.009766 0.009765
0 0.454102 0.131836 0.009766 0.009765
0 0.734376 0.334962 0.007812 0.009765
0 0.866210 0.239259 0.005860 0.005859
0 0.567382 0.520509 0.009766 0.009765
0 0.889648 0.847657 0.005860 0.007812
0 0.539062 0.565429 0.007812 0.005859
0 0.394532 0.309571 0.007812 0.005859
0 0.911132 0.643555 0.005860 0.009765
0 0.643554 0.779297 0.009766 0.007812
0 0.582032 0.631835 0.007812 0.005859
0 0.698242 0.476563 0.009766 0.007812
0 0.947266 0.674805 0.007812 0.009765
0 0.714844 0.483399 0.007812 0.009765
0 0.982422 0.547852 0.007812 0.005859
0 0.900390 0.921876 0.011718 0.007812
0 0.774414 0.610351 0.005860 0.005859
0 0.108398 0.868163 0.009766 0.009765
0 0.818360 0.546876 0.007812 0.007812
0 0.750976 0.417969 0.009766 0.007812
0 0.047852 0.635741 0.005860 0.005859
0 0.010742 0.505859 0.005860 0.007812
0 0.098632 0.205078 0.009766 0.007812
0 0.926758 0.085938 0.009766 0.007812
0 0.875976 0.183593 0.009766 0.007812
0 0.591796 0.078126 0.007812 0.007812
0 0.322266 0.104492 0.007812 0.009765
0 0.419922 0.164062 0.007812 0.007812
0 0.436524 0.175782 0.009766 0.007812
0 0.477540 0.677734 0.005860 0.007812
0 0.454102 0.714844 0.005860 0.007812
0 0.474610 0.751953 0.007812 0.007812
0 0.505860 0.744141 0.011718 0.007812
0 0.593750 0.874024 0.007812 0.009765
0 0.594726 0.943360 0.005860 0.007812
0 0.710938 0.842773 0.011718 0.005859
0 0.702148 0.850587 0.005860 0.009765
0 0.577148 0.980469 0.005860 0.007812
0 0.773438 0.298828 0.007812 0.007812
0 0.658204 0.469726 0.007812 0.009765
0 0.899414 0.897462 0.009766 0.005859
0 0.815430 0.588866 0.005860 0.005859
0 0.807618 0.622070 0.009766 0.005859
0 0.859376 0.639649 0.007812 0.005859
0 0.870118 0.652344 0.005860 0.003906
0 0.852540 0.651367 0.005860 0.005859
0 0.640624 0.505859 0.007812 0.007812
