0 0.993164 0.913085 0.005860 0.005859
0 0.277344 0.958007 0.003906 0.005859
0 0.369140 0.681640 0.003906 0.003906
0 0.189454 0.133789 0.003906 0.005859
0 0.818360 0.880859 0.003906 0.003906
0 0.426758 0.221680 0.005860 0.005859
0 0.947266 0.929688 0.003906 0.003906
0 0.566406 0.509766 0.003906 0.003906
0 0.214844 0.853516 0.003906 0.003906
0 0.228516 0.958007 0.003906 0.005859
0 0.487304 0.958984 0.005860 0.003906
0 0.177734 0.880859 0.003906 0.003906
0 0.335938 0.996094 0.003906 0.003906
0 0.662110 0.370117 0.003906 0.001953
0 0.100586 0.935547 0.001954 0.003906
0 0.141602 0.162109 0.005860 0.003906
0 0.731446 0.742188 0.005860 0.003906
0 0.477540 0.841797 0.001954 0.003906
0 0.146484 0.900391 0.003906 0.003906
0 0.471680 0.099610 0.001954 0.003906
0 0.777344 0.865234 0.003906 0.003906
0 0.845704 0.847657 0.003906 0.007812
0 0.177734 0.940429 0.003906 0.005859
0 0.282226 0.853516 0.005860 0.003906
0 0.618164 0.341797 0.005860 0.003906
0 0.375976 0.607422 0.005860 0.003906
0 0.267578 0.767578 0.003906 0.003906
0 0.251954 0.897462 0.003906 0.005859
0 0.776368 0.770507 0.005860 0.005859
0 0.089844 0.917968 0.003906 0.003906
0 0.237304 0.987304 0.005860 0.005859
0 0.450196 0.045898 0.001954 0.005859
0 0.016602 0.539062 0.005860 0.003906
0 0.214844 0.451172 0.003906 0.003906
0 0.043946 0.987304 0.005860 0.005859
0 0.892578 0.885742 0.003906 0.005859
0 0.013672 0.721680 0.007812 0.005859
0 0.056640 0.890624 0.003906 0.007812
0 0.266602 0.155273 0.009766 0.009765
0 0.388672 0.233398 0.007812 0.005859
0 0.868164 0.146485 0.005860 0.007812
0 0.672852 0.353515 0.005860 0.003906
0 0.446290 0.391601 0.005860 0.005859
0 0.169922 0.466796 0.003906 0.007812
0 0.408204 0.352538 0.007812 0.005859
0 0.072266 0.502930 0.007812 0.009765
0 0.044922 0.768555 0.003906 0.005859
0 0.045898 0.804688 0.005860 0.007812
0 0.106446 0.824218 0.005860 0.007812
0 0.423828 0.814453 0.007812 0.007812
0 0.646484 0.814453 0.007812 0.007812
0 0.842774 0.791016 0.005860 0.007812
0 0.864258 0.735352 0.005860 0.005859
0 0.878906 0.751953 0.007812 0.007812
0 0.868164 0.712891 0.009766 0.007812
0 0.951172 0.687501 0.003906 0.003906
0 0.950196 0.682616 0.009766 0.005859
0 0.820312 0.628906 0.007812 0.007812
0 0.783204 0.632812 0.007812 0.007812
0 0.809570 0.545899 0.009766 0.009765
0 0.892578 0.518554 0.007812 0.009765
0 0.671876 0.626953 0.007812 0.007812
0 0.381836 0.921876 0.009766 0.007812
0 0.375000 0.957031 0.007812 0.007812
0 0.413086 0.985351 0.005860 0.005859
0 0.649414 0.978516 0.005860 0.007812
0 0.250976 0.972656 0.009766 0.007812
0 0.016602 0.933594 0.009766 0.011718
0 0.052734 0.773437 0.003906 0.003906
