0 0.081054 0.041992 0.005860 0.005859
0 0.010742 0.102540 0.005860 0.005859
0 0.273438 0.742188 0.007812 0.003906
0 0.819336 0.424804 0.005860 0.009765
0 0.492188 0.628906 0.007812 0.007812
0 0.209962 0.602539 0.005860 0.005859
0 0.942382 0.775390 0.005860 0.003906
0 0.382812 0.202148 0.007812 0.005859
0 0.125976 0.286134 0.009766 0.005859
0 0.821290 0.316406 0.005860 0.007812
0 0.319336 0.818359 0.005860 0.003906
0 0.901368 0.879883 0.005860 0.005859
0 0.160156 0.340820 0.007812 0.005859
0 0.811524 0.004884 0.005860 0.005859
0 0.504882 0.239259 0.005860 0.005859
0 0.814454 0.840820 0.007812 0.005859
0 0.556640 0.071288 0.003906 0.005859
0 0.619140 0.082032 0.003906 0.007812
0 0.029296 0.825196 0.003906 0.005859
0 0.435548 0.846679 0.007812 0.009765
0 0.642578 0.130859 0.007812 0.003906
0 0.791016 0.149415 0.003906 0.005859
0 0.563476 0.050782 0.005860 0.007812
0 0.831054 0.940429 0.005860 0.005859
0 0.199218 0.669922 0.003906 0.003906
0 0.850586 0.611328 0.005860 0.007812
0 0.832032 0.613282 0.003906 0.007812
0 0.407226 0.922852 0.005860 0.005859
0 0.218750 0.333009 0.007812 0.005859
0 0.840820 0.274414 0.005860 0.005859
0 0.748048 0.410156 0.007812 0.007812
0 0.676758 0.236328 0.005860 0.003906
0 0.653320 0.772460 0.005860 0.005859
0 0.703126 0.654297 0.007812 0.003906
0 0.759766 0.801759 0.003906 0.005859
0 0.638672 0.120116 0.007812 0.005859
0 0.167968 0.214843 0.007812 0.007812
0 0.234376 0.214843 0.007812 0.007812
0 0.291016 0.146485 0.007812 0.007812
0 0.327148 0.199219 0.009766 0.007812
0 0.519532 0.226562 0.007812 0.007812
0 0.503906 0.249023 0.007812 0.005859
0 0.660156 0.220703 0.007812 0.007812
0 0.637696 0.196290 0.009766 0.005859
0 0.133790 0.667969 0.005860 0.007812
0 0.013672 0.679687 0.007812 0.007812
0 0.632812 0.890624 0.007812 0.007812
0 0.840820 0.932617 0.005860 0.005859
0 0.906250 0.480469 0.003906 0.007812
0 0.900390 0.444335 0.007812 0.005859
0 0.753906 0.560547 0.007812 0.007812
0 0.726562 0.546876 0.007812 0.007812
0 0.725586 0.610351 0.005860 0.005859
0 0.798828 0.529297 0.007812 0.007812
0 0.613282 0.274414 0.003906 0.005859
0 0.457032 0.327148 0.007812 0.009765
0 0.441406 0.369141 0.007812 0.007812
0 0.271484 0.357422 0.007812 0.007812
