0 0.152344 0.978516 0.007812 0.011718
0 0.304688 0.242188 0.007812 0.007812
0 0.104492 0.976562 0.005860 0.007812
0 0.867188 0.932617 0.007812 0.005859
0 0.257812 0.941407 0.007812 0.007812
0 0.753906 0.771484 0.007812 0.007812
0 0.054688 0.900391 0.007812 0.003906
0 0.965820 0.097657 0.009766 0.007812
0 0.054688 0.958984 0.007812 0.007812
0 0.693360 0.900391 0.007812 0.007812
0 0.363282 0.976562 0.007812 0.007812
0 0.144532 0.787109 0.007812 0.007812
0 0.324218 0.411133 0.007812 0.005859
0 0.743164 0.732422 0.005860 0.007812
0 0.070312 0.154297 0.007812 0.007812
0 0.820312 0.947266 0.007812 0.007812
0 0.247070 0.701172 0.009766 0.007812
0 0.720704 0.867187 0.007812 0.007812
0 0.496094 0.362305 0.007812 0.005859
0 0.021484 0.181641 0.007812 0.007812
0 0.958984 0.351562 0.007812 0.007812
0 0.250000 0.976562 0.007812 0.007812
0 0.685546 0.566407 0.007812 0.007812
0 0.744140 0.167968 0.007812 0.007812
0 0.127930 0.917968 0.005860 0.007812
0 0.298828 0.832031 0.011718 0.011718
0 0.652344 0.883789 0.007812 0.005859
0 0.658204 0.652344 0.007812 0.007812
0 0.253906 0.626953 0.007812 0.007812
0 0.328124 0.011719 0.007812 0.007812
0 0.125976 0.992188 0.005860 0.007812
0 0.609376 0.763672 0.007812 0.007812
0 0.740234 0.755860 0.007812 0.007812
0 0.046876 0.486328 0.007812 0.007812
0 0.945312 0.340820 0.007812 0.005859
0 0.158204 0.873047 0.007812 0.007812
0 0.353516 0.861328 0.007812 0.007812
0 0.831054 0.017578 0.009766 0.011718
0 0.091796 0.872071 0.007812 0.005859
0 0.349610 0.119140 0.007812 0.007812
0 0.285156 0.370117 0.007812 0.005859
0 0.943360 0.828126 0.011718 0.011718
0 0.267578 0.253906 0.007812 0.007812
0 0.226562 0.269531 0.007812 0.007812
0 0.023438 0.919922 0.007812 0.003906
0 0.521484 0.833984 0.007812 0.007812
0 0.328124 0.066406 0.003906 0.007812
0 0.145508 0.174805 0.009766 0.009765
0 0.547852 0.646484 0.005860 0.007812
0 0.823242 0.703124 0.005860 0.003906
0 0.826172 0.708009 0.003906 0.005859
0 0.912110 0.995118 0.003906 0.005859
0 0.906250 0.989259 0.003906 0.005859
0 0.933594 0.391601 0.007812 0.005859
0 0.093750 0.471679 0.003906 0.005859
0 0.548828 0.374023 0.007812 0.005859
0 0.538086 0.388672 0.005860 0.003906
0 0.441406 0.530274 0.003906 0.005859
0 0.651368 0.790039 0.009766 0.009765
0 0.716796 0.811524 0.007812 0.009765
0 0.766602 0.907226 0.005860 0.009765
