0 0.010742 0.662110 0.009766 0.007812
0 0.382812 0.568360 0.007812 0.007812
0 0.073242 0.315430 0.009766 0.009765
0 0.730468 0.230468 0.007812 0.007812
0 0.876954 0.785156 0.007812 0.007812
0 0.560546 0.200195 0.007812 0.009765
0 0.715820 0.650391 0.005860 0.007812
0 0.376954 0.164062 0.007812 0.007812
0 0.136718 0.498047 0.007812 0.007812
0 0.970704 0.617188 0.007812 0.007812
0 0.996094 0.203125 0.007812 0.007812
0 0.642578 0.576172 0.007812 0.007812
0 0.888672 0.042968 0.007812 0.007812
0 0.642578 0.854493 0.007812 0.009765
0 0.889648 0.726562 0.009766 0.007812
0 0.125000 0.024413 0.007812 0.009765
0 0.173828 0.500001 0.007812 0.007812
0 0.173828 0.508789 0.007812 0.009765
0 0.718750 0.834961 0.007812 0.005859
0 0.626954 0.639649 0.007812 0.005859
0 0.217774 0.578125 0.005860 0.007812
0 0.714844 0.498047 0.007812 0.007812
