0 0.211914 0.662110 0.009766 0.007812
0 0.583984 0.568360 0.007812 0.007812
0 0.274414 0.315430 0.009766 0.009765
0 0.931640 0.230468 0.007812 0.007812
0 0.761718 0.200195 0.007812 0.009765
0 0.916992 0.650391 0.005860 0.007812
0 0.578126 0.164062 0.007812 0.007812
0 0.337890 0.498047 0.007812 0.007812
0 0.070312 0.063477 0.007812 0.009765
0 0.069336 0.470703 0.009766 0.007812
0 0.843750 0.576172 0.007812 0.007812
0 0.138672 0.126953 0.007812 0.007812
0 0.843750 0.854493 0.007812 0.009765
0 0.007812 0.235351 0.007812 0.005859
0 0.001953 0.238282 0.003906 0.007812
0 0.326172 0.024413 0.007812 0.009765
0 0.375000 0.500001 0.007812 0.007812
0 0.375000 0.508789 0.007812 0.009765
0 0.919922 0.834961 0.007812 0.005859
0 0.828126 0.639649 0.007812 0.005859
0 0.418946 0.578125 0.005860 0.007812
0 0.916016 0.498047 0.007812 0.007812
