0 0.375976 0.790040 0.007032 0.007030
0 0.192382 0.585938 0.007032 0.009375
0 0.304688 0.100586 0.009374 0.007030
0 0.589844 0.682617 0.004688 0.007030
0 0.802734 0.146484 0.004688 0.009375
0 0.291992 0.896484 0.007032 0.009375
0 0.259766 0.973634 0.009374 0.007030
0 0.126954 0.626953 0.009374 0.009375
0 0.291992 0.200196 0.011718 0.007030
0 0.291992 0.957031 0.007032 0.009375
0 0.458984 0.624024 0.009374 0.007030
0 0.933594 0.040040 0.009374 0.007030
0 0.920898 0.271485 0.007032 0.009375
0 0.109376 0.079101 0.009374 0.007030
0 0.590820 0.735351 0.007032 0.007030
0 0.380860 0.011718 0.004688 0.004688
0 0.801758 0.074219 0.007032 0.004688
0 0.510742 0.917969 0.007032 0.004687
0 0.833984 0.139649 0.004688 0.007030
0 0.540040 0.781249 0.007032 0.009375
0 0.747070 0.442383 0.007032 0.007031
0 0.920898 0.339843 0.007032 0.004687
0 0.372070 0.035157 0.007032 0.004687
0 0.434570 0.267577 0.007032 0.009375
0 0.290040 0.213867 0.007032 0.007030
0 0.433594 0.562500 0.004688 0.009375
0 0.905274 0.029296 0.007032 0.009375
0 0.458008 0.781249 0.007032 0.004687
0 0.498048 0.790040 0.009374 0.007030
0 0.524414 0.858399 0.007032 0.007030
0 0.397462 0.952149 0.007032 0.007030
0 0.490234 0.934570 0.007812 0.005859
