0 0.052734 0.537109 0.007812 0.003906
0 0.039062 0.634765 0.007812 0.003906
0 0.556640 0.132812 0.003906 0.003906
0 0.370118 0.098634 0.005860 0.005859
0 0.318360 0.068359 0.007812 0.003906
0 0.475586 0.521485 0.005860 0.003906
0 0.165040 0.290040 0.005860 0.005859
0 0.548828 0.176758 0.007812 0.005859
0 0.100586 0.242188 0.005860 0.003906
0 0.522462 0.117187 0.005860 0.003906
0 0.944336 0.554688 0.005860 0.003906
0 0.291016 0.503906 0.003906 0.007812
0 0.458008 0.275391 0.005860 0.003906
0 0.881836 0.039062 0.005860 0.003906
0 0.506836 0.568360 0.005860 0.003906
0 0.319336 0.409180 0.005860 0.005859
0 0.220704 0.412109 0.007812 0.003906
0 0.945312 0.507812 0.003906 0.003906
0 0.958008 0.395508 0.005860 0.005859
0 0.315430 0.040039 0.005860 0.005859
0 0.697266 0.303710 0.003906 0.005859
0 0.415040 0.127930 0.005860 0.009765
0 0.648438 0.394531 0.003906 0.007812
0 0.398438 0.509766 0.003906 0.003906
0 0.595704 0.618165 0.007812 0.005859
0 0.031250 0.647461 0.007812 0.005859
0 0.163086 0.675781 0.005860 0.003906
0 0.253906 0.532226 0.003906 0.005859
0 0.926758 0.737305 0.005860 0.005859
0 0.135742 0.253906 0.005860 0.007812
0 0.833984 0.317383 0.003906 0.005859
0 0.721680 0.447265 0.005860 0.003906
0 0.541016 0.338867 0.003906 0.005859
0 0.701172 0.069335 0.007812 0.005859
0 0.348632 0.853516 0.005860 0.003906
0 0.291016 0.878906 0.003906 0.007812
0 0.895508 0.219727 0.005860 0.005859
0 0.634766 0.472657 0.003906 0.007812
0 0.814454 0.094726 0.007812 0.005859
0 0.283204 0.470703 0.007812 0.007812
0 0.630860 0.592774 0.007812 0.005859
0 0.843750 0.473634 0.003906 0.005859
0 0.602540 0.896485 0.005860 0.003906
0 0.696290 0.574219 0.005860 0.003906
0 0.539062 0.468749 0.007812 0.007812
0 0.091796 0.274414 0.007812 0.005859
0 0.486328 0.611328 0.007812 0.007812
0 0.683594 0.517578 0.007812 0.003906
0 0.475586 0.391601 0.005860 0.005859
0 0.186524 0.414062 0.005860 0.003906
0 0.386718 0.055665 0.003906 0.005859
0 0.239258 0.558594 0.005860 0.003906
0 0.682618 0.642578 0.005860 0.003906
0 0.373048 0.203125 0.003906 0.003906
0 0.448242 0.384766 0.005860 0.007812
0 0.428712 0.468749 0.005860 0.007812
0 0.277344 0.012695 0.003906 0.005859
0 0.533204 0.031251 0.007812 0.007812
0 0.584962 0.498048 0.005860 0.003906
0 0.635742 0.450196 0.005860 0.005859
0 0.865234 0.351562 0.003906 0.003906
0 0.181640 0.309571 0.007812 0.005859
0 0.583008 0.589843 0.005860 0.003906
0 0.483398 0.352538 0.005860 0.005859
0 0.361328 0.959960 0.007812 0.005859
0 0.908204 0.173828 0.007812 0.003906
0 0.234376 0.053712 0.003906 0.005859
0 0.749024 0.390625 0.005860 0.003906
0 0.250976 0.622070 0.009766 0.005859
0 0.283204 0.092773 0.007812 0.005859
0 0.247070 0.046874 0.005860 0.003906
0 0.982422 0.691406 0.007812 0.007812
0 0.488282 0.061523 0.007812 0.005859
0 0.595704 0.468749 0.007812 0.007812
0 0.881836 0.704101 0.005860 0.005859
0 0.420898 0.392578 0.005860 0.007812
0 0.092774 0.207031 0.005860 0.007812
0 0.964844 0.071288 0.003906 0.005859
0 0.287110 0.639649 0.007812 0.005859
0 0.987304 0.360352 0.005860 0.005859
0 0.050782 0.700195 0.007812 0.005859
0 0.814454 0.474610 0.007812 0.003906
0 0.071290 0.014648 0.005860 0.005859
0 0.156250 0.173828 0.007812 0.003906
0 0.229492 0.325195 0.005860 0.005859
0 0.170898 0.159180 0.005860 0.009765
0 0.064454 0.293945 0.007812 0.005859
0 0.238282 0.464844 0.003906 0.003906
0 0.182618 0.578125 0.005860 0.003906
0 0.435548 0.496093 0.007812 0.003906
0 0.053712 0.386719 0.005860 0.003906
0 0.467774 0.613282 0.005860 0.003906
0 0.083340 0.044930 0.009440 0.008391
0 0.093568 0.048339 0.008916 0.009964
0 0.003645 0.116259 0.007291 0.009441
0 0.457032 0.114258 0.003906 0.005859
0 0.669922 0.062500 0.007812 0.007812
0 0.847656 0.091797 0.007812 0.007812
0 0.882812 0.206055 0.003906 0.005859
0 0.888672 0.211913 0.003906 0.005859
0 0.919922 0.123047 0.007812 0.007812
0 0.739258 0.097657 0.005860 0.007812
0 0.746094 0.099610 0.007812 0.007812
0 0.737304 0.223633 0.005860 0.009765
0 0.134766 0.312501 0.007812 0.007812
0 0.174804 0.390625 0.009766 0.007812
0 0.042968 0.732422 0.007812 0.007812
0 0.038086 0.296875 0.005860 0.003906
0 0.034180 0.302734 0.005860 0.003906
0 0.027344 0.305663 0.003906 0.005859
0 0.034180 0.308593 0.005860 0.003906
0 0.039062 0.314454 0.007812 0.003906
0 0.060548 0.412109 0.007812 0.007812
0 0.064454 0.418945 0.007812 0.005859
0 0.167968 0.434570 0.007812 0.009765
0 0.187500 0.592774 0.007812 0.005859
0 0.180664 0.599609 0.005860 0.007812
0 0.052734 0.708985 0.007812 0.007812
0 0.126954 0.667969 0.007812 0.007812
0 0.122070 0.662110 0.005860 0.007812
0 0.505860 0.328124 0.007812 0.007812
0 0.207032 0.436524 0.007812 0.009765
0 0.286132 0.358399 0.009766 0.009765
0 0.373048 0.494140 0.007812 0.007812
0 0.417968 0.447265 0.007812 0.007812
0 0.559570 0.551758 0.009766 0.009765
0 0.689454 0.488281 0.007812 0.007812
0 0.301758 0.666016 0.005860 0.007812
0 0.304688 0.660157 0.007812 0.003906
0 0.811524 0.346680 0.005860 0.005859
0 0.818360 0.343750 0.007812 0.003906
0 0.819336 0.349609 0.005860 0.003906
0 0.848632 0.436524 0.009766 0.009765
0 0.844726 0.424804 0.005860 0.005859
0 0.815430 0.482422 0.005860 0.007812
0 0.857422 0.519532 0.007812 0.007812
0 0.872070 0.528320 0.009766 0.009765
0 0.915040 0.719726 0.009766 0.009765
0 0.708984 0.702148 0.007812 0.005859
0 0.689454 0.705078 0.007812 0.007812
0 0.690430 0.712891 0.005860 0.007812
0 0.742188 0.610351 0.007812 0.005859
0 0.734376 0.534180 0.007812 0.005859
0 0.736328 0.542968 0.007812 0.007812
0 0.750976 0.550781 0.009766 0.007812
0 0.960938 0.628906 0.007812 0.007812
0 0.739258 0.777343 0.009766 0.011718
0 0.358398 0.950195 0.005860 0.005859
0 0.622070 0.978516 0.005860 0.007812
0 0.997070 0.848634 0.005859 0.009765
