0 0.525390 0.727539 0.007812 0.005859
0 0.251954 0.820312 0.011718 0.007812
0 0.244140 0.110352 0.011718 0.009765
0 0.409180 0.587891 0.009766 0.007812
0 0.476562 0.739259 0.007812 0.005859
0 0.957032 0.916016 0.007812 0.003906
0 0.040040 0.112305 0.005860 0.005859
0 0.847656 0.533203 0.007812 0.007812
0 0.725586 0.871094 0.013672 0.015626
0 0.715820 0.350586 0.005860 0.005859
0 0.248046 0.969726 0.007812 0.009765
0 0.682618 0.263672 0.009766 0.007812
0 0.833984 0.543945 0.007812 0.005859
0 0.383790 0.292968 0.009766 0.007812
0 0.030274 0.208985 0.009766 0.007812
0 0.032226 0.436524 0.009766 0.005859
0 0.828124 0.516602 0.003906 0.005859
0 0.926758 0.622071 0.005860 0.005859
0 0.108398 0.735351 0.009766 0.005859
0 0.972656 0.201173 0.007812 0.007812
0 0.108398 0.583008 0.009766 0.009765
0 0.535156 0.882813 0.007812 0.007812
0 0.856960 0.670080 0.007680 0.007680
0 0.863680 0.678079 0.010880 0.009600
