0 0.677734 0.174805 0.007812 0.009765
0 0.580078 0.232422 0.007812 0.007812
0 0.425782 0.028321 0.007812 0.005859
0 0.966796 0.752929 0.007812 0.009765
0 0.933594 0.810547 0.007812 0.007812
0 0.974610 0.916015 0.007812 0.007812
0 0.523438 0.879883 0.007812 0.005859
0 0.487304 0.675781 0.009766 0.007812
0 0.500000 0.665040 0.007812 0.009765
0 0.330078 0.776366 0.007812 0.009765
0 0.081054 0.776366 0.009766 0.009765
0 0.150390 0.631835 0.007812 0.009765
0 0.096680 0.705078 0.005860 0.007812
0 0.208984 0.569337 0.007812 0.009765
0 0.170898 0.319336 0.009766 0.009765
0 0.495118 0.272461 0.005860 0.005859
0 0.504882 0.324219 0.009766 0.007812
0 0.385742 0.281249 0.005860 0.007812
0 0.255860 0.904297 0.007812 0.007812
