0 0.199218 0.868163 0.011718 0.009765
0 0.185546 0.744141 0.007812 0.011718
0 0.538086 0.760743 0.009766 0.009765
0 0.194336 0.606445 0.009766 0.009765
0 0.947266 0.232422 0.011718 0.011718
0 0.215820 0.991212 0.009766 0.009765
0 0.087890 0.772460 0.007812 0.005859
0 0.553710 0.725585 0.009766 0.009765
0 0.879882 0.278320 0.005860 0.005859
0 0.744140 0.732422 0.007812 0.007812
0 0.585938 0.403321 0.007812 0.005859
0 0.355468 0.212890 0.007812 0.007812
0 0.565430 0.066406 0.009766 0.007812
0 0.047852 0.394531 0.009766 0.007812
0 0.365234 0.494140 0.023438 0.019531
0 0.050782 0.107422 0.007812 0.007812
0 0.543946 0.531250 0.009766 0.011718
0 0.455078 0.546876 0.007812 0.007812
0 0.516602 0.398437 0.005860 0.007812
0 0.566406 0.609374 0.011718 0.011718
0 0.463868 0.937499 0.009766 0.007812
0 0.165040 0.736328 0.005860 0.007812
0 0.367188 0.833008 0.007812 0.005859
0 0.639648 0.807618 0.009766 0.009765
0 0.105468 0.083008 0.007812 0.005859
0 0.461914 0.125977 0.005860 0.005859
0 0.105468 0.092773 0.003906 0.005859
0 0.066406 0.366211 0.007812 0.009765
0 0.404296 0.302734 0.007812 0.007812
0 0.458984 0.749023 0.007812 0.009765
0 0.380860 0.837891 0.007812 0.007812
0 0.622070 0.716797 0.005860 0.007812
0 0.064454 0.707032 0.007812 0.007812
0 0.345704 0.689453 0.007812 0.007812
