0 0.463868 0.851562 0.009766 0.011718
0 0.868164 0.720703 0.009766 0.011718
0 0.689454 0.379883 0.011718 0.009765
0 0.827148 0.229492 0.009766 0.009765
0 0.761718 0.896484 0.011718 0.011718
0 0.196290 0.470703 0.009766 0.011718
0 0.584960 0.258789 0.009766 0.009765
0 0.901368 0.509766 0.009766 0.011718
0 0.243164 0.973634 0.009766 0.009765
0 0.121094 0.229492 0.011718 0.009765
0 0.594726 0.645509 0.013672 0.009765
0 0.417968 0.381835 0.011718 0.009765
0 0.839844 0.314452 0.011718 0.011718
0 0.518554 0.506837 0.009766 0.009765
0 0.930664 0.393555 0.009766 0.009765
0 0.463868 0.634766 0.009766 0.007812
0 0.303710 0.487305 0.009766 0.009765
0 0.318360 0.272462 0.007812 0.009765
0 0.932618 0.442383 0.009766 0.009765
0 0.055664 0.739259 0.009766 0.009765
0 0.174804 0.009765 0.009766 0.011718
0 0.104492 0.725586 0.009766 0.009765
0 0.243164 0.573241 0.009766 0.009765
0 0.878906 0.377929 0.007812 0.009765
0 0.817382 0.022461 0.009766 0.009765
0 0.900390 0.339843 0.007812 0.011718
0 0.539062 0.953126 0.007812 0.007812
0 0.306640 0.952149 0.007812 0.005859
0 0.766602 0.125976 0.005860 0.009765
0 0.773438 0.139649 0.007812 0.009765
0 0.907226 0.235352 0.005860 0.005859
0 0.917968 0.164062 0.007812 0.007812
0 0.910156 0.162110 0.007812 0.007812
0 0.884766 0.314452 0.007812 0.007812
0 0.896484 0.314452 0.007812 0.007812
0 0.632812 0.671876 0.007812 0.007812
0 0.638672 0.746094 0.007812 0.007812
0 0.804688 0.646485 0.007812 0.007812
0 0.831054 0.482422 0.009766 0.007812
0 0.495118 0.547851 0.005860 0.005859
0 0.517578 0.320313 0.007812 0.007812
0 0.526368 0.312499 0.005860 0.007812
0 0.568360 0.325195 0.007812 0.005859
0 0.420898 0.566406 0.005860 0.007812
0 0.457032 0.705078 0.007812 0.007812
0 0.343750 0.609375 0.007812 0.007812
0 0.310546 0.516602 0.007812 0.005859
0 0.232422 0.707031 0.007812 0.007812
0 0.243164 0.671876 0.009766 0.007812
0 0.093750 0.306640 0.007812 0.007812
