0 0.401368 0.493164 0.009766 0.009765
0 0.304688 0.241210 0.007812 0.009765
0 0.816406 0.496093 0.007812 0.011718
0 0.806640 0.677734 0.007812 0.007812
0 0.103516 0.237305 0.011718 0.009765
0 0.808594 0.647462 0.011718 0.013672
0 0.117188 0.095703 0.007812 0.007812
0 0.759766 0.652344 0.011718 0.007812
0 0.789062 0.902343 0.011718 0.011718
0 0.381836 0.753906 0.009766 0.007812
0 0.684570 0.707031 0.009766 0.007812
0 0.747070 0.942383 0.009766 0.009765
0 0.386718 0.382812 0.007812 0.007812
0 0.456054 0.236328 0.009766 0.007812
0 0.037110 0.224610 0.007812 0.007812
0 0.461914 0.763672 0.005860 0.007812
0 0.606446 0.275391 0.009766 0.011718
0 0.048828 0.251953 0.007812 0.007812
0 0.583984 0.617187 0.011718 0.011718
0 0.022460 0.800781 0.013672 0.015626
0 0.618164 0.891601 0.009766 0.009765
0 0.188476 0.322266 0.009766 0.007812
0 0.232422 0.562500 0.007812 0.007812
0 0.758790 0.686523 0.009766 0.009765
0 0.612304 0.248048 0.009766 0.011718
0 0.230468 0.358398 0.007812 0.009765
0 0.445312 0.099609 0.007812 0.007812
0 0.833008 0.187500 0.013672 0.015626
0 0.686524 0.813477 0.009766 0.009765
0 0.385742 0.216797 0.013672 0.011718
0 0.480468 0.630859 0.007812 0.007812
0 0.989258 0.436524 0.009766 0.009765
0 0.552734 0.391602 0.011718 0.013672
0 0.662110 0.315429 0.015624 0.013672
0 0.555664 0.874023 0.009766 0.009765
0 0.702148 0.813477 0.013672 0.013672
0 0.894532 0.932617 0.007812 0.009765
