0 0.910583 0.270903 0.008390 0.008499
0 0.369972 0.966990 0.007641 0.008053
0 0.627752 0.721701 0.007422 0.007298
0 0.594510 0.347370 0.010231 0.007776
0 0.392848 0.635293 0.007277 0.007321
0 0.650937 0.491071 0.006328 0.007435
0 0.650836 0.545490 0.006299 0.007142
0 0.862517 0.869837 0.005845 0.005860
0 0.873024 0.140428 0.008794 0.010349
0 0.550028 0.748149 0.005475 0.006458
0 0.870690 0.658839 0.006992 0.006795
0 0.343770 0.661431 0.009457 0.007558
0 0.416008 0.953335 0.006664 0.009587
0 0.873249 0.854281 0.006197 0.005896
0 0.589688 0.732849 0.005828 0.006994
0 0.672274 0.599552 0.010413 0.008972
0 0.469440 0.654080 0.007040 0.008960
0 0.607680 0.852160 0.008320 0.007040
0 0.648000 0.890880 0.007040 0.007680
0 0.819200 0.841280 0.007680 0.009600
0 0.086080 0.921280 0.005760 0.007040
0 0.088320 0.912960 0.007680 0.005760
