0 0.017578 0.527344 0.007812 0.007812
0 0.932618 0.107422 0.005860 0.007812
0 0.330078 0.309571 0.007812 0.009765
0 0.728516 0.499024 0.007812 0.009765
0 0.197266 0.928711 0.007812 0.009765
0 0.337890 0.596680 0.007812 0.009765
0 0.193360 0.527344 0.007812 0.007812
0 0.396484 0.439453 0.007812 0.007812
0 0.689454 0.068359 0.007812 0.007812
0 0.027344 0.430665 0.007812 0.005859
0 0.581054 0.367188 0.005860 0.007812
0 0.099610 0.701172 0.007812 0.007812
0 0.056640 0.140624 0.007812 0.007812
0 0.023438 0.416016 0.007812 0.007812
0 0.060546 0.291016 0.007812 0.007812
0 0.608398 0.122071 0.005860 0.005859
0 0.102540 0.392578 0.009766 0.007812
0 0.689454 0.085938 0.007812 0.007812
0 0.001953 0.449218 0.003906 0.007812
0 0.767578 0.109375 0.007812 0.007812
0 0.684570 0.165038 0.009766 0.005859
0 0.045898 0.396484 0.009766 0.007812
0 0.345704 0.423828 0.007812 0.007812
0 0.919922 0.064453 0.007812 0.007812
0 0.947266 0.830078 0.007812 0.007812
0 0.343750 0.103516 0.007812 0.007812
0 0.660156 0.911132 0.007812 0.005859
0 0.721680 0.688477 0.009766 0.009765
0 0.486328 0.675781 0.007812 0.007812
0 0.422852 0.722656 0.009766 0.007812
0 0.783204 0.244141 0.007812 0.007812
0 0.769532 0.954101 0.007812 0.005859
0 0.779296 0.234374 0.007812 0.003906
0 0.500000 0.071288 0.007812 0.005859
0 0.013672 0.651367 0.007812 0.005859
0 0.598632 0.157227 0.005860 0.009765
0 0.263672 0.162109 0.007812 0.007812
0 0.613282 0.161133 0.003906 0.005859
0 0.615234 0.169922 0.007812 0.007812
0 0.683594 0.243165 0.011718 0.009765
0 0.712890 0.185547 0.007812 0.007812
0 0.717774 0.176758 0.005860 0.005859
0 0.070312 0.456055 0.007812 0.005859
0 0.064454 0.463867 0.007812 0.005859
0 0.014648 0.495116 0.009766 0.005859
0 0.619140 0.718750 0.007812 0.007812
0 0.848632 0.782227 0.009766 0.005859
0 0.847656 0.789062 0.007812 0.007812
0 0.902344 0.414062 0.007812 0.007812
0 0.677734 0.523438 0.007812 0.007812
0 0.606446 0.371094 0.005860 0.007812
0 0.093750 0.746094 0.007812 0.007812
0 0.018554 0.749999 0.005860 0.007812
0 0.515624 0.459961 0.007812 0.005859
0 0.960938 0.986328 0.007812 0.007812
0 0.931640 0.684571 0.007812 0.009765
0 0.841796 0.625000 0.007812 0.007812
