0 0.478516 0.958007 0.003906 0.005859
0 0.570312 0.681640 0.003906 0.003906
0 0.390626 0.133789 0.003906 0.005859
0 0.627930 0.221680 0.005860 0.005859
0 0.767578 0.509766 0.003906 0.003906
0 0.416016 0.853516 0.003906 0.003906
0 0.429688 0.958007 0.003906 0.005859
0 0.688476 0.958984 0.005860 0.003906
0 0.378906 0.880859 0.003906 0.003906
0 0.537110 0.996094 0.003906 0.003906
0 0.863282 0.370117 0.003906 0.001953
0 0.301758 0.935547 0.001954 0.003906
0 0.342774 0.162109 0.005860 0.003906
0 0.932618 0.742188 0.005860 0.003906
0 0.678712 0.841797 0.001954 0.003906
0 0.347656 0.900391 0.003906 0.003906
0 0.672852 0.099610 0.001954 0.003906
0 0.978516 0.865234 0.003906 0.003906
0 0.378906 0.940429 0.003906 0.005859
0 0.483398 0.853516 0.005860 0.003906
0 0.819336 0.341797 0.005860 0.003906
0 0.577148 0.607422 0.005860 0.003906
0 0.468750 0.767578 0.003906 0.003906
0 0.453126 0.897462 0.003906 0.005859
0 0.977540 0.770507 0.005860 0.005859
0 0.291016 0.917968 0.003906 0.003906
0 0.438476 0.987304 0.005860 0.005859
0 0.651368 0.045898 0.001954 0.005859
0 0.217774 0.539062 0.005860 0.003906
0 0.416016 0.451172 0.003906 0.003906
0 0.182618 0.846679 0.005860 0.005859
0 0.245118 0.987304 0.005860 0.005859
0 0.214844 0.721680 0.007812 0.005859
0 0.257812 0.890624 0.003906 0.007812
0 0.467774 0.155273 0.009766 0.009765
0 0.589844 0.233398 0.007812 0.005859
0 0.014648 0.580078 0.005860 0.003906
0 0.019532 0.585937 0.003906 0.003906
0 0.030274 0.591797 0.005860 0.003906
0 0.087890 0.414062 0.003906 0.003906
0 0.086914 0.420898 0.005860 0.005859
0 0.166016 0.557617 0.007812 0.005859
0 0.075196 0.848634 0.005860 0.005859
0 0.115234 0.998047 0.003906 0.003906
0 0.874024 0.353515 0.005860 0.003906
0 0.647462 0.391601 0.005860 0.005859
0 0.371094 0.466796 0.003906 0.007812
0 0.609376 0.352538 0.007812 0.005859
0 0.273438 0.502930 0.007812 0.009765
0 0.246094 0.768555 0.003906 0.005859
0 0.247070 0.804688 0.005860 0.007812
0 0.307618 0.824218 0.005860 0.007812
0 0.625000 0.814453 0.007812 0.007812
0 0.847656 0.814453 0.007812 0.007812
0 0.984376 0.632812 0.007812 0.007812
0 0.873048 0.626953 0.007812 0.007812
0 0.583008 0.921876 0.009766 0.007812
0 0.576172 0.957031 0.007812 0.007812
0 0.614258 0.985351 0.005860 0.005859
0 0.850586 0.978516 0.005860 0.007812
0 0.452148 0.972656 0.009766 0.007812
0 0.217774 0.933594 0.009766 0.011718
0 0.253906 0.773437 0.003906 0.003906
