0 0.466683 0.348087 0.008841 0.008990
0 0.208647 0.016863 0.010367 0.010198
0 0.707527 0.948645 0.008962 0.008165
0 0.388680 0.136814 0.008884 0.009116
0 0.138378 0.228589 0.008833 0.008499
0 0.345215 0.467060 0.008050 0.008540
0 0.743684 0.740251 0.007996 0.008443
0 0.189732 0.174418 0.013411 0.012953
0 0.595863 0.890012 0.008403 0.008982
0 0.292474 0.109585 0.008910 0.010506
0 0.253534 0.526911 0.013552 0.012827
0 0.362411 0.212090 0.008354 0.008578
0 0.217067 0.675111 0.007866 0.007753
0 0.733149 0.971163 0.008092 0.008128
0 0.175895 0.323501 0.006871 0.006675
0 0.365388 0.189175 0.009593 0.009752
0 0.233362 0.128064 0.010926 0.010965
0 0.467912 0.376551 0.008857 0.009168
0 0.055723 0.243235 0.008912 0.009337
0 0.493457 0.349885 0.013857 0.008468
0 0.499230 0.341032 0.006928 0.007698
0 0.772132 0.545804 0.007698 0.010778
0 0.734026 0.920323 0.006928 0.010008
0 0.185142 0.327945 0.010008 0.009238
