0 0.872070 0.122070 0.005860 0.005859
0 0.618164 0.924804 0.005860 0.009765
0 0.181640 0.702148 0.007812 0.005859
0 0.620118 0.816406 0.005860 0.007812
0 0.641602 0.423828 0.005860 0.003906
0 0.610352 0.504884 0.005860 0.005859
0 0.303710 0.739259 0.005860 0.005859
0 0.355468 0.571288 0.003906 0.005859
0 0.417968 0.582032 0.003906 0.007812
0 0.543946 0.452148 0.005860 0.005859
0 0.856446 0.382812 0.005860 0.007812
0 0.441406 0.630859 0.007812 0.003906
0 0.589844 0.649415 0.003906 0.005859
0 0.435546 0.482422 0.007812 0.007812
0 0.362304 0.550782 0.005860 0.007812
0 0.061524 0.384765 0.005860 0.007812
0 0.017578 0.833009 0.007812 0.005859
0 0.639648 0.774414 0.005860 0.005859
0 0.546876 0.910156 0.007812 0.007812
0 0.475586 0.736328 0.005860 0.003906
0 0.437500 0.620116 0.007812 0.005859
0 0.696290 0.044922 0.005860 0.003906
0 0.609376 0.035157 0.007812 0.007812
0 0.954102 0.011718 0.009766 0.007812
0 0.859376 0.182618 0.007812 0.009765
0 0.701172 0.230469 0.007812 0.007812
0 0.624024 0.250001 0.009766 0.007812
0 0.088868 0.450195 0.005860 0.005859
0 0.033204 0.714843 0.007812 0.007812
0 0.089844 0.646485 0.007812 0.007812
0 0.125976 0.699219 0.009766 0.007812
0 0.984376 0.705078 0.007812 0.007812
0 0.946290 0.736328 0.009766 0.007812
0 0.567382 0.480468 0.009766 0.007812
0 0.671876 0.441407 0.007812 0.007812
0 0.318360 0.726562 0.007812 0.007812
0 0.302734 0.749023 0.007812 0.005859
0 0.458984 0.720703 0.007812 0.007812
0 0.436524 0.696290 0.009766 0.005859
0 0.705078 0.980469 0.003906 0.007812
0 0.699218 0.944335 0.007812 0.005859
0 0.412110 0.774414 0.003906 0.005859
0 0.255860 0.827148 0.007812 0.009765
0 0.240234 0.869141 0.007812 0.007812
0 0.070312 0.857422 0.007812 0.007812
0 0.959960 0.811524 0.009766 0.009765
