0 0.195312 0.746094 0.007812 0.007812
0 0.517578 0.443359 0.011718 0.007812
0 0.300782 0.257812 0.007812 0.007812
0 0.445312 0.115235 0.007812 0.007812
0 0.798828 0.475585 0.007812 0.009765
0 0.334962 0.382812 0.005860 0.007812
0 0.134766 0.744141 0.007812 0.007812
0 0.531250 0.809571 0.007812 0.009765
0 0.851562 0.132813 0.007812 0.007812
0 0.929688 0.997071 0.007812 0.005858
0 0.869140 0.022461 0.007812 0.005859
0 0.361328 0.350586 0.007812 0.009765
0 0.041016 0.774414 0.007812 0.005859
0 0.490234 0.064453 0.007812 0.007812
0 0.392578 0.242187 0.007812 0.007812
0 0.695312 0.269532 0.007812 0.007812
0 0.319336 0.138672 0.005860 0.007812
0 0.636718 0.039063 0.007812 0.007812
0 0.597656 0.939453 0.007812 0.007812
0 0.052734 0.927735 0.007812 0.007812
0 0.890626 0.568359 0.007812 0.007812
0 0.228516 0.930665 0.007812 0.005859
0 0.681640 0.341798 0.007812 0.007812
0 0.782226 0.867188 0.005860 0.007812
0 0.257812 0.640624 0.007812 0.007812
0 0.224610 0.916016 0.007812 0.007812
0 0.261718 0.791016 0.007812 0.007812
0 0.048828 0.730468 0.007812 0.007812
0 0.881836 0.357422 0.005860 0.007812
0 0.809570 0.622071 0.005860 0.005859
0 0.303712 0.892578 0.009766 0.007812
0 0.890626 0.585938 0.007812 0.007812
0 0.201172 0.949218 0.007812 0.007812
0 0.968750 0.609375 0.007812 0.007812
0 0.191406 0.551759 0.007812 0.005859
0 0.216796 0.361327 0.007812 0.007812
0 0.067382 0.716797 0.009766 0.007812
0 0.885742 0.665038 0.009766 0.005859
0 0.265626 0.414063 0.007812 0.007812
0 0.814454 0.052734 0.007812 0.007812
0 0.372070 0.261718 0.009766 0.007812
0 0.247070 0.896484 0.009766 0.007812
0 0.546876 0.923828 0.007812 0.007812
0 0.227540 0.202149 0.005860 0.005859
0 0.544922 0.603516 0.007812 0.007812
0 0.037110 0.861329 0.007812 0.007812
0 0.513672 0.223633 0.007812 0.009765
0 0.119140 0.984375 0.007812 0.007812
0 0.935548 0.300782 0.007812 0.007812
0 0.162110 0.735351 0.007812 0.005859
0 0.544922 0.355468 0.007812 0.007812
0 0.984376 0.744141 0.007812 0.007812
0 0.429688 0.093750 0.007812 0.007812
0 0.980468 0.734374 0.007812 0.003906
0 0.701172 0.571288 0.007812 0.005859
0 0.107422 0.645509 0.007812 0.005859
0 0.621094 0.359374 0.007812 0.003906
0 0.056640 0.312499 0.007812 0.007812
0 0.008790 0.664062 0.009766 0.007812
0 0.322266 0.106446 0.007812 0.009765
0 0.799804 0.657227 0.005860 0.009765
0 0.421876 0.390626 0.007812 0.007812
0 0.607422 0.484376 0.007812 0.007812
0 0.464844 0.662109 0.007812 0.007812
0 0.814454 0.661133 0.003906 0.005859
0 0.816406 0.669922 0.007812 0.007812
0 0.884766 0.743165 0.011718 0.009765
0 0.914062 0.685547 0.007812 0.007812
0 0.918946 0.676758 0.005860 0.005859
0 0.179688 0.982422 0.007812 0.007812
0 0.271484 0.956055 0.007812 0.005859
0 0.265626 0.963867 0.007812 0.005859
0 0.215820 0.995116 0.009766 0.005859
0 0.807618 0.871094 0.005860 0.007812
0 0.716796 0.959961 0.007812 0.005859
