0 0.318360 0.303711 0.008594 0.006445
0 0.228516 0.834962 0.008594 0.006446
0 0.269532 0.131836 0.004296 0.006445
0 0.066406 0.533203 0.008594 0.004298
0 0.443360 0.958008 0.008594 0.006446
0 0.674804 0.915039 0.006446 0.006446
0 0.361328 0.626953 0.012890 0.012891
0 0.627930 0.586914 0.006446 0.006446
0 0.121094 0.908204 0.008594 0.012891
0 0.629882 0.806640 0.006446 0.004298
0 0.473632 0.333008 0.006446 0.006445
0 0.533204 0.994140 0.008594 0.004298
0 0.570312 0.662109 0.004296 0.004298
0 0.399414 0.598634 0.006446 0.006446
0 0.553712 0.096680 0.006446 0.006445
0 0.690430 0.853515 0.006446 0.004298
0 0.460938 0.395508 0.004296 0.006445
0 0.581054 0.899413 0.006446 0.006446
0 0.425782 0.172851 0.008594 0.006445
0 0.580078 0.172851 0.008594 0.006445
0 0.341796 0.926759 0.008594 0.010741
0 0.507812 0.645509 0.004296 0.006446
0 0.487304 0.781249 0.010742 0.008593
0 0.421876 0.442383 0.008594 0.006445
0 0.471680 0.603516 0.006446 0.004298
0 0.875976 0.197265 0.006446 0.008593
0 0.507812 0.328125 0.008594 0.008594
0 0.499024 0.504884 0.006446 0.006446
0 0.570312 0.825195 0.008594 0.006446
0 0.448242 0.615234 0.006446 0.008593
0 0.486328 0.597657 0.008594 0.008593
0 0.475586 0.619140 0.006446 0.004298
0 0.406250 0.664062 0.008594 0.008593
0 0.500000 0.348633 0.004296 0.006445
0 0.041016 0.035157 0.004296 0.008594
0 0.545898 0.445312 0.006446 0.008594
0 0.419922 0.119140 0.008594 0.008594
0 0.509766 0.806640 0.004296 0.004298
0 0.492188 0.809571 0.008594 0.006446
0 0.394532 0.279297 0.008594 0.008594
0 0.659180 0.397461 0.006446 0.002148
0 0.463868 0.424804 0.006446 0.010741
0 0.533204 0.734374 0.008594 0.008593
0 0.416016 0.827148 0.008594 0.006446
0 0.546876 0.334960 0.008594 0.006445
0 0.533204 0.845703 0.008594 0.008593
0 0.510742 0.410157 0.006446 0.008594
0 0.367188 0.328125 0.008594 0.008594
0 0.563476 0.029296 0.010742 0.008593
0 0.485352 0.669922 0.010742 0.008593
0 0.346680 0.530274 0.010742 0.010741
0 0.375976 0.171875 0.010742 0.008593
0 0.172852 0.359374 0.010742 0.008594
0 0.561524 0.866211 0.006446 0.006446
0 0.642578 0.594726 0.008594 0.006446
0 0.651368 0.309570 0.006446 0.006445
0 0.531250 0.578126 0.008594 0.008593
0 0.585938 0.684570 0.008594 0.006446
0 0.548828 0.407226 0.008594 0.006445
0 0.534180 0.667968 0.006446 0.004298
0 0.495118 0.455078 0.006446 0.004297
0 0.242188 0.918945 0.008594 0.006446
0 0.185548 0.366212 0.008594 0.006445
0 0.531250 0.609375 0.004296 0.004298
0 0.514648 0.512695 0.006446 0.006446
0 0.486328 0.421875 0.008594 0.008594
0 0.680664 0.764649 0.006446 0.006446
0 0.136718 0.159180 0.008594 0.010742
0 0.595704 0.328125 0.008594 0.008594
0 0.344726 0.400391 0.006446 0.004297
0 0.498048 0.770508 0.008594 0.010741
0 0.560548 0.231445 0.008594 0.006445
0 0.744140 0.174804 0.004296 0.006445
0 0.106446 0.237305 0.006446 0.010742
0 0.480468 0.718751 0.008594 0.008593
0 0.467774 0.544922 0.006446 0.004298
0 0.435548 0.672852 0.008594 0.006446
0 0.679688 0.012696 0.008594 0.006445
0 0.500000 0.622071 0.008594 0.006446
0 0.573242 0.196289 0.006446 0.006445
0 0.199218 0.574218 0.008594 0.008593
0 0.588868 0.360351 0.010742 0.010741
0 0.654296 0.476562 0.008594 0.008594
0 0.613282 0.484376 0.008594 0.008594
0 0.545898 0.499999 0.010742 0.008594
0 0.528320 0.438477 0.010742 0.010741
0 0.526368 0.235352 0.009766 0.005859
0 0.525390 0.244140 0.007812 0.007812
0 0.517578 0.243164 0.003906 0.005859
0 0.482422 0.200196 0.007812 0.009765
0 0.529296 0.131836 0.007812 0.009765
0 0.499024 0.083008 0.005860 0.005859
0 0.429688 0.360351 0.007812 0.005859
0 0.438476 0.373047 0.009766 0.007812
0 0.492188 0.490234 0.007812 0.007812
0 0.497070 0.477538 0.009766 0.009765
0 0.490234 0.507813 0.007812 0.007812
0 0.355468 0.544922 0.011718 0.011718
0 0.333984 0.507813 0.011718 0.011718
0 0.498048 0.708008 0.007812 0.009765
0 0.531250 0.684570 0.007812 0.009765
0 0.529296 0.702148 0.007812 0.009765
0 0.622070 0.320313 0.009766 0.007812
0 0.627930 0.084961 0.009766 0.009765
0 0.503906 0.822266 0.007812 0.007812
0 0.448242 0.834962 0.009766 0.005859
0 0.381836 0.865234 0.005860 0.007812
0 0.388672 0.870117 0.003906 0.005859
0 0.534180 0.858399 0.005860 0.005859
0 0.532226 0.866211 0.009766 0.009765
0 0.668946 0.835938 0.005860 0.007812
0 0.708008 0.872070 0.005860 0.005859
0 0.456054 0.943359 0.009766 0.011718
0 0.485352 0.996094 0.009766 0.007811
0 0.476562 0.992187 0.007812 0.007812
0 0.250976 0.916992 0.005860 0.009765
