0 0.134766 0.244140 0.011718 0.011718
0 0.225586 0.567383 0.009766 0.009765
0 0.081054 0.915039 0.013672 0.009765
0 0.803712 0.979492 0.009766 0.009765
0 0.967774 0.740235 0.013672 0.011718
0 0.160156 0.721680 0.011718 0.009765
0 0.891602 0.833009 0.009766 0.009765
0 0.250976 0.349610 0.009766 0.007812
0 0.694336 0.964844 0.009766 0.011718
0 0.096680 0.170898 0.009766 0.005859
0 0.062500 0.266601 0.011718 0.009765
0 0.059570 0.738282 0.005860 0.007812
0 0.065430 0.738282 0.005860 0.007812
0 0.107422 0.623047 0.007812 0.007812
0 0.390626 0.218749 0.007812 0.011718
0 0.373048 0.329102 0.007812 0.009765
0 0.623048 0.192383 0.007812 0.005859
0 0.556640 0.826171 0.007812 0.011718
0 0.882812 0.780273 0.007812 0.005859
0 0.772462 0.789063 0.009766 0.007812
