0 0.743164 0.227539 0.009766 0.009765
0 0.087890 0.853516 0.007812 0.007812
0 0.056640 0.962890 0.007812 0.007812
0 0.554688 0.520509 0.007812 0.009765
0 0.455078 0.070312 0.007812 0.007812
0 0.517578 0.253906 0.007812 0.007812
0 0.182618 0.675781 0.009766 0.007812
0 0.148438 0.707032 0.007812 0.007812
0 0.587890 0.947266 0.007812 0.007812
0 0.241210 0.966797 0.009766 0.007812
0 0.317382 0.301758 0.009766 0.009765
0 0.269532 0.503906 0.007812 0.007812
0 0.277344 0.125001 0.007812 0.007812
0 0.066406 0.874024 0.007812 0.009765
0 0.613282 0.025390 0.007812 0.007812
0 0.505860 0.660157 0.007812 0.007812
0 0.052734 0.560547 0.007812 0.007812
0 0.869140 0.063477 0.007812 0.009765
0 0.554688 0.717774 0.007812 0.005859
0 0.305664 0.126953 0.009766 0.007812
0 0.634766 0.894532 0.007812 0.007812
0 0.868164 0.470703 0.009766 0.007812
0 0.030274 0.996094 0.005860 0.007812
0 0.449218 0.561523 0.007812 0.009765
0 0.240234 0.425782 0.007812 0.007812
0 0.007812 0.870116 0.007812 0.005859
0 0.675782 0.425782 0.007812 0.007812
0 0.123046 0.706054 0.007812 0.005859
0 0.937500 0.126953 0.007812 0.007812
0 0.732422 0.070312 0.007812 0.007812
0 0.002930 0.387695 0.005860 0.005859
0 0.330078 0.648438 0.007812 0.007812
0 0.220704 0.441406 0.007812 0.007812
0 0.638672 0.654297 0.007812 0.007812
0 0.375866 0.247980 0.011548 0.010970
0 0.806640 0.235351 0.007812 0.005859
0 0.799804 0.238282 0.005860 0.007812
0 0.728516 0.110352 0.007812 0.009765
0 0.063476 0.543946 0.009766 0.005859
0 0.208008 0.833984 0.009766 0.007812
0 0.003906 0.859375 0.007812 0.007812
0 0.375000 0.951172 0.007812 0.007812
0 0.389648 0.876953 0.005860 0.007812
0 0.441406 0.906250 0.007812 0.007812
0 0.561524 0.629882 0.005860 0.005859
