0 0.011718 0.007813 0.007812 0.007812
0 0.504882 0.052735 0.005860 0.007812
0 0.210938 0.064453 0.007812 0.007812
0 0.445312 0.958007 0.007812 0.009765
0 0.208984 0.003907 0.007812 0.007812
0 0.324218 0.458008 0.007812 0.005859
0 0.548828 0.027343 0.007812 0.007812
0 0.255860 0.146485 0.007812 0.007812
0 0.376954 0.773437 0.007812 0.007812
0 0.357422 0.093749 0.007812 0.007812
0 0.042968 0.093749 0.007812 0.007812
0 0.433594 0.151367 0.007812 0.005859
0 0.251954 0.170899 0.007812 0.009765
0 0.232422 0.858399 0.007812 0.009765
0 0.170898 0.959960 0.009766 0.009765
