0 0.336914 0.413086 0.009766 0.009765
0 0.106446 0.072265 0.013672 0.011718
0 0.511718 0.601562 0.011718 0.011718
0 0.158204 0.409180 0.011718 0.009765
0 0.385742 0.319336 0.009766 0.009765
0 0.098632 0.100587 0.013672 0.009765
0 0.371094 0.379884 0.011718 0.009765
0 0.073242 0.086914 0.009766 0.009765
0 0.387696 0.553711 0.013672 0.009765
0 0.257812 0.019531 0.015624 0.015626
0 0.215820 0.595703 0.009766 0.011718
0 0.032226 0.150391 0.013672 0.011718
0 0.467774 0.167968 0.009766 0.011718
0 0.411132 0.711915 0.013672 0.009765
0 0.042968 0.830078 0.011718 0.011718
0 0.381836 0.580078 0.009766 0.011718
0 0.400390 0.684571 0.007812 0.013673
0 0.393554 0.294922 0.005860 0.007812
0 0.360352 0.313477 0.005860 0.005859
0 0.460938 0.321289 0.007812 0.009765
0 0.122070 0.500001 0.009766 0.007812
0 0.151368 0.531250 0.009766 0.007812
0 0.332032 0.530274 0.007812 0.005859
0 0.374024 0.500977 0.009766 0.009765
0 0.382812 0.653320 0.011718 0.009765
0 0.410156 0.691406 0.007812 0.007812
0 0.458008 0.726562 0.005860 0.007812
0 0.250976 0.700195 0.005860 0.009765
0 0.394532 0.091797 0.007812 0.007812
0 0.129882 0.239259 0.009766 0.009765
0 0.341796 0.173828 0.007812 0.007812
0 0.445312 0.170899 0.011718 0.009765
0 0.450196 0.031251 0.005860 0.007812
0 0.509766 0.202148 0.007812 0.009765
