0 0.195312 0.055664 0.003906 0.005859
0 0.081054 0.541992 0.005860 0.005859
0 0.010742 0.602540 0.005860 0.005859
0 0.819336 0.924804 0.005860 0.009765
0 0.382812 0.702148 0.007812 0.005859
0 0.125976 0.786134 0.009766 0.005859
0 0.821290 0.816406 0.005860 0.007812
0 0.842774 0.423828 0.005860 0.003906
0 0.160156 0.840820 0.007812 0.005859
0 0.811524 0.504884 0.005860 0.005859
0 0.504882 0.739259 0.005860 0.005859
0 0.556640 0.571288 0.003906 0.005859
0 0.619140 0.582032 0.003906 0.007812
0 0.745118 0.452148 0.005860 0.005859
0 0.642578 0.630859 0.007812 0.003906
0 0.791016 0.649415 0.003906 0.005859
0 0.636718 0.482422 0.007812 0.007812
0 0.563476 0.550782 0.005860 0.007812
0 0.262696 0.384765 0.005860 0.007812
0 0.218750 0.833009 0.007812 0.005859
0 0.840820 0.774414 0.005860 0.005859
0 0.748048 0.910156 0.007812 0.007812
0 0.676758 0.736328 0.005860 0.003906
0 0.638672 0.620116 0.007812 0.005859
0 0.897462 0.044922 0.005860 0.003906
0 0.167968 0.714843 0.007812 0.007812
0 0.810548 0.035157 0.007812 0.007812
0 0.902344 0.230469 0.007812 0.007812
0 0.825196 0.250001 0.009766 0.007812
0 0.290040 0.450195 0.005860 0.005859
0 0.234376 0.714843 0.007812 0.007812
0 0.291016 0.646485 0.007812 0.007812
0 0.327148 0.699219 0.009766 0.007812
0 0.768554 0.480468 0.009766 0.007812
0 0.873048 0.441407 0.007812 0.007812
0 0.519532 0.726562 0.007812 0.007812
0 0.503906 0.749023 0.007812 0.005859
0 0.660156 0.720703 0.007812 0.007812
0 0.637696 0.696290 0.009766 0.005859
0 0.906250 0.980469 0.003906 0.007812
0 0.900390 0.944335 0.007812 0.005859
0 0.613282 0.774414 0.003906 0.005859
0 0.457032 0.827148 0.007812 0.009765
0 0.441406 0.869141 0.007812 0.007812
0 0.271484 0.857422 0.007812 0.007812
