0 0.158204 0.336913 0.007812 0.005859
0 0.024414 0.912109 0.005860 0.003906
0 0.488282 0.744141 0.007812 0.003906
0 0.566406 0.681641 0.007812 0.003906
0 0.415040 0.726562 0.005860 0.003906
0 0.441406 0.774414 0.007812 0.005859
0 0.525390 0.460938 0.003906 0.003906
0 0.070312 0.989258 0.003906 0.005859
0 0.070312 0.710937 0.003906 0.003906
0 0.408204 0.707031 0.003906 0.007812
0 0.586914 0.568359 0.005860 0.003906
0 0.275390 0.847656 0.007812 0.007812
0 0.336914 0.911133 0.005860 0.005859
0 0.261718 0.772461 0.003906 0.005859
0 0.242188 0.815430 0.003906 0.005859
0 0.469726 0.598634 0.005860 0.005859
0 0.148438 0.895508 0.003906 0.005859
0 0.458008 0.818359 0.005860 0.003906
0 0.367188 0.833009 0.003906 0.005859
0 0.525390 0.548828 0.003906 0.007812
0 0.442382 0.677734 0.005860 0.003906
0 0.100586 0.855468 0.005860 0.003906
0 0.260742 0.803710 0.005860 0.005859
0 0.246094 0.996093 0.003906 0.003906
0 0.133790 0.978516 0.005860 0.003906
0 0.430664 0.750976 0.005860 0.005859
0 0.043946 0.754883 0.005860 0.005859
0 0.136718 0.870117 0.003906 0.005859
0 0.536132 0.793945 0.005860 0.005859
0 0.083008 0.926759 0.005860 0.005859
0 0.495118 0.761718 0.005860 0.003906
0 0.415040 0.840820 0.005860 0.005859
0 0.089844 0.750976 0.003906 0.005859
0 0.333984 0.709960 0.003906 0.005859
0 0.516602 0.614258 0.005860 0.005859
0 0.341796 0.430663 0.003906 0.005859
0 0.015624 0.988281 0.007812 0.003906
0 0.403320 0.980469 0.005860 0.003906
0 0.488282 0.657227 0.007812 0.005859
0 0.400390 0.578126 0.007812 0.007812
0 0.242188 0.796875 0.007812 0.007812
0 0.012696 0.926759 0.005860 0.005859
0 0.258790 0.911133 0.005860 0.005859
0 0.134766 0.751953 0.007812 0.007812
0 0.605468 0.422852 0.003906 0.005859
0 0.569336 0.705078 0.005860 0.007812
0 0.001953 0.829101 0.003906 0.005859
0 0.511718 0.902343 0.003906 0.003906
0 0.220704 0.235352 0.007812 0.009765
0 0.365234 0.147460 0.007812 0.005859
0 0.432618 0.333008 0.005860 0.009765
0 0.499024 0.563477 0.005860 0.005859
0 0.481446 0.615234 0.005860 0.003906
0 0.487304 0.620116 0.005860 0.005859
0 0.408204 0.612305 0.007812 0.009765
0 0.608398 0.623047 0.009766 0.007812
0 0.075196 0.580078 0.005860 0.003906
0 0.072266 0.573241 0.007812 0.005859
0 0.200196 0.539062 0.009766 0.007812
0 0.244140 0.524413 0.007812 0.005859
0 0.054688 0.521484 0.007812 0.007812
0 0.331054 0.714843 0.005860 0.007812
0 0.573242 0.843750 0.009766 0.007812
0 0.496094 0.892578 0.007812 0.007812
0 0.489258 0.778320 0.005860 0.005859
0 0.125000 0.879884 0.007812 0.005859
