0 0.318360 0.067383 0.011718 0.009765
0 0.832032 0.394531 0.015624 0.015626
0 0.415040 0.102540 0.009766 0.009765
0 0.711914 0.245117 0.009766 0.009765
0 0.942382 0.221680 0.009766 0.009765
0 0.315430 0.166015 0.009766 0.007812
0 0.666016 0.142578 0.015624 0.015626
0 0.485352 0.773437 0.013672 0.011718
0 0.300782 0.201172 0.015624 0.015626
0 0.979492 0.010742 0.009766 0.009765
0 0.533204 0.348633 0.011718 0.009765
0 0.986328 0.833984 0.011718 0.007812
0 0.444336 0.629882 0.009766 0.009765
0 0.375976 0.446288 0.013672 0.009765
0 0.537110 0.129883 0.011718 0.009765
0 0.594726 0.004883 0.013672 0.009766
0 0.609376 0.451172 0.015624 0.015626
0 0.383790 0.008790 0.009766 0.009765
0 0.571290 0.612304 0.009766 0.009765
0 0.687500 0.743164 0.011718 0.009765
0 0.400390 0.813476 0.007812 0.013673
0 0.126954 0.230468 0.011718 0.011718
0 0.096680 0.066406 0.009766 0.007812
0 0.880860 0.143554 0.019532 0.013672
0 0.311524 0.470703 0.009766 0.011718
0 0.272460 0.022460 0.005860 0.005859
0 0.062500 0.240235 0.011718 0.007812
