0 0.179688 0.229492 0.007812 0.005859
0 0.370118 0.737304 0.005860 0.005859
0 0.011718 0.779296 0.007812 0.007812
0 0.089844 0.989258 0.007812 0.005859
0 0.347656 0.241210 0.011718 0.009765
0 0.028320 0.900390 0.005860 0.003906
0 0.241210 0.628907 0.005860 0.007812
0 0.010742 0.375000 0.005860 0.003906
0 0.006836 0.666991 0.009766 0.009765
0 0.565430 0.619140 0.009766 0.007812
0 0.219726 0.634766 0.005860 0.003906
0 0.098632 0.950196 0.005860 0.005859
0 0.097656 0.250977 0.007812 0.009765
0 0.190430 0.855468 0.009766 0.007812
0 0.010742 0.817383 0.005860 0.005859
0 0.248046 0.490234 0.003906 0.003906
0 0.483398 0.658203 0.005860 0.007812
0 0.048828 0.280273 0.007812 0.009765
0 0.553710 0.258789 0.009766 0.009765
0 0.238282 0.585938 0.007812 0.007812
0 0.226562 0.546874 0.007812 0.007812
