0 0.538086 0.114258 0.005860 0.009765
0 0.505860 0.100586 0.007812 0.005859
0 0.226562 0.289062 0.007812 0.007812
0 0.191406 0.789063 0.007812 0.007812
0 0.977540 0.743165 0.009766 0.009765
0 0.865234 0.914062 0.007812 0.007812
0 0.820312 0.347657 0.007812 0.007812
0 0.103516 0.444336 0.007812 0.009765
0 0.869140 0.675782 0.007812 0.007812
0 0.730468 0.367188 0.007812 0.007812
0 0.134766 0.934570 0.007812 0.005859
0 0.607422 0.086915 0.007812 0.009765
0 0.857422 0.652344 0.007812 0.007812
0 0.809570 0.043945 0.005860 0.005859
0 0.708984 0.404297 0.007812 0.007812
0 0.742188 0.203126 0.019532 0.015626
0 0.271484 0.480468 0.007812 0.007812
0 0.247070 0.372070 0.005860 0.005859
0 0.333984 0.095703 0.007812 0.007812
0 0.314454 0.098632 0.007812 0.009765
0 0.634766 0.636718 0.007812 0.007812
0 0.891602 0.143555 0.005860 0.005859
0 0.314454 0.972657 0.007812 0.007812
0 0.519532 0.915039 0.007812 0.009765
0 0.368164 0.003906 0.005860 0.007812
0 0.220704 0.425781 0.007812 0.007812
0 0.712890 0.222657 0.007812 0.007812
0 0.092774 0.005859 0.009766 0.007812
0 0.704102 0.263672 0.009766 0.007812
0 0.816406 0.271485 0.007812 0.007812
0 0.856446 0.044922 0.005860 0.003906
0 0.923828 0.453124 0.007812 0.007812
0 0.168946 0.431640 0.005860 0.007812
0 0.156250 0.721680 0.007812 0.009765
0 0.638672 0.355468 0.007812 0.007812
0 0.878906 0.812501 0.007812 0.007812
0 0.913086 0.780273 0.005860 0.005859
0 0.596680 0.317383 0.009766 0.005859
0 0.859376 0.316407 0.007812 0.007812
0 0.111328 0.003906 0.007812 0.007812
0 0.308594 0.037110 0.007812 0.007812
0 0.363282 0.171875 0.007812 0.007812
0 0.550782 0.132813 0.007812 0.007812
0 0.621094 0.244140 0.007812 0.007812
0 0.687500 0.243164 0.007812 0.009765
0 0.220704 0.013673 0.007812 0.007812
0 0.315430 0.107423 0.005860 0.007812
0 0.583984 0.024414 0.007812 0.005859
0 0.588868 0.019532 0.005860 0.003906
0 0.456622 0.166953 0.010158 0.006882
0 0.458260 0.174325 0.008848 0.005898
0 0.457442 0.183009 0.009830 0.006882
0 0.031540 0.456500 0.011468 0.009421
0 0.507218 0.379908 0.006352 0.008084
0 0.468534 0.673211 0.007506 0.006928
0 0.236432 0.577367 0.006352 0.008083
0 0.801386 0.807159 0.008084 0.008083
