0 0.115234 0.523438 0.011718 0.011718
0 0.618164 0.521485 0.009766 0.007812
0 0.853516 0.571290 0.007812 0.005859
0 0.049804 0.193360 0.009766 0.007812
0 0.628906 0.461914 0.007812 0.005859
0 0.114258 0.757813 0.005860 0.007812
0 0.489258 0.226562 0.009766 0.007812
0 0.130860 0.205078 0.007812 0.007812
0 0.162110 0.095703 0.007812 0.007812
0 0.173828 0.391601 0.011718 0.009765
0 0.342774 0.786133 0.009766 0.009765
0 0.098632 0.623047 0.009766 0.007812
0 0.495118 0.802735 0.009766 0.007812
0 0.261718 0.760743 0.007812 0.009765
0 0.219726 0.252930 0.009766 0.009765
0 0.386718 0.616212 0.007812 0.005859
0 0.908204 0.219727 0.011718 0.009765
0 0.186524 0.666016 0.009766 0.007812
0 0.633790 0.312501 0.009766 0.007812
0 0.859376 0.229492 0.007812 0.005859
0 0.924804 0.710938 0.013672 0.011718
0 0.250000 0.852540 0.011718 0.009765
0 0.791992 0.080078 0.009766 0.007812
0 0.874024 0.736328 0.013672 0.011718
0 0.488282 0.075196 0.007812 0.009765
0 0.958984 0.182617 0.007812 0.005859
0 0.916992 0.374999 0.005860 0.007812
0 0.754882 0.650391 0.009766 0.007812
0 0.545898 0.833008 0.009766 0.013673
0 0.858398 0.832031 0.013672 0.011718
