0 0.519532 0.567383 0.011718 0.009765
0 0.098632 0.041993 0.009766 0.009765
0 0.616212 0.602540 0.009766 0.009765
0 0.913086 0.745117 0.009766 0.009765
0 0.579102 0.480468 0.009766 0.011718
0 0.697266 0.377929 0.011718 0.009765
0 0.516602 0.666015 0.009766 0.007812
0 0.354492 0.440430 0.009766 0.009765
0 0.867188 0.642578 0.015624 0.015626
0 0.469726 0.459962 0.017578 0.017579
0 0.501954 0.701172 0.015624 0.015626
0 0.400390 0.221679 0.011718 0.013672
0 0.734376 0.848633 0.011718 0.009765
0 0.796876 0.311523 0.015624 0.017579
0 0.239258 0.116211 0.009766 0.009765
0 0.967774 0.376953 0.013672 0.011718
0 0.864258 0.256836 0.009766 0.009765
0 0.577148 0.946288 0.013672 0.009765
0 0.738282 0.629883 0.011718 0.009765
0 0.369140 0.298828 0.015624 0.015625
0 0.795898 0.503907 0.013672 0.011718
0 0.810548 0.951172 0.015624 0.015626
0 0.584962 0.508790 0.009766 0.009765
0 0.282226 0.192383 0.009766 0.009765
0 0.618164 0.151367 0.009766 0.009765
0 0.328126 0.730468 0.011718 0.011718
0 0.165040 0.042969 0.009766 0.011718
0 0.297852 0.566406 0.009766 0.007812
0 0.512696 0.970703 0.009766 0.011718
0 0.473632 0.522460 0.005860 0.005859
0 0.263672 0.740235 0.011718 0.007812
0 0.127930 0.686523 0.005860 0.005859
