0 0.865234 0.533203 0.008594 0.004298
0 0.096680 0.713866 0.010742 0.006446
0 0.476562 0.086915 0.004296 0.006445
0 0.919922 0.908204 0.008594 0.012891
0 0.449218 0.090820 0.008594 0.006445
0 0.790040 0.020508 0.006446 0.006445
0 0.306640 0.565430 0.008594 0.010741
0 0.256798 0.899419 0.006332 0.006324
0 0.839844 0.035157 0.004296 0.008594
0 0.375976 0.163086 0.010742 0.010742
0 0.213868 0.739259 0.006446 0.006446
0 0.971680 0.359374 0.010742 0.008594
0 0.774414 0.532227 0.006446 0.006446
0 0.144532 0.803710 0.008594 0.006446
0 0.133790 0.304688 0.006446 0.004297
0 0.426758 0.534180 0.006446 0.006446
0 0.984376 0.366212 0.008594 0.006445
0 0.273438 0.014649 0.008594 0.010741
0 0.935546 0.159180 0.008594 0.010742
0 0.278320 0.722657 0.006446 0.008593
0 0.797852 0.024414 0.006446 0.006445
0 0.765624 0.765626 0.008594 0.004298
0 0.219726 0.313476 0.006446 0.006445
0 0.611328 0.498047 0.012890 0.008593
0 0.654296 0.567383 0.008594 0.006446
0 0.684570 0.732422 0.006446 0.008593
0 0.905274 0.237305 0.006446 0.010742
0 0.459960 0.265624 0.006446 0.008594
0 0.452148 0.676758 0.010742 0.010741
0 0.263672 0.830078 0.004296 0.004298
0 0.090820 0.013673 0.010742 0.012891
0 0.228516 0.074219 0.012890 0.008594
0 0.496094 0.421875 0.008594 0.008594
0 0.996874 0.574218 0.006251 0.008593
0 0.381836 0.643554 0.010742 0.010741
0 0.323242 0.498047 0.006446 0.004298
0 0.491210 0.412110 0.006446 0.008594
0 0.281250 0.514648 0.008594 0.006446
0 0.145508 0.791016 0.009766 0.007812
0 0.329102 0.904297 0.009766 0.011718
0 0.619140 0.779296 0.007812 0.007812
