0 0.146484 0.620116 0.011718 0.009765
0 0.059570 0.797851 0.009766 0.009765
0 0.067382 0.739259 0.005860 0.005859
0 0.787110 0.903321 0.007812 0.005859
0 0.212890 0.179688 0.007812 0.007812
0 0.556640 0.712890 0.007812 0.007812
0 0.766602 0.566406 0.009766 0.007812
0 0.249024 0.894531 0.009766 0.007812
0 0.566406 0.992187 0.023438 0.015626
0 0.214844 0.194335 0.007812 0.005859
0 0.251954 0.607422 0.007812 0.007812
0 0.033204 0.119140 0.007812 0.007812
0 0.446290 0.061524 0.009766 0.009765
0 0.717774 0.898437 0.005860 0.007812
0 0.922852 0.263672 0.009766 0.007812
0 0.201172 0.063477 0.007812 0.009765
0 0.158204 0.414063 0.007812 0.007812
0 0.127930 0.585938 0.009766 0.007812
0 0.077148 0.683593 0.009766 0.007812
0 0.665040 0.186524 0.009766 0.009765
0 0.351562 0.120117 0.007812 0.009765
0 0.681640 0.312499 0.007812 0.007812
0 0.953126 0.410157 0.007812 0.007812
0 0.958008 0.419922 0.005860 0.007812
0 0.783204 0.494141 0.007812 0.007812
0 0.306640 0.583008 0.007812 0.005859
0 0.663086 0.625977 0.005860 0.005859
0 0.306640 0.592773 0.003906 0.005859
0 0.939454 0.083985 0.007812 0.007812
0 0.267578 0.866211 0.007812 0.009765
0 0.605468 0.802734 0.007812 0.007812
