0 0.709960 0.269532 0.005860 0.003906
0 0.189454 0.633789 0.003906 0.005859
0 0.426758 0.721680 0.005860 0.005859
0 0.393554 0.346680 0.009766 0.009765
0 0.662110 0.870117 0.003906 0.001953
0 0.141602 0.662109 0.005860 0.003906
0 0.471680 0.599610 0.001954 0.003906
0 0.618164 0.841797 0.005860 0.003906
0 0.671876 0.139649 0.007812 0.005859
0 0.450196 0.545898 0.001954 0.005859
0 0.214844 0.951172 0.003906 0.003906
0 0.633790 0.115235 0.005860 0.007812
0 0.388672 0.733398 0.007812 0.005859
0 0.449218 0.492188 0.007812 0.003906
0 0.882812 0.459962 0.007812 0.005859
0 0.868164 0.646485 0.005860 0.007812
0 0.672852 0.853515 0.005860 0.003906
0 0.446290 0.891601 0.005860 0.005859
0 0.169922 0.966796 0.003906 0.007812
0 0.408204 0.852538 0.007812 0.005859
0 0.267840 0.654080 0.008320 0.008960
