0 0.840820 0.243165 0.009766 0.009765
0 0.615234 0.964843 0.011718 0.011718
0 0.523438 0.678710 0.007812 0.009765
0 0.491210 0.022460 0.009766 0.009765
0 0.751954 0.151367 0.011718 0.009765
0 0.400390 0.760743 0.007812 0.009765
0 0.647460 0.758790 0.009766 0.009765
0 0.818360 0.878906 0.007812 0.007812
0 0.943360 0.199219 0.007812 0.007812
0 0.569336 0.557617 0.005860 0.005859
0 0.485352 0.616212 0.009766 0.009765
0 0.478516 0.708985 0.007812 0.011718
0 0.817382 0.537109 0.005860 0.007812
0 0.423828 0.002929 0.007812 0.005858
0 0.846680 0.585937 0.009766 0.007812
0 0.689454 0.888672 0.007812 0.007812
0 0.830078 0.911132 0.007812 0.009765
0 0.978516 0.041016 0.007812 0.007812
0 0.928710 0.059570 0.009766 0.009765
0 0.688476 0.756837 0.009766 0.009765
0 0.442382 0.970703 0.009766 0.011718
0 0.958984 0.624024 0.011718 0.009765
0 0.019532 0.988282 0.011718 0.011718
0 0.344726 0.941407 0.009766 0.007812
0 0.308594 0.913085 0.011718 0.009765
0 0.683594 0.793945 0.011718 0.009765
0 0.493164 0.560547 0.009766 0.007812
0 0.783204 0.068359 0.007812 0.007812
0 0.975586 0.819335 0.017578 0.013673
0 0.303710 0.489258 0.005860 0.005859
0 0.692382 0.949219 0.009766 0.007812
0 0.346680 0.847657 0.009766 0.011718
0 0.440430 0.451172 0.009766 0.007812
0 0.925782 0.727538 0.007812 0.009765
0 0.317382 0.623047 0.009766 0.007812
0 0.288086 0.971680 0.009766 0.005859
0 0.579102 0.902344 0.009766 0.011718
0 0.899414 0.535156 0.009766 0.007812
0 0.653320 0.669922 0.009766 0.011718
0 0.335938 0.641602 0.007812 0.009765
0 0.332032 0.793945 0.007812 0.009765
0 0.534180 0.250976 0.013672 0.009765
0 0.258790 0.790039 0.009766 0.009765
0 0.784180 0.574219 0.009766 0.011718
0 0.873046 0.886719 0.007812 0.011718
0 0.164062 0.601562 0.011718 0.007812
0 0.237304 0.187499 0.009766 0.007812
0 0.528320 0.502930 0.009766 0.009765
0 0.845704 0.764649 0.011718 0.013673
0 0.888672 0.858399 0.007812 0.009765
0 0.584960 0.640626 0.009766 0.011718
0 0.118164 0.783203 0.009766 0.011718
0 0.270508 0.482422 0.009766 0.011718
0 0.423828 0.078126 0.007812 0.007812
0 0.545898 0.016602 0.009766 0.009765
0 0.750000 0.554688 0.007812 0.011718
0 0.472656 0.930664 0.007812 0.009765
0 0.952148 0.726562 0.009766 0.011718
0 0.304688 0.562499 0.007812 0.007812
0 0.735352 0.952149 0.017578 0.017578
0 0.685546 0.274414 0.007812 0.009765
0 0.300782 0.061523 0.007812 0.009765
0 0.657226 0.482422 0.009766 0.007812
0 0.373362 0.351289 0.011146 0.009834
0 0.529720 0.918706 0.013112 0.014422
0 0.904392 0.794799 0.012456 0.011801
0 0.517578 0.437500 0.007812 0.007812
0 0.391602 0.424804 0.009766 0.009765
0 0.106446 0.788086 0.009766 0.009765
0 0.268554 0.791016 0.009766 0.007812
0 0.957032 0.983398 0.007812 0.009765
0 0.081054 0.807618 0.009766 0.009765
0 0.636718 0.561523 0.007812 0.005859
0 0.520508 0.988282 0.009766 0.007812
0 0.512696 0.987304 0.005860 0.005859
0 0.510742 0.995118 0.009766 0.009765
