0 0.028523 0.658687 0.010926 0.010670
0 0.443150 0.497449 0.010726 0.010662
0 0.207625 0.778923 0.009153 0.009038
0 0.285541 0.990413 0.009157 0.008805
0 0.533000 0.638399 0.008405 0.008862
0 0.346231 0.260773 0.009129 0.009368
0 0.053860 0.770140 0.012903 0.011943
0 0.234869 0.410755 0.010065 0.008780
0 0.112286 0.751927 0.009173 0.008800
0 0.223675 0.522377 0.008027 0.008342
0 0.004383 0.971001 0.007307 0.009384
0 0.184561 0.831264 0.009223 0.009061
0 0.247919 0.301256 0.011589 0.011923
0 0.009111 0.816150 0.012279 0.012186
0 0.069067 0.642707 0.008840 0.009095
0 0.181973 0.853903 0.008425 0.007856
0 0.311646 0.993432 0.011633 0.011872
0 0.373361 0.468004 0.009503 0.009533
0 0.603840 0.222649 0.007700 0.007569
0 0.317133 0.983217 0.009091 0.008392
