0 0.050782 0.430663 0.011718 0.009765
0 0.057618 0.245117 0.005860 0.005859
0 0.039062 0.788087 0.007812 0.005859
0 0.380860 0.229492 0.007812 0.005859
0 0.571290 0.737304 0.005860 0.005859
0 0.212890 0.779296 0.007812 0.007812
0 0.106446 0.293946 0.009766 0.005859
0 0.291016 0.989258 0.007812 0.005859
0 0.548828 0.241210 0.011718 0.009765
0 0.229492 0.900390 0.005860 0.003906
0 0.442382 0.628907 0.005860 0.007812
0 0.211914 0.375000 0.005860 0.003906
0 0.208008 0.666991 0.009766 0.009765
0 0.192382 0.750000 0.005860 0.007812
0 0.766602 0.619140 0.009766 0.007812
0 0.161132 0.447266 0.005860 0.003906
0 0.420898 0.634766 0.005860 0.003906
0 0.299804 0.950196 0.005860 0.005859
0 0.041992 0.298828 0.005860 0.011718
0 0.298828 0.250977 0.007812 0.009765
0 0.025390 0.909180 0.007812 0.009765
0 0.391602 0.855468 0.009766 0.007812
0 0.211914 0.817383 0.005860 0.005859
0 0.449218 0.490234 0.003906 0.003906
0 0.684570 0.658203 0.005860 0.007812
0 0.250000 0.280273 0.007812 0.009765
0 0.175782 0.984375 0.011718 0.015626
0 0.754882 0.258789 0.009766 0.009765
0 0.439454 0.585938 0.007812 0.007812
0 0.427734 0.546874 0.007812 0.007812
