0 0.902344 0.542968 0.007812 0.007812
0 0.191406 0.289063 0.007812 0.007812
0 0.977540 0.243165 0.009766 0.009765
0 0.164062 0.597656 0.007812 0.007812
0 0.865234 0.414062 0.007812 0.007812
0 0.869140 0.175782 0.007812 0.007812
0 0.134766 0.434570 0.007812 0.005859
0 0.857422 0.152344 0.007812 0.007812
0 0.634766 0.136718 0.007812 0.007812
0 0.314454 0.472657 0.007812 0.007812
0 0.519532 0.415039 0.007812 0.009765
0 0.156250 0.221680 0.007812 0.009765
0 0.878906 0.312501 0.007812 0.007812
0 0.913086 0.280273 0.005860 0.005859
0 0.468534 0.173211 0.007506 0.006928
0 0.236432 0.077367 0.006352 0.008083
0 0.093534 0.627020 0.009238 0.009238
0 0.801386 0.307159 0.008084 0.008083
