0 0.978516 0.349609 0.007812 0.003906
0 0.129882 0.289063 0.005860 0.003906
0 0.229492 0.146485 0.005860 0.003906
0 0.369140 0.318359 0.007812 0.003906
0 0.962890 0.269531 0.003906 0.007812
0 0.902344 0.429688 0.003906 0.007812
0 0.932618 0.441406 0.005860 0.007812
0 0.683594 0.973633 0.003906 0.005859
0 0.627930 0.411133 0.005860 0.005859
0 0.146484 0.532226 0.007812 0.005859
0 0.900390 0.664063 0.003906 0.003906
0 0.871094 0.324219 0.003906 0.003906
0 0.774414 0.987304 0.005860 0.005859
0 0.567382 0.235351 0.005860 0.005859
0 0.213868 0.352538 0.005860 0.005859
0 0.739258 0.492187 0.005860 0.003906
0 0.990234 0.570313 0.003906 0.003906
0 0.041992 0.112305 0.005860 0.009765
0 0.614258 0.524415 0.005860 0.001953
0 0.665040 0.865234 0.005860 0.003906
0 0.612304 0.570313 0.005860 0.003906
0 0.852540 0.662110 0.005860 0.003906
0 0.219726 0.191407 0.005860 0.007812
0 0.651368 0.707032 0.005860 0.007812
0 0.269532 0.908203 0.007812 0.007812
0 0.059570 0.069335 0.005860 0.005859
0 0.391602 0.461914 0.005860 0.005859
0 0.105468 0.506836 0.003906 0.005859
0 0.120118 0.397460 0.005860 0.005859
0 0.290040 0.992188 0.005860 0.003906
0 0.938476 0.336915 0.005860 0.005859
0 0.541016 0.542968 0.007812 0.003906
0 0.668946 0.398437 0.005860 0.007812
0 0.739258 0.380860 0.005860 0.003906
0 0.504882 0.333009 0.005860 0.005859
0 0.163086 0.075196 0.005860 0.005859
0 0.209960 0.481445 0.005860 0.005859
0 0.824218 0.284179 0.003906 0.009765
0 0.003906 0.007813 0.007812 0.003906
0 0.229492 0.564453 0.005860 0.007812
0 0.875000 0.238282 0.007812 0.007812
0 0.098632 0.481445 0.005860 0.005859
0 0.366210 0.587890 0.005860 0.003906
0 0.176758 0.579101 0.005860 0.005859
0 0.891602 0.270508 0.005860 0.005859
0 0.851562 0.557617 0.003906 0.001953
0 0.594726 0.752929 0.005860 0.009765
0 0.136718 0.625976 0.003906 0.005859
0 0.317382 0.408204 0.005860 0.007812
0 0.709960 0.406251 0.005860 0.007812
0 0.889648 0.450196 0.005860 0.005859
0 0.972656 0.693359 0.007812 0.003906
0 0.251954 0.601562 0.003906 0.003906
0 0.986328 0.392578 0.007812 0.003906
0 0.088868 0.460938 0.005860 0.003906
0 0.926758 0.244141 0.005860 0.003906
0 0.254882 0.511719 0.005860 0.003906
0 0.526368 0.535156 0.005860 0.007812
0 0.864258 0.966797 0.005860 0.003906
0 0.903320 0.934570 0.005860 0.005859
0 0.375000 0.083984 0.007812 0.007812
0 0.018554 0.864257 0.005860 0.005859
0 0.934570 0.761719 0.005860 0.003906
0 0.026368 0.961913 0.005860 0.005859
0 0.418946 0.403321 0.005860 0.005859
0 0.517578 0.450196 0.003906 0.005859
0 0.528320 0.363281 0.005860 0.007812
0 0.267578 0.481445 0.007812 0.005859
0 0.758790 0.374999 0.005860 0.007812
0 0.147460 0.404297 0.005860 0.003906
0 0.378906 0.714844 0.007812 0.003906
0 0.087890 0.140624 0.007812 0.007812
0 0.579102 0.191407 0.005860 0.007812
0 0.747070 0.881836 0.005860 0.005859
0 0.719726 0.550781 0.005860 0.007812
0 0.862304 0.889648 0.005860 0.005859
0 0.207032 0.045898 0.003906 0.005859
0 0.028320 0.972656 0.005860 0.007812
0 0.671876 0.494140 0.007812 0.007812
0 0.513672 0.488281 0.007812 0.007812
0 0.484376 0.016602 0.007812 0.005859
0 0.552734 0.054688 0.007812 0.007812
0 0.791016 0.051759 0.007812 0.009765
0 0.636718 0.087891 0.007812 0.007812
0 0.916992 0.022460 0.025390 0.017578
0 0.877930 0.072265 0.009766 0.007812
0 0.886718 0.112305 0.007812 0.005859
0 0.898438 0.125001 0.007812 0.007812
0 0.878906 0.134766 0.007812 0.007812
0 0.891602 0.152344 0.009766 0.007812
0 0.934570 0.172852 0.009766 0.009765
0 0.723632 0.219727 0.009766 0.009765
0 0.289062 0.013672 0.007812 0.007812
0 0.589844 0.139648 0.007812 0.009765
0 0.519532 0.107422 0.007812 0.007812
0 0.486328 0.111328 0.007812 0.007812
0 0.560546 0.227539 0.003906 0.005859
0 0.553710 0.221680 0.005860 0.005859
0 0.751954 0.186523 0.007812 0.009765
0 0.409180 0.238282 0.005860 0.007812
0 0.341796 0.076172 0.007812 0.007812
0 0.284180 0.006837 0.005860 0.005859
0 0.417968 0.114258 0.007812 0.005859
0 0.411132 0.113281 0.005860 0.007812
0 0.194336 0.131836 0.005860 0.005859
0 0.129882 0.126953 0.005860 0.003906
0 0.045898 0.216797 0.005860 0.007812
0 0.687500 0.325195 0.007812 0.005859
0 0.953124 0.470703 0.007812 0.011718
0 0.987304 0.499024 0.005860 0.005859
0 0.017578 0.308593 0.007812 0.011718
0 0.155274 0.367188 0.009766 0.007812
0 0.092774 0.406251 0.005860 0.007812
0 0.069336 0.523438 0.005860 0.007812
0 0.308594 0.464844 0.007812 0.007812
0 0.305664 0.486328 0.005860 0.007812
0 0.359376 0.501953 0.007812 0.007812
0 0.354492 0.531250 0.009766 0.007812
0 0.176758 0.340820 0.005860 0.005859
0 0.168946 0.343750 0.005860 0.003906
0 0.043946 0.506836 0.005860 0.005859
0 0.403320 0.547852 0.005860 0.005859
0 0.484376 0.487305 0.007812 0.005859
0 0.486328 0.497071 0.007812 0.005859
0 0.405274 0.557617 0.005860 0.005859
0 0.264648 0.632812 0.009766 0.007812
0 0.156250 0.625000 0.007812 0.007812
0 0.629882 0.642578 0.005860 0.007812
0 0.631836 0.637696 0.005860 0.005859
0 0.703124 0.555664 0.003906 0.005859
0 0.708984 0.557617 0.007812 0.005859
0 0.656250 0.375976 0.007812 0.005859
0 0.534180 0.368164 0.005860 0.005859
0 0.481446 0.361329 0.005860 0.007812
0 0.410156 0.624024 0.007812 0.005859
0 0.353516 0.656249 0.007812 0.003906
0 0.358398 0.717774 0.009766 0.005859
0 0.359376 0.726562 0.007812 0.007812
0 0.409180 0.792969 0.005860 0.003906
0 0.500000 0.786133 0.007812 0.005859
0 0.500976 0.791992 0.005860 0.005859
0 0.500976 0.801759 0.005860 0.005859
0 0.550782 0.719726 0.007812 0.009765
0 0.583008 0.734376 0.009766 0.007812
0 0.307618 0.607422 0.005860 0.007812
0 0.299804 0.605469 0.005860 0.007812
0 0.728516 0.728515 0.007812 0.007812
0 0.843750 0.485351 0.007812 0.005859
0 0.836914 0.484375 0.005860 0.007812
0 0.798828 0.503906 0.007812 0.003906
0 0.801758 0.516601 0.005860 0.005859
0 0.802734 0.578125 0.007812 0.007812
0 0.808594 0.693359 0.011718 0.007812
0 0.789062 0.825196 0.007812 0.009765
0 0.951172 0.834961 0.007812 0.005859
0 0.733398 0.863281 0.009766 0.007812
0 0.506836 0.713868 0.005860 0.005859
0 0.440430 0.559570 0.005860 0.005859
