0 0.103413 0.130716 0.012495 0.012785
0 0.205179 0.431968 0.014543 0.015250
0 0.278374 0.119807 0.011294 0.011185
0 0.110935 0.700883 0.009384 0.009802
0 0.043743 0.168812 0.009725 0.009430
0 0.009965 0.428029 0.008708 0.009185
0 0.005173 0.929084 0.008237 0.011043
0 0.988545 0.174339 0.013315 0.013007
0 0.684684 0.723426 0.008670 0.008494
0 0.207770 0.996060 0.010716 0.007422
0 0.511213 0.768242 0.008381 0.008185
0 0.224647 0.587268 0.009536 0.009920
0 0.066865 0.975277 0.008059 0.008209
0 0.509224 0.639515 0.009266 0.009535
0 0.446736 0.990702 0.008200 0.008613
0 0.480516 0.327503 0.009623 0.009525
0 0.393517 0.005576 0.013335 0.010051
0 0.973280 0.322549 0.007820 0.007579
0 0.560510 0.719169 0.009654 0.009519
0 0.854011 0.242387 0.008547 0.010233
0 0.504846 0.543944 0.007515 0.007677
0 0.519073 0.477882 0.008582 0.008374
0 0.443532 0.420817 0.007992 0.008071
0 0.436024 0.584390 0.007610 0.007642
0 0.285471 0.235957 0.007695 0.007805
0 0.936628 0.228398 0.008766 0.008870
0 0.171286 0.333718 0.008468 0.008468
0 0.984988 0.328714 0.006928 0.010778
0 0.366051 0.762895 0.010008 0.010778
0 0.737105 0.360662 0.006928 0.006928
