0 0.148438 0.878907 0.007812 0.007812
0 0.665040 0.747070 0.009766 0.009765
0 0.521484 0.740235 0.007812 0.007812
0 0.416016 0.996094 0.007812 0.007811
0 0.423828 0.617187 0.007812 0.007812
0 0.463868 0.794922 0.009766 0.007812
0 0.365234 0.933594 0.007812 0.007812
0 0.602540 0.563477 0.009766 0.009765
0 0.386718 0.917969 0.007812 0.007812
0 0.891602 0.721680 0.009766 0.009765
0 0.882812 0.563477 0.007812 0.009765
0 0.826172 0.488282 0.007812 0.007812
0 0.824218 0.919921 0.007812 0.007812
0 0.453124 0.619140 0.007812 0.007812
0 0.949218 0.732422 0.007812 0.007812
0 0.956054 0.730468 0.005860 0.007812
0 0.877930 0.604492 0.005860 0.005859
0 0.761718 0.517578 0.007812 0.007812
