0 0.381836 0.428710 0.009766 0.009765
0 0.601562 0.261718 0.007812 0.007812
0 0.114258 0.416016 0.009766 0.007812
0 0.251954 0.399414 0.007812 0.009765
0 0.212890 0.507813 0.007812 0.007812
0 0.065430 0.178711 0.009766 0.009765
0 0.706054 0.552735 0.005860 0.007812
0 0.505860 0.398438 0.007812 0.007812
0 0.412110 0.564453 0.007812 0.007812
0 0.009766 0.975587 0.007812 0.005859
0 0.410156 0.503907 0.007812 0.007812
0 0.525390 0.958008 0.007812 0.005859
0 0.750000 0.527343 0.007812 0.007812
0 0.647462 0.451172 0.009766 0.007812
0 0.457032 0.646485 0.007812 0.007812
0 0.074218 0.738282 0.007812 0.007812
0 0.115234 0.353515 0.007812 0.007812
0 0.558594 0.593749 0.007812 0.007812
0 0.244140 0.593749 0.007812 0.007812
0 0.634766 0.651367 0.007812 0.005859
0 0.453126 0.670899 0.007812 0.009765
