0 0.771484 0.775390 0.009374 0.009375
0 0.375976 0.290040 0.007032 0.007030
0 0.192382 0.085938 0.007032 0.009375
0 0.589844 0.182617 0.004688 0.007030
0 0.291992 0.396484 0.007032 0.009375
0 0.041016 0.799804 0.009374 0.007030
0 0.259766 0.473634 0.009374 0.007030
0 0.126954 0.126953 0.009374 0.009375
0 0.530274 0.703124 0.007032 0.009375
0 0.214844 0.657226 0.009374 0.011718
0 0.291992 0.457031 0.007032 0.009375
0 0.458984 0.124024 0.009374 0.007030
0 0.283204 0.519532 0.004688 0.009375
0 0.026368 0.510742 0.007032 0.007030
0 0.626954 0.705078 0.009374 0.009375
0 0.320312 0.736328 0.004688 0.009375
0 0.590820 0.235351 0.007032 0.007030
0 0.510742 0.417969 0.007032 0.004687
0 0.511718 0.595703 0.004688 0.009375
0 0.428712 0.563476 0.007032 0.007030
0 0.408204 0.564453 0.009374 0.004688
0 0.995118 0.567384 0.007032 0.007030
0 0.255860 0.797851 0.009374 0.007030
0 0.540040 0.281249 0.007032 0.009375
0 0.433594 0.062500 0.004688 0.009375
0 0.099610 0.828126 0.009374 0.009375
0 0.458008 0.281249 0.007032 0.004687
0 0.498048 0.290040 0.009374 0.007030
0 0.524414 0.358399 0.007032 0.007030
0 0.397462 0.452149 0.007032 0.007030
0 0.333984 0.635741 0.004688 0.007030
0 0.490234 0.434570 0.007812 0.005859
