0 0.084466 0.948626 0.013309 0.013793
0 0.035125 0.825188 0.009372 0.009242
0 0.200325 0.104938 0.009989 0.009799
0 0.561337 0.775013 0.011197 0.011774
0 0.612712 0.888746 0.009186 0.009284
0 0.060373 0.612901 0.009607 0.009831
0 0.952878 0.364312 0.011603 0.011969
0 0.964323 0.263292 0.009173 0.009103
0 0.798804 0.888791 0.008484 0.008975
0 0.761003 0.700658 0.008705 0.008910
0 0.395560 0.994369 0.010282 0.009593
0 0.458932 0.589710 0.009236 0.009130
0 0.828881 0.575912 0.009558 0.009749
0 0.527901 0.915726 0.009885 0.009222
0 0.957020 0.495710 0.010228 0.010152
0 0.415865 0.114886 0.010985 0.011296
0 0.896755 0.590520 0.008637 0.008556
0 0.636741 0.044723 0.007299 0.007555
0 0.983152 0.035379 0.008212 0.008359
0 0.260822 0.971740 0.008040 0.008229
0 0.662986 0.126702 0.009684 0.009894
0 0.193187 0.698142 0.008008 0.007956
0 0.004867 0.084134 0.006921 0.008459
0 0.120069 0.573165 0.008863 0.008894
0 0.966899 0.372290 0.007958 0.007939
0 0.050680 0.952024 0.007955 0.008565
0 0.392697 0.803942 0.009364 0.009669
0 0.862806 0.785195 0.007139 0.007120
0 0.207434 0.860146 0.010690 0.009855
0 0.979720 0.288074 0.007371 0.008321
0 0.877984 0.113007 0.007159 0.007244
0 0.584306 0.924235 0.008304 0.007967
0 0.842256 0.739005 0.007894 0.007873
0 0.203108 0.906931 0.013316 0.015054
0 0.953911 0.756179 0.009229 0.009384
0 0.654003 0.994688 0.008057 0.008261
0 0.995416 0.156390 0.007313 0.010725
0 0.792214 0.158373 0.007092 0.007054
0 0.652582 0.646351 0.006745 0.007174
0 0.295810 0.916980 0.007717 0.007566
0 0.885791 0.619694 0.006774 0.006787
0 0.267656 0.777904 0.006730 0.007050
0 0.511200 0.153212 0.006776 0.007144
0 0.506480 0.401876 0.007530 0.007158
0 0.424652 0.090383 0.009792 0.009613
0 0.823711 0.271594 0.010470 0.009854
0 0.446128 0.146821 0.006405 0.006898
