0 0.117188 0.303711 0.008594 0.006445
0 0.027344 0.834962 0.008594 0.006446
0 0.068360 0.131836 0.004296 0.006445
0 0.242188 0.958008 0.008594 0.006446
0 0.473632 0.915039 0.006446 0.006446
0 0.160156 0.626953 0.012890 0.012891
0 0.426758 0.586914 0.006446 0.006446
0 0.428710 0.806640 0.006446 0.004298
0 0.272460 0.333008 0.006446 0.006445
0 0.332032 0.994140 0.008594 0.004298
0 0.369140 0.662109 0.004296 0.004298
0 0.198242 0.598634 0.006446 0.006446
0 0.352540 0.096680 0.006446 0.006445
0 0.489258 0.853515 0.006446 0.004298
0 0.259766 0.395508 0.004296 0.006445
0 0.379882 0.899413 0.006446 0.006446
0 0.224610 0.172851 0.008594 0.006445
0 0.378906 0.172851 0.008594 0.006445
0 0.140624 0.926759 0.008594 0.010741
0 0.306640 0.645509 0.004296 0.006446
0 0.286132 0.781249 0.010742 0.008593
0 0.220704 0.442383 0.008594 0.006445
0 0.270508 0.603516 0.006446 0.004298
0 0.674804 0.197265 0.006446 0.008593
0 0.306640 0.328125 0.008594 0.008594
0 0.297852 0.504884 0.006446 0.006446
0 0.369140 0.825195 0.008594 0.006446
0 0.247070 0.615234 0.006446 0.008593
0 0.285156 0.597657 0.008594 0.008593
0 0.274414 0.619140 0.006446 0.004298
0 0.205078 0.664062 0.008594 0.008593
0 0.298828 0.348633 0.004296 0.006445
0 0.344726 0.445312 0.006446 0.008594
0 0.218750 0.119140 0.008594 0.008594
0 0.308594 0.806640 0.004296 0.004298
0 0.291016 0.809571 0.008594 0.006446
0 0.193360 0.279297 0.008594 0.008594
0 0.458008 0.397461 0.006446 0.002148
0 0.262696 0.424804 0.006446 0.010741
0 0.332032 0.734374 0.008594 0.008593
0 0.214844 0.827148 0.008594 0.006446
0 0.345704 0.334960 0.008594 0.006445
0 0.332032 0.845703 0.008594 0.008593
0 0.309570 0.410157 0.006446 0.008594
0 0.166016 0.328125 0.008594 0.008594
0 0.362304 0.029296 0.010742 0.008593
0 0.284180 0.669922 0.010742 0.008593
0 0.145508 0.530274 0.010742 0.010741
0 0.174804 0.171875 0.010742 0.008593
0 0.360352 0.866211 0.006446 0.006446
0 0.441406 0.594726 0.008594 0.006446
0 0.450196 0.309570 0.006446 0.006445
0 0.330078 0.578126 0.008594 0.008593
0 0.384766 0.684570 0.008594 0.006446
0 0.347656 0.407226 0.008594 0.006445
0 0.333008 0.667968 0.006446 0.004298
0 0.293946 0.455078 0.006446 0.004297
0 0.041016 0.918945 0.008594 0.006446
0 0.330078 0.609375 0.004296 0.004298
0 0.313476 0.512695 0.006446 0.006446
0 0.285156 0.421875 0.008594 0.008594
0 0.479492 0.764649 0.006446 0.006446
0 0.394532 0.328125 0.008594 0.008594
0 0.143554 0.400391 0.006446 0.004297
0 0.296876 0.770508 0.008594 0.010741
0 0.359376 0.231445 0.008594 0.006445
0 0.542968 0.174804 0.004296 0.006445
0 0.279296 0.718751 0.008594 0.008593
0 0.266602 0.544922 0.006446 0.004298
0 0.234376 0.672852 0.008594 0.006446
0 0.478516 0.012696 0.008594 0.006445
0 0.298828 0.622071 0.008594 0.006446
0 0.372070 0.196289 0.006446 0.006445
0 0.387696 0.360351 0.010742 0.010741
0 0.453124 0.476562 0.008594 0.008594
0 0.412110 0.484376 0.008594 0.008594
0 0.344726 0.499999 0.010742 0.008594
0 0.327148 0.438477 0.010742 0.010741
0 0.325196 0.235352 0.009766 0.005859
0 0.324218 0.244140 0.007812 0.007812
0 0.316406 0.243164 0.003906 0.005859
0 0.281250 0.200196 0.007812 0.009765
0 0.328124 0.131836 0.007812 0.009765
0 0.297852 0.083008 0.005860 0.005859
0 0.228516 0.360351 0.007812 0.005859
0 0.237304 0.373047 0.009766 0.007812
0 0.291016 0.490234 0.007812 0.007812
0 0.295898 0.477538 0.009766 0.009765
0 0.289062 0.507813 0.007812 0.007812
0 0.154296 0.544922 0.011718 0.011718
0 0.132812 0.507813 0.011718 0.011718
0 0.296876 0.708008 0.007812 0.009765
0 0.330078 0.684570 0.007812 0.009765
0 0.328124 0.702148 0.007812 0.009765
0 0.420898 0.320313 0.009766 0.007812
0 0.426758 0.084961 0.009766 0.009765
0 0.302734 0.822266 0.007812 0.007812
0 0.247070 0.834962 0.009766 0.005859
0 0.180664 0.865234 0.005860 0.007812
0 0.187500 0.870117 0.003906 0.005859
0 0.333008 0.858399 0.005860 0.005859
0 0.331054 0.866211 0.009766 0.009765
0 0.467774 0.835938 0.005860 0.007812
0 0.506836 0.872070 0.005860 0.005859
0 0.254882 0.943359 0.009766 0.011718
0 0.284180 0.996094 0.009766 0.007811
0 0.275390 0.992187 0.007812 0.007812
0 0.049804 0.916992 0.005860 0.009765
