0 0.802735 0.024414 0.021485 0.019337
0 0.222659 0.814453 0.012894 0.017188
0 0.579099 0.827149 0.015041 0.019337
0 0.979492 0.091797 0.015041 0.017188
0 0.772461 0.208984 0.015041 0.012890
0 0.364257 0.927736 0.015041 0.017188
0 0.292967 0.100587 0.012894 0.015039
0 0.293944 0.068359 0.015041 0.021483
0 0.263670 0.104494 0.021485 0.023632
0 0.209962 0.584962 0.019334 0.015039
0 0.197265 0.601562 0.017187 0.025781
0 0.212893 0.608400 0.021485 0.023632
0 0.105467 0.151366 0.017187 0.019337
0 0.703125 0.288084 0.021485 0.023632
