0 0.355468 0.632812 0.003906 0.003906
0 0.074218 0.441407 0.003906 0.007812
0 0.168946 0.598634 0.005860 0.005859
0 0.869140 0.976563 0.003906 0.003906
0 0.117188 0.568359 0.007812 0.003906
0 0.115234 0.304688 0.003906 0.003906
0 0.462890 0.348633 0.007812 0.005859
0 0.347656 0.676758 0.007812 0.005859
0 0.321290 0.617187 0.005860 0.003906
0 0.226562 0.459962 0.003906 0.005859
0 0.256836 0.775391 0.005860 0.003906
0 0.680664 0.539062 0.005860 0.003906
0 0.129882 0.494141 0.005860 0.003906
0 0.031250 0.443359 0.007812 0.007812
0 0.118164 0.909180 0.005860 0.005859
0 0.019532 0.912109 0.007812 0.003906
0 0.756836 0.895508 0.005860 0.005859
0 0.114258 0.540039 0.005860 0.005859
0 0.496094 0.803710 0.003906 0.005859
0 0.213868 0.627930 0.005860 0.009765
0 0.447266 0.894531 0.003906 0.007812
0 0.676758 0.254883 0.005860 0.005859
0 0.800782 0.883790 0.007812 0.005859
0 0.315430 0.262695 0.009766 0.005859
0 0.832032 0.223633 0.007812 0.005859
0 0.632812 0.817383 0.003906 0.005859
0 0.520508 0.947265 0.005860 0.003906
0 0.339844 0.838867 0.003906 0.005859
0 0.500000 0.569335 0.007812 0.005859
0 0.801758 0.977540 0.005860 0.005859
0 0.627930 0.471679 0.005860 0.005859
0 0.694336 0.719727 0.005860 0.005859
0 0.433594 0.972657 0.003906 0.007812
0 0.613282 0.594726 0.007812 0.005859
0 0.269532 0.003906 0.007812 0.007812
0 0.082032 0.970703 0.007812 0.007812
0 0.869140 0.864258 0.003906 0.005859
0 0.411132 0.493164 0.005860 0.005859
0 0.382812 0.230469 0.007812 0.003906
0 0.642578 0.973634 0.003906 0.005859
0 0.337890 0.968749 0.007812 0.007812
0 0.540040 0.360351 0.005860 0.005859
0 0.777344 0.366212 0.003906 0.005859
0 0.274414 0.891601 0.005860 0.005859
0 0.185546 0.555665 0.003906 0.005859
0 0.955078 0.767579 0.003906 0.003906
0 0.816406 0.808593 0.007812 0.003906
0 0.929688 0.988281 0.003906 0.007812
0 0.888672 0.858399 0.003906 0.005859
0 0.878906 0.668946 0.007812 0.005859
0 0.171876 0.703125 0.003906 0.003906
0 0.247070 0.884766 0.005860 0.007812
0 0.227540 0.968749 0.005860 0.007812
0 0.076172 0.512695 0.003906 0.005859
0 0.332032 0.531251 0.007812 0.007812
0 0.383790 0.998047 0.005860 0.003906
0 0.245118 0.075195 0.005860 0.005859
0 0.434570 0.950196 0.005860 0.005859
0 0.664062 0.851562 0.003906 0.003906
0 0.850586 0.703125 0.005860 0.007812
0 0.629882 0.092774 0.005860 0.005859
0 0.282226 0.852538 0.005860 0.005859
0 0.707032 0.673828 0.007812 0.003906
0 0.033204 0.553712 0.003906 0.005859
0 0.547852 0.890625 0.005860 0.003906
0 0.082032 0.592773 0.007812 0.005859
0 0.636718 0.288085 0.003906 0.005859
0 0.045898 0.546874 0.005860 0.003906
0 0.918946 0.534180 0.005860 0.009765
0 0.341796 0.068360 0.003906 0.007812
0 0.158204 0.216797 0.011718 0.007812
0 0.287110 0.561523 0.007812 0.005859
0 0.394532 0.968749 0.007812 0.007812
0 0.839844 0.890625 0.003906 0.007812
0 0.679688 0.393555 0.007812 0.005859
0 0.219726 0.892578 0.005860 0.007812
0 0.485352 0.438477 0.005860 0.005859
0 0.763672 0.571288 0.003906 0.005859
0 0.786132 0.860352 0.005860 0.005859
0 0.415040 0.499999 0.005860 0.007812
0 0.613282 0.974610 0.007812 0.003906
0 0.028320 0.825195 0.005860 0.005859
0 0.037110 0.964844 0.003906 0.003906
0 0.234376 0.996093 0.007812 0.003906
0 0.123046 0.425781 0.003906 0.007812
0 0.014648 0.034179 0.005860 0.009765
0 0.632812 0.415040 0.003906 0.005859
0 0.199628 0.468421 0.004590 0.008523
0 0.206512 0.466128 0.007868 0.010490
0 0.505860 0.359374 0.007812 0.007812
0 0.255860 0.614258 0.003906 0.005859
0 0.860352 0.275391 0.005860 0.007812
0 0.468750 0.562500 0.007812 0.007812
0 0.646484 0.591797 0.007812 0.007812
0 0.681640 0.706055 0.003906 0.005859
0 0.687500 0.711913 0.003906 0.005859
0 0.718750 0.623047 0.007812 0.007812
0 0.610352 0.499999 0.005860 0.007812
0 0.639648 0.415040 0.009766 0.005859
0 0.630860 0.422852 0.007812 0.005859
0 0.631836 0.430663 0.009766 0.005859
0 0.538086 0.597657 0.005860 0.007812
0 0.544922 0.599610 0.007812 0.007812
0 0.536132 0.723633 0.005860 0.009765
0 0.304688 0.828124 0.007812 0.007812
0 0.005860 0.936524 0.007812 0.009765
0 0.084960 0.858399 0.009766 0.009765
0 0.171876 0.994140 0.007812 0.007812
0 0.216796 0.947265 0.007812 0.007812
0 0.488282 0.988281 0.007812 0.007812
0 0.610352 0.846680 0.005860 0.005859
0 0.617188 0.843750 0.007812 0.003906
0 0.618164 0.849609 0.005860 0.003906
0 0.647460 0.936524 0.009766 0.009765
0 0.643554 0.924804 0.005860 0.005859
0 0.614258 0.982422 0.005860 0.007812
0 0.968750 0.966796 0.003906 0.007812
0 0.974610 0.968749 0.007812 0.007812
