0 0.942382 0.152344 0.009766 0.011718
0 0.957032 0.382813 0.007812 0.011718
0 0.693360 0.157227 0.007812 0.005859
0 0.369140 0.176758 0.007812 0.009765
0 0.191406 0.975586 0.007812 0.005859
0 0.650390 0.410156 0.007812 0.007812
0 0.957032 0.868163 0.007812 0.005859
0 0.529296 0.426759 0.007812 0.009765
0 0.124024 0.770507 0.009766 0.013673
0 0.692382 0.137695 0.005860 0.005859
0 0.358398 0.551758 0.013672 0.013673
0 0.415040 0.644531 0.013672 0.015626
0 0.306640 0.875001 0.007812 0.007812
0 0.605468 0.416992 0.007812 0.005859
0 0.499024 0.967774 0.009766 0.009765
0 0.792968 0.249023 0.007812 0.005859
0 0.062500 0.810547 0.019532 0.015626
0 0.568360 0.618165 0.007812 0.009765
0 0.874024 0.883789 0.009766 0.009765
0 0.993164 0.963866 0.005860 0.005859
0 0.298828 0.758790 0.011718 0.009765
0 0.443360 0.983398 0.007812 0.009765
