0 0.210938 0.309571 0.007812 0.005859
0 0.566406 0.067383 0.007812 0.005859
0 0.879882 0.041992 0.005860 0.005859
0 0.650390 0.949219 0.007812 0.003906
0 0.809570 0.102540 0.005860 0.005859
0 0.603516 0.684571 0.007812 0.005859
0 0.487304 0.120116 0.009766 0.005859
0 0.924804 0.286134 0.009766 0.005859
0 0.714844 0.180664 0.003906 0.005859
0 0.378906 0.070312 0.007812 0.003906
0 0.220704 0.596680 0.007812 0.009765
0 0.082032 0.928711 0.007812 0.005859
0 0.958984 0.340820 0.007812 0.005859
0 0.075196 0.527344 0.005860 0.003906
0 0.397460 0.458008 0.005860 0.005859
0 0.729492 0.778321 0.005860 0.005859
0 0.828124 0.825196 0.003906 0.005859
0 0.305664 0.720703 0.005860 0.003906
0 0.487304 0.369141 0.005860 0.003906
0 0.562500 0.162109 0.007812 0.007812
0 0.998046 0.669922 0.003906 0.003906
0 0.368164 0.672851 0.005860 0.005859
0 0.542968 0.906250 0.003906 0.007812
0 0.278320 0.438476 0.005860 0.005859
0 0.562500 0.240235 0.007812 0.007812
0 0.644532 0.105469 0.007812 0.003906
0 0.227540 0.422851 0.005860 0.005859
0 0.795898 0.059570 0.005860 0.005859
0 0.501954 0.714844 0.007812 0.003906
0 0.728516 0.784180 0.003906 0.009765
0 0.966796 0.214843 0.007812 0.007812
0 0.662110 0.241212 0.007812 0.009765
0 0.658204 0.231445 0.007812 0.005859
0 0.591796 0.181641 0.007812 0.007812
0 0.595704 0.174805 0.007812 0.005859
0 0.478516 0.155273 0.003906 0.005859
0 0.493164 0.161133 0.005860 0.005859
0 0.495118 0.168946 0.005860 0.005859
0 0.568360 0.083984 0.007812 0.007812
0 0.223632 0.102540 0.009766 0.009765
0 0.460938 0.365234 0.007812 0.007812
0 0.608398 0.496093 0.005860 0.007812
0 0.932618 0.667969 0.005860 0.007812
0 0.812500 0.679687 0.007812 0.007812
0 0.467774 0.875001 0.009766 0.007812
0 0.558594 0.520509 0.007812 0.005859
