0 0.003906 0.258788 0.007812 0.013672
0 0.879882 0.415039 0.013672 0.009765
0 0.915040 0.504883 0.009766 0.009765
0 0.958984 0.221680 0.011718 0.009765
0 0.929688 0.784180 0.011718 0.009765
0 0.458984 0.900391 0.011718 0.011718
0 0.518554 0.114258 0.009766 0.009765
0 0.493164 0.814453 0.009766 0.011718
0 0.336914 0.041016 0.005860 0.007812
0 0.858398 0.238282 0.005860 0.007812
0 0.864258 0.238282 0.005860 0.007812
0 0.906250 0.123047 0.007812 0.007812
0 0.522460 0.443359 0.009766 0.007812
0 0.956054 0.671875 0.009766 0.007812
0 0.792968 0.720703 0.007812 0.007812
0 0.936524 0.765625 0.005860 0.007812
0 0.302734 0.723632 0.007812 0.009765
0 0.614258 0.918946 0.005860 0.009765
