0 0.150393 0.613283 0.012894 0.012890
0 0.073240 0.705080 0.015041 0.012890
0 0.159181 0.137694 0.019334 0.015039
0 0.976562 0.381837 0.017187 0.015039
0 0.825193 0.408202 0.015041 0.017188
0 0.506838 0.157225 0.015041 0.015039
0 0.334961 0.010741 0.019334 0.019337
0 0.163084 0.151366 0.019334 0.019337
0 0.174804 0.169922 0.023632 0.017188
0 0.444336 0.158204 0.019334 0.025781
0 0.450194 0.176756 0.019334 0.019337
0 0.426759 0.192384 0.019334 0.019337
0 0.468748 0.183594 0.021485 0.021483
0 0.565431 0.758790 0.019334 0.019337
0 0.159181 0.476561 0.019334 0.021483
0 0.078125 0.543944 0.017187 0.015039
0 0.065429 0.552734 0.019334 0.021483
0 0.993750 0.390626 0.012500 0.017188
0 0.904295 0.950195 0.017187 0.019337
0 0.763674 0.943360 0.021485 0.021483
