0 0.269532 0.632812 0.003906 0.007812
0 0.095704 0.241210 0.003906 0.005859
0 0.455078 0.739259 0.007812 0.005859
0 0.646484 0.415040 0.003906 0.005859
0 0.955078 0.131836 0.003906 0.005859
0 0.300782 0.942383 0.003906 0.005859
0 0.460938 0.929688 0.003906 0.003906
0 0.429688 0.633789 0.003906 0.005859
0 0.234376 0.113282 0.003906 0.007812
0 0.414062 0.836915 0.003906 0.005859
0 0.627930 0.960938 0.005860 0.003906
0 0.471680 0.291015 0.005860 0.003906
0 0.398438 0.271485 0.003906 0.003906
0 0.976562 0.666015 0.003906 0.003906
0 0.502930 0.245117 0.005860 0.005859
0 0.603516 0.313476 0.003906 0.005859
0 0.488282 0.158203 0.007812 0.003906
0 0.552734 0.457032 0.003906 0.003906
0 0.595704 0.349610 0.007812 0.003906
0 0.470704 0.365235 0.007812 0.003906
0 0.633790 0.757812 0.005860 0.003906
0 0.400390 0.333008 0.003906 0.005859
0 0.458008 0.379883 0.005860 0.005859
0 0.696290 0.819336 0.005860 0.001953
0 0.630860 0.516602 0.003906 0.005859
0 0.666016 0.445312 0.003906 0.003906
0 0.265626 0.378906 0.003906 0.007812
0 0.471680 0.769531 0.005860 0.003906
0 0.392578 0.559570 0.007812 0.005859
0 0.461914 0.771484 0.005860 0.003906
0 0.589844 0.614258 0.003906 0.005859
0 0.548828 0.919921 0.007812 0.003906
0 0.416016 0.851562 0.003906 0.003906
0 0.562500 0.443359 0.003906 0.003906
0 0.252930 0.882813 0.005860 0.003906
0 0.860352 0.672852 0.009766 0.005859
0 0.448242 0.349610 0.005860 0.003906
0 0.445312 0.438477 0.003906 0.005859
0 0.367188 0.291015 0.003906 0.003906
0 0.884766 0.867188 0.003906 0.003906
0 0.939454 0.618163 0.007812 0.005859
0 0.307618 0.505860 0.005860 0.003906
0 0.588868 0.072265 0.005860 0.003906
0 0.133790 0.392578 0.009766 0.003906
0 0.698242 0.234375 0.009766 0.007812
0 0.645508 0.206055 0.005860 0.005859
0 0.982422 0.399414 0.007812 0.005859
0 0.871094 0.369141 0.003906 0.003906
0 0.893554 0.441407 0.005860 0.003906
0 0.935548 0.705078 0.007812 0.007812
0 0.904296 0.683593 0.007812 0.007812
0 0.894532 0.692384 0.007812 0.005859
0 0.859376 0.705078 0.007812 0.007812
0 0.834962 0.701172 0.005860 0.007812
0 0.818360 0.697266 0.007812 0.007812
0 0.755860 0.723633 0.003906 0.005859
0 0.764648 0.636718 0.005860 0.007812
0 0.757812 0.654297 0.007812 0.007812
0 0.795898 0.624024 0.005860 0.005859
0 0.795898 0.632812 0.005860 0.007812
0 0.700196 0.517578 0.005860 0.003906
0 0.696290 0.526366 0.005860 0.005859
0 0.664062 0.558594 0.007812 0.007812
0 0.625000 0.580078 0.007812 0.007812
0 0.554688 0.530274 0.007812 0.005859
0 0.622070 0.466797 0.005860 0.007812
0 0.636718 0.499999 0.007812 0.007812
0 0.709962 0.349610 0.005860 0.007812
0 0.556640 0.389649 0.007812 0.005859
0 0.500976 0.407226 0.005860 0.009765
0 0.498048 0.351562 0.007812 0.007812
0 0.312500 0.312499 0.007812 0.007812
0 0.322266 0.329102 0.007812 0.005859
0 0.278320 0.284180 0.005860 0.005859
0 0.436524 0.246093 0.005860 0.007812
0 0.268554 0.197265 0.005860 0.007812
0 0.279296 0.396484 0.007812 0.007812
0 0.238282 0.328125 0.007812 0.007812
0 0.334962 0.599610 0.005860 0.007812
0 0.686524 0.694337 0.005860 0.009765
0 0.894532 0.016602 0.007812 0.005859
0 0.437500 0.794922 0.007812 0.007812
0 0.421876 0.804687 0.007812 0.007812
0 0.498048 0.839844 0.007812 0.007812
0 0.556640 0.843750 0.007812 0.007812
0 0.563476 0.842774 0.009766 0.005859
0 0.733398 0.947265 0.005860 0.007812
0 0.827148 0.938476 0.005860 0.009765
0 0.876954 0.992187 0.007812 0.007812
0 0.905274 0.822266 0.005860 0.007812
0 0.480468 0.748047 0.007812 0.007812
0 0.272462 0.165039 0.005860 0.009765
0 0.265626 0.162110 0.007812 0.007812
0 0.202148 0.239258 0.005860 0.009765
