0 0.994140 0.246094 0.007812 0.007812
0 0.933594 0.244141 0.007812 0.007812
0 0.976562 0.880859 0.007812 0.007812
0 0.758790 0.351562 0.005860 0.007812
0 0.839844 0.274414 0.007812 0.005859
0 0.960938 0.587890 0.007812 0.007812
0 0.851562 0.427735 0.007812 0.007812
0 0.904296 0.716797 0.007812 0.007812
0 0.964844 0.576172 0.007812 0.007812
0 0.892578 0.537109 0.007812 0.007812
0 0.847656 0.230468 0.007812 0.007812
0 0.929688 0.663087 0.007812 0.009765
0 0.850586 0.542968 0.005860 0.007812
0 0.998047 0.449218 0.003906 0.007812
0 0.990234 0.051759 0.007812 0.005859
0 0.866210 0.216797 0.009766 0.007812
0 0.789062 0.205078 0.007812 0.007812
0 0.835938 0.361329 0.007812 0.007812
0 0.923828 0.609374 0.007812 0.007812
0 0.917968 0.484375 0.007812 0.007812
0 0.960938 0.235351 0.007812 0.005859
0 0.875976 0.636718 0.005860 0.007812
0 0.925782 0.669922 0.011718 0.011718
0 0.847656 0.985351 0.007812 0.005859
0 0.906250 0.145509 0.007812 0.005859
0 0.758790 0.843749 0.005860 0.007812
0 0.771484 0.154297 0.007812 0.007812
0 0.807618 0.164062 0.009766 0.007812
0 0.875976 0.513672 0.005860 0.007812
0 0.779296 0.791992 0.007812 0.005859
0 0.800782 0.795898 0.007812 0.005859
0 0.978516 0.482422 0.007812 0.007812
