0 0.521484 0.724609 0.011718 0.011718
0 0.661132 0.614259 0.009766 0.009765
0 0.960938 0.152344 0.011718 0.007812
0 0.990234 0.402343 0.011718 0.011718
0 0.583008 0.253906 0.009766 0.007812
0 0.187500 0.714844 0.007812 0.007812
0 0.885742 0.207031 0.009766 0.007812
0 0.015626 0.148438 0.007812 0.007812
0 0.948242 0.442383 0.009766 0.009765
0 0.183594 0.129883 0.007812 0.009765
0 0.663086 0.263672 0.005860 0.007812
0 0.785156 0.117187 0.011718 0.011718
0 0.223632 0.300781 0.013672 0.015626
0 0.819336 0.391601 0.009766 0.009765
0 0.433594 0.062500 0.007812 0.007812
0 0.959962 0.186523 0.009766 0.009765
0 0.402344 0.523438 0.007812 0.015626
0 0.805664 0.766601 0.013672 0.013673
0 0.956054 0.843749 0.013672 0.011718
0 0.887696 0.313477 0.009766 0.009765
0 0.681640 0.130859 0.007812 0.007812
0 0.023438 0.430665 0.007812 0.009765
0 0.077148 0.576172 0.009766 0.007812
0 0.756836 0.374023 0.009766 0.009765
0 0.903320 0.313477 0.013672 0.013672
