0 0.644290 0.497224 0.010017 0.009877
0 0.144738 0.152921 0.010277 0.010017
0 0.409207 0.778863 0.008057 0.008380
0 0.574746 0.467480 0.009166 0.009122
0 0.254872 0.769884 0.010533 0.010416
0 0.229715 0.658552 0.009218 0.008849
0 0.487005 0.990013 0.007707 0.007977
0 0.270459 0.642822 0.008299 0.007956
0 0.158890 0.869811 0.007627 0.007634
0 0.247665 0.435997 0.008034 0.008089
0 0.425374 0.522302 0.006913 0.008027
0 0.075069 0.883195 0.008436 0.010152
0 0.159042 0.382960 0.008503 0.010204
0 0.435762 0.410736 0.007699 0.007612
0 0.386053 0.831525 0.008128 0.008086
0 0.209526 0.817055 0.010577 0.010726
0 0.313788 0.752104 0.008377 0.008422
0 0.735062 0.638129 0.008585 0.008265
0 0.205445 0.971461 0.006752 0.006594
0 0.382098 0.853147 0.010070 0.010070
0 0.518042 0.982657 0.006713 0.007273
0 0.513007 0.992727 0.015664 0.010629
0 0.193566 0.963636 0.007832 0.009510
0 0.546853 0.259790 0.011189 0.010490
