0 0.538088 0.729492 0.023632 0.023632
0 0.850586 0.952148 0.019334 0.019337
0 0.719725 0.585939 0.019334 0.021483
0 0.404296 0.435545 0.017187 0.017188
0 0.760742 0.267579 0.023632 0.017188
0 0.437501 0.670898 0.017187 0.019337
0 0.462890 0.435545 0.017187 0.017188
0 0.342772 0.707033 0.019334 0.017188
0 0.614258 0.281252 0.032228 0.021483
0 0.984373 0.895506 0.017187 0.019337
0 0.569334 0.306641 0.023632 0.021483
0 0.674806 0.802733 0.010743 0.012890
0 0.471678 0.728516 0.023632 0.034373
0 0.612304 0.158202 0.015041 0.012890
0 0.950196 0.302734 0.019334 0.021483
0 0.496095 0.803709 0.021485 0.019337
0 0.895506 0.827147 0.019334 0.019337
0 0.358400 0.862306 0.019334 0.019337
0 0.557619 0.834961 0.019334 0.019337
0 0.677732 0.318358 0.038667 0.042969
0 0.401365 0.387697 0.019334 0.019337
0 0.361326 0.340821 0.017187 0.015039
0 0.907225 0.797851 0.019334 0.019337
0 0.107421 0.206054 0.021485 0.019337
0 0.797850 0.846678 0.019334 0.019337
0 0.648435 0.972655 0.025783 0.021483
0 0.191408 0.686522 0.038667 0.032228
0 0.946288 0.564453 0.036526 0.034373
0 0.446290 0.444335 0.023632 0.023632
0 0.567385 0.067381 0.015041 0.019337
