0 0.958984 0.394531 0.012894 0.012890
0 0.815432 0.507811 0.015041 0.012890
0 0.769530 0.384766 0.012894 0.017188
0 0.055662 0.299803 0.015041 0.019337
0 0.616213 0.429687 0.019334 0.012890
0 0.406250 0.439452 0.017187 0.012890
0 0.137695 0.437501 0.015041 0.012890
0 0.148438 0.854492 0.017187 0.015039
0 0.678709 0.671874 0.015041 0.012890
0 0.446290 0.899413 0.015041 0.019337
0 0.821289 0.473632 0.015041 0.019337
0 0.364257 0.237307 0.015041 0.015039
0 0.124998 0.345704 0.012894 0.017188
0 0.454101 0.971679 0.015041 0.019337
0 0.970704 0.457032 0.012894 0.017188
0 0.884768 0.647460 0.021485 0.019337
0 0.013674 0.698243 0.021485 0.023632
0 0.886717 0.391600 0.012894 0.010741
0 0.466798 0.818357 0.017187 0.017188
0 0.573242 0.077147 0.015041 0.010741
0 0.480467 0.743164 0.012894 0.015039
0 0.456055 0.713868 0.015041 0.010741
0 0.207031 0.775392 0.021485 0.025781
0 0.448244 0.567384 0.015041 0.019337
0 0.300783 0.032226 0.012894 0.015039
0 0.338869 0.003224 0.015041 0.006447
0 0.624024 0.104492 0.015041 0.015039
0 0.936522 0.609374 0.019334 0.017188
0 0.124998 0.185548 0.012894 0.017188
0 0.732422 0.585939 0.012894 0.017188
0 0.324218 0.817382 0.012894 0.015039
0 0.521483 0.792968 0.017187 0.017188
0 0.578127 0.888672 0.017187 0.017188
0 0.166992 0.540039 0.015041 0.015039
0 0.378908 0.508791 0.012894 0.015039
0 0.057616 0.006202 0.015041 0.012404
0 0.141603 0.662108 0.015041 0.012890
0 0.538088 0.017578 0.019334 0.017188
0 0.656252 0.743164 0.012894 0.015039
0 0.340823 0.769530 0.015041 0.017188
0 0.359377 0.850585 0.021485 0.023632
0 0.818358 0.256838 0.017187 0.015039
0 0.250978 0.826171 0.015041 0.012890
0 0.863283 0.229493 0.017187 0.015039
0 0.448244 0.293945 0.015041 0.015039
0 0.611327 0.606446 0.017187 0.019337
0 0.516603 0.312500 0.015041 0.012890
0 0.064451 0.839844 0.021485 0.021483
0 0.305664 0.540039 0.015041 0.015039
0 0.847655 0.600588 0.012894 0.015039
0 0.547854 0.151368 0.015041 0.015039
0 0.638670 0.832030 0.012894 0.012890
0 0.840821 0.955079 0.019334 0.017188
0 0.777342 0.766602 0.017187 0.019337
0 0.328126 0.400390 0.017187 0.017188
0 0.953127 0.671874 0.017187 0.017188
0 0.639647 0.887696 0.015041 0.019337
0 0.267578 0.958007 0.012894 0.010741
0 0.920899 0.764647 0.019334 0.019337
0 0.578127 0.567384 0.017187 0.019337
0 0.351560 0.969728 0.012894 0.010741
0 0.011720 0.495118 0.012894 0.015039
0 0.597658 0.533205 0.012894 0.017188
0 0.100587 0.594725 0.010743 0.010741
0 0.911134 0.376952 0.015041 0.021483
0 0.692383 0.253906 0.015041 0.017188
0 0.940430 0.041991 0.019334 0.019337
0 0.707029 0.852541 0.017187 0.019337
0 0.471678 0.376952 0.019334 0.021483
0 0.090821 0.649416 0.010743 0.015039
0 0.291018 0.374024 0.012894 0.015039
0 0.255859 0.932617 0.012894 0.019337
0 0.976561 0.804689 0.012894 0.017188
0 0.357423 0.449218 0.017187 0.021483
0 0.687498 0.376952 0.012894 0.012890
0 0.676760 0.354493 0.015041 0.019337
0 0.583008 0.747071 0.015041 0.010741
0 0.704103 0.820313 0.015041 0.008596
0 0.791016 0.681640 0.017187 0.017188
0 0.512695 0.500977 0.015041 0.015039
0 0.854494 0.641602 0.015041 0.019337
0 0.251956 0.295900 0.017187 0.019337
0 0.221682 0.842775 0.019334 0.019337
0 0.086913 0.486328 0.023632 0.017188
0 0.073244 0.628905 0.015041 0.017188
0 0.432616 0.132813 0.019334 0.017188
0 0.549803 0.987303 0.019334 0.019337
0 0.989258 0.991210 0.019334 0.015039
0 0.048828 0.543946 0.012894 0.015039
0 0.144529 0.994141 0.017187 0.008596
0 0.418947 0.251955 0.015041 0.017188
0 0.672852 0.523439 0.019334 0.021483
0 0.291018 0.567384 0.012894 0.015039
0 0.946288 0.494142 0.019334 0.017188
0 0.415039 0.084961 0.019334 0.019337
0 0.458009 0.084961 0.019334 0.019337
0 0.596681 0.141603 0.023632 0.019337
0 0.909179 0.047850 0.019334 0.019337
0 0.197265 0.313476 0.017187 0.019337
0 0.054685 0.566404 0.017187 0.012890
0 0.068359 0.604491 0.017187 0.023632
0 0.913088 0.516601 0.019334 0.019337
0 0.642608 0.350415 0.016301 0.017553
0 0.622546 0.341641 0.018807 0.017553
0 0.544806 0.278947 0.018807 0.017553
0 0.542928 0.258258 0.020063 0.013794
0 0.483995 0.245720 0.017552 0.018810
0 0.463305 0.257631 0.016301 0.020063
0 0.196628 0.288261 0.019384 0.022155
0 0.061621 0.581125 0.023541 0.015233
0 0.124624 0.102707 0.019384 0.022155
0 0.096932 0.245333 0.019384 0.024926
0 0.077542 0.248796 0.013846 0.023541
0 0.489493 0.358879 0.012464 0.019387
0 0.508189 0.349185 0.019384 0.016615
