0 0.581052 0.078125 0.013674 0.015624
0 0.615234 0.047852 0.015623 0.017580
0 0.190430 0.027345 0.013674 0.015624
0 0.178710 0.169922 0.013674 0.015624
0 0.027342 0.133791 0.011720 0.017580
0 0.683593 0.215822 0.011720 0.013673
0 0.419923 0.356447 0.015623 0.013673
0 0.250000 0.570314 0.011720 0.015624
0 0.603515 0.151366 0.015623 0.013673
0 0.143556 0.567382 0.013674 0.009766
0 0.480471 0.097656 0.011720 0.015624
0 0.415038 0.136718 0.013674 0.015624
0 0.382810 0.233398 0.015623 0.017580
0 0.639651 0.140625 0.013674 0.019531
0 0.338868 0.953126 0.013674 0.015624
0 0.118163 0.236329 0.013674 0.015624
0 0.422849 0.096680 0.013674 0.013673
0 0.145505 0.771483 0.013674 0.015624
0 0.267577 0.403319 0.015623 0.009766
0 0.506836 0.166015 0.013674 0.007814
0 0.611326 0.511720 0.019531 0.019531
0 0.674805 0.038087 0.013674 0.013673
0 0.459963 0.829101 0.021485 0.021483
0 0.369141 0.584962 0.011720 0.017580
0 0.498048 0.623048 0.011720 0.015624
0 0.307617 0.111328 0.017577 0.019531
0 0.013673 0.526369 0.015623 0.017580
0 0.985354 0.276367 0.013674 0.013673
0 0.745118 0.273436 0.013674 0.015624
0 0.781249 0.288084 0.015623 0.017580
0 0.554687 0.584962 0.015623 0.017580
0 0.156248 0.173829 0.015623 0.015624
0 0.016604 0.207032 0.017577 0.011717
0 0.640623 0.557617 0.019531 0.033204
0 0.667971 0.570314 0.023439 0.035155
0 0.191407 0.766601 0.011720 0.017580
0 0.208007 0.766601 0.009766 0.013673
0 0.212892 0.786132 0.011720 0.013673
0 0.229492 0.778322 0.013674 0.017580
0 0.481448 0.384764 0.013674 0.015624
0 0.209961 0.879884 0.029297 0.017580
0 0.215818 0.861329 0.029297 0.023438
