0 0.757815 0.585938 0.017187 0.021483
0 0.775392 0.208984 0.017187 0.017188
0 0.447266 0.972657 0.012894 0.017188
0 0.814454 0.738280 0.017187 0.017188
0 0.532225 0.728514 0.015041 0.017188
0 0.729490 0.978515 0.019334 0.021483
0 0.814454 0.062500 0.021485 0.021483
0 0.833008 0.588869 0.019334 0.019337
0 0.406249 0.772463 0.012894 0.015039
0 0.333010 0.714845 0.015041 0.017188
0 0.549807 0.924805 0.015041 0.015039
0 0.173830 0.823242 0.017187 0.015039
0 0.585938 0.739259 0.017187 0.019337
0 0.250000 0.596679 0.017187 0.015039
0 0.908201 0.926756 0.012894 0.015039
0 0.019530 0.437499 0.021485 0.017188
0 0.808592 0.266601 0.017187 0.015039
0 0.458985 0.876953 0.017187 0.017188
0 0.277343 0.544924 0.025783 0.034373
0 0.965823 0.721680 0.015041 0.019337
0 0.375976 0.890625 0.015041 0.012890
0 0.857419 0.898439 0.021485 0.021483
0 0.268554 0.195311 0.015041 0.017188
0 0.493162 0.387695 0.019334 0.019337
0 0.688479 0.872070 0.015041 0.019337
0 0.018553 0.694335 0.023632 0.023632
0 0.395507 0.881836 0.010743 0.015039
0 0.038084 0.014356 0.023632 0.028712
0 0.553710 0.333985 0.036526 0.034373
0 0.708010 0.667969 0.019334 0.017188
0 0.821288 0.219725 0.019334 0.019337
0 0.113282 0.208984 0.025783 0.017188
0 0.070312 0.171873 0.025783 0.021483
0 0.288086 0.291991 0.010743 0.010741
0 0.737306 0.237305 0.019334 0.019337
0 0.466797 0.367188 0.017187 0.017188
0 0.545898 0.596679 0.019334 0.019337
0 0.260743 0.688476 0.010743 0.010741
0 0.294920 0.733397 0.008591 0.010741
0 0.872070 0.915039 0.023632 0.023632
0 0.732421 0.770507 0.017187 0.019337
0 0.712890 0.768556 0.021485 0.019337
0 0.738891 0.802439 0.023541 0.023541
0 0.749968 0.776131 0.018002 0.018001
0 0.957677 0.705509 0.018002 0.015233
0 0.973599 0.690971 0.019384 0.019387
0 0.099847 0.193166 0.027692 0.018001
0 0.848975 0.922215 0.022153 0.022155
