0 0.516600 0.590821 0.019334 0.019337
0 0.898439 0.187501 0.021485 0.021483
0 0.534182 0.959961 0.019334 0.023632
0 0.421875 0.923829 0.025783 0.025781
0 0.586913 0.796873 0.023632 0.017188
0 0.643557 0.604493 0.019334 0.023632
0 0.595701 0.883788 0.021485 0.019337
0 0.982420 0.670897 0.017187 0.019337
0 0.631837 0.982423 0.015041 0.012890
0 0.237307 0.068359 0.032228 0.021483
0 0.631837 0.789063 0.019334 0.017188
0 0.953124 0.220701 0.021485 0.017188
0 0.344728 0.466796 0.040819 0.042969
0 0.729493 0.009521 0.036526 0.019042
0 0.202148 0.063477 0.032228 0.023632
0 0.632814 0.667969 0.021485 0.021483
0 0.409178 0.789063 0.019334 0.017188
0 0.607421 0.829101 0.025783 0.032228
0 0.526365 0.897460 0.023632 0.036522
0 0.023436 0.562500 0.017187 0.008596
0 0.575193 0.842774 0.015041 0.015039
0 0.187502 0.933595 0.017187 0.017188
0 0.192382 0.952147 0.019334 0.019337
0 0.276369 0.615235 0.019334 0.012890
0 0.283203 0.631835 0.017187 0.023632
0 0.711916 0.815429 0.006445 0.010741
0 0.697265 0.830077 0.004298 0.008596
0 0.683591 0.821287 0.008591 0.010741
0 0.680665 0.835939 0.010743 0.008596
