0 0.833010 0.144532 0.023632 0.025781
0 0.340818 0.748046 0.015041 0.017188
0 0.384766 0.817384 0.017187 0.019337
0 0.396486 0.941405 0.017187 0.017188
0 0.033201 0.515624 0.017187 0.012890
0 0.028320 0.326171 0.015041 0.012890
0 0.393555 0.709959 0.019334 0.019337
0 0.136719 0.497069 0.012894 0.019337
0 0.063474 0.392578 0.015041 0.017188
0 0.027343 0.230467 0.017187 0.017188
0 0.304687 0.870119 0.017187 0.010741
0 0.357423 0.419924 0.017187 0.017188
0 0.344727 0.605469 0.015041 0.012890
0 0.713869 0.281250 0.019334 0.017188
0 0.361327 0.992189 0.017187 0.012890
0 0.084960 0.415041 0.015041 0.015039
0 0.294922 0.660156 0.017187 0.017188
0 0.247071 0.524414 0.015041 0.015039
0 0.221678 0.880860 0.015041 0.012890
0 0.408205 0.758791 0.017187 0.015039
0 0.102537 0.518555 0.015041 0.015039
0 0.404297 0.857422 0.021485 0.017188
0 0.139650 0.317381 0.006445 0.006443
0 0.147461 0.448241 0.015041 0.015039
0 0.484376 0.911133 0.017187 0.015039
0 0.361327 0.505858 0.017187 0.017188
0 0.395509 0.343751 0.015041 0.012890
0 0.075194 0.533203 0.019334 0.021483
0 0.360350 0.723632 0.015041 0.015039
0 0.455079 0.671877 0.008591 0.012890
0 0.377932 0.526369 0.015041 0.015039
0 0.123045 0.843750 0.017187 0.017188
0 0.346681 0.891602 0.019334 0.015039
0 0.040040 0.493165 0.019334 0.019337
0 0.481976 0.507555 0.025080 0.027584
