0 0.871093 0.509765 0.017187 0.021483
0 0.908201 0.480469 0.017187 0.017188
0 0.378907 0.863281 0.017187 0.017188
0 0.720701 0.019532 0.017187 0.025781
0 0.401369 0.467772 0.019334 0.019337
0 0.886721 0.861329 0.021485 0.025781
0 0.596680 0.638673 0.019334 0.017188
0 0.626954 0.659180 0.021485 0.023632
0 0.952149 0.494141 0.019334 0.021483
0 0.151368 0.703125 0.019334 0.021483
0 0.837888 0.939454 0.017187 0.012890
0 0.948241 0.339844 0.023632 0.034373
0 0.462889 0.982423 0.017187 0.017188
0 0.567384 0.119139 0.010743 0.012890
0 0.885744 0.966795 0.023632 0.017188
0 0.807620 0.161132 0.032228 0.023632
0 0.409181 0.814453 0.032228 0.034373
0 0.170899 0.280275 0.023632 0.032228
0 0.344725 0.061525 0.019334 0.019337
0 0.202150 0.440431 0.023632 0.019337
0 0.245115 0.476562 0.032228 0.021483
0 0.147459 0.964843 0.036526 0.034373
0 0.675782 0.866212 0.021485 0.019337
0 0.066404 0.194336 0.012894 0.015039
0 0.084963 0.192384 0.019334 0.010741
0 0.938475 0.541993 0.010743 0.019337
0 0.084963 0.040039 0.019334 0.019337
0 0.137694 0.070311 0.036526 0.021483
0 0.107420 0.063477 0.017187 0.023632
0 0.960937 0.861329 0.021485 0.021483
