0 0.188475 0.991213 0.013674 0.013673
0 0.293947 0.948244 0.021485 0.029297
0 0.215822 0.949219 0.021485 0.019531
0 0.981445 0.669921 0.013674 0.015624
0 0.448242 0.977540 0.013674 0.013673
0 0.965822 0.427734 0.017577 0.015624
0 0.742186 0.037111 0.015623 0.015624
0 0.728517 0.438475 0.015623 0.013673
0 0.125001 0.655273 0.015623 0.021483
0 0.647461 0.437499 0.013674 0.015624
0 0.345701 0.274416 0.015623 0.017580
0 0.250976 0.108398 0.013674 0.013673
0 0.573240 0.947264 0.017577 0.019531
0 0.588868 0.627928 0.013674 0.017580
0 0.808596 0.944337 0.019531 0.017580
0 0.254885 0.410158 0.017577 0.015624
0 0.365232 0.583983 0.015623 0.015624
0 0.728517 0.318361 0.015623 0.015624
0 0.451173 0.262695 0.015623 0.013673
0 0.021483 0.547852 0.019531 0.021483
0 0.961913 0.564452 0.017577 0.011717
0 0.612302 0.697266 0.017577 0.019531
0 0.831053 0.099608 0.013674 0.015624
0 0.850584 0.314454 0.017577 0.015624
0 0.552737 0.450196 0.015623 0.013673
0 0.032226 0.907226 0.013674 0.013673
0 0.021483 0.838867 0.019531 0.021483
0 0.501955 0.019532 0.015623 0.011717
0 0.811522 0.548827 0.017577 0.015624
0 0.773436 0.702149 0.015623 0.013673
0 0.509766 0.494141 0.015623 0.019531
0 0.898440 0.532228 0.015623 0.017580
0 0.589845 0.294923 0.015623 0.019531
0 0.809573 0.976561 0.013674 0.015624
0 0.883789 0.078125 0.009766 0.007814
0 0.765625 0.109373 0.007811 0.011717
0 0.649415 0.251954 0.013674 0.011717
0 0.865468 0.739469 0.015527 0.017599
0 0.885652 0.750335 0.019531 0.019531
0 0.870125 0.760689 0.016565 0.016562
0 0.736592 0.936143 0.018635 0.017599
0 0.740216 0.914926 0.017597 0.016562
0 0.668790 0.526745 0.023809 0.018631
0 0.664648 0.506561 0.023809 0.015525
