0 0.484374 0.591798 0.012894 0.012890
0 0.160156 0.394531 0.012894 0.012890
0 0.016604 0.507811 0.015041 0.012890
0 0.656251 0.584960 0.017187 0.015039
0 0.593749 0.900389 0.017187 0.017188
0 0.691405 0.693361 0.017187 0.017188
0 0.207030 0.102540 0.012894 0.019337
0 0.771483 0.692381 0.017187 0.015039
0 0.377930 0.743164 0.015041 0.015039
0 0.022461 0.473632 0.015041 0.019337
0 0.521482 0.988283 0.017187 0.012890
0 0.560549 0.574218 0.012894 0.017188
0 0.398438 0.156251 0.012894 0.017188
0 0.485351 0.160158 0.019334 0.017188
0 0.171876 0.457032 0.012894 0.017188
0 0.439454 0.638670 0.017187 0.017188
0 0.085940 0.647460 0.021485 0.019337
0 0.282228 0.746095 0.015041 0.017188
0 0.087889 0.391600 0.012894 0.010741
0 0.333010 0.201172 0.019334 0.017188
0 0.772460 0.504884 0.015041 0.015039
0 0.553710 0.276369 0.010743 0.010741
0 0.137694 0.609374 0.019334 0.017188
0 0.524413 0.635743 0.015041 0.015039
0 0.300782 0.223634 0.017187 0.015039
0 0.377930 0.693361 0.015041 0.021483
0 0.495116 0.917969 0.019334 0.017188
0 0.327148 0.676757 0.015041 0.015039
0 0.493162 0.531249 0.019334 0.017188
0 0.594726 0.773437 0.015041 0.017188
0 0.205076 0.848634 0.017187 0.015039
0 0.019530 0.256838 0.017187 0.015039
0 0.319336 0.932617 0.015041 0.019337
0 0.803711 0.653319 0.015041 0.019337
0 0.064455 0.229493 0.017187 0.015039
0 0.524413 0.399414 0.015041 0.015039
0 0.246092 0.317383 0.017187 0.015039
0 0.459963 0.755861 0.019334 0.017188
0 0.048827 0.600588 0.012894 0.015039
0 0.679685 0.235351 0.017187 0.015039
0 0.719724 0.717774 0.015041 0.015039
0 0.372072 0.331055 0.015041 0.015039
0 0.566407 0.460939 0.017187 0.012890
0 0.596680 0.228517 0.010743 0.012890
0 0.041992 0.955079 0.019334 0.017188
0 0.491213 0.438476 0.015041 0.015039
0 0.301759 0.058595 0.015041 0.012890
0 0.691405 0.770509 0.012894 0.015039
0 0.627931 0.866210 0.019334 0.015039
0 0.154299 0.671874 0.017187 0.017188
0 0.688479 0.858399 0.015041 0.010741
0 0.250977 0.782226 0.015041 0.015039
0 0.602538 0.476563 0.015041 0.017188
0 0.122071 0.764647 0.019334 0.019337
0 0.566407 0.418945 0.017187 0.015039
0 0.618166 0.972655 0.019334 0.017188
0 0.849608 0.721681 0.017187 0.019337
0 0.365233 0.010743 0.017187 0.015039
0 0.112305 0.376952 0.015041 0.021483
0 0.141602 0.041991 0.019334 0.019337
0 0.177733 0.804689 0.012894 0.017188
0 0.631834 0.059571 0.019334 0.019337
0 0.555664 0.720702 0.019334 0.012890
0 0.820311 0.771485 0.017187 0.017188
0 0.653320 0.962889 0.015041 0.021483
0 0.691405 0.486328 0.017187 0.017188
0 0.055666 0.641602 0.015041 0.019337
0 0.223635 0.406248 0.019334 0.017188
0 0.838865 0.508791 0.015041 0.015039
0 0.282228 0.798826 0.023632 0.017188
0 0.190430 0.991210 0.019334 0.015039
0 0.451174 0.775392 0.012894 0.017188
0 0.147459 0.494142 0.019334 0.017188
0 0.497071 0.483397 0.019334 0.019337
0 0.110351 0.047850 0.019334 0.019337
0 0.232423 0.294920 0.021485 0.021483
0 0.428712 0.956055 0.015041 0.015039
0 0.435546 0.918944 0.012894 0.010741
0 0.114260 0.516601 0.019334 0.019337
0 0.901367 0.620119 0.023632 0.023632
0 0.407393 0.781748 0.020063 0.010031
0 0.402382 0.796795 0.022569 0.012537
0 0.596731 0.646329 0.017552 0.017553
0 0.574785 0.644449 0.016301 0.023825
