0 0.482420 0.544922 0.017187 0.017188
0 0.674805 0.592774 0.015041 0.015039
0 0.557619 0.688478 0.015041 0.015039
0 0.489260 0.735350 0.015041 0.015039
0 0.302737 0.528322 0.017187 0.015039
0 0.440432 0.234375 0.015041 0.012890
0 0.341799 0.175782 0.017187 0.012890
0 0.577150 0.170899 0.010743 0.010741
0 0.121094 0.125978 0.017187 0.015039
0 0.078124 0.112306 0.017187 0.019337
0 0.040039 0.139647 0.019334 0.019337
0 0.057616 0.494142 0.019334 0.021483
0 0.008202 0.571287 0.016404 0.015039
0 0.114260 0.644533 0.019334 0.017188
0 0.008350 0.936524 0.016700 0.019337
0 0.628909 0.909179 0.017187 0.015039
0 0.570310 0.880858 0.017187 0.017188
0 0.413084 0.839844 0.015041 0.012890
0 0.207030 0.831054 0.017187 0.019337
0 0.435546 0.874999 0.021485 0.021483
0 0.010742 0.674805 0.015041 0.015039
0 0.027342 0.884765 0.017187 0.025781
0 0.945315 0.662108 0.012894 0.012890
0 0.991212 0.659181 0.015041 0.015039
0 0.988280 0.488280 0.017187 0.017188
0 0.102540 0.990771 0.019334 0.018459
0 0.122071 0.951172 0.015041 0.021483
0 0.815431 0.170899 0.019334 0.023632
0 0.423827 0.894530 0.017187 0.012890
0 0.318360 0.984376 0.021485 0.021483
0 0.111329 0.171875 0.017187 0.025781
0 0.517579 0.542970 0.017187 0.021483
0 0.306286 0.626513 0.018341 0.019592
0 0.261103 0.609248 0.013456 0.013456
0 0.273521 0.595792 0.011386 0.011387
0 0.265760 0.629436 0.012423 0.014493
0 0.041648 0.672911 0.025880 0.024843
0 0.040099 0.705002 0.019531 0.019531
0 0.404984 0.902196 0.017597 0.017599
0 0.421549 0.429136 0.019668 0.021737
