0 0.190432 0.143556 0.021485 0.017580
0 0.394532 0.007812 0.015623 0.015624
0 0.668944 0.156249 0.017577 0.015624
0 0.093748 0.161132 0.015623 0.017580
0 0.771485 0.106446 0.015623 0.013673
0 0.687498 0.638673 0.015623 0.031248
0 0.077148 0.539062 0.017577 0.015624
0 0.278322 0.212891 0.017577 0.015624
0 0.810548 0.255860 0.015623 0.015624
0 0.023435 0.992187 0.015623 0.015626
0 0.624025 0.333985 0.013674 0.015624
0 0.930665 0.214843 0.021485 0.019531
0 0.522461 0.439454 0.017577 0.015624
0 0.343750 0.273436 0.015623 0.015624
0 0.541015 0.189453 0.015623 0.019531
0 0.291991 0.513672 0.013674 0.015624
0 0.823244 0.594728 0.013674 0.013673
0 0.434571 0.352540 0.017577 0.017580
0 0.042966 0.436523 0.011720 0.013673
0 0.061525 0.871094 0.013674 0.015624
0 0.145507 0.267577 0.017577 0.015624
0 0.640625 0.191404 0.011720 0.011717
0 0.912111 0.054687 0.015623 0.015624
0 0.682618 0.059569 0.017577 0.017580
0 0.632813 0.530272 0.015623 0.021483
0 0.355469 0.410158 0.011720 0.011717
0 0.796874 0.828125 0.015623 0.019531
0 0.229494 0.503906 0.013674 0.015624
0 0.211912 0.516603 0.013674 0.017580
0 0.954100 0.164063 0.021485 0.019531
0 0.615236 0.063476 0.015623 0.017580
0 0.442382 0.196287 0.009766 0.009766
0 0.201169 0.114260 0.019531 0.021483
0 0.745115 0.486327 0.017577 0.019531
0 0.178712 0.677735 0.013674 0.015624
0 0.396486 0.188477 0.019531 0.021483
0 0.165038 0.335936 0.021485 0.019531
0 0.922074 0.646232 0.023186 0.021532
0 0.922854 0.663086 0.013674 0.017580
0 0.342808 0.944355 0.016565 0.020704
0 0.395240 0.956984 0.019384 0.019387
