0 0.637695 0.135742 0.013674 0.013673
0 0.416990 0.540041 0.013674 0.017580
0 0.570313 0.356447 0.011720 0.009766
0 0.743162 0.580079 0.009766 0.015624
0 0.868165 0.707031 0.017577 0.019531
0 0.360351 0.246094 0.013674 0.015624
0 0.810549 0.639648 0.023439 0.033204
0 0.083984 0.335936 0.015623 0.015624
0 0.725585 0.041993 0.013674 0.013673
0 0.639649 0.242187 0.013674 0.015624
0 0.915039 0.664062 0.013674 0.015624
0 0.364259 0.294922 0.013674 0.011717
0 0.910158 0.413085 0.015623 0.017580
0 0.509765 0.071290 0.011720 0.013673
0 0.761721 0.331053 0.019531 0.013673
0 0.116212 0.505858 0.017577 0.015624
0 0.342774 0.112304 0.013674 0.013673
0 0.466795 0.105470 0.019531 0.019531
0 0.561524 0.333985 0.017577 0.015624
0 0.009767 0.923829 0.015623 0.015624
0 0.692385 0.348633 0.013674 0.013673
0 0.182616 0.778321 0.013674 0.017580
0 0.343751 0.745118 0.011720 0.013673
0 0.045898 0.211915 0.013674 0.013673
0 0.777344 0.090821 0.015623 0.013673
0 0.508788 0.173829 0.013674 0.015624
0 0.189451 0.125977 0.011720 0.013673
0 0.221679 0.377930 0.013674 0.017580
0 0.303711 0.159180 0.013674 0.013673
0 0.951170 0.712890 0.011720 0.015624
0 0.021482 0.838866 0.015623 0.013673
0 0.519531 0.005859 0.015623 0.011717
0 0.869142 0.955077 0.019531 0.015624
0 0.544924 0.060549 0.015623 0.015624
0 0.226564 0.822266 0.015623 0.015624
0 0.936524 0.017580 0.009766 0.011717
0 0.826172 0.061525 0.011720 0.013673
0 0.318357 0.015624 0.011720 0.015624
0 0.011716 0.693359 0.019531 0.019531
0 0.544924 0.282226 0.015623 0.013673
0 0.263672 0.043945 0.019531 0.029297
0 0.272461 0.712890 0.013674 0.011717
0 0.104492 0.040038 0.013674 0.013673
0 0.782229 0.041993 0.013674 0.017580
0 0.711916 0.181643 0.013674 0.015624
0 0.383790 0.120118 0.009766 0.013673
0 0.328123 0.215822 0.011720 0.009766
0 0.329100 0.322267 0.009766 0.015624
0 0.272461 0.410157 0.013674 0.011717
0 0.458983 0.481444 0.015623 0.013673
0 0.697265 0.785156 0.015623 0.011717
0 0.082030 0.133790 0.015623 0.021483
0 0.095703 0.544924 0.015623 0.015624
0 0.565427 0.125001 0.009766 0.015624
0 0.282226 0.578124 0.013674 0.011717
0 0.138674 0.732421 0.015623 0.015624
0 0.048830 0.030272 0.015623 0.013673
0 0.050779 0.124025 0.011720 0.013673
0 0.087892 0.150390 0.015623 0.011717
0 0.145508 0.130859 0.013674 0.015624
0 0.181639 0.095704 0.015623 0.015624
0 0.208982 0.078124 0.015623 0.015624
0 0.236330 0.078124 0.015623 0.015624
0 0.292969 0.047852 0.015623 0.017580
0 0.458006 0.113280 0.017577 0.019531
0 0.543947 0.137694 0.017577 0.017580
0 0.667968 0.043945 0.019531 0.017580
0 0.819337 0.086914 0.017577 0.017580
0 0.862303 0.101563 0.017577 0.019531
0 0.887696 0.088866 0.017577 0.017580
0 0.919924 0.066407 0.015623 0.015624
0 0.752927 0.301757 0.021485 0.017580
0 0.737304 0.302736 0.017577 0.015624
0 0.188479 0.598634 0.013674 0.017580
0 0.249998 0.580079 0.019531 0.019531
0 0.502931 0.529296 0.017577 0.019531
0 0.648437 0.707031 0.015623 0.015624
0 0.727539 0.884767 0.017577 0.015624
0 0.873045 0.881836 0.015623 0.013673
0 0.876953 0.913088 0.015623 0.017580
0 0.103515 0.918946 0.015623 0.013673
0 0.096680 0.938477 0.029297 0.021483
0 0.030276 0.705080 0.017577 0.015624
0 0.181639 0.612303 0.023439 0.021483
0 0.053710 0.829101 0.017577 0.017580
0 0.724608 0.457030 0.015623 0.011717
0 0.109377 0.468751 0.015623 0.015624
0 0.684568 0.004883 0.013674 0.009766
