0 0.447266 0.173829 0.012894 0.017188
0 0.994774 0.517579 0.010452 0.017188
0 0.882813 0.440430 0.017187 0.019337
0 0.419923 0.208008 0.017187 0.015039
0 0.729490 0.179687 0.019334 0.021483
0 0.932618 0.322264 0.015041 0.017188
0 0.706056 0.232422 0.032228 0.025781
0 0.318359 0.206053 0.012894 0.015039
0 0.212892 0.370116 0.017187 0.015039
0 0.964846 0.417968 0.017187 0.012890
0 0.574218 0.843749 0.017187 0.021483
0 0.599612 0.611327 0.012894 0.012890
0 0.174807 0.205077 0.015041 0.017188
0 0.585938 0.273436 0.012894 0.017188
0 0.993749 0.349609 0.012502 0.017188
0 0.930664 0.991602 0.032228 0.016795
0 0.803711 0.290040 0.015041 0.023632
0 0.549807 0.125977 0.015041 0.015039
0 0.221681 0.213867 0.015041 0.015039
0 0.173830 0.024414 0.017187 0.015039
0 0.122071 0.290040 0.010743 0.010741
0 0.886721 0.686525 0.012894 0.015039
0 0.301759 0.454103 0.019334 0.015039
0 0.905275 0.958985 0.015041 0.017188
0 0.908201 0.127928 0.012894 0.015039
0 0.240235 0.895508 0.021485 0.015039
0 0.458985 0.078125 0.017187 0.017188
0 0.057615 0.231446 0.019334 0.019337
0 0.072266 0.529296 0.017187 0.017188
0 0.977537 0.479492 0.019334 0.015039
0 0.375976 0.091797 0.015041 0.012890
0 0.462889 0.652345 0.017187 0.021483
0 0.857419 0.099611 0.021485 0.021483
0 0.010742 0.521486 0.015041 0.017188
0 0.688479 0.073242 0.015041 0.019337
0 0.400392 0.348633 0.017187 0.019337
0 0.395507 0.083007 0.010743 0.015039
0 0.174807 0.972657 0.015041 0.017188
0 0.124025 0.962892 0.023632 0.025781
0 0.164064 0.990625 0.021485 0.018751
0 0.708010 0.686525 0.019334 0.019337
0 0.674805 0.343750 0.019334 0.017188
0 0.671874 0.357423 0.017187 0.012890
0 0.411135 0.544920 0.019334 0.021483
0 0.141602 0.983398 0.032228 0.023632
0 0.872070 0.116211 0.023632 0.023632
0 0.698244 0.662111 0.019334 0.017188
0 0.537110 0.499999 0.017187 0.021483
0 0.517579 0.503906 0.012894 0.021483
0 0.738891 0.007691 0.023541 0.015381
0 0.848975 0.123387 0.022153 0.022155
0 0.738203 0.484797 0.019531 0.019531
