0 0.514649 0.273436 0.019334 0.034373
0 0.602539 0.207033 0.015041 0.017188
0 0.855466 0.829101 0.017187 0.019337
0 0.891602 0.523438 0.015041 0.012890
0 0.805667 0.926757 0.015041 0.015039
0 0.759765 0.673828 0.012894 0.017188
0 0.822266 0.862305 0.017187 0.015039
0 0.182620 0.639649 0.015041 0.015039
0 0.808593 0.532227 0.021485 0.019337
0 0.700194 0.672852 0.015041 0.015039
0 0.570311 0.562500 0.012894 0.017188
0 0.639647 0.085939 0.015041 0.017188
0 0.135741 0.841798 0.015041 0.012890
0 0.367188 0.291991 0.017187 0.015039
0 0.576173 0.258788 0.017187 0.019337
0 0.605470 0.344726 0.017187 0.019337
0 0.372068 0.836915 0.015041 0.019337
0 0.089844 0.724611 0.012894 0.017188
0 0.637698 0.916015 0.015041 0.017188
0 0.883791 0.916991 0.010743 0.015039
0 0.117187 0.968750 0.012894 0.017188
0 0.425782 0.039063 0.025783 0.017188
0 0.285155 0.627931 0.017187 0.019337
0 0.974607 0.777342 0.017187 0.017188
0 0.563477 0.098632 0.015041 0.015039
0 0.704103 0.382813 0.019334 0.017188
0 0.515626 0.543945 0.021485 0.019337
0 0.973635 0.173829 0.015041 0.017188
0 0.922853 0.164063 0.023632 0.025781
0 0.865232 0.778322 0.017187 0.019337
0 0.962893 0.195312 0.021485 0.025781
0 0.436524 0.049804 0.019334 0.019337
0 0.940430 0.184570 0.032228 0.023632
0 0.321292 0.971681 0.023632 0.019337
