0 0.208985 0.539061 0.017187 0.012890
0 0.116209 0.372071 0.023632 0.023632
0 0.050782 0.778321 0.017187 0.019337
0 0.796873 0.457030 0.017187 0.017188
0 0.220705 0.863280 0.021485 0.021483
0 0.871094 0.112304 0.021485 0.015039
0 0.842774 0.086914 0.032228 0.032228
0 0.057616 0.903322 0.019334 0.019337
0 0.106444 0.794921 0.019334 0.021483
0 0.041993 0.801760 0.019334 0.019337
0 0.440432 0.841798 0.023632 0.021483
0 0.092775 0.842773 0.019334 0.015039
0 0.122072 0.876953 0.019334 0.021483
0 0.253904 0.876953 0.017187 0.021483
0 0.076170 0.906250 0.012894 0.017188
0 0.015623 0.849608 0.021485 0.012890
0 0.033205 0.853515 0.017187 0.021483
0 0.022462 0.873046 0.015041 0.017188
0 0.100587 0.863280 0.015041 0.017188
0 0.004575 0.786804 0.009150 0.018810
0 0.375283 0.877082 0.027586 0.023825
0 0.291898 0.889619 0.018807 0.028837
0 0.316978 0.885234 0.016301 0.022569
0 0.093160 0.883977 0.015046 0.020063
0 0.877270 0.031848 0.030466 0.024926
