0 0.947264 0.045897 0.015623 0.017580
0 0.903321 0.214843 0.017577 0.015624
0 0.672851 0.822267 0.021485 0.023438
0 0.429689 0.552734 0.019531 0.015624
0 0.505859 0.347657 0.019531 0.019531
0 0.679685 0.353516 0.011720 0.019531
0 0.174802 0.696290 0.037108 0.044921
0 0.934572 0.458986 0.017577 0.023438
0 0.986326 0.411134 0.015623 0.017580
0 0.745118 0.164063 0.033205 0.023438
0 0.694336 0.254885 0.029297 0.021483
0 0.017576 0.304688 0.023439 0.019531
0 0.027342 0.318361 0.019531 0.031248
0 0.527345 0.015625 0.011720 0.019531
0 0.543945 0.013673 0.013674 0.015624
0 0.047850 0.871095 0.009766 0.015624
0 0.032587 0.820376 0.018195 0.016175
0 0.045729 0.842614 0.024259 0.020218
0 0.658322 0.328073 0.024259 0.026282
0 0.696736 0.333131 0.020220 0.020218
