0 0.135740 0.574220 0.017577 0.019531
0 0.353513 0.520506 0.015623 0.013673
0 0.261720 0.352540 0.031251 0.033204
0 0.089843 0.946288 0.019531 0.017580
0 0.369141 0.845705 0.023439 0.031248
0 0.097655 0.252929 0.031251 0.041014
0 0.145505 0.771483 0.013674 0.015624
0 0.187499 0.783204 0.019531 0.015624
0 0.197264 0.759766 0.015623 0.019531
0 0.161133 0.828125 0.017577 0.023438
0 0.165042 0.849608 0.021485 0.035155
0 0.237304 0.869139 0.021485 0.042969
0 0.264646 0.855470 0.033205 0.035155
0 0.502928 0.867187 0.033205 0.042969
0 0.525390 0.858398 0.023439 0.021483
0 0.586915 0.819335 0.021485 0.033204
0 0.558595 0.811525 0.019531 0.017580
0 0.411135 0.842773 0.017577 0.017580
0 0.978514 0.064452 0.019531 0.031248
0 0.939452 0.434571 0.015623 0.013673
0 0.238281 0.823242 0.019531 0.017580
0 0.255858 0.819335 0.019531 0.017580
0 0.255858 0.774414 0.023439 0.017580
0 0.469728 0.857422 0.037108 0.042969
0 0.441408 0.869139 0.023439 0.031248
0 0.401369 0.861329 0.013674 0.015624
0 0.206053 0.885743 0.017577 0.021483
0 0.223635 0.885743 0.017577 0.017580
0 0.176756 0.834959 0.021485 0.029297
0 0.160156 0.801760 0.035154 0.037111
0 0.135740 0.793946 0.021485 0.033204
0 0.114260 0.809570 0.017577 0.021483
0 0.086912 0.781249 0.013674 0.015624
0 0.112305 0.762693 0.033205 0.029297
