0 0.890626 0.670897 0.025783 0.032228
0 0.975585 0.031249 0.019334 0.025781
0 0.588866 0.870119 0.019334 0.019337
0 0.704103 0.751953 0.036526 0.025781
0 0.099611 0.187501 0.021485 0.021483
0 0.483399 0.255860 0.019334 0.017188
0 0.415040 0.881836 0.032228 0.036522
0 0.670899 0.802736 0.019334 0.021483
0 0.967774 0.260743 0.019334 0.015039
0 0.699218 0.725587 0.034374 0.023632
0 0.183592 0.670897 0.017187 0.019337
0 0.154296 0.220701 0.021485 0.017188
0 0.639648 0.750001 0.015041 0.021483
0 0.821290 0.969726 0.019334 0.019337
0 0.451171 0.891602 0.034374 0.023632
0 0.229494 0.279299 0.019334 0.034373
0 0.467776 0.891602 0.019334 0.032228
0 0.490233 0.904298 0.017187 0.034373
0 0.245117 0.246095 0.023632 0.025781
0 0.223632 0.220701 0.040819 0.025781
