0 0.987303 0.991213 0.013674 0.013673
0 0.923829 0.655273 0.015623 0.021483
0 0.381838 0.777342 0.017577 0.019531
0 0.751952 0.019532 0.019531 0.019531
0 0.820311 0.547852 0.019531 0.021483
0 0.726564 0.526369 0.019531 0.017580
0 0.175779 0.061525 0.019531 0.017580
0 0.831054 0.907226 0.013674 0.013673
0 0.820311 0.838867 0.019531 0.021483
0 0.685548 0.451172 0.019531 0.019531
0 0.083009 0.785156 0.017577 0.015624
0 0.083986 0.287109 0.019531 0.019531
0 0.095705 0.305664 0.035154 0.013673
0 0.093984 0.261750 0.032091 0.024843
