0 0.094729 0.038087 0.019334 0.019337
0 0.166991 0.262695 0.015041 0.015039
0 0.244138 0.289064 0.017187 0.012890
0 0.009765 0.455079 0.017187 0.017188
0 0.504882 0.887695 0.019334 0.023632
0 0.561522 0.731446 0.015041 0.015039
0 0.607423 0.754884 0.017187 0.015039
0 0.185545 0.843750 0.017187 0.017188
0 0.353514 0.754884 0.025783 0.023632
0 0.660154 0.543945 0.025783 0.023632
0 0.688479 0.587890 0.010743 0.012890
0 0.969726 0.089842 0.015041 0.025781
0 0.981446 0.059570 0.023632 0.023632
0 0.792969 0.598635 0.017187 0.032228
0 0.990772 0.087890 0.018455 0.034373
0 0.960938 0.960936 0.017187 0.012890
0 0.964846 0.981447 0.017187 0.019337
0 0.315429 0.791991 0.032228 0.019337
