0 0.982419 0.566406 0.019531 0.031248
0 0.961916 0.215822 0.017577 0.017580
0 0.190432 0.942384 0.021485 0.017580
0 0.394532 0.805663 0.015623 0.017580
0 0.808593 0.720704 0.015623 0.015624
0 0.468748 0.575196 0.015623 0.017580
0 0.668944 0.955077 0.017577 0.015624
0 0.093748 0.959960 0.015623 0.017580
0 0.771485 0.905274 0.015623 0.013673
0 0.240237 0.416016 0.019531 0.019531
0 0.555666 0.695314 0.013674 0.015624
0 0.490233 0.174804 0.015623 0.013673
0 0.995118 0.182618 0.009764 0.021483
0 0.079102 0.051759 0.013674 0.013673
0 0.011721 0.700197 0.015623 0.017580
0 0.541015 0.988281 0.015623 0.019531
0 0.640625 0.990233 0.011720 0.011717
0 0.912111 0.853515 0.015623 0.015624
0 0.932620 0.647462 0.013674 0.009766
0 0.047852 0.377930 0.017577 0.021483
0 0.767577 0.576172 0.015623 0.019531
0 0.682618 0.858398 0.017577 0.017580
0 0.717772 0.368164 0.021485 0.021483
0 0.238283 0.676759 0.019531 0.017580
0 0.938477 0.748045 0.017577 0.015624
0 0.954100 0.962891 0.021485 0.019531
0 0.756834 0.709962 0.017577 0.017580
0 0.629882 0.755859 0.021485 0.019531
0 0.615236 0.862304 0.015623 0.017580
0 0.442382 0.995115 0.009766 0.009766
0 0.689453 0.346681 0.019531 0.017580
0 0.201169 0.913088 0.019531 0.021483
0 0.396486 0.987305 0.019531 0.021483
0 0.495442 0.511105 0.024923 0.040156
0 0.969201 0.755358 0.015233 0.018001
0 0.962969 0.776131 0.016615 0.020769
