0 0.839841 0.510741 0.017187 0.015039
0 0.632810 0.992822 0.012894 0.014356
0 0.209960 0.370116 0.019334 0.015039
0 0.401368 0.364257 0.019334 0.015039
0 0.489258 0.911133 0.023632 0.023632
0 0.966799 0.575197 0.017187 0.015039
0 0.788087 0.442382 0.015041 0.015039
0 0.923828 0.357423 0.017187 0.017188
0 0.842773 0.244139 0.015041 0.012890
0 0.828127 0.920898 0.017187 0.015039
0 0.506835 0.510741 0.015041 0.015039
0 0.952148 0.487307 0.015041 0.015039
0 0.837892 0.687501 0.012894 0.012890
0 0.549806 0.599610 0.015041 0.012890
0 0.875000 0.526369 0.021485 0.015039
0 0.475584 0.013673 0.019334 0.017188
0 0.517578 0.719728 0.017187 0.015039
0 0.951171 0.826170 0.017187 0.017188
0 0.594725 0.500975 0.015041 0.015039
0 0.674804 0.478517 0.019334 0.017188
0 0.509766 0.572265 0.017187 0.017188
0 0.645507 0.583007 0.019334 0.015039
0 0.451173 0.224608 0.017187 0.017188
0 0.790042 0.644531 0.015041 0.017188
0 0.385740 0.081056 0.019334 0.019337
0 0.602537 0.791991 0.023632 0.023632
0 0.162109 0.440430 0.012894 0.015039
0 0.876955 0.606445 0.017187 0.015039
0 0.682615 0.316405 0.015041 0.012890
0 0.466796 0.548827 0.012894 0.017188
0 0.721677 0.203126 0.015041 0.017188
0 0.842773 0.150391 0.019334 0.017188
0 0.590822 0.058594 0.019334 0.017188
0 0.719728 0.791991 0.019334 0.015039
0 0.960936 0.946288 0.017187 0.015039
0 0.759768 0.021483 0.021485 0.017188
0 0.800779 0.967774 0.017187 0.015039
0 0.836915 0.559569 0.019334 0.015039
0 0.730471 0.074218 0.017187 0.017188
0 0.364260 0.235350 0.015041 0.015039
0 0.673827 0.095704 0.012894 0.012890
0 0.432619 0.017580 0.019334 0.017188
0 0.131835 0.197267 0.032228 0.025781
0 0.837892 0.032228 0.021485 0.023632
0 0.622073 0.165039 0.010743 0.019337
0 0.957033 0.725587 0.012894 0.015039
0 0.864258 0.463868 0.019334 0.015039
0 0.624022 0.323244 0.015041 0.023632
0 0.938479 0.683594 0.015041 0.017188
0 0.921874 0.721680 0.017187 0.015039
0 0.877932 0.907226 0.019334 0.015039
0 0.701174 0.242188 0.017187 0.017188
0 0.958982 0.865236 0.017187 0.012890
0 0.851561 0.324219 0.017187 0.017188
0 0.559571 0.520506 0.019334 0.015039
0 0.747071 0.159181 0.010743 0.010741
0 0.557617 0.276367 0.015041 0.010741
0 0.568360 0.791991 0.021485 0.019337
0 0.563474 0.186522 0.019334 0.019337
0 0.488281 0.588865 0.017187 0.010741
0 0.519532 0.033204 0.025783 0.025781
0 0.721677 0.389647 0.015041 0.015039
0 0.677735 0.422851 0.017187 0.015039
0 0.614256 0.562500 0.019334 0.017188
0 0.987307 0.625976 0.015041 0.015039
0 0.556640 0.636717 0.012894 0.012890
0 0.872069 0.846681 0.015041 0.015039
0 0.431642 0.054687 0.021485 0.021483
0 0.517578 0.083983 0.017187 0.012890
0 0.848635 0.084959 0.015041 0.015039
0 0.446288 0.746094 0.019334 0.017188
0 0.691404 0.171874 0.017187 0.017188
0 0.106447 0.160156 0.015041 0.017188
0 0.625976 0.899416 0.015041 0.019337
0 0.749025 0.560548 0.015041 0.017188
0 0.334963 0.278319 0.015041 0.015039
0 0.880858 0.663087 0.017187 0.015039
0 0.642576 0.024414 0.017187 0.019337
0 0.852538 0.751953 0.019334 0.021483
0 0.686523 0.859374 0.015041 0.017188
0 0.309570 0.610352 0.015041 0.015039
0 0.910154 0.671876 0.012894 0.017188
0 0.672850 0.741211 0.015041 0.015039
0 0.791991 0.362306 0.015041 0.015039
0 0.027346 0.604493 0.017187 0.015039
0 0.794922 0.727539 0.012894 0.015039
0 0.614256 0.228515 0.015041 0.017188
0 0.569337 0.074218 0.015041 0.017188
0 0.747071 0.528320 0.019334 0.015039
0 0.787110 0.305664 0.017187 0.015039
0 0.449219 0.921874 0.012894 0.012890
0 0.613279 0.367189 0.017187 0.021483
0 0.995751 0.798829 0.008499 0.017188
0 0.494138 0.281250 0.017187 0.012890
0 0.515624 0.264650 0.021485 0.015039
0 0.499024 0.622069 0.015041 0.015039
0 0.130858 0.959961 0.012894 0.010741
0 0.711912 0.894533 0.015041 0.017188
0 0.544920 0.040038 0.017187 0.010741
0 0.686523 0.706056 0.015041 0.015039
0 0.808596 0.759766 0.017187 0.017188
0 0.791014 0.386720 0.017187 0.017188
0 0.844727 0.880860 0.015041 0.017188
0 0.846681 0.184570 0.019334 0.015039
0 0.743163 0.615235 0.019334 0.021483
0 0.879881 0.937498 0.015041 0.017188
0 0.503904 0.334961 0.012894 0.019337
0 0.651369 0.679687 0.019334 0.012890
0 0.990233 0.915040 0.012894 0.015039
0 0.593748 0.333009 0.012894 0.010741
0 0.058591 0.493165 0.017187 0.015039
0 0.458984 0.423827 0.017187 0.017188
0 0.324221 0.097656 0.017187 0.017188
0 0.657227 0.255860 0.015041 0.012890
0 0.627930 0.344726 0.019334 0.010741
0 0.059568 0.934571 0.019334 0.019337
0 0.963868 0.986330 0.010743 0.017188
0 0.616210 0.291016 0.019334 0.017188
0 0.852538 0.806639 0.019334 0.017188
0 0.636719 0.256836 0.008591 0.015039
0 0.725586 0.808594 0.015041 0.017188
0 0.655273 0.504882 0.019334 0.015039
0 0.545897 0.536134 0.023632 0.019337
0 0.852538 0.422851 0.019334 0.019337
0 0.646484 0.213867 0.021485 0.015039
0 0.729494 0.362306 0.006445 0.006443
0 0.420899 0.729494 0.015041 0.015039
0 0.721677 0.334961 0.015041 0.015039
0 0.575194 0.676759 0.019334 0.015039
0 0.576171 0.694335 0.021485 0.019337
0 0.349609 0.706056 0.017187 0.015039
0 0.430665 0.575197 0.023632 0.015039
0 0.454099 0.589845 0.015041 0.017188
0 0.362306 0.722656 0.019334 0.021483
0 0.849607 0.725587 0.012894 0.015039
0 0.814453 0.724611 0.017187 0.017188
0 0.822264 0.884767 0.021485 0.021483
0 0.938479 0.978516 0.015041 0.017188
0 0.668947 0.654297 0.019334 0.012890
0 0.580079 0.399413 0.017187 0.015039
0 0.770505 0.371096 0.015041 0.021483
0 0.773436 0.216798 0.017187 0.012890
0 0.655273 0.276367 0.019334 0.019337
0 0.652341 0.174805 0.021485 0.019337
0 0.535155 0.340819 0.017187 0.019337
0 0.501955 0.070311 0.017187 0.021483
0 0.732420 0.456054 0.021485 0.019337
0 0.780276 0.512696 0.019334 0.015039
0 0.786133 0.527345 0.015041 0.012890
0 0.726563 0.532227 0.017187 0.019337
0 0.784179 0.271485 0.036526 0.021483
0 0.772459 0.251953 0.032228 0.017188
0 0.584960 0.413085 0.019334 0.019337
0 0.557617 0.222657 0.019334 0.021483
0 0.544920 0.256836 0.021485 0.019337
0 0.266599 0.045897 0.019334 0.010741
0 0.325198 0.118163 0.023632 0.023632
0 0.422853 0.071291 0.019334 0.019337
0 0.270508 0.074218 0.023632 0.038671
0 0.712889 0.681642 0.012894 0.021483
0 0.698243 0.673828 0.010743 0.012890
0 0.710940 0.499999 0.017187 0.017188
0 0.703123 0.533203 0.017187 0.017188
0 0.674804 0.615235 0.019334 0.017188
0 0.607422 0.410158 0.021485 0.017188
0 0.705078 0.333985 0.017187 0.017188
0 0.545209 0.019835 0.017552 0.020063
