0 0.742186 0.835939 0.015623 0.015624
0 0.250976 0.907226 0.013674 0.013673
0 0.106447 0.400392 0.017577 0.019531
0 0.263673 0.575197 0.015623 0.017580
0 0.166995 0.645507 0.013674 0.005859
0 0.831053 0.898436 0.013674 0.015624
0 0.992187 0.766601 0.011720 0.009766
0 0.983399 0.791015 0.017577 0.019531
0 0.501955 0.818360 0.015623 0.011717
0 0.050780 0.623049 0.015623 0.015624
0 0.336912 0.670897 0.021485 0.021483
0 0.962890 0.755859 0.015623 0.015624
0 0.916017 0.751953 0.015623 0.011717
0 0.883789 0.876953 0.009766 0.007814
0 0.765625 0.908202 0.007811 0.011717
0 0.976564 0.396485 0.011720 0.019531
0 0.584960 0.743163 0.017577 0.017580
0 0.657227 0.664062 0.017577 0.019531
0 0.979981 0.771582 0.023541 0.016615
