0 0.550779 0.544922 0.017187 0.017188
0 0.743165 0.592774 0.015041 0.015039
0 0.625978 0.688478 0.015041 0.015039
0 0.557619 0.735350 0.015041 0.015039
0 0.371096 0.528322 0.017187 0.015039
0 0.508791 0.234375 0.015041 0.012890
0 0.410158 0.175782 0.017187 0.012890
0 0.645509 0.170899 0.010743 0.010741
0 0.189454 0.125978 0.017187 0.015039
0 0.146483 0.112306 0.017187 0.019337
0 0.108398 0.139647 0.019334 0.019337
0 0.125975 0.494142 0.019334 0.021483
0 0.076170 0.571287 0.017187 0.015039
0 0.182619 0.644533 0.019334 0.017188
0 0.054690 0.776368 0.017187 0.015039
0 0.073244 0.936524 0.023632 0.019337
0 0.697268 0.909179 0.017187 0.015039
0 0.638670 0.880858 0.017187 0.017188
0 0.481444 0.839844 0.015041 0.012890
0 0.275390 0.831054 0.017187 0.019337
0 0.503906 0.874999 0.021485 0.021483
0 0.079101 0.674805 0.015041 0.015039
0 0.095701 0.884765 0.017187 0.025781
0 0.170900 0.990771 0.019334 0.018459
0 0.190431 0.951172 0.015041 0.021483
0 0.883791 0.170899 0.019334 0.023632
0 0.492186 0.894530 0.017187 0.012890
0 0.386719 0.984376 0.021485 0.021483
0 0.179688 0.171875 0.017187 0.025781
0 0.585939 0.542970 0.017187 0.021483
0 0.374645 0.626513 0.018341 0.019592
0 0.329462 0.609248 0.013456 0.013456
0 0.341881 0.595792 0.011386 0.011387
0 0.334120 0.629436 0.012423 0.014493
0 0.110008 0.672911 0.025880 0.024843
0 0.108459 0.705002 0.019531 0.019531
0 0.473343 0.902196 0.017597 0.017599
0 0.489908 0.429136 0.019668 0.021737
