0 0.736328 0.270508 0.011720 0.013673
0 0.681638 0.129884 0.015623 0.013673
0 0.488281 0.514647 0.015623 0.013673
0 0.552737 0.966798 0.015623 0.019531
0 0.522463 0.561524 0.013674 0.013673
0 0.657227 0.431640 0.013674 0.011717
0 0.037111 0.698242 0.015623 0.009766
0 0.768556 0.958984 0.017577 0.019531
0 0.446288 0.568358 0.013674 0.011717
0 0.522463 0.812501 0.017577 0.015624
0 0.782225 0.170897 0.013674 0.013673
0 0.346678 0.575196 0.013674 0.017580
0 0.585937 0.592772 0.015623 0.013673
0 0.089842 0.596679 0.019531 0.029297
0 0.646484 0.766600 0.015623 0.013673
0 0.882812 0.335936 0.015623 0.015624
0 0.558594 0.538086 0.019531 0.009766
0 0.506835 0.018555 0.013674 0.017580
0 0.571291 0.913088 0.017577 0.017580
0 0.552737 0.420899 0.015623 0.013673
0 0.915040 0.505858 0.017577 0.015624
0 0.808596 0.923829 0.015623 0.015624
0 0.656250 0.207032 0.011720 0.015624
0 0.981445 0.778321 0.013674 0.017580
0 0.844727 0.211915 0.013674 0.013673
0 0.988279 0.125977 0.011720 0.013673
0 0.599611 0.064452 0.015623 0.015624
0 0.635742 0.491209 0.013674 0.009766
0 0.532229 0.639648 0.017577 0.017580
0 0.820310 0.838866 0.015623 0.013673
0 0.590822 0.671876 0.017577 0.019531
0 0.810545 0.693359 0.019531 0.019531
0 0.903320 0.040038 0.013674 0.013673
0 0.478515 0.477541 0.015623 0.013673
0 0.457030 0.714845 0.015623 0.015624
0 0.772459 0.625976 0.009766 0.013673
0 0.880858 0.133790 0.015623 0.021483
0 0.320312 0.699217 0.015623 0.015624
0 0.894531 0.544924 0.015623 0.015624
0 0.705078 0.357423 0.015623 0.015624
0 0.008791 0.747069 0.017577 0.013673
0 0.699220 0.907225 0.019531 0.017580
0 0.937502 0.732421 0.015623 0.015624
0 0.847658 0.030272 0.015623 0.013673
0 0.794922 0.012697 0.015623 0.013673
0 0.764648 0.006835 0.017577 0.013671
0 0.631838 0.149415 0.017577 0.017580
0 0.611330 0.145508 0.011720 0.013673
0 0.499024 0.071290 0.021485 0.021483
0 0.849607 0.124025 0.011720 0.013673
0 0.886720 0.150390 0.015623 0.011717
0 0.944336 0.130859 0.013674 0.015624
0 0.980467 0.095704 0.015623 0.015624
0 0.987307 0.598634 0.013674 0.017580
0 0.649415 0.952150 0.017577 0.029297
0 0.902343 0.918946 0.015623 0.013673
0 0.895509 0.938477 0.029297 0.021483
0 0.829104 0.705080 0.017577 0.015624
0 0.755860 0.727538 0.019531 0.021483
0 0.741209 0.719728 0.017577 0.017580
0 0.452150 0.829101 0.017577 0.021483
0 0.473635 0.811525 0.017577 0.017580
0 0.980467 0.612303 0.023439 0.021483
0 0.852538 0.829101 0.017577 0.017580
0 0.454099 0.847656 0.017577 0.019531
0 0.908205 0.468751 0.015623 0.015624
0 0.010741 0.474609 0.017577 0.019531
0 0.340821 0.686524 0.017577 0.017580
