0 0.474611 0.340819 0.019531 0.017580
0 0.562501 0.045897 0.019531 0.017580
0 0.989259 0.143556 0.021483 0.017580
0 0.626952 0.049804 0.019531 0.021483
0 0.433595 0.025390 0.019531 0.019531
0 0.587890 0.125977 0.015623 0.013673
0 0.742190 0.291991 0.015623 0.013673
0 0.892576 0.161132 0.015623 0.017580
0 0.875976 0.539062 0.017577 0.015624
0 0.822263 0.992187 0.015623 0.015626
0 0.742190 0.675779 0.015623 0.015624
0 0.783201 0.885743 0.011720 0.013673
0 0.654295 0.159180 0.019531 0.021483
0 0.447264 0.609376 0.019531 0.019531
0 0.841794 0.436523 0.011720 0.013673
0 0.765624 0.596679 0.015623 0.017580
0 0.860353 0.871094 0.013674 0.015624
0 0.944335 0.267577 0.017577 0.015624
0 0.500000 0.424806 0.023439 0.029297
0 0.740236 0.334961 0.019531 0.021483
0 0.995116 0.114260 0.009768 0.021483
0 0.451172 0.183594 0.015623 0.019531
0 0.977540 0.677735 0.013674 0.015624
0 0.963866 0.335936 0.021485 0.019531
0 0.660086 0.838354 0.018220 0.021532
0 0.641041 0.824279 0.013249 0.026498
0 0.758633 0.322438 0.019875 0.026498
