0 0.138674 0.637697 0.012894 0.015039
0 0.439452 0.413085 0.017187 0.019337
0 0.394533 0.247071 0.017187 0.015039
0 0.765624 0.061525 0.017187 0.019337
0 0.735350 0.022459 0.015041 0.015039
0 0.748047 0.003223 0.012894 0.006446
0 0.782229 0.184571 0.019334 0.023632
0 0.984375 0.735353 0.017187 0.019337
0 0.794921 0.699218 0.017187 0.017188
0 0.474611 0.878905 0.008591 0.012890
0 0.495119 0.867188 0.015041 0.017188
0 0.433595 0.819336 0.017187 0.015039
0 0.436521 0.867188 0.015041 0.017188
0 0.658203 0.274416 0.012894 0.015039
0 0.918947 0.224609 0.023632 0.017188
0 0.900393 0.228516 0.017187 0.017188
0 0.711916 0.191405 0.023632 0.021483
0 0.649414 0.711915 0.019334 0.019337
0 0.634763 0.334961 0.017187 0.015039
0 0.752927 0.207033 0.023632 0.021483
0 0.743162 0.251954 0.015041 0.025781
0 0.675780 0.280275 0.021485 0.023632
0 0.705077 0.261719 0.021485 0.021483
0 0.825194 0.371092 0.019334 0.021483
0 0.605467 0.736329 0.021485 0.021483
0 0.716796 0.739256 0.017187 0.019337
0 0.715819 0.757811 0.032228 0.017188
0 0.706054 0.292967 0.036526 0.034373
