0 0.624024 0.011717 0.017577 0.015624
0 0.566408 0.068359 0.015623 0.015624
0 0.989258 0.027345 0.013674 0.015624
0 0.186523 0.838867 0.013674 0.013673
0 0.128906 0.178712 0.011720 0.013673
0 0.362303 0.192384 0.009766 0.013673
0 0.255859 0.136718 0.015623 0.015624
0 0.977538 0.169922 0.013674 0.015624
0 0.723634 0.444337 0.009766 0.013673
0 0.016600 0.365233 0.013674 0.011717
0 0.454101 0.648438 0.013674 0.015624
0 0.826170 0.133791 0.011720 0.017580
0 0.611327 0.422851 0.015623 0.021483
0 0.230470 0.836915 0.015623 0.017580
0 0.253905 0.615234 0.011720 0.015624
0 0.096679 0.288084 0.013674 0.013673
0 0.141603 0.984374 0.017577 0.015624
0 0.043948 0.879884 0.017577 0.017580
0 0.942384 0.567382 0.013674 0.009766
0 0.066405 0.722656 0.011720 0.015624
0 0.453124 0.666993 0.015623 0.021483
0 0.165037 0.339843 0.013674 0.011717
0 0.216797 0.248046 0.011720 0.011717
0 0.207031 0.022463 0.015623 0.013673
0 0.519529 0.590821 0.011720 0.013673
0 0.625001 0.066408 0.015623 0.015624
0 0.447267 0.712890 0.023439 0.019531
0 0.916991 0.236329 0.013674 0.015624
0 0.049805 0.020507 0.013674 0.017580
0 0.774416 0.362306 0.013674 0.013673
0 0.749022 0.720704 0.017577 0.019531
0 0.424805 0.691407 0.013674 0.015624
0 0.692383 0.032228 0.013674 0.013673
0 0.944333 0.771483 0.013674 0.015624
0 0.442382 0.149415 0.013674 0.013673
0 0.184569 0.881836 0.029297 0.013673
0 0.433593 0.079101 0.015623 0.017580
0 0.132815 0.033204 0.011720 0.015624
0 0.338869 0.019531 0.017577 0.019531
0 0.347657 0.034180 0.011720 0.013673
0 0.536134 0.166015 0.013674 0.011717
0 0.548826 0.174805 0.019531 0.021483
0 0.781250 0.323243 0.015623 0.017580
0 0.371091 0.354492 0.015623 0.013673
0 0.383788 0.363281 0.017577 0.019531
0 0.371091 0.377930 0.015623 0.017580
0 0.547854 0.546876 0.013674 0.015624
0 0.790039 0.537110 0.017577 0.019531
0 0.794924 0.521486 0.011720 0.007814
0 0.812501 0.526369 0.015623 0.017580
0 0.157226 0.385744 0.021485 0.017580
0 0.241213 0.110353 0.013674 0.013673
0 0.237305 0.005860 0.017577 0.011719
0 0.955076 0.173829 0.015623 0.015624
0 0.779296 0.188477 0.023439 0.013673
0 0.747068 0.208008 0.009766 0.013673
0 0.742188 0.285157 0.011720 0.023438
0 0.815432 0.207032 0.017577 0.011717
0 0.791993 0.209960 0.013674 0.029297
0 0.756834 0.307615 0.013674 0.029297
0 0.990235 0.766601 0.011720 0.017580
0 0.708006 0.743163 0.009766 0.021483
0 0.754885 0.245119 0.021485 0.021483
0 0.340823 0.150391 0.017577 0.015624
