0 0.381836 0.197265 0.019334 0.017188
0 0.399413 0.225586 0.019334 0.019337
0 0.254884 0.241210 0.015041 0.019337
0 0.910158 0.552736 0.017187 0.021483
0 0.795898 0.234375 0.019334 0.021483
0 0.483400 0.236327 0.019334 0.017188
0 0.745116 0.229493 0.032228 0.023632
0 0.307620 0.919920 0.019334 0.017188
0 0.336916 0.289062 0.019334 0.021483
0 0.443360 0.411131 0.017187 0.019337
0 0.043944 0.137696 0.019334 0.019337
0 0.659180 0.124999 0.032228 0.021483
0 0.531251 0.968752 0.038667 0.025781
0 0.358397 0.222654 0.019334 0.025781
0 0.410155 0.464842 0.021485 0.021483
0 0.113280 0.712892 0.021485 0.025781
0 0.543947 0.733399 0.019334 0.019337
0 0.245118 0.097657 0.019334 0.017188
0 0.215821 0.625002 0.019334 0.021483
0 0.957032 0.947265 0.017187 0.012890
0 0.321288 0.208986 0.019334 0.021483
0 0.811526 0.679688 0.019334 0.017188
0 0.441406 0.171875 0.025783 0.025781
0 0.349608 0.364259 0.021485 0.019337
0 0.495119 0.764647 0.019334 0.019337
0 0.340820 0.756837 0.019334 0.019337
0 0.396487 0.301758 0.021485 0.015039
0 0.214844 0.455076 0.017187 0.021483
0 0.172851 0.625977 0.019334 0.019337
0 0.234375 0.717774 0.017187 0.019337
0 0.525388 0.715819 0.025783 0.023632
0 0.081052 0.989259 0.019334 0.019337
0 0.760744 0.921876 0.023632 0.034373
0 0.822263 0.948241 0.025783 0.019337
0 0.817383 0.984619 0.036526 0.030762
0 0.747070 0.042967 0.019334 0.021483
0 0.039064 0.693361 0.021485 0.021483
0 0.018556 0.690429 0.019334 0.019337
0 0.008252 0.673829 0.016503 0.021483
0 0.747070 0.952148 0.019334 0.032228
0 0.680665 0.945314 0.023632 0.034373
0 0.238284 0.079102 0.017187 0.015039
