0 0.891603 0.559569 0.032228 0.040820
0 0.588866 0.071291 0.019334 0.019337
0 0.111330 0.953126 0.017187 0.021483
0 0.415040 0.083008 0.032228 0.036522
0 0.670899 0.007324 0.019334 0.014649
0 0.735349 0.416992 0.019334 0.015039
0 0.265625 0.849608 0.017187 0.017188
0 0.989699 0.275392 0.020603 0.034373
0 0.920900 0.880860 0.019334 0.017188
0 0.563477 0.303713 0.019334 0.019337
0 0.821290 0.170898 0.019334 0.019337
0 0.451171 0.092773 0.034374 0.023632
0 0.467776 0.092773 0.019334 0.032228
0 0.490233 0.105470 0.017187 0.034373
0 0.010255 0.241212 0.020509 0.019337
0 0.006201 0.263671 0.012401 0.017188
0 0.481445 0.938478 0.019334 0.019337
