0 0.995117 0.863280 0.009767 0.015624
0 0.863281 0.514648 0.015623 0.013673
0 0.875977 0.366213 0.017577 0.017580
0 0.821287 0.384764 0.029297 0.023438
0 0.700197 0.419923 0.017577 0.019531
0 0.287107 0.236329 0.015623 0.019531
0 0.133790 0.399412 0.021485 0.017580
0 0.230468 0.376954 0.015623 0.015624
0 0.172852 0.621093 0.017577 0.015624
0 0.057619 0.554686 0.017577 0.015624
0 0.041014 0.552734 0.015623 0.015624
0 0.304690 0.993165 0.019531 0.013670
0 0.534178 0.739259 0.013674 0.017580
0 0.652341 0.172853 0.015623 0.017580
0 0.726563 0.117187 0.019531 0.015624
0 0.770505 0.096680 0.013674 0.017580
0 0.255862 0.051759 0.019531 0.017580
0 0.962890 0.062501 0.015623 0.019531
0 0.953125 0.151366 0.015623 0.017580
0 0.966799 0.160156 0.019531 0.019531
0 0.796876 0.441406 0.019531 0.015624
0 0.810545 0.435547 0.019531 0.019531
0 0.806641 0.459961 0.019531 0.033204
0 0.660158 0.459961 0.019531 0.017580
0 0.217771 0.609376 0.033205 0.023438
0 0.467773 0.819335 0.029297 0.017580
0 0.485350 0.820311 0.021485 0.031248
0 0.713866 0.783204 0.029297 0.019531
0 0.734374 0.780273 0.015623 0.017580
0 0.726563 0.798829 0.019531 0.019531
0 0.225588 0.580079 0.017577 0.023438
0 0.327147 0.464844 0.021485 0.019531
0 0.671873 0.210939 0.031251 0.050779
0 0.725140 0.030292 0.018807 0.015673
0 0.706328 0.020891 0.015674 0.025078
0 0.026105 0.535758 0.012540 0.023510
