0 0.632810 0.194336 0.012894 0.015039
0 0.958982 0.556641 0.017187 0.012890
0 0.489258 0.112305 0.023632 0.023632
0 0.828127 0.122070 0.017187 0.015039
0 0.796876 0.597655 0.017187 0.012890
0 0.684569 0.405275 0.019334 0.015039
0 0.556640 0.258788 0.017187 0.019337
0 0.594725 0.282226 0.015041 0.015039
0 0.951171 0.027342 0.017187 0.017188
0 0.718751 0.782225 0.017187 0.015039
0 0.726563 0.224609 0.017187 0.017188
0 0.916994 0.466796 0.019334 0.017188
0 0.275393 0.240233 0.012894 0.012890
0 0.557617 0.323244 0.015041 0.015039
0 0.725586 0.265626 0.015041 0.012890
0 0.575194 0.964843 0.019334 0.012890
0 0.960936 0.147460 0.017187 0.015039
0 0.866212 0.553710 0.015041 0.015039
0 0.669924 0.631835 0.017187 0.015039
0 0.903320 0.275392 0.015041 0.012890
0 0.800779 0.168946 0.017187 0.015039
0 0.992774 0.522462 0.014452 0.015039
0 0.923828 0.343751 0.017187 0.017188
0 0.406248 0.362306 0.017187 0.015039
0 0.501955 0.939454 0.017187 0.012890
0 0.840818 0.236330 0.015041 0.017188
0 0.877932 0.108398 0.019334 0.015039
0 0.958982 0.066408 0.017187 0.012890
0 0.881835 0.343751 0.015041 0.017188
0 0.859377 0.635742 0.012894 0.015039
0 0.908205 0.972657 0.012894 0.017188
0 0.872069 0.047853 0.015041 0.015039
0 0.202149 0.249022 0.015041 0.015039
0 0.231445 0.288085 0.019334 0.019337
0 0.750002 0.698242 0.017187 0.019337
0 0.625976 0.100587 0.015041 0.019337
0 0.868166 0.301757 0.015041 0.015039
0 0.565428 0.847657 0.019334 0.021483
0 0.833984 0.260743 0.012894 0.015039
0 0.360352 0.995702 0.015041 0.008595
0 0.536132 0.398437 0.019334 0.017188
0 0.750974 0.426758 0.010743 0.015039
0 0.696289 0.556641 0.019334 0.017188
0 0.522463 0.444338 0.015041 0.015039
0 0.611330 0.493165 0.017187 0.019337
0 0.686523 0.060546 0.015041 0.017188
0 0.920897 0.896485 0.019334 0.017188
0 0.091796 0.312499 0.021485 0.017188
0 0.513669 0.496093 0.017187 0.017188
0 0.861327 0.458986 0.012894 0.017188
0 0.449219 0.123046 0.012894 0.012890
0 0.130858 0.161132 0.012894 0.010741
0 0.711912 0.095705 0.015041 0.017188
0 0.463870 0.424806 0.015041 0.015039
0 0.898440 0.762694 0.017187 0.015039
0 0.459961 0.991797 0.015041 0.016406
0 0.290039 0.301757 0.015041 0.015039
0 0.536132 0.985350 0.019334 0.010741
0 0.844727 0.082032 0.015041 0.017188
0 0.882812 0.209960 0.017187 0.015039
0 0.879881 0.138670 0.015041 0.017188
0 0.626953 0.333009 0.012894 0.015039
0 0.990233 0.116212 0.012894 0.015039
0 0.317381 0.307616 0.015041 0.019337
0 0.040037 0.909181 0.015041 0.015039
0 0.492189 0.902343 0.017187 0.012890
0 0.806641 0.442382 0.017187 0.015039
0 0.059568 0.135743 0.019334 0.019337
0 0.963868 0.187502 0.010743 0.017188
0 0.852538 0.008203 0.019334 0.016405
0 0.725586 0.009766 0.015041 0.017188
0 0.392580 0.944337 0.021485 0.019337
0 0.928708 0.933595 0.023632 0.025781
0 0.688478 0.862305 0.015041 0.015039
0 0.669924 0.857422 0.017187 0.012890
0 0.899412 0.575197 0.019334 0.023632
0 0.894531 0.555666 0.021485 0.015039
0 0.778322 0.433592 0.019334 0.021483
0 0.644530 0.575197 0.017187 0.015039
0 0.627930 0.568359 0.015041 0.017188
0 0.822264 0.085939 0.021485 0.021483
0 0.938479 0.179688 0.015041 0.017188
0 0.125001 0.296874 0.021485 0.017188
0 0.627338 0.386557 0.021318 0.021316
0 0.631099 0.407246 0.018807 0.015047
