0 0.169921 0.234374 0.019531 0.019531
0 0.749025 0.269529 0.021485 0.019531
0 0.893554 0.562500 0.021485 0.023438
0 0.006836 0.223633 0.013672 0.029297
0 0.665038 0.874022 0.021485 0.021483
0 0.724609 0.410158 0.023439 0.019531
0 0.839841 0.747070 0.023439 0.021483
0 0.194337 0.017576 0.021485 0.015624
0 0.980467 0.053711 0.023439 0.021483
0 0.672850 0.311523 0.021485 0.017580
0 0.113281 0.263671 0.019531 0.019531
0 0.344729 0.041994 0.017577 0.017580
0 0.805664 0.408203 0.021485 0.019531
0 0.964845 0.486327 0.023439 0.023438
0 0.525389 0.797853 0.023439 0.029297
0 0.212891 0.059570 0.019531 0.017580
0 0.118162 0.624025 0.021485 0.021483
0 0.392580 0.408203 0.019531 0.019531
0 0.363283 0.219726 0.023439 0.021483
0 0.054688 0.248047 0.019531 0.019531
0 0.518555 0.326171 0.021485 0.019531
0 0.454099 0.043946 0.017577 0.021483
0 0.626953 0.733397 0.023439 0.021483
0 0.045900 0.596680 0.017577 0.017580
0 0.291016 0.264647 0.015623 0.017580
0 0.703123 0.890626 0.023439 0.019531
0 0.670901 0.570314 0.017577 0.019531
0 0.626953 0.169922 0.019531 0.015624
0 0.021483 0.850584 0.019531 0.021483
0 0.090819 0.025390 0.021485 0.019531
0 0.077150 0.040039 0.021485 0.021483
0 0.929686 0.887695 0.023439 0.021483
0 0.552737 0.599611 0.015623 0.023438
0 0.532229 0.583983 0.021485 0.023438
0 0.865235 0.177736 0.015623 0.023438
0 0.887697 0.199219 0.013674 0.019531
0 0.651369 0.036132 0.029297 0.029297
