0 0.220704 0.924805 0.019531 0.021483
0 0.304686 0.933595 0.019531 0.019531
0 0.014650 0.849608 0.021485 0.019531
0 0.706056 0.516603 0.017577 0.021483
0 0.332034 0.492189 0.019531 0.023438
0 0.235350 0.339843 0.021485 0.023438
0 0.189453 0.977540 0.019531 0.021483
0 0.793946 0.628907 0.017577 0.019531
0 0.652343 0.091797 0.019531 0.019531
0 0.104494 0.099611 0.029297 0.031248
0 0.980469 0.904298 0.023439 0.031248
0 0.783203 0.719728 0.019531 0.021483
0 0.673828 0.045897 0.015623 0.013673
0 0.282229 0.349609 0.021485 0.031248
0 0.719725 0.139649 0.017577 0.021483
0 0.435546 0.419923 0.031251 0.019531
0 0.207030 0.438475 0.015623 0.017580
0 0.442381 0.446289 0.021485 0.021483
0 0.078124 0.338868 0.031251 0.041014
0 0.119140 0.812501 0.031251 0.031248
0 0.130860 0.782225 0.019531 0.017580
0 0.171876 0.915039 0.015623 0.009766
0 0.166991 0.939453 0.013674 0.015624
0 0.675782 0.080076 0.019531 0.011717
0 0.681640 0.104494 0.019531 0.017580
0 0.637697 0.235353 0.021485 0.021483
0 0.833985 0.232422 0.019531 0.015624
0 0.842774 0.253905 0.021485 0.019531
