0 0.867190 0.995556 0.017577 0.008888
0 0.606446 0.197267 0.019339 0.021095
0 0.065432 0.066408 0.015820 0.017580
0 0.186522 0.423827 0.015820 0.017580
0 0.288086 0.651366 0.015820 0.015822
0 0.923829 0.887695 0.021095 0.019334
0 0.439454 0.787108 0.021095 0.021095
0 0.908201 0.610352 0.017577 0.015822
0 0.817385 0.308595 0.019339 0.021095
0 0.216795 0.535155 0.017577 0.017580
0 0.737306 0.274416 0.015820 0.015822
0 0.317382 0.111329 0.019339 0.021095
0 0.489259 0.240232 0.019339 0.017580
0 0.535156 0.625976 0.017577 0.019334
0 0.519533 0.187501 0.017577 0.017580
0 0.813477 0.971681 0.015820 0.019334
0 0.655274 0.705076 0.026365 0.021095
0 0.310548 0.270509 0.017577 0.019334
0 0.717775 0.656248 0.015820 0.017580
0 0.703124 0.353516 0.017577 0.021095
0 0.380861 0.708983 0.014059 0.010544
0 0.465820 0.815429 0.026365 0.015822
0 0.387695 0.827150 0.019339 0.015822
0 0.378907 0.846681 0.021095 0.019334
0 0.191407 0.379882 0.017577 0.019334
0 0.469728 0.200194 0.019339 0.015822
0 0.843751 0.367189 0.017577 0.021095
0 0.866213 0.361330 0.019339 0.021095
0 0.416992 0.072266 0.029884 0.035155
0 0.476562 0.179688 0.017577 0.017580
