0 0.779295 0.316406 0.023439 0.023438
0 0.658205 0.521486 0.019531 0.019531
0 0.421873 0.007812 0.019531 0.015625
0 0.598635 0.141601 0.021485 0.029297
0 0.541014 0.088866 0.023439 0.029297
0 0.750976 0.462889 0.029297 0.031248
0 0.901367 0.046877 0.017577 0.019531
0 0.931641 0.093749 0.019531 0.019531
0 0.151368 0.554686 0.021485 0.023438
0 0.839843 0.287109 0.023439 0.023438
0 0.170899 0.172853 0.033205 0.033204
0 0.479494 0.791991 0.021485 0.021483
0 0.297852 0.190429 0.021485 0.021483
0 0.979492 0.682618 0.021485 0.029297
0 0.870116 0.136718 0.021485 0.023438
