0 0.893554 0.162109 0.021485 0.023438
0 0.665038 0.473632 0.021485 0.021483
0 0.724609 0.009767 0.023439 0.019531
0 0.839841 0.346679 0.023439 0.021483
0 0.805664 0.008789 0.021485 0.017578
0 0.964845 0.085937 0.023439 0.023438
0 0.525389 0.397463 0.023439 0.029297
0 0.129881 0.891603 0.017577 0.029297
0 0.118162 0.223634 0.021485 0.021483
0 0.392580 0.008789 0.019531 0.017578
0 0.829104 0.616212 0.021485 0.017580
0 0.626953 0.333007 0.023439 0.021483
0 0.045900 0.196289 0.017577 0.017580
0 0.703123 0.490235 0.023439 0.019531
0 0.670901 0.169923 0.017577 0.019531
0 0.021483 0.450194 0.019531 0.021483
0 0.929686 0.487304 0.023439 0.021483
0 0.552737 0.199220 0.015623 0.023438
0 0.532229 0.183592 0.021485 0.023438
