0 0.739257 0.666994 0.021485 0.021483
0 0.562500 0.334961 0.015623 0.021483
0 0.011721 0.689452 0.023439 0.019531
0 0.506838 0.453123 0.021485 0.023438
0 0.312499 0.906250 0.023439 0.023438
0 0.027343 0.866212 0.019531 0.021483
0 0.279299 0.163088 0.019531 0.021483
0 0.512695 0.771484 0.021485 0.019531
0 0.989258 0.073242 0.021484 0.021483
0 0.089845 0.860353 0.019531 0.021483
0 0.158204 0.396485 0.019531 0.023438
0 0.708984 0.564451 0.023439 0.019531
0 0.125976 0.777342 0.021485 0.023438
0 0.128907 0.292967 0.023439 0.031248
0 0.719726 0.992187 0.021485 0.015626
0 0.965820 0.104490 0.029297 0.021483
0 0.890626 0.244139 0.023439 0.023438
0 0.819336 0.759766 0.013674 0.019531
0 0.008789 0.076173 0.017578 0.019531
0 0.361327 0.853515 0.019531 0.023438
0 0.741212 0.791991 0.029297 0.037111
