0 0.632812 0.297853 0.017577 0.019334
0 0.174802 0.931639 0.019339 0.028123
0 0.312502 0.490234 0.021095 0.021095
0 0.916013 0.416016 0.017577 0.021095
0 0.896482 0.244139 0.017577 0.017580
0 0.530276 0.288084 0.019339 0.019334
0 0.021485 0.624024 0.017577 0.015822
0 0.269532 0.688476 0.017577 0.019334
0 0.302737 0.775390 0.014059 0.017580
0 0.077147 0.101563 0.026366 0.028123
0 0.871094 0.617186 0.017577 0.021095
0 0.193361 0.294922 0.017577 0.017580
0 0.584961 0.912108 0.019339 0.017580
0 0.370119 0.189453 0.015820 0.017580
0 0.374999 0.809570 0.017577 0.029881
0 0.161134 0.224608 0.015820 0.017580
0 0.485351 0.020507 0.019339 0.019334
0 0.154299 0.528320 0.017577 0.015822
0 0.011719 0.696290 0.017577 0.015822
0 0.036130 0.715821 0.019339 0.029881
0 0.016599 0.729494 0.026366 0.026366
0 0.262697 0.588869 0.015820 0.019334
0 0.283201 0.597655 0.017577 0.021095
0 0.409181 0.833984 0.040429 0.021095
