0 0.969728 0.943361 0.021485 0.019531
0 0.729492 0.850588 0.017577 0.017580
0 0.987305 0.085939 0.021485 0.019531
0 0.097656 0.258788 0.031251 0.021483
0 0.356446 0.408202 0.021485 0.031248
0 0.174804 0.194336 0.021485 0.021483
0 0.747069 0.949219 0.033205 0.031248
0 0.630859 0.327147 0.019531 0.021483
0 0.016600 0.212891 0.033201 0.023438
0 0.794920 0.302733 0.019531 0.019531
0 0.104491 0.458006 0.033205 0.021483
0 0.644533 0.918947 0.019531 0.021483
0 0.389646 0.670897 0.029297 0.021483
0 0.838867 0.591797 0.017577 0.019531
0 0.959962 0.720704 0.033205 0.042969
