0 0.867185 0.425780 0.017577 0.021095
0 0.749999 0.086912 0.017577 0.019334
0 0.416015 0.086912 0.017577 0.015822
0 0.141602 0.302734 0.019339 0.017580
0 0.693359 0.552736 0.017577 0.017580
0 0.857420 0.695312 0.017577 0.017580
0 0.542968 0.005420 0.014059 0.010840
0 0.551756 0.475587 0.019339 0.019334
0 0.832031 0.083985 0.017577 0.017580
0 0.653320 0.412111 0.019339 0.017580
0 0.067381 0.275389 0.015820 0.017580
0 0.697268 0.249024 0.017577 0.015822
0 0.494140 0.413087 0.014059 0.026365
0 0.920898 0.239258 0.019339 0.019334
0 0.013673 0.197265 0.017577 0.021095
0 0.730467 0.568360 0.021095 0.017580
0 0.990234 0.159178 0.014059 0.026365
0 0.580076 0.274413 0.014059 0.029881
0 0.559573 0.261720 0.019339 0.021095
