0 0.863284 0.006836 0.023439 0.013671
0 0.809571 0.053711 0.029297 0.029297
0 0.155273 0.430665 0.021485 0.021483
0 0.880861 0.683594 0.023439 0.023438
0 0.428709 0.838867 0.037108 0.029297
0 0.078125 0.508789 0.031251 0.029297
0 0.789062 0.200194 0.023439 0.021483
0 0.907226 0.044921 0.029297 0.035155
0 0.884764 0.076173 0.031251 0.023438
0 0.385743 0.944336 0.029297 0.041014
0 0.937500 0.425782 0.035154 0.031248
0 0.830079 0.191405 0.019531 0.019531
0 0.489256 0.943361 0.013674 0.011717
0 0.836913 0.150391 0.021485 0.023438
0 0.679687 0.005859 0.023439 0.011718
0 0.657225 0.011718 0.017577 0.019531
