0 0.106443 0.721681 0.017577 0.021483
0 0.035158 0.880858 0.019531 0.019531
0 0.552733 0.948241 0.019531 0.029297
0 0.928709 0.891603 0.017577 0.029297
0 0.183596 0.708985 0.019531 0.019531
0 0.916990 0.223634 0.021485 0.021483
0 0.844728 0.196289 0.017577 0.017580
0 0.708010 0.294920 0.021485 0.023438
0 0.120117 0.608398 0.021485 0.037111
0 0.791015 0.117189 0.019531 0.019531
0 0.398438 0.801758 0.019531 0.021483
0 0.294920 0.741213 0.019531 0.021483
0 0.271486 0.731447 0.019531 0.017580
0 0.285154 0.719726 0.019531 0.013673
0 0.760741 0.338865 0.037108 0.037111
0 0.820311 0.450194 0.019531 0.021483
0 0.570315 0.038085 0.015623 0.021483
0 0.539064 0.017578 0.019531 0.019531
0 0.038084 0.973635 0.029297 0.037111
0 0.137694 0.991210 0.029297 0.017580
0 0.167968 0.987303 0.023439 0.021483
