0 0.038088 0.751954 0.021485 0.023438
0 0.524412 0.851561 0.021485 0.019531
0 0.871092 0.267579 0.019531 0.015624
0 0.078127 0.712892 0.023439 0.023438
0 0.675781 0.836913 0.015623 0.017580
0 0.010742 0.152344 0.021483 0.019531
0 0.243165 0.158202 0.021485 0.031248
0 0.910154 0.283203 0.011720 0.019531
0 0.549806 0.049805 0.021485 0.021483
0 0.798830 0.630860 0.019531 0.019531
0 0.626953 0.638670 0.019531 0.019531
0 0.730471 0.355469 0.019531 0.019531
0 0.316404 0.100585 0.019531 0.021483
0 0.852538 0.823244 0.017577 0.021483
0 0.921874 0.010743 0.019531 0.017580
0 0.737305 0.461914 0.017577 0.017580
0 0.298827 0.053712 0.035154 0.021483
0 0.276365 0.085937 0.037108 0.023438
0 0.338866 0.372069 0.029297 0.037111
0 0.063477 0.291017 0.021485 0.023438
0 0.761717 0.035157 0.023439 0.031248
0 0.753905 0.007812 0.031251 0.011717
0 0.737305 0.044923 0.021485 0.031248
0 0.511720 0.924803 0.019531 0.021483
0 0.513669 0.960938 0.019531 0.019531
0 0.518555 0.983400 0.021485 0.017580
0 0.490235 0.968752 0.019531 0.019531
0 0.932617 0.266603 0.021485 0.021483
0 0.868166 0.616212 0.017577 0.013673
0 0.899412 0.611329 0.029297 0.023438
