0 0.368162 0.889650 0.029297 0.029297
0 0.322265 0.275391 0.019531 0.019531
0 0.220702 0.278319 0.019531 0.021483
0 0.254884 0.827149 0.013674 0.017580
0 0.587890 0.816408 0.019531 0.019531
0 0.980466 0.456054 0.023439 0.033204
0 0.873045 0.167970 0.019531 0.019531
0 0.592775 0.860353 0.021485 0.021483
0 0.879885 0.567382 0.017577 0.017580
0 0.604490 0.374999 0.017577 0.019531
0 0.935547 0.403319 0.019531 0.017580
0 0.945312 0.275391 0.019531 0.019531
0 0.893553 0.295898 0.017577 0.017580
0 0.436521 0.946288 0.013674 0.013673
0 0.789063 0.394530 0.019531 0.019531
0 0.099612 0.653321 0.019531 0.021483
0 0.874022 0.313478 0.021485 0.021483
0 0.096680 0.882812 0.017577 0.023438
0 0.407224 0.130860 0.021485 0.019531
0 0.399413 0.152342 0.021485 0.019531
0 0.504885 0.119142 0.017577 0.019531
0 0.529296 0.113280 0.023439 0.019531
0 0.538085 0.130860 0.021485 0.019531
0 0.522462 0.129884 0.017577 0.021483
0 0.500977 0.138673 0.021485 0.019531
0 0.262695 0.228515 0.017577 0.015624
0 0.125977 0.500975 0.017577 0.017580
0 0.088869 0.503906 0.013674 0.015624
0 0.352539 0.593752 0.021485 0.019531
0 0.905273 0.234374 0.017577 0.015624
0 0.922850 0.246095 0.017577 0.019531
0 0.923827 0.431640 0.019531 0.015624
0 0.116212 0.902343 0.021485 0.019531
0 0.747070 0.455078 0.033205 0.039062
0 0.714842 0.435547 0.031251 0.023438
0 0.807617 0.414061 0.021485 0.019531
0 0.792967 0.431640 0.019531 0.019531
0 0.100584 0.676759 0.017577 0.013673
0 0.114257 0.688476 0.005857 0.009766
0 0.102538 0.712890 0.009766 0.015624
0 0.121092 0.985353 0.015623 0.029295
0 0.144531 0.978516 0.019531 0.031248
0 0.119143 0.926757 0.019531 0.017580
0 0.333985 0.992187 0.023439 0.015626
0 0.357419 0.961916 0.023439 0.033204
0 0.724608 0.883787 0.019531 0.029297
0 0.754881 0.876953 0.021485 0.023438
0 0.364259 0.617186 0.029297 0.015624
0 0.125000 0.720704 0.015623 0.019531
0 0.117189 0.604493 0.019531 0.017580
0 0.103515 0.487306 0.011720 0.009766
0 0.128908 0.539062 0.011720 0.015624
0 0.109377 0.545900 0.011720 0.009766
0 0.105469 0.569338 0.015623 0.013673
0 0.123046 0.580079 0.011720 0.011717
0 0.691408 0.479492 0.019531 0.021483
0 0.710939 0.500975 0.019531 0.009766
0 0.280272 0.241212 0.009766 0.009766
