0 0.600588 0.787108 0.021485 0.023438
0 0.169921 0.393554 0.019531 0.021483
0 0.571291 0.101563 0.017577 0.019531
0 0.318358 0.670897 0.023439 0.021483
0 0.730471 0.152343 0.023439 0.023438
0 0.286130 0.070311 0.017577 0.019531
0 0.199217 0.300781 0.019531 0.023438
0 0.556640 0.987306 0.019531 0.017580
0 0.910154 0.737304 0.023439 0.033204
0 0.215822 0.659180 0.021485 0.021483
0 0.950194 0.719725 0.017577 0.017580
0 0.233399 0.329102 0.021485 0.021483
0 0.579102 0.615235 0.021485 0.019531
0 0.056642 0.561524 0.019531 0.017580
0 0.196291 0.126953 0.021485 0.019531
0 0.139647 0.110353 0.021485 0.021483
0 0.163086 0.119139 0.017577 0.023438
0 0.982422 0.241212 0.023439 0.048828
