0 0.254882 0.233398 0.019339 0.015822
0 0.555665 0.117187 0.019339 0.021095
0 0.333983 0.087891 0.017577 0.017580
0 0.490232 0.367189 0.021095 0.021095
0 0.529295 0.284182 0.017577 0.015822
0 0.408205 0.036132 0.017577 0.019334
0 0.402342 0.402344 0.017577 0.014060
0 0.780273 0.182619 0.015820 0.015822
0 0.421873 0.265626 0.017577 0.017580
0 0.939453 0.550783 0.021095 0.017580
0 0.511718 0.150391 0.017577 0.017580
0 0.896483 0.660156 0.017577 0.017580
0 0.896483 0.277343 0.017577 0.017580
0 0.479495 0.713866 0.015820 0.015822
0 0.625001 0.479493 0.017577 0.019334
0 0.380857 0.219726 0.021095 0.026365
0 0.340823 0.406251 0.019339 0.021095
0 0.722657 0.876953 0.017577 0.014060
0 0.257813 0.031249 0.028127 0.028123
0 0.282224 0.004444 0.015820 0.008887
0 0.854494 0.906250 0.019339 0.017580
0 0.570311 0.211916 0.021095 0.019334
0 0.741211 0.816405 0.015820 0.017580
0 0.099610 0.229491 0.017577 0.019334
0 0.117187 0.982423 0.028127 0.021095
0 0.249024 0.957030 0.012307 0.017580
0 0.746096 0.075194 0.017577 0.015822
0 0.708006 0.368165 0.019339 0.019334
0 0.335937 0.788088 0.021095 0.019334
0 0.787107 0.038087 0.017577 0.019334
0 0.487306 0.753908 0.015820 0.017580
0 0.952150 0.678711 0.015820 0.015822
0 0.311521 0.673828 0.015820 0.017580
0 0.173826 0.456055 0.021095 0.026365
0 0.083010 0.510741 0.015820 0.015822
0 0.805667 0.849608 0.019339 0.021095
0 0.258790 0.289064 0.019339 0.017580
0 0.614258 0.570314 0.019339 0.017580
0 0.154295 0.083984 0.014059 0.017580
0 0.625001 0.729490 0.017577 0.019334
0 0.301755 0.701173 0.019339 0.017580
0 0.040039 0.504882 0.015820 0.015822
0 0.095702 0.203126 0.017577 0.014060
0 0.078124 0.185546 0.014059 0.014060
