0 0.968749 0.393554 0.019531 0.021483
0 0.023438 0.960937 0.019531 0.023438
0 0.193361 0.488283 0.019531 0.019531
0 0.994140 0.300781 0.011720 0.023438
0 0.679685 0.666014 0.019531 0.019531
0 0.510744 0.993164 0.017577 0.013672
0 0.563475 0.475586 0.033205 0.029297
0 0.500002 0.064453 0.031251 0.023438
0 0.744141 0.318361 0.019531 0.019531
0 0.078123 0.293947 0.023439 0.021483
0 0.798826 0.861329 0.023439 0.023438
0 0.855470 0.561524 0.019531 0.017580
0 0.647462 0.596680 0.017577 0.017580
0 0.992188 0.126953 0.015623 0.019531
0 0.642577 0.899416 0.019531 0.021483
0 0.938475 0.110353 0.021485 0.021483
0 0.527344 0.216798 0.019531 0.019531
0 0.543944 0.197267 0.021485 0.019531
0 0.961914 0.119139 0.017577 0.023438
0 0.749021 0.959961 0.013674 0.017580
0 0.770506 0.965819 0.013674 0.013673
0 0.286131 0.209960 0.017577 0.013673
0 0.264646 0.203126 0.013674 0.019531
