0 0.677732 0.239258 0.035154 0.029297
0 0.165037 0.551756 0.017577 0.017580
0 0.139649 0.844727 0.021485 0.021483
0 0.523437 0.348635 0.019531 0.017580
0 0.640624 0.021485 0.031251 0.019531
0 0.617190 0.508791 0.019531 0.021483
0 0.898437 0.731447 0.019531 0.021483
0 0.822266 0.560546 0.019531 0.023438
0 0.991212 0.087892 0.017576 0.019531
0 0.753907 0.505859 0.019531 0.019531
0 0.054685 0.785158 0.019531 0.019531
0 0.727537 0.745116 0.017577 0.017580
0 0.350588 0.533205 0.017577 0.019531
0 0.390623 0.478514 0.019531 0.019531
0 0.583008 0.741213 0.021485 0.021483
0 0.265624 0.599608 0.019531 0.019531
0 0.200197 0.266603 0.021485 0.021483
0 0.136718 0.918944 0.019531 0.017580
0 0.050782 0.595705 0.019531 0.019531
0 0.773439 0.728516 0.023439 0.019531
0 0.864260 0.827147 0.017577 0.017580
0 0.571288 0.716799 0.017577 0.019531
0 0.253905 0.641602 0.023439 0.017580
0 0.397462 0.829103 0.017577 0.017580
0 0.371091 0.800782 0.019531 0.019531
0 0.931642 0.813475 0.019531 0.021483
0 0.501952 0.632812 0.019531 0.019531
0 0.665040 0.812499 0.021485 0.019531
0 0.673829 0.931641 0.019531 0.019531
0 0.458009 0.446290 0.021485 0.013673
0 0.671875 0.346679 0.015623 0.021483
0 0.712891 0.419921 0.019531 0.019531
0 0.893557 0.990234 0.021485 0.019531
0 0.609373 0.732423 0.019531 0.031248
0 0.661132 0.322265 0.017577 0.011717
