0 0.885743 0.028321 0.017577 0.021483
0 0.929686 0.093749 0.023439 0.019531
0 0.439453 0.252929 0.019531 0.021483
0 0.511720 0.631834 0.023439 0.029297
0 0.644530 0.188477 0.019531 0.021483
0 0.880858 0.208008 0.023439 0.017580
0 0.118162 0.306640 0.017577 0.019531
0 0.333009 0.762694 0.021485 0.021483
0 0.371094 0.625976 0.023439 0.021483
0 0.934571 0.127928 0.029297 0.033204
0 0.801756 0.104494 0.021485 0.021483
0 0.511720 0.448244 0.023439 0.021483
0 0.722655 0.083007 0.019531 0.017580
0 0.424802 0.671876 0.017577 0.019531
0 0.091796 0.191404 0.019531 0.015624
0 0.448242 0.182619 0.021485 0.017580
0 0.333986 0.319336 0.019531 0.017580
0 0.283204 0.186522 0.019531 0.017580
0 0.083008 0.706056 0.021485 0.021483
0 0.062499 0.225588 0.019531 0.017580
