0 0.912107 0.353516 0.023439 0.023438
0 0.008790 0.327147 0.017577 0.021483
0 0.950198 0.167971 0.021485 0.023438
0 0.902342 0.036132 0.023439 0.021483
0 0.911130 0.737304 0.029297 0.029297
0 0.553713 0.109373 0.021485 0.019531
0 0.973632 0.351561 0.021485 0.019531
0 0.825194 0.182619 0.021485 0.021483
0 0.829103 0.237305 0.021485 0.017580
0 0.202148 0.986330 0.017577 0.015624
0 0.098635 0.326171 0.021485 0.019531
0 0.697265 0.931640 0.035154 0.031248
0 0.251952 0.909181 0.019531 0.021483
0 0.081052 0.960937 0.017577 0.019531
0 0.748047 0.406251 0.023439 0.019531
0 0.509765 0.552734 0.019531 0.019531
0 0.655272 0.461913 0.017577 0.017580
0 0.876953 0.648439 0.019531 0.015624
0 0.105469 0.770508 0.019531 0.021483
0 0.724608 0.032225 0.019531 0.017580
0 0.612306 0.455079 0.021485 0.019531
0 0.053710 0.738280 0.017577 0.019531
0 0.547850 0.286133 0.021485 0.017580
0 0.991210 0.213867 0.017579 0.021483
0 0.850588 0.899416 0.021485 0.017580
0 0.553713 0.254881 0.021485 0.017580
0 0.887696 0.621093 0.021485 0.015624
0 0.823240 0.908202 0.021485 0.019531
0 0.762693 0.922850 0.029297 0.041014
0 0.666014 0.152343 0.019531 0.011717
0 0.649414 0.134767 0.017577 0.015624
0 0.669922 0.178712 0.019531 0.021483
