0 0.519531 0.547852 0.017577 0.019334
0 0.404298 0.730470 0.017577 0.017580
0 0.666991 0.142577 0.019339 0.017580
0 0.753904 0.148436 0.017577 0.017580
0 0.520508 0.455079 0.015820 0.017580
0 0.632814 0.078125 0.017577 0.017580
0 0.675780 0.604493 0.021095 0.019334
0 0.526365 0.142577 0.019339 0.021095
0 0.065430 0.025390 0.019339 0.017580
0 0.463869 0.593748 0.019339 0.017580
0 0.703127 0.816405 0.028127 0.021095
0 0.862303 0.069335 0.019339 0.019334
0 0.715819 0.668945 0.019339 0.015822
0 0.196290 0.273436 0.019339 0.017580
0 0.276369 0.698242 0.019339 0.019334
0 0.125000 0.899416 0.017577 0.015822
0 0.706054 0.705077 0.019339 0.014060
0 0.338865 0.751953 0.029884 0.021095
0 0.424806 0.537110 0.026365 0.028123
0 0.784178 0.290040 0.015820 0.019334
0 0.341797 0.532228 0.017577 0.015822
0 0.621095 0.375975 0.017577 0.019334
0 0.505857 0.372072 0.017577 0.015822
0 0.710939 0.022459 0.017577 0.019334
0 0.632814 0.216798 0.017577 0.028123
0 0.308592 0.490234 0.017577 0.017580
0 0.688477 0.020508 0.015820 0.015822
0 0.847657 0.937498 0.017577 0.021095
0 0.827149 0.945312 0.019339 0.021095
0 0.266603 0.935547 0.019339 0.017580
0 0.762693 0.307616 0.019339 0.029881
0 0.739259 0.301757 0.015820 0.019334
