0 0.433594 0.650390 0.023439 0.019531
0 0.638671 0.188477 0.019531 0.017580
0 0.413086 0.176756 0.021485 0.021483
0 0.389646 0.722656 0.017577 0.019531
0 0.552735 0.106446 0.019531 0.017580
0 0.106445 0.451171 0.021485 0.023438
0 0.279299 0.961916 0.019531 0.021483
0 0.989258 0.872070 0.021484 0.021483
0 0.541992 0.193360 0.021485 0.019531
0 0.542969 0.317381 0.019531 0.017580
0 0.336915 0.637697 0.017577 0.017580
0 0.963865 0.649414 0.029297 0.033204
0 0.425782 0.690432 0.019531 0.017580
0 0.792971 0.729494 0.019531 0.017580
0 0.515627 0.347657 0.019531 0.023438
0 0.965820 0.903319 0.029297 0.021483
0 0.404297 0.058594 0.019531 0.019531
0 0.008789 0.875001 0.017578 0.019531
0 0.509764 0.271484 0.019531 0.019531
0 0.632813 0.629883 0.035154 0.033204
0 0.761720 0.170898 0.031251 0.033204
0 0.755857 0.079101 0.019531 0.021483
0 0.854490 0.187501 0.009766 0.015624
0 0.888672 0.181639 0.011720 0.015624
0 0.868164 0.200194 0.013674 0.017580
0 0.889649 0.213867 0.013674 0.013673
0 0.665041 0.524413 0.021485 0.021483
0 0.600585 0.532227 0.021485 0.021483
0 0.464845 0.492189 0.035154 0.031248
