0 0.184573 0.750976 0.017577 0.017580
0 0.114260 0.909181 0.021485 0.021483
0 0.992188 0.249022 0.015623 0.021483
0 0.868162 0.144532 0.021485 0.023438
0 0.262697 0.738280 0.021485 0.019531
0 0.630857 0.977540 0.023439 0.029297
0 0.921875 0.222656 0.019531 0.019531
0 0.198241 0.638672 0.021485 0.035155
0 0.785157 0.323243 0.023439 0.029297
0 0.616211 0.043945 0.021485 0.021483
0 0.733398 0.009766 0.021485 0.019531
0 0.024415 0.624024 0.021485 0.021483
0 0.476562 0.830077 0.023439 0.023438
0 0.037107 0.584962 0.019531 0.021483
0 0.118163 0.993164 0.029297 0.013672
0 0.898436 0.476561 0.019531 0.019531
0 0.835939 0.369140 0.039062 0.039062
0 0.373044 0.768556 0.019531 0.017580
0 0.369141 0.748045 0.015623 0.015624
0 0.346679 0.761718 0.017577 0.023438
0 0.015627 0.489258 0.015623 0.017580
0 0.041015 0.480468 0.015623 0.019531
0 0.648439 0.067383 0.011720 0.017580
