0 0.419921 0.383788 0.019531 0.017580
0 0.168948 0.123045 0.017577 0.019531
0 0.241210 0.333009 0.033205 0.029297
0 0.441406 0.188477 0.019531 0.017580
0 0.331054 0.518554 0.017577 0.021483
0 0.086915 0.827149 0.017577 0.021483
0 0.130857 0.892577 0.023439 0.019531
0 0.234375 0.726562 0.019531 0.019531
0 0.135743 0.926756 0.029297 0.033204
0 0.006835 0.903322 0.013671 0.021483
0 0.957032 0.274415 0.035154 0.033204
0 0.316408 0.205077 0.023439 0.019531
0 0.902342 0.214842 0.019531 0.019531
0 0.404298 0.954102 0.019531 0.017580
0 0.522462 0.297853 0.017577 0.017580
0 0.421875 0.816408 0.019531 0.019531
0 0.264649 0.513672 0.017577 0.019531
0 0.312500 0.077149 0.019531 0.021483
0 0.794921 0.526368 0.015623 0.017580
0 0.801760 0.578124 0.017577 0.019531
0 0.057618 0.199218 0.021485 0.019531
0 0.149416 0.749025 0.017577 0.017580
0 0.621095 0.290039 0.019531 0.017580
0 0.492188 0.729494 0.023439 0.021483
0 0.550782 0.400392 0.019531 0.019531
0 0.226564 0.422850 0.015623 0.017580
0 0.430664 0.115235 0.021485 0.019531
0 0.658203 0.875001 0.019531 0.023438
0 0.750978 0.420899 0.017577 0.017580
0 0.371093 0.203125 0.019531 0.019531
0 0.407224 0.074218 0.021485 0.019531
0 0.457029 0.583986 0.023439 0.031248
0 0.463869 0.018555 0.029297 0.029297
0 0.834960 0.549806 0.021485 0.021483
0 0.727539 0.567382 0.029297 0.029297
0 0.446287 0.545899 0.021485 0.021483
0 0.891599 0.450195 0.017577 0.009766
