0 0.176756 0.191408 0.033205 0.031248
0 0.598634 0.570313 0.033205 0.035155
0 0.266600 0.679686 0.021485 0.019531
0 0.166991 0.881836 0.017577 0.021483
0 0.298828 0.168946 0.023439 0.021483
0 0.359376 0.780273 0.019531 0.021483
0 0.222658 0.696290 0.015623 0.017580
0 0.020507 0.298829 0.017577 0.019531
0 0.393553 0.683593 0.017577 0.019531
0 0.208007 0.371095 0.017577 0.019531
0 0.803711 0.549806 0.017577 0.017580
0 0.956057 0.859373 0.021485 0.023438
0 0.664062 0.622069 0.031251 0.029297
0 0.444335 0.956053 0.017577 0.021483
0 0.975588 0.223632 0.017577 0.017580
0 0.935549 0.457030 0.019531 0.019531
0 0.250000 0.458009 0.019531 0.017580
0 0.667971 0.673828 0.019531 0.019531
0 0.427735 0.766600 0.019531 0.021483
0 0.112305 0.458009 0.017577 0.021483
0 0.672851 0.744142 0.021485 0.019531
0 0.618166 0.656252 0.033205 0.035155
0 0.523436 0.609376 0.019531 0.019531
0 0.426758 0.994140 0.021485 0.011719
0 0.161133 0.763673 0.021485 0.023438
0 0.491213 0.041014 0.021485 0.019531
0 0.318359 0.514647 0.023439 0.029297
0 0.385741 0.943360 0.017577 0.019531
0 0.960937 0.098631 0.015623 0.009766
0 0.943360 0.153322 0.019531 0.017580
0 0.860351 0.032228 0.029297 0.033204
0 0.069335 0.666017 0.021485 0.019531
0 0.076174 0.691407 0.019531 0.019531
0 0.580080 0.658203 0.019531 0.023438
0 0.551756 0.662110 0.017577 0.019531
0 0.167968 0.298829 0.019531 0.019531
0 0.749021 0.608400 0.017577 0.021483
0 0.768552 0.612303 0.021485 0.017580
0 0.793946 0.621093 0.017577 0.019531
0 0.820311 0.643555 0.019531 0.037111
0 0.797854 0.660155 0.033205 0.019531
0 0.773438 0.659179 0.019531 0.021483
0 0.754884 0.651365 0.029297 0.029297
0 0.735352 0.635741 0.013674 0.017580
0 0.100586 0.686524 0.029297 0.029297
0 0.154299 0.276367 0.023439 0.017580
