0 0.170898 0.289064 0.017577 0.015624
0 0.081054 0.358399 0.021485 0.021483
0 0.084962 0.465820 0.017577 0.017580
0 0.668947 0.386720 0.025388 0.027345
0 0.601565 0.786132 0.019531 0.017580
0 0.587891 0.135742 0.023439 0.025390
0 0.545897 0.431640 0.021485 0.023438
0 0.345701 0.992187 0.023439 0.015626
0 0.931640 0.076173 0.019531 0.019531
0 0.077150 0.230471 0.033205 0.031248
0 0.426757 0.504882 0.017577 0.017580
0 0.034180 0.466796 0.017577 0.015624
0 0.212891 0.303712 0.019531 0.017580
0 0.520509 0.458985 0.013674 0.011717
0 0.265627 0.726563 0.023439 0.023438
0 0.078127 0.664062 0.023439 0.023438
0 0.954102 0.804687 0.021485 0.023438
0 0.929686 0.801756 0.015623 0.021483
