0 0.993163 0.507813 0.013674 0.019531
0 0.991211 0.816404 0.017577 0.015624
0 0.883790 0.760742 0.021485 0.021483
0 0.586915 0.975585 0.021485 0.021483
0 0.994140 0.665038 0.011720 0.017580
0 0.921875 0.007812 0.023439 0.015625
0 0.724610 0.781249 0.019531 0.019531
0 0.603515 0.804687 0.019531 0.015624
0 0.983400 0.565431 0.017577 0.017580
0 0.566407 0.217774 0.019531 0.021483
0 0.815431 0.079101 0.021485 0.029297
0 0.619143 0.766601 0.019531 0.029297
0 0.525390 0.826170 0.023439 0.019531
0 0.029296 0.049804 0.019531 0.021483
0 0.993163 0.202150 0.013674 0.013673
0 0.886721 0.602538 0.023439 0.017580
0 0.528321 0.258788 0.021485 0.021483
0 0.889647 0.824218 0.021485 0.019531
0 0.875978 0.838867 0.021485 0.021483
0 0.547853 0.419923 0.021485 0.019531
0 0.821288 0.623049 0.021485 0.023438
0 0.883790 0.638673 0.021485 0.023438
0 0.862305 0.642580 0.017577 0.019531
0 0.956057 0.137694 0.037108 0.021483
0 0.980468 0.163088 0.019531 0.029297
