0 0.230470 0.064454 0.019531 0.019531
0 0.929687 0.254882 0.019531 0.021483
0 0.832031 0.529298 0.019531 0.019531
0 0.734376 0.736330 0.019531 0.019531
0 0.282229 0.198240 0.021485 0.021483
0 0.151368 0.604491 0.021485 0.021483
0 0.548830 0.273438 0.023439 0.035155
0 0.455078 0.070312 0.023439 0.035155
0 0.877928 0.989259 0.021485 0.021483
0 0.047850 0.978517 0.017577 0.019531
0 0.881836 0.719726 0.017577 0.017580
0 0.262697 0.644533 0.021485 0.023438
0 0.300783 0.604491 0.031251 0.021483
0 0.214842 0.563477 0.019531 0.021483
0 0.767581 0.898437 0.019531 0.019531
0 0.994141 0.520508 0.011717 0.021483
0 0.524414 0.011719 0.021485 0.023438
0 0.090821 0.644533 0.029297 0.023438
0 0.722656 0.806640 0.019531 0.019531
0 0.099609 0.698243 0.042970 0.044921
0 0.703125 0.849610 0.019531 0.019531
0 0.687502 0.990234 0.019531 0.019531
0 0.174802 0.856444 0.033205 0.033204
0 0.056639 0.615236 0.035154 0.039062
0 0.724610 0.841796 0.019531 0.019531
0 0.731445 0.861327 0.017577 0.019531
0 0.935549 0.360352 0.019531 0.017580
0 0.205076 0.384766 0.023439 0.023438
