0 0.852541 0.798829 0.021485 0.023438
0 0.801759 0.367189 0.021485 0.019531
0 0.477541 0.392578 0.021485 0.023438
0 0.613282 0.677735 0.019531 0.023438
0 0.182615 0.513672 0.017577 0.023438
0 0.791993 0.467772 0.025388 0.029297
0 0.665041 0.910157 0.021485 0.019531
0 0.018555 0.606445 0.021485 0.021483
0 0.375977 0.563476 0.021485 0.021483
0 0.932620 0.576172 0.021485 0.023438
0 0.717772 0.655273 0.017577 0.021483
0 0.692384 0.983399 0.033205 0.025390
0 0.724612 0.059570 0.019531 0.017580
0 0.207032 0.345702 0.019531 0.019531
0 0.158204 0.892577 0.019531 0.019531
0 0.702149 0.126953 0.021485 0.019531
0 0.583008 0.052735 0.025388 0.035155
0 0.343750 0.338868 0.019531 0.025390
0 0.781251 0.431641 0.011720 0.015624
0 0.388674 0.136718 0.019531 0.027345
0 0.665041 0.374023 0.033205 0.029297
