0 0.638671 0.987305 0.019531 0.017580
0 0.413086 0.975584 0.021485 0.021483
0 0.552735 0.905274 0.019531 0.017580
0 0.827148 0.717773 0.017577 0.021483
0 0.532226 0.329102 0.029297 0.021483
0 0.541992 0.991211 0.021485 0.017578
0 0.158204 0.274415 0.035154 0.033204
0 0.228517 0.249022 0.019531 0.021483
0 0.903318 0.706055 0.021485 0.021483
0 0.103514 0.214842 0.019531 0.019531
0 0.611328 0.579103 0.019531 0.021483
0 0.005860 0.578124 0.011721 0.019531
0 0.839844 0.604493 0.023439 0.037111
0 0.250974 0.052735 0.029297 0.023438
0 0.543946 0.753907 0.017577 0.019531
0 0.289064 0.110352 0.019531 0.017580
0 0.533204 0.219725 0.019531 0.013673
0 0.541992 0.186525 0.021485 0.021483
0 0.345704 0.063476 0.019531 0.017580
0 0.404297 0.857422 0.019531 0.019531
0 0.761720 0.969726 0.031251 0.033204
0 0.755857 0.877929 0.019531 0.021483
0 0.664064 0.593752 0.023439 0.019531
0 0.036132 0.549806 0.021485 0.021483
0 0.653322 0.459961 0.017577 0.021483
0 0.674807 0.450195 0.017577 0.021483
0 0.675779 0.552734 0.015623 0.019531
0 0.443359 0.638672 0.015623 0.011717
0 0.533204 0.644531 0.019531 0.019531
0 0.572266 0.612303 0.015623 0.021483
0 0.586912 0.627931 0.009766 0.017580
0 0.474610 0.663086 0.015623 0.013673
0 0.515627 0.652345 0.011720 0.015624
0 0.454102 0.665038 0.017577 0.017580
0 0.429686 0.655272 0.015623 0.017580
0 0.433594 0.684569 0.011720 0.013673
0 0.416994 0.702149 0.009766 0.017580
0 0.396486 0.695314 0.015623 0.015624
0 0.407228 0.765625 0.017577 0.023438
0 0.854490 0.986329 0.009766 0.015624
0 0.888672 0.980467 0.011720 0.015624
0 0.868164 0.995116 0.013674 0.009767
0 0.987305 0.724611 0.013674 0.015624
0 0.092771 0.450195 0.017577 0.009766
