0 0.542967 0.904298 0.019531 0.019531
0 0.361330 0.960936 0.019531 0.015624
0 0.912110 0.925781 0.019531 0.019531
0 0.946292 0.045897 0.021485 0.021483
0 0.118163 0.926757 0.021485 0.029297
0 0.864259 0.367189 0.021485 0.023438
0 0.620115 0.908202 0.021485 0.019531
0 0.630857 0.985350 0.019531 0.017580
0 0.772460 0.629883 0.021485 0.021483
0 0.256835 0.518555 0.029297 0.021483
0 0.750975 0.484375 0.017577 0.019531
0 0.606446 0.802736 0.033205 0.031248
0 0.483397 0.972657 0.017577 0.019531
0 0.368164 0.988281 0.017577 0.019531
0 0.991211 0.283202 0.017577 0.023438
0 0.994140 0.307616 0.011720 0.017580
0 0.660154 0.541993 0.019531 0.021483
0 0.732421 0.391603 0.019531 0.017580
0 0.762695 0.399413 0.017577 0.017580
0 0.560549 0.382813 0.035154 0.031248
