0 0.190431 0.872070 0.021485 0.021483
0 0.477540 0.140625 0.021485 0.023438
0 0.468752 0.633790 0.019531 0.021483
0 0.165037 0.649414 0.029297 0.033204
0 0.489260 0.216798 0.017577 0.019531
0 0.303709 0.334961 0.033205 0.033204
0 0.231447 0.251953 0.017577 0.019531
0 0.204099 0.929688 0.037108 0.031248
0 0.166991 0.903319 0.029297 0.021483
0 0.269532 0.617186 0.015623 0.019531
0 0.510740 0.878905 0.017577 0.019531
0 0.055662 0.187501 0.009766 0.015624
0 0.089844 0.181639 0.011720 0.015624
0 0.069336 0.200194 0.013674 0.017580
0 0.090821 0.213867 0.013674 0.013673
0 0.399416 0.288084 0.017577 0.013673
0 0.403319 0.307615 0.009766 0.017580
0 0.404296 0.329102 0.015623 0.013673
0 0.429690 0.238281 0.019531 0.015624
0 0.433593 0.258788 0.015623 0.013673
0 0.425781 0.198243 0.015623 0.013673
0 0.580076 0.350585 0.015623 0.013673
