0 0.421873 0.804687 0.019531 0.019531
0 0.598635 0.940429 0.021485 0.029297
0 0.541014 0.887695 0.023439 0.029297
0 0.237304 0.627931 0.021485 0.029297
0 0.901367 0.845705 0.017577 0.019531
0 0.191407 0.714842 0.023439 0.023438
0 0.660154 0.721680 0.019531 0.021483
0 0.331056 0.738280 0.017577 0.019531
0 0.847654 0.546876 0.019531 0.023438
0 0.931641 0.892577 0.019531 0.019531
0 0.170899 0.971681 0.033205 0.033204
0 0.297852 0.989257 0.021485 0.021483
0 0.122071 0.073242 0.021485 0.021483
0 0.870116 0.935547 0.021485 0.023438
0 0.237304 0.209960 0.029297 0.037111
0 0.135740 0.130860 0.037108 0.031248
0 0.563476 0.704101 0.017577 0.021483
0 0.098632 0.104490 0.029297 0.021483
0 0.023439 0.244139 0.023439 0.023438
0 0.442381 0.080076 0.017577 0.019531
