0 0.016600 0.537110 0.017577 0.019531
0 0.289063 0.924805 0.019531 0.021483
0 0.373045 0.933595 0.019531 0.019531
0 0.066405 0.556641 0.019531 0.019531
0 0.083010 0.849608 0.021485 0.019531
0 0.774415 0.516603 0.017577 0.021483
0 0.400393 0.492189 0.019531 0.023438
0 0.303709 0.339843 0.021485 0.023438
0 0.257813 0.977540 0.019531 0.021483
0 0.862305 0.628907 0.017577 0.019531
0 0.720702 0.091797 0.019531 0.019531
0 0.172854 0.099611 0.029297 0.031248
0 0.851563 0.719728 0.019531 0.021483
0 0.742188 0.045897 0.015623 0.013673
0 0.350588 0.349609 0.021485 0.031248
0 0.788084 0.139649 0.017577 0.021483
0 0.503906 0.419923 0.031251 0.019531
0 0.275390 0.438475 0.015623 0.017580
0 0.510740 0.446289 0.021485 0.021483
0 0.042970 0.227539 0.019531 0.021483
0 0.146483 0.338868 0.031251 0.041014
0 0.040039 0.466796 0.017577 0.019531
0 0.187500 0.812501 0.031251 0.031248
0 0.199219 0.782225 0.019531 0.017580
0 0.240236 0.915039 0.015623 0.009766
0 0.235350 0.939453 0.013674 0.015624
0 0.744142 0.080076 0.019531 0.011717
0 0.749999 0.104494 0.019531 0.017580
0 0.706056 0.235353 0.021485 0.021483
0 0.902345 0.232422 0.019531 0.015624
0 0.911133 0.253905 0.021485 0.019531
