0 0.677732 0.639649 0.035154 0.029297
0 0.165037 0.952147 0.017577 0.017580
0 0.523437 0.749025 0.019531 0.017580
0 0.640624 0.421875 0.031251 0.019531
0 0.617190 0.909181 0.019531 0.021483
0 0.822266 0.960937 0.019531 0.023438
0 0.991212 0.488283 0.017576 0.019531
0 0.029297 0.246095 0.019531 0.019531
0 0.753907 0.906250 0.019531 0.019531
0 0.486329 0.125977 0.019531 0.017580
0 0.350588 0.933595 0.017577 0.019531
0 0.390623 0.878905 0.019531 0.019531
0 0.466798 0.314454 0.019531 0.019531
0 0.265624 0.995117 0.019531 0.009767
0 0.200197 0.666994 0.021485 0.021483
0 0.050782 0.993165 0.019531 0.013670
0 0.876952 0.293947 0.023439 0.021483
0 0.458009 0.846681 0.021485 0.013673
0 0.429690 0.303713 0.019531 0.017580
0 0.553711 0.173829 0.021485 0.019531
0 0.671875 0.747070 0.015623 0.021483
0 0.712891 0.820312 0.019531 0.019531
0 0.661132 0.722656 0.017577 0.011717
