0 0.791015 0.744140 0.019531 0.019531
0 0.756838 0.658202 0.021485 0.019531
0 0.099609 0.731447 0.019531 0.021483
0 0.023438 0.560546 0.019531 0.023438
0 0.193361 0.087892 0.019531 0.019531
0 0.301759 0.615236 0.037108 0.035155
0 0.325194 0.700195 0.033205 0.041014
0 0.369141 0.666991 0.031251 0.029297
0 0.679685 0.265624 0.019531 0.019531
0 0.510744 0.593750 0.017577 0.015624
0 0.563475 0.075195 0.033205 0.029297
0 0.065432 0.827147 0.017577 0.017580
0 0.379884 0.788085 0.017577 0.017580
0 0.132814 0.813475 0.019531 0.021483
0 0.798826 0.460939 0.023439 0.023438
0 0.855470 0.161134 0.019531 0.017580
0 0.374022 0.720702 0.017577 0.019531
0 0.662108 0.897462 0.019531 0.017580
0 0.647462 0.196289 0.017577 0.017580
0 0.642577 0.499025 0.019531 0.021483
0 0.261720 0.708009 0.019531 0.017580
0 0.288086 0.702147 0.029297 0.021483
0 0.894533 0.805665 0.039062 0.033204
0 0.862305 0.779295 0.017577 0.035155
0 0.443358 0.682615 0.015623 0.021483
0 0.458985 0.692381 0.015623 0.029297
0 0.230469 0.654298 0.019531 0.019531
0 0.094728 0.990234 0.021485 0.019531
0 0.749021 0.559570 0.013674 0.017580
0 0.770506 0.565429 0.013674 0.013673
0 0.522459 0.686522 0.013674 0.017580
0 0.503905 0.663084 0.019531 0.013673
0 0.476562 0.656250 0.015623 0.015624
0 0.455077 0.653319 0.015623 0.017580
0 0.479494 0.706054 0.009766 0.017580
0 0.501951 0.703126 0.019531 0.011717
