0 0.855468 0.215819 0.031251 0.021483
0 0.693362 0.152342 0.023439 0.023438
0 0.573244 0.183594 0.021485 0.019531
0 0.700196 0.991210 0.029297 0.017579
0 0.675780 0.505858 0.031251 0.031248
0 0.569336 0.019532 0.021485 0.031248
0 0.869142 0.314454 0.035154 0.035155
0 0.724608 0.083008 0.023439 0.029297
0 0.890627 0.397461 0.023439 0.033204
0 0.684568 0.423827 0.021485 0.023438
0 0.992189 0.584962 0.015623 0.029297
0 0.697265 0.833008 0.023439 0.029297
0 0.523439 0.281250 0.019531 0.023438
0 0.686522 0.250978 0.021485 0.021483
0 0.842771 0.476561 0.021485 0.023438
0 0.950198 0.184570 0.021485 0.021483
0 0.530273 0.916991 0.029297 0.029297
0 0.605467 0.653321 0.019531 0.021483
0 0.610352 0.140625 0.029297 0.023438
0 0.832029 0.664062 0.023439 0.023438
0 0.391601 0.181639 0.017577 0.019531
0 0.839845 0.697266 0.023439 0.023438
0 0.753904 0.101563 0.023439 0.023438
0 0.748047 0.083008 0.019531 0.021483
