0 0.343752 0.198240 0.017577 0.015822
0 0.514647 0.075195 0.015820 0.015822
0 0.593748 0.458983 0.017577 0.017580
0 0.415037 0.406248 0.026365 0.021095
0 0.502932 0.591798 0.015820 0.017580
0 0.663084 0.805665 0.026365 0.019334
0 0.544920 0.277345 0.017577 0.017580
0 0.108396 0.432618 0.019339 0.019334
0 0.606445 0.191406 0.019339 0.017580
0 0.898440 0.645509 0.021095 0.019334
0 0.972656 0.657226 0.017577 0.015822
0 0.638673 0.097657 0.028127 0.017580
0 0.111327 0.140627 0.021095 0.017580
0 0.628907 0.660157 0.028127 0.028123
0 0.321289 0.824220 0.019339 0.017580
0 0.436522 0.588867 0.015820 0.019334
0 0.234376 0.272462 0.017577 0.019334
0 0.171875 0.975586 0.017577 0.015822
0 0.582034 0.148437 0.017577 0.017580
0 0.923828 0.499025 0.017577 0.015822
0 0.828127 0.952148 0.017577 0.019334
0 0.489258 0.151368 0.015820 0.015822
0 0.402345 0.801758 0.017577 0.015822
0 0.591799 0.891603 0.017577 0.019334
0 0.016603 0.552736 0.015820 0.017580
0 0.548829 0.023436 0.017577 0.014060
0 0.258788 0.898437 0.019339 0.014060
0 0.399414 0.498046 0.015820 0.014060
0 0.724609 0.477539 0.017577 0.019334
0 0.794922 0.368166 0.017577 0.019334
0 0.697266 0.375976 0.017577 0.019334
0 0.094727 0.953124 0.019339 0.014060
0 0.056642 0.268555 0.017577 0.015822
0 0.491212 0.281252 0.015820 0.014060
0 0.616210 0.264648 0.019339 0.019334
0 0.228514 0.047850 0.021095 0.015822
0 0.966799 0.603515 0.017577 0.017580
0 0.617188 0.622070 0.017577 0.019334
0 0.062499 0.625002 0.017577 0.017580
0 0.062499 0.653319 0.017577 0.015822
0 0.048826 0.558594 0.021095 0.021095
0 0.022460 0.471680 0.029884 0.029881
0 0.055665 0.481446 0.019339 0.019334
0 0.011718 0.245117 0.017577 0.026365
0 0.088865 0.163085 0.019339 0.015822
0 0.090819 0.188475 0.026365 0.026365
0 0.081054 0.036133 0.019339 0.015822
0 0.079099 0.059571 0.015820 0.015822
0 0.296873 0.963869 0.017577 0.015822
