0 0.289063 0.125977 0.019531 0.021483
0 0.581053 0.995116 0.017577 0.009767
0 0.716799 0.948243 0.019531 0.021483
0 0.373045 0.134767 0.019531 0.019531
0 0.492186 0.593748 0.019531 0.019531
0 0.061524 0.591797 0.017577 0.015624
0 0.701171 0.824218 0.019531 0.023438
0 0.588865 0.245119 0.021485 0.021483
0 0.339845 0.987304 0.019531 0.025391
0 0.083010 0.050780 0.021485 0.019531
0 0.506837 0.212891 0.017577 0.019531
0 0.429690 0.645507 0.023439 0.021483
0 0.306640 0.567383 0.015623 0.017580
0 0.590819 0.906250 0.017577 0.015624
0 0.257813 0.178712 0.019531 0.021483
0 0.915042 0.949219 0.017577 0.019531
0 0.683594 0.547852 0.019531 0.021483
0 0.138672 0.995116 0.019531 0.009767
0 0.848632 0.550783 0.017577 0.019531
0 0.212893 0.728514 0.023439 0.023438
0 0.153323 0.785156 0.021485 0.023438
0 0.981446 0.705076 0.029297 0.031248
0 0.238282 0.751953 0.023439 0.019531
0 0.077147 0.209960 0.017577 0.021483
0 0.644532 0.937498 0.019531 0.019531
0 0.187500 0.014649 0.031251 0.029297
0 0.240236 0.116211 0.015623 0.009766
0 0.235350 0.140625 0.013674 0.015624
0 0.473632 0.291016 0.021485 0.023438
0 0.637698 0.296874 0.021485 0.023438
0 0.613281 0.299805 0.015623 0.029297
0 0.145506 0.970702 0.021485 0.023438
