0 0.981443 0.513672 0.017577 0.023438
0 0.675780 0.804687 0.019531 0.019531
0 0.554690 0.119139 0.019531 0.019531
0 0.817383 0.606445 0.021485 0.021483
0 0.671877 0.321288 0.023439 0.029297
0 0.769532 0.808594 0.027343 0.027345
0 0.099612 0.526369 0.019531 0.025390
0 0.274415 0.274416 0.021485 0.025390
0 0.957032 0.892577 0.019531 0.019531
0 0.427732 0.973633 0.027343 0.021483
0 0.475588 0.149415 0.029297 0.037111
0 0.394533 0.583983 0.023439 0.023438
0 0.299803 0.433592 0.017577 0.023438
0 0.155274 0.008789 0.021485 0.017578
0 0.130857 0.006835 0.015623 0.013669
