0 0.183596 0.659179 0.017577 0.015822
0 0.990771 0.042969 0.018458 0.017580
0 0.606446 0.992774 0.019339 0.014453
0 0.411135 0.160156 0.029884 0.028123
0 0.065432 0.865236 0.015820 0.017580
0 0.275389 0.528320 0.017577 0.019334
0 0.539064 0.405275 0.017577 0.019334
0 0.590818 0.410158 0.029884 0.031639
0 0.734375 0.483399 0.028127 0.015822
0 0.317382 0.910157 0.019339 0.021095
0 0.281251 0.288084 0.017577 0.019334
0 0.977537 0.113280 0.015820 0.014060
0 0.513671 0.499999 0.017577 0.017580
0 0.519533 0.986330 0.017577 0.017580
0 0.251955 0.595703 0.017577 0.017580
0 0.636720 0.556641 0.017577 0.021095
0 0.013673 0.731445 0.010545 0.015822
0 0.957029 0.159180 0.017577 0.015822
0 0.017576 0.385744 0.017577 0.019334
0 0.301759 0.617186 0.015820 0.017580
0 0.381838 0.402344 0.015820 0.014060
0 0.940429 0.302733 0.019339 0.017580
0 0.980468 0.152342 0.017577 0.021095
0 0.986326 0.169922 0.017577 0.017580
0 0.469728 0.995556 0.019339 0.008888
0 0.745118 0.511720 0.019339 0.017580
0 0.416992 0.871094 0.029884 0.035155
0 0.476562 0.978516 0.017577 0.017580
