0 0.109373 0.254882 0.019531 0.021483
0 0.026368 0.783202 0.029297 0.031248
0 0.678712 0.780275 0.029297 0.029297
0 0.355466 0.349610 0.019531 0.019531
0 0.442384 0.466797 0.021485 0.023438
0 0.148435 0.500977 0.019531 0.021483
0 0.031249 0.262696 0.019531 0.021483
0 0.359375 0.542970 0.019531 0.019531
0 0.904297 0.937500 0.019531 0.019531
0 0.271485 0.531249 0.019531 0.019531
0 0.627930 0.871092 0.017577 0.015624
0 0.440430 0.897462 0.021485 0.021483
0 0.728517 0.110350 0.023439 0.029297
0 0.194337 0.181641 0.017577 0.015624
0 0.268553 0.193358 0.021485 0.015624
0 0.673827 0.716799 0.015623 0.019531
0 0.247068 0.263672 0.021485 0.019531
0 0.802733 0.655274 0.019531 0.021483
0 0.098631 0.959962 0.021485 0.021483
0 0.412111 0.193358 0.019531 0.019531
0 0.178709 0.384766 0.021485 0.019531
0 0.632810 0.522459 0.019531 0.017580
0 0.502932 0.375976 0.017577 0.021483
0 0.982422 0.636719 0.019531 0.015624
0 0.250976 0.084961 0.021485 0.017580
0 0.149413 0.140627 0.017577 0.019531
0 0.879881 0.560546 0.017577 0.019531
0 0.254885 0.336914 0.017577 0.021483
0 0.240234 0.204103 0.019531 0.021483
0 0.453127 0.284179 0.019531 0.021483
0 0.904297 0.370117 0.019531 0.021483
0 0.711912 0.720702 0.021485 0.019531
0 0.634764 0.648436 0.019531 0.019531
0 0.755860 0.603515 0.019531 0.019531
0 0.271485 0.291993 0.019531 0.021483
0 0.750002 0.389649 0.015623 0.017580
0 0.299804 0.769530 0.021485 0.023438
0 0.783202 0.133789 0.023439 0.021483
0 0.845704 0.953124 0.015623 0.019531
0 0.456053 0.598632 0.017577 0.017580
0 0.852538 0.337890 0.017577 0.019531
0 0.804687 0.961914 0.023439 0.021483
0 0.747071 0.923827 0.021485 0.023438
0 0.701174 0.987303 0.019531 0.013673
0 0.263673 0.046874 0.019531 0.019531
0 0.380860 0.029299 0.019531 0.019531
0 0.401368 0.034181 0.021485 0.021483
0 0.270508 0.170899 0.021485 0.021483
0 0.733397 0.302734 0.029297 0.015624
0 0.729494 0.328124 0.029297 0.031248
0 0.107424 0.442383 0.019531 0.013673
0 0.480470 0.792968 0.015623 0.015624
0 0.458007 0.796875 0.017577 0.015624
0 0.754882 0.287110 0.021485 0.023438
