0 0.490232 0.804687 0.019531 0.019531
0 0.666994 0.940429 0.021485 0.029297
0 0.609373 0.887695 0.023439 0.029297
0 0.305663 0.627931 0.021485 0.029297
0 0.969727 0.845705 0.017577 0.019531
0 0.259767 0.714842 0.023439 0.023438
0 0.728514 0.721680 0.019531 0.021483
0 0.399416 0.738280 0.017577 0.019531
0 0.916014 0.546876 0.019531 0.023438
0 0.239259 0.971681 0.033205 0.033204
0 0.366211 0.989257 0.021485 0.021483
0 0.190431 0.073242 0.021485 0.021483
0 0.938476 0.935547 0.021485 0.023438
0 0.305663 0.209960 0.029297 0.037111
0 0.204099 0.130860 0.037108 0.031248
0 0.631835 0.704101 0.017577 0.021483
0 0.166991 0.104490 0.029297 0.021483
0 0.091798 0.244139 0.023439 0.023438
0 0.020508 0.759766 0.013674 0.019531
0 0.510740 0.080076 0.017577 0.019531
