0 0.444338 0.515624 0.021485 0.019531
0 0.368162 0.090822 0.029297 0.029297
0 0.950198 0.966799 0.021485 0.023438
0 0.902342 0.834960 0.023439 0.021483
0 0.612306 0.650390 0.021485 0.019531
0 0.989259 0.566407 0.021483 0.019531
0 0.553713 0.908202 0.021485 0.019531
0 0.254884 0.028321 0.013674 0.017580
0 0.146485 0.797853 0.019531 0.021483
0 0.587890 0.017580 0.019531 0.019531
0 0.825194 0.981447 0.021485 0.021483
0 0.977540 0.784180 0.021485 0.021483
0 0.459960 0.745118 0.029297 0.037111
0 0.852537 0.747070 0.017577 0.017580
0 0.592775 0.061525 0.021485 0.021483
0 0.790040 0.593748 0.017577 0.019531
0 0.318357 0.621093 0.023439 0.019531
0 0.652346 0.597655 0.019531 0.023438
0 0.426755 0.588865 0.021485 0.017580
0 0.249998 0.365233 0.019531 0.019531
0 0.179685 0.304688 0.019531 0.019531
0 0.926758 0.580079 0.021485 0.023438
0 0.966798 0.515624 0.019531 0.019531
0 0.826172 0.780273 0.023439 0.033204
0 0.724608 0.831053 0.019531 0.017580
0 0.720704 0.533203 0.019531 0.019531
0 0.504885 0.780273 0.021485 0.021483
0 0.436521 0.147460 0.013674 0.013673
0 0.159182 0.507813 0.021485 0.023438
0 0.532228 0.343750 0.021485 0.031248
0 0.412110 0.471679 0.019531 0.017580
0 0.096680 0.083983 0.017577 0.023438
0 0.610352 0.535155 0.021485 0.019531
0 0.142577 0.461913 0.019531 0.017580
0 0.163085 0.465820 0.017577 0.017580
0 0.145508 0.484375 0.017577 0.019531
0 0.079103 0.488282 0.021485 0.023438
0 0.058595 0.477537 0.019531 0.021483
0 0.144531 0.331054 0.023439 0.017580
0 0.134766 0.310547 0.019531 0.019531
0 0.116212 0.103515 0.021485 0.019531
0 0.666014 0.951171 0.019531 0.011717
0 0.649414 0.933595 0.017577 0.015624
0 0.669922 0.977540 0.019531 0.021483
0 0.121092 0.187501 0.015623 0.031248
0 0.144531 0.179688 0.019531 0.031248
0 0.119143 0.127929 0.019531 0.017580
0 0.333985 0.194336 0.023439 0.017580
0 0.357419 0.163088 0.023439 0.033204
0 0.724608 0.084959 0.019531 0.029297
0 0.754881 0.078125 0.021485 0.023438
