0 0.241211 0.761718 0.017577 0.019531
0 0.424802 0.843750 0.021485 0.019531
0 0.372071 0.370116 0.021485 0.021483
0 0.225588 0.512696 0.021485 0.021483
0 0.113281 0.925781 0.019531 0.019531
0 0.278319 0.764649 0.017577 0.021483
0 0.533201 0.942381 0.019531 0.021483
0 0.147463 0.045897 0.021485 0.021483
0 0.589845 0.358399 0.023439 0.021483
0 0.065431 0.367189 0.021485 0.023438
0 0.945313 0.797853 0.019531 0.021483
0 0.410157 0.362306 0.031251 0.021483
0 0.475584 0.283202 0.017577 0.011717
0 0.762694 0.415041 0.021485 0.021483
0 0.565428 0.289064 0.029297 0.023438
0 0.218749 0.824218 0.019531 0.019531
0 0.339843 0.250978 0.019531 0.017580
0 0.531252 0.188477 0.031251 0.029297
0 0.233399 0.981447 0.017577 0.021483
0 0.532229 0.875002 0.017577 0.015624
0 0.978513 0.304688 0.019531 0.019531
0 0.461916 0.746094 0.017577 0.019531
0 0.282227 0.817384 0.021485 0.021483
0 0.194337 0.283202 0.021485 0.023438
0 0.199217 0.307616 0.019531 0.017580
0 0.673827 0.260743 0.019531 0.021483
0 0.446288 0.332030 0.017577 0.015624
0 0.958010 0.507813 0.021485 0.023438
0 0.895509 0.083983 0.017577 0.023438
0 0.450196 0.223633 0.021485 0.021483
0 0.941405 0.461913 0.019531 0.017580
0 0.961913 0.465820 0.017577 0.017580
0 0.944336 0.484375 0.017577 0.019531
0 0.877932 0.488282 0.021485 0.023438
0 0.857423 0.477537 0.019531 0.021483
0 0.943359 0.331054 0.023439 0.017580
0 0.933594 0.310547 0.019531 0.019531
0 0.915040 0.103515 0.021485 0.019531
0 0.455076 0.528320 0.023439 0.021483
0 0.430665 0.538086 0.017577 0.021483
0 0.249022 0.584962 0.044920 0.048828
0 0.396483 0.744142 0.019531 0.019531
0 0.518555 0.726563 0.021485 0.019531
0 0.495115 0.733397 0.017577 0.021483
0 0.919920 0.187501 0.015623 0.031248
0 0.943359 0.179688 0.019531 0.031248
0 0.917971 0.127929 0.019531 0.017580
