0 0.701171 0.297853 0.017577 0.019334
0 0.243162 0.931639 0.019339 0.028123
0 0.380862 0.490234 0.021095 0.021095
0 0.984373 0.416016 0.017577 0.021095
0 0.964841 0.244139 0.017577 0.017580
0 0.598635 0.288084 0.019339 0.019334
0 0.089844 0.624024 0.017577 0.015822
0 0.337891 0.688476 0.017577 0.019334
0 0.371096 0.775390 0.014059 0.017580
0 0.145506 0.101563 0.026366 0.028123
0 0.939453 0.617186 0.017577 0.021095
0 0.261721 0.294922 0.017577 0.017580
0 0.653320 0.912108 0.019339 0.017580
0 0.438478 0.189453 0.015820 0.017580
0 0.443358 0.809570 0.017577 0.029881
0 0.229493 0.224608 0.015820 0.017580
0 0.553711 0.020507 0.019339 0.019334
0 0.222659 0.528320 0.017577 0.015822
0 0.035154 0.681642 0.017577 0.017580
0 0.055662 0.686524 0.015820 0.015822
0 0.080078 0.696290 0.017577 0.015822
0 0.104490 0.715821 0.019339 0.029881
0 0.023439 0.710938 0.017577 0.021095
0 0.037108 0.722655 0.017577 0.017580
0 0.060547 0.731445 0.028127 0.019334
0 0.084959 0.729494 0.026366 0.026366
0 0.331057 0.588869 0.015820 0.019334
0 0.351560 0.597655 0.017577 0.021095
0 0.477540 0.833984 0.040429 0.021095
