0 0.749998 0.919922 0.031251 0.031248
0 0.630857 0.834960 0.019531 0.021483
0 0.084963 0.693359 0.021485 0.019531
0 0.871093 0.756835 0.023439 0.021483
0 0.403318 0.744142 0.029297 0.023438
0 0.453123 0.242188 0.023439 0.031248
0 0.056638 0.591797 0.019531 0.019531
0 0.449220 0.658204 0.023439 0.023438
0 0.658205 0.114256 0.015623 0.017580
0 0.343748 0.099608 0.015623 0.015624
0 0.805665 0.972657 0.021485 0.019531
0 0.317382 0.134767 0.029297 0.019531
0 0.165042 0.788087 0.013674 0.017580
0 0.355467 0.160156 0.035154 0.023438
0 0.774415 0.737304 0.021485 0.017580
0 0.541990 0.769532 0.017577 0.023438
0 0.372072 0.991211 0.013674 0.017577
