0 0.830077 0.846681 0.031251 0.029297
0 0.708987 0.131835 0.023439 0.021483
0 0.676759 0.784180 0.037108 0.037111
0 0.435546 0.919922 0.015623 0.019531
0 0.743164 0.041014 0.029297 0.023438
0 0.053712 0.460937 0.021485 0.023438
0 0.868162 0.225584 0.021485 0.021483
0 0.507813 0.354492 0.019531 0.021483
0 0.346679 0.989257 0.021485 0.021486
0 0.843751 0.200194 0.019531 0.013673
0 0.083986 0.732421 0.031251 0.023438
0 0.338868 0.378906 0.021485 0.023438
0 0.550784 0.656248 0.019531 0.023438
0 0.565430 0.666994 0.029297 0.021483
