0 0.653319 0.417968 0.021485 0.035155
0 0.531252 0.989257 0.019531 0.021483
0 0.273439 0.954102 0.023439 0.021483
0 0.479493 0.774415 0.021485 0.021483
0 0.123047 0.617186 0.019531 0.019531
0 0.704101 0.490234 0.021485 0.019531
0 0.693358 0.759766 0.019531 0.019531
0 0.123047 0.804687 0.023439 0.019531
0 0.031249 0.271484 0.023439 0.023438
0 0.157229 0.060545 0.021485 0.023438
0 0.565428 0.041014 0.021485 0.019531
0 0.794922 0.299805 0.019531 0.017580
0 0.881835 0.260743 0.017577 0.017580
0 0.333986 0.958009 0.019531 0.017580
0 0.016603 0.877929 0.021485 0.029297
0 0.186526 0.623048 0.021485 0.023438
0 0.279296 0.503906 0.023439 0.023438
0 0.027346 0.706056 0.019531 0.021483
0 0.993165 0.981447 0.013670 0.021483
0 0.128904 0.222657 0.019531 0.019531
0 0.351563 0.810546 0.023439 0.011717
0 0.729494 0.743163 0.029297 0.033204
0 0.157229 0.936522 0.037108 0.021483
0 0.181640 0.961916 0.019531 0.029297
