0 0.251956 0.578124 0.019531 0.019531
0 0.103518 0.325195 0.019531 0.017580
0 0.105467 0.991211 0.019531 0.017578
0 0.741211 0.520506 0.029297 0.029297
0 0.556642 0.139649 0.019531 0.021483
0 0.958007 0.327150 0.029297 0.029297
0 0.300783 0.499023 0.019531 0.021483
0 0.255859 0.902343 0.019531 0.019531
0 0.308595 0.995116 0.019531 0.009767
0 0.052736 0.645507 0.019531 0.021483
0 0.033205 0.123045 0.019531 0.019531
0 0.935545 0.211915 0.019531 0.021483
0 0.342772 0.894532 0.017577 0.019531
0 0.438478 0.826173 0.021485 0.019531
0 0.660155 0.044921 0.015623 0.019531
0 0.128906 0.549806 0.019531 0.021483
0 0.152346 0.361330 0.019531 0.019531
0 0.154295 0.926756 0.019531 0.021483
0 0.054685 0.955077 0.023439 0.031248
0 0.096679 0.943360 0.021485 0.019531
0 0.577150 0.714845 0.021485 0.019531
0 0.898437 0.491209 0.031251 0.017580
0 0.749999 0.587889 0.023439 0.023438
0 0.025388 0.065432 0.015623 0.017580
0 0.004885 0.916015 0.009766 0.019531
0 0.005859 0.382812 0.011717 0.019531
0 0.815432 0.592772 0.029297 0.044921
0 0.871094 0.495116 0.023439 0.021483
0 0.704103 0.052735 0.017577 0.019531
0 0.233396 0.627931 0.021485 0.021483
0 0.007811 0.277343 0.015623 0.035155
0 0.008788 0.593752 0.017577 0.023438
0 0.811524 0.516603 0.021485 0.044921
0 0.923830 0.240236 0.019531 0.019531
