0 0.007276 0.364257 0.014553 0.029881
0 0.192383 0.841798 0.019339 0.017580
0 0.343752 0.825194 0.017577 0.019334
0 0.598633 0.253905 0.019339 0.017580
0 0.976564 0.714845 0.017577 0.021095
0 0.748048 0.297853 0.017577 0.019334
0 0.781248 0.693359 0.031641 0.031639
0 0.397460 0.344726 0.015820 0.015822
0 0.402345 0.453127 0.017577 0.014060
0 0.463870 0.620117 0.019339 0.019334
0 0.710940 0.818359 0.017577 0.021095
0 0.293947 0.627931 0.019339 0.019334
0 0.178709 0.912108 0.015820 0.014060
0 0.698243 0.723631 0.015820 0.015822
0 0.519532 0.812501 0.017577 0.017580
0 0.960936 0.794921 0.017577 0.017580
0 0.857423 0.215822 0.021095 0.026365
0 0.158201 0.958009 0.017577 0.015822
0 0.537109 0.253905 0.017577 0.017580
0 0.568360 0.599610 0.017577 0.017580
0 0.700197 0.952150 0.019339 0.019334
0 0.215822 0.038086 0.019339 0.019334
0 0.403322 0.034179 0.019339 0.026366
0 0.425779 0.020507 0.021095 0.026366
0 0.571291 0.270508 0.019339 0.019334
0 0.857423 0.956053 0.031641 0.026366
0 0.181640 0.951170 0.017577 0.021095
0 0.187498 0.968750 0.017577 0.017580
