0 0.402342 0.004492 0.017577 0.008983
0 0.939453 0.150392 0.021095 0.017580
0 0.896483 0.259765 0.017577 0.017580
0 0.479495 0.313476 0.015820 0.015822
0 0.625001 0.079102 0.017577 0.019334
0 0.932619 0.623046 0.019339 0.017580
0 0.340823 0.008204 0.019339 0.016408
0 0.722657 0.476563 0.017577 0.014060
0 0.854494 0.505859 0.019339 0.017580
0 0.948242 0.854492 0.026366 0.026365
0 0.741211 0.416014 0.015820 0.017580
0 0.575196 0.930665 0.029884 0.026365
0 0.117187 0.582032 0.028127 0.021095
0 0.249024 0.556639 0.012307 0.017580
0 0.335937 0.387697 0.021095 0.019334
0 0.487306 0.353517 0.015820 0.017580
0 0.988038 0.662108 0.023925 0.021095
0 0.952150 0.278320 0.015820 0.015822
0 0.311521 0.273438 0.015820 0.017580
0 0.173826 0.055664 0.021095 0.026365
0 0.083010 0.110350 0.015820 0.015822
0 0.805667 0.449218 0.019339 0.021095
0 0.614258 0.169923 0.019339 0.017580
0 0.625001 0.329100 0.017577 0.019334
0 0.627927 0.975586 0.026366 0.015822
0 0.301755 0.300783 0.019339 0.017580
0 0.040039 0.104492 0.015820 0.015822
0 0.542968 0.894530 0.014059 0.021095
0 0.518557 0.886720 0.015820 0.031639
0 0.188477 0.654298 0.019339 0.035155
0 0.132815 0.648436 0.017577 0.021095
