0 0.081052 0.008790 0.017577 0.017580
0 0.351562 0.655272 0.019531 0.021483
0 0.281249 0.875977 0.019531 0.017580
0 0.344728 0.136718 0.017577 0.019531
0 0.509765 0.918946 0.019531 0.021483
0 0.838868 0.402344 0.017577 0.015624
0 0.120115 0.299805 0.017577 0.017580
0 0.937501 0.992187 0.019531 0.015626
0 0.006835 0.153322 0.013671 0.021483
0 0.557616 0.568358 0.017577 0.019531
0 0.320311 0.312498 0.019531 0.019531
0 0.311523 0.448244 0.017577 0.017580
0 0.414064 0.336916 0.019531 0.017580
0 0.900393 0.107421 0.019531 0.019531
0 0.398436 0.443358 0.023439 0.019531
0 0.838868 0.036131 0.017577 0.017580
0 0.684568 0.830077 0.017577 0.019531
0 0.083984 0.452147 0.019531 0.017580
0 0.639649 0.294922 0.017577 0.019531
0 0.165039 0.008790 0.017577 0.017580
0 0.592775 0.200194 0.021485 0.021483
0 0.365236 0.880860 0.019531 0.015624
0 0.777344 0.422851 0.019531 0.017580
0 0.217775 0.715821 0.017577 0.017580
0 0.058595 0.088866 0.019531 0.021483
0 0.011716 0.992187 0.019531 0.015626
0 0.704099 0.115235 0.021485 0.019531
0 0.147462 0.329102 0.021485 0.017580
0 0.557616 0.498048 0.017577 0.019531
0 0.163085 0.930664 0.017577 0.029297
0 0.248049 0.920898 0.019531 0.021483
0 0.362305 0.418944 0.021485 0.017580
0 0.013671 0.285157 0.015623 0.015624
0 0.705077 0.006836 0.019531 0.013673
0 0.052733 0.613283 0.015623 0.019531
0 0.174805 0.239256 0.017577 0.017580
0 0.370116 0.067383 0.017577 0.017580
0 0.053710 0.054687 0.017577 0.023438
0 0.922850 0.445313 0.013674 0.015624
0 0.724608 0.058594 0.019531 0.019531
0 0.143554 0.905274 0.017577 0.017580
0 0.424806 0.264650 0.021485 0.021483
0 0.385744 0.619141 0.029297 0.031248
