0 0.729491 0.472656 0.013674 0.015624
0 0.992189 0.091795 0.015622 0.015624
0 0.681640 0.594725 0.015623 0.013673
0 0.848632 0.791016 0.013674 0.015624
0 0.459959 0.583008 0.013674 0.017580
0 0.769530 0.781251 0.015623 0.015624
0 0.992189 0.637695 0.015622 0.013673
0 0.736330 0.429687 0.023439 0.019531
0 0.741211 0.135744 0.017577 0.017580
0 0.797850 0.266603 0.013674 0.017580
0 0.627927 0.974610 0.017577 0.019531
0 0.058593 0.700195 0.015623 0.009766
0 0.852540 0.528322 0.033205 0.029297
0 0.988281 0.820313 0.015623 0.019531
0 0.587893 0.342772 0.019531 0.013673
0 0.902345 0.156251 0.019531 0.019531
0 0.380857 0.017578 0.011720 0.015624
0 0.328126 0.489260 0.015623 0.017580
0 0.833009 0.604491 0.021485 0.017580
0 0.368165 0.972655 0.017577 0.015624
0 0.394531 0.718750 0.015623 0.015624
0 0.745119 0.530273 0.017577 0.017580
0 0.773439 0.526366 0.015623 0.017580
