0 0.975588 0.729490 0.021485 0.017580
0 0.761718 0.505858 0.019531 0.023438
0 0.764649 0.672852 0.021485 0.017580
0 0.188476 0.656249 0.017577 0.019531
0 0.004882 0.396485 0.009764 0.015624
0 0.255858 0.353516 0.019531 0.011717
0 0.238281 0.392578 0.019531 0.019531
0 0.263674 0.571290 0.015623 0.017580
0 0.863282 0.618162 0.019531 0.021483
0 0.682616 0.749025 0.017577 0.017580
0 0.009765 0.051760 0.015623 0.017580
0 0.170899 0.083008 0.021485 0.021483
0 0.300782 0.395510 0.019531 0.017580
0 0.923829 0.542969 0.019531 0.019531
0 0.091797 0.034180 0.019531 0.017580
0 0.454100 0.107422 0.017577 0.019531
0 0.572264 0.810546 0.019531 0.019531
0 0.368164 0.340820 0.017577 0.021483
0 0.626954 0.006837 0.019531 0.013673
0 0.443358 0.229491 0.019531 0.017580
0 0.799803 0.835936 0.017577 0.019531
0 0.614257 0.859374 0.017577 0.019531
0 0.172853 0.116212 0.017577 0.017580
0 0.712890 0.653321 0.019531 0.017580
0 0.841796 0.658204 0.019531 0.015624
0 0.991211 0.903319 0.017577 0.013673
0 0.912110 0.106446 0.019531 0.017580
0 0.019530 0.102539 0.019531 0.017580
0 0.341799 0.596680 0.015623 0.017580
0 0.291017 0.084959 0.019531 0.013673
0 0.868162 0.738280 0.017577 0.019531
0 0.831054 0.185546 0.013674 0.019531
0 0.022461 0.580080 0.017577 0.019531
0 0.207030 0.958009 0.019531 0.017580
0 0.733398 0.738280 0.021485 0.019531
0 0.588869 0.726563 0.017577 0.019531
0 0.768552 0.607421 0.021485 0.019531
0 0.762695 0.114256 0.021485 0.017580
0 0.518556 0.754884 0.017577 0.017580
0 0.429689 0.483400 0.019531 0.017580
0 0.119140 0.731446 0.031251 0.033204
0 0.949218 0.629883 0.019531 0.021483
0 0.334959 0.111329 0.017577 0.019531
0 0.797854 0.709959 0.021485 0.017580
0 0.338868 0.161132 0.017577 0.017580
0 0.240235 0.694335 0.019531 0.017580
0 0.819334 0.240233 0.017577 0.019531
0 0.741210 0.264647 0.017577 0.021483
0 0.303708 0.895509 0.017577 0.021483
0 0.908201 0.224609 0.019531 0.019531
0 0.450197 0.871095 0.017577 0.015624
0 0.571287 0.915040 0.029297 0.017580
0 0.557618 0.237305 0.017577 0.017580
0 0.038084 0.238281 0.017577 0.019531
0 0.905275 0.817384 0.021485 0.021483
0 0.458985 0.833984 0.019531 0.019531
0 0.048827 0.344726 0.019531 0.017580
0 0.238281 0.175781 0.019531 0.015624
0 0.956057 0.301757 0.017577 0.021483
0 0.603515 0.595704 0.019531 0.023438
0 0.934572 0.392578 0.017577 0.015624
0 0.836916 0.335937 0.017577 0.019531
0 0.243166 0.447265 0.021485 0.019531
0 0.271486 0.040039 0.015623 0.017580
0 0.886721 0.569334 0.019531 0.017580
0 0.512694 0.845701 0.021485 0.031248
0 0.022461 0.827150 0.017577 0.021483
0 0.740233 0.459962 0.019531 0.021483
0 0.083009 0.279299 0.017577 0.019531
0 0.275389 0.446289 0.019531 0.017580
0 0.670897 0.176757 0.017577 0.021483
0 0.011719 0.347658 0.019531 0.019531
0 0.709959 0.078125 0.017577 0.019531
0 0.946292 0.458006 0.021485 0.017580
0 0.321291 0.009766 0.017577 0.019531
0 0.460940 0.024415 0.019531 0.021483
0 0.064455 0.264647 0.019531 0.017580
0 0.097655 0.135743 0.015623 0.017580
0 0.282228 0.111329 0.017577 0.011717
0 0.832031 0.917967 0.019531 0.015624
0 0.091797 0.489258 0.023439 0.021483
0 0.662108 0.697266 0.019531 0.019531
0 0.947264 0.065428 0.019531 0.021483
0 0.345702 0.507814 0.019531 0.019531
0 0.391604 0.853515 0.017577 0.019531
0 0.456054 0.184571 0.017577 0.021483
0 0.228515 0.069335 0.019531 0.021483
0 0.490236 0.077149 0.015623 0.017580
0 0.979491 0.623045 0.017577 0.015624
0 0.977537 0.497069 0.021485 0.021483
0 0.583007 0.074218 0.017577 0.015624
0 0.347656 0.024415 0.015623 0.009766
0 0.361330 0.042970 0.019531 0.015624
0 0.358399 0.075194 0.013674 0.009766
0 0.075197 0.097656 0.017577 0.019531
0 0.123048 0.277343 0.019531 0.019531
0 0.129882 0.296874 0.017577 0.015624
0 0.262697 0.103515 0.013674 0.019531
0 0.860351 0.177736 0.021485 0.019531
0 0.897459 0.790039 0.021485 0.021483
0 0.853516 0.882812 0.019531 0.019531
0 0.861328 0.855467 0.015623 0.011717
0 0.483397 0.777342 0.017577 0.019531
0 0.425781 0.846681 0.019531 0.013673
0 0.486328 0.895509 0.011720 0.013673
0 0.472654 0.913085 0.015623 0.017580
0 0.468751 0.933595 0.019531 0.015624
0 0.489259 0.224609 0.017577 0.015624
0 0.192384 0.529296 0.021485 0.019531
0 0.225584 0.482420 0.017577 0.011717
0 0.210938 0.453123 0.019531 0.019531
0 0.309571 0.515624 0.017577 0.019531
0 0.395507 0.198243 0.021485 0.021483
0 0.402346 0.178712 0.023439 0.013673
0 0.318359 0.050780 0.019531 0.023438
0 0.170899 0.025390 0.017577 0.015624
0 0.165042 0.046877 0.021485 0.019531
0 0.265623 0.132811 0.015623 0.015624
0 0.283205 0.149415 0.015623 0.017580
0 0.508790 0.086915 0.017577 0.017580
0 0.413084 0.389647 0.013674 0.017580
0 0.418946 0.370116 0.017577 0.013673
0 0.839842 0.843750 0.015623 0.019531
0 0.094728 0.539062 0.017577 0.019531
0 0.073243 0.551759 0.013674 0.017580
0 0.291017 0.530272 0.011720 0.017580
0 0.722656 0.937498 0.011720 0.015624
