0 0.857420 0.429689 0.015623 0.019531
0 0.667971 0.430665 0.019531 0.017580
0 0.418946 0.799805 0.017577 0.013673
0 0.752930 0.233398 0.029297 0.033204
0 0.954103 0.843750 0.021485 0.031248
0 0.639646 0.728514 0.017577 0.019531
0 0.788084 0.570314 0.017577 0.019531
0 0.592773 0.446289 0.013674 0.017580
0 0.465820 0.911133 0.021485 0.021483
0 0.832031 0.951171 0.019531 0.015624
0 0.145506 0.402344 0.017577 0.019531
0 0.615235 0.861329 0.019531 0.019531
0 0.180665 0.807619 0.017577 0.017580
0 0.416992 0.731446 0.013674 0.017580
0 0.573241 0.827150 0.013674 0.013673
0 0.877928 0.961916 0.013674 0.017580
0 0.705079 0.982423 0.019531 0.019531
0 0.342771 0.125977 0.013674 0.017580
0 0.134768 0.878905 0.019531 0.015624
0 0.142580 0.761718 0.019531 0.015624
0 0.138671 0.049804 0.015623 0.017580
0 0.439455 0.580079 0.019531 0.019531
0 0.376953 0.278319 0.015623 0.017580
0 0.870116 0.331054 0.017577 0.017580
0 0.315429 0.918947 0.017577 0.017580
0 0.910156 0.454103 0.015623 0.017580
0 0.756838 0.673828 0.017577 0.015624
0 0.890625 0.700194 0.015623 0.013673
0 0.260743 0.882812 0.017577 0.015624
0 0.885744 0.113280 0.017577 0.015624
0 0.254881 0.248046 0.013674 0.015624
0 0.580076 0.590821 0.015623 0.017580
0 0.585938 0.119139 0.019531 0.015624
0 0.807615 0.250002 0.017577 0.019531
0 0.187499 0.468751 0.015623 0.019531
0 0.952149 0.748046 0.017577 0.015624
0 0.899413 0.820311 0.017577 0.015624
0 0.007814 0.907226 0.015627 0.017580
0 0.499025 0.870119 0.017577 0.017580
0 0.430666 0.407227 0.017577 0.017580
0 0.480471 0.649414 0.015623 0.009766
0 0.630858 0.488282 0.015623 0.019531
0 0.589841 0.664062 0.015623 0.019531
0 0.245115 0.750001 0.017577 0.019531
0 0.411135 0.983399 0.017577 0.017580
0 0.871094 0.564451 0.015623 0.015624
0 0.608400 0.260743 0.017577 0.017580
0 0.190430 0.699218 0.017577 0.015624
0 0.875979 0.161132 0.017577 0.013673
0 0.379884 0.991211 0.021485 0.017577
0 0.751953 0.800780 0.015623 0.015624
0 0.655274 0.817384 0.017577 0.017580
0 0.483397 0.276367 0.013674 0.017580
0 0.223635 0.979492 0.017577 0.017580
0 0.895510 0.351561 0.017577 0.015624
0 0.125975 0.473634 0.013674 0.017580
0 0.330079 0.226564 0.019531 0.019531
0 0.296874 0.695311 0.015623 0.015624
0 0.961915 0.996093 0.017577 0.007814
0 0.834963 0.379882 0.017577 0.013673
0 0.670897 0.539062 0.013674 0.015624
0 0.081055 0.493165 0.013674 0.013673
0 0.518556 0.126953 0.017577 0.015624
0 0.078124 0.727539 0.015623 0.017580
0 0.289063 0.326171 0.019531 0.015624
0 0.039062 0.879884 0.015623 0.017580
0 0.145506 0.626952 0.013674 0.015624
0 0.011719 0.826170 0.015623 0.011717
0 0.440432 0.527345 0.013674 0.015624
0 0.590818 0.299805 0.017577 0.017580
0 0.114260 0.571290 0.033205 0.029297
0 0.564453 0.921874 0.015623 0.011717
0 0.501951 0.011718 0.015623 0.015624
0 0.078124 0.167970 0.015623 0.019531
0 0.761718 0.512696 0.015623 0.013673
0 0.008788 0.988281 0.017576 0.019531
0 0.045896 0.369140 0.013674 0.019531
0 0.592773 0.630859 0.013674 0.019531
0 0.537110 0.059570 0.019531 0.017580
0 0.467774 0.776366 0.017577 0.017580
0 0.099609 0.189453 0.015623 0.015624
0 0.301760 0.031249 0.017577 0.015624
0 0.202150 0.411134 0.017577 0.017580
0 0.689451 0.496093 0.015623 0.015624
0 0.325194 0.520506 0.013674 0.013673
0 0.983400 0.699218 0.013674 0.015624
0 0.486328 0.746094 0.019531 0.015624
0 0.082032 0.667969 0.031251 0.023438
0 0.044924 0.514648 0.015623 0.017580
0 0.484374 0.493165 0.015623 0.013673
0 0.923830 0.215819 0.015623 0.013673
0 0.018553 0.647463 0.033205 0.033204
0 0.876951 0.172853 0.011720 0.005859
0 0.729490 0.448240 0.017577 0.017580
0 0.523436 0.803712 0.015623 0.017580
0 0.886716 0.193360 0.015623 0.019531
0 0.026365 0.733397 0.017577 0.017580
0 0.058593 0.885743 0.011720 0.013673
0 0.041993 0.390627 0.017577 0.019531
0 0.013673 0.331054 0.015623 0.017580
0 0.026365 0.193360 0.017577 0.015624
0 0.284178 0.583007 0.013674 0.017580
0 0.300783 0.573241 0.019531 0.013673
0 0.322268 0.558593 0.019531 0.019531
0 0.300783 0.595704 0.031251 0.019531
0 0.487305 0.537110 0.021485 0.019531
0 0.425781 0.071291 0.015623 0.017580
0 0.432615 0.089842 0.017577 0.019531
0 0.012696 0.493165 0.017577 0.021483
0 0.991212 0.014649 0.017577 0.021483
0 0.970703 0.301757 0.011720 0.017580
0 0.994141 0.140625 0.011717 0.023438
0 0.773438 0.436523 0.019531 0.017580
0 0.751953 0.425782 0.015623 0.015624
0 0.565430 0.623049 0.013674 0.019531
0 0.559573 0.659180 0.021485 0.021483
0 0.567384 0.886719 0.017577 0.019531
0 0.723633 0.880860 0.013674 0.019531
0 0.747072 0.893553 0.017577 0.017580
0 0.910156 0.638673 0.019531 0.035155
0 0.907225 0.658204 0.017577 0.015624
0 0.941726 0.569384 0.019425 0.021851
0 0.929586 0.585167 0.019425 0.024281
