0 0.499025 0.629883 0.029297 0.029297
0 0.405273 0.183594 0.021485 0.019531
0 0.768553 0.761718 0.017577 0.023438
0 0.176756 0.674804 0.017577 0.017580
0 0.224607 0.861329 0.019531 0.019531
0 0.414061 0.959961 0.023439 0.021483
0 0.512694 0.138674 0.021485 0.019531
0 0.132814 0.541017 0.019531 0.019531
0 0.492186 0.903319 0.019531 0.021483
0 0.911133 0.523438 0.017577 0.019531
0 0.277343 0.859374 0.015623 0.019531
0 0.153322 0.910157 0.017577 0.019531
0 0.646486 0.895509 0.019531 0.013673
0 0.083986 0.838867 0.019531 0.017580
0 0.315429 0.118163 0.017577 0.017580
0 0.178711 0.827150 0.017577 0.017580
0 0.515625 0.208008 0.015623 0.017580
0 0.907225 0.029297 0.021485 0.019531
0 0.416992 0.351561 0.021485 0.031248
0 0.880859 0.090822 0.015623 0.013673
0 0.056639 0.742187 0.019531 0.019531
0 0.096678 0.954102 0.013674 0.017580
0 0.217773 0.965819 0.021485 0.017580
0 0.585938 0.633790 0.015623 0.017580
0 0.631835 0.015625 0.017577 0.015624
0 0.312502 0.435548 0.023439 0.031248
0 0.581053 0.449220 0.017577 0.019531
0 0.416992 0.488282 0.017577 0.015624
0 0.909179 0.471679 0.029297 0.029297
0 0.254881 0.994141 0.017577 0.011719
0 0.045896 0.870119 0.017577 0.021483
0 0.906248 0.904298 0.015623 0.019531
0 0.368165 0.801756 0.021485 0.017580
0 0.104494 0.874022 0.029297 0.021483
0 0.965818 0.411134 0.021485 0.017580
0 0.380861 0.571290 0.023439 0.037111
0 0.266601 0.270509 0.017577 0.017580
0 0.109375 0.930664 0.023439 0.013673
0 0.901367 0.363282 0.021485 0.023438
0 0.857420 0.837891 0.019531 0.015624
0 0.625000 0.945312 0.015623 0.019531
0 0.063478 0.949219 0.017577 0.015624
0 0.051758 0.709959 0.021485 0.017580
0 0.584961 0.242188 0.021485 0.015624
0 0.073244 0.501955 0.017577 0.019531
0 0.846682 0.270509 0.017577 0.017580
0 0.085935 0.285157 0.015623 0.019531
0 0.309571 0.023439 0.017577 0.015624
0 0.665040 0.278319 0.017577 0.021483
0 0.828123 0.595704 0.019531 0.019531
0 0.468751 0.515624 0.031251 0.031248
0 0.767581 0.053711 0.019531 0.017580
0 0.883790 0.405275 0.029297 0.029297
0 0.222658 0.416992 0.019531 0.021483
0 0.267578 0.559569 0.015623 0.013673
0 0.560545 0.864256 0.011720 0.017580
0 0.675782 0.246095 0.015623 0.019531
0 0.077147 0.468751 0.017577 0.019531
0 0.025393 0.802736 0.015623 0.019531
0 0.042970 0.826170 0.011720 0.019531
0 0.201173 0.376954 0.019531 0.019531
0 0.063478 0.979492 0.017577 0.017580
0 0.302737 0.542969 0.019531 0.015624
0 0.302737 0.385744 0.015623 0.017580
0 0.566407 0.081056 0.019531 0.017580
0 0.528322 0.772459 0.021485 0.017580
0 0.479494 0.854491 0.021485 0.017580
0 0.846682 0.553710 0.017577 0.017580
0 0.987303 0.456054 0.013674 0.021483
0 0.249024 0.603517 0.017577 0.019531
0 0.476563 0.375978 0.019531 0.017580
0 0.842774 0.786132 0.021485 0.021483
0 0.368165 0.007812 0.017577 0.015625
0 0.564453 0.132811 0.019531 0.019531
0 0.071289 0.151367 0.021485 0.017580
0 0.067381 0.177736 0.021485 0.019531
0 0.204099 0.466796 0.021485 0.019531
0 0.189453 0.492189 0.019531 0.019531
0 0.004884 0.897460 0.009767 0.017580
0 0.447266 0.658204 0.019531 0.019531
0 0.526368 0.620117 0.021485 0.021483
0 0.377930 0.496093 0.017577 0.019531
0 0.602538 0.374999 0.021485 0.019531
0 0.765626 0.579100 0.023439 0.021483
0 0.858397 0.390627 0.017577 0.019531
0 0.927733 0.269533 0.019531 0.042969
0 0.944338 0.277343 0.017577 0.042969
0 0.838866 0.688476 0.021485 0.017580
0 0.841797 0.732421 0.019531 0.019531
0 0.277343 0.391603 0.011720 0.013673
0 0.650389 0.968750 0.019531 0.015624
0 0.655274 0.989257 0.017577 0.017580
0 0.531248 0.970702 0.015623 0.019531
0 0.551756 0.983399 0.017577 0.021483
0 0.789061 0.812501 0.019531 0.015624
0 0.780272 0.843750 0.021485 0.023438
0 0.805666 0.837891 0.017577 0.019531
0 0.074221 0.653321 0.011720 0.013673
0 0.093752 0.666014 0.015623 0.015624
0 0.056639 0.629883 0.015623 0.017580
0 0.062501 0.607421 0.019531 0.011717
0 0.833008 0.528320 0.017577 0.017580
0 0.817380 0.507813 0.013674 0.015624
0 0.795900 0.508789 0.017577 0.017580
