0 0.984374 0.416014 0.015623 0.015624
0 0.989258 0.705078 0.021484 0.031248
0 0.260740 0.152344 0.029297 0.023438
0 0.830079 0.611329 0.019531 0.019531
0 0.040040 0.037109 0.017577 0.015624
0 0.338869 0.179689 0.017577 0.019531
0 0.926757 0.448242 0.017577 0.033204
0 0.747069 0.744140 0.017577 0.015624
0 0.715818 0.909179 0.013674 0.021483
0 0.621094 0.896486 0.015623 0.019531
0 0.652344 0.295900 0.019531 0.017580
0 0.024412 0.859375 0.017577 0.019531
0 0.841798 0.845703 0.019531 0.015624
0 0.639648 0.086912 0.013674 0.013673
0 0.797851 0.858399 0.017577 0.021483
0 0.932620 0.355469 0.017577 0.015624
0 0.435548 0.178709 0.015623 0.017580
0 0.230471 0.102540 0.015623 0.017580
0 0.606448 0.128906 0.021485 0.015624
0 0.434571 0.425780 0.017577 0.015624
0 0.425782 0.820313 0.019531 0.019531
0 0.250002 0.620119 0.015623 0.017580
0 0.939454 0.964845 0.019531 0.019531
0 0.753908 0.197265 0.015623 0.015624
0 0.282225 0.560546 0.033205 0.031248
0 0.505861 0.775392 0.042971 0.039062
0 0.714846 0.498046 0.015623 0.015624
0 0.599608 0.254882 0.015623 0.017580
0 0.659179 0.048830 0.017577 0.019531
0 0.625979 0.054688 0.017577 0.019531
0 0.710938 0.122071 0.023439 0.037111
0 0.691407 0.048830 0.019531 0.019531
0 0.983397 0.519532 0.029297 0.019531
0 0.850587 0.897462 0.017577 0.017580
0 0.507810 0.090819 0.023439 0.021483
0 0.585940 0.757813 0.023439 0.031248
0 0.530272 0.331055 0.029297 0.033204
0 0.555666 0.780275 0.021485 0.033204
0 0.348635 0.964845 0.021485 0.019531
0 0.750000 0.650391 0.019531 0.019531
0 0.677733 0.170899 0.015623 0.017580
0 0.338869 0.722657 0.021485 0.023438
0 0.618162 0.559570 0.013674 0.017580
0 0.355469 0.799806 0.019531 0.021483
0 0.027343 0.806640 0.019531 0.019531
0 0.046874 0.828127 0.019531 0.023438
0 0.230471 0.361328 0.011720 0.019531
0 0.249025 0.367186 0.029297 0.023438
0 0.266602 0.371093 0.029297 0.039062
0 0.388674 0.522459 0.023439 0.033204
0 0.125976 0.099609 0.021485 0.039062
0 0.151370 0.094726 0.033205 0.033204
0 0.760743 0.111330 0.013674 0.019531
0 0.848633 0.084961 0.029297 0.017580
0 0.490233 0.151368 0.019531 0.017580
0 0.508787 0.134764 0.017577 0.011717
0 0.606448 0.777344 0.021485 0.039062
0 0.767577 0.669922 0.015623 0.019531
0 0.803713 0.458007 0.021485 0.013673
0 0.836913 0.454101 0.013674 0.017580
0 0.896483 0.379883 0.015623 0.017580
0 0.869141 0.438476 0.015623 0.017580
0 0.863284 0.473632 0.015623 0.017580
0 0.899415 0.500977 0.017577 0.017580
0 0.884764 0.513673 0.015623 0.011717
0 0.880861 0.537108 0.019531 0.015624
0 0.875975 0.903320 0.017577 0.021483
0 0.324218 0.972655 0.015623 0.019531
