0 0.131838 0.837891 0.029297 0.023438
0 0.267578 0.284181 0.019531 0.033204
0 0.992186 0.524413 0.015627 0.021483
0 0.608396 0.986329 0.029297 0.027343
0 0.187500 0.750977 0.031251 0.029297
0 0.931642 0.629883 0.019531 0.021483
0 0.305664 0.852539 0.017577 0.017580
0 0.336914 0.720704 0.029297 0.031248
0 0.360354 0.368164 0.017577 0.017580
0 0.218751 0.097656 0.019531 0.019531
0 0.923830 0.541993 0.015623 0.017580
0 0.764650 0.578124 0.017577 0.019531
0 0.806639 0.773439 0.019531 0.019531
0 0.122072 0.917967 0.017577 0.019531
0 0.771485 0.253905 0.019531 0.019531
0 0.515626 0.282226 0.019531 0.017580
0 0.530272 0.582031 0.017577 0.019531
0 0.218751 0.824218 0.019531 0.019531
0 0.465821 0.366213 0.017577 0.017580
0 0.290041 0.900391 0.021485 0.019531
0 0.235351 0.755859 0.021485 0.019531
0 0.213865 0.680662 0.017577 0.013673
0 0.421873 0.954102 0.019531 0.021483
0 0.878906 0.956053 0.015623 0.013673
0 0.384765 0.233398 0.023439 0.017580
0 0.895506 0.828125 0.009766 0.019531
0 0.852540 0.863280 0.017577 0.019531
0 0.386719 0.500975 0.019531 0.017580
0 0.937499 0.891601 0.019531 0.017580
0 0.249024 0.317381 0.017577 0.017580
0 0.219728 0.658204 0.013674 0.015624
0 0.958007 0.971681 0.021485 0.017580
0 0.187500 0.086914 0.035154 0.029297
0 0.092775 0.148439 0.017577 0.019531
0 0.140626 0.891601 0.015623 0.009766
0 0.952150 0.814453 0.017577 0.019531
0 0.301755 0.700197 0.017577 0.017580
0 0.371091 0.887694 0.019531 0.021483
0 0.992186 0.823242 0.015627 0.017580
0 0.323241 0.374999 0.029297 0.023438
0 0.708983 0.594728 0.019531 0.021483
0 0.566408 0.454103 0.015623 0.021483
0 0.916014 0.828125 0.019531 0.019531
0 0.541014 0.110353 0.019531 0.021483
0 0.277344 0.334961 0.023439 0.013673
0 0.317383 0.295898 0.017577 0.017580
0 0.906248 0.992187 0.019531 0.015626
0 0.630858 0.826174 0.019531 0.019531
0 0.256836 0.363281 0.021485 0.019531
0 0.521483 0.940429 0.019531 0.017580
0 0.994139 0.860353 0.011722 0.029297
0 0.258790 0.427733 0.021485 0.015624
0 0.280275 0.439454 0.021485 0.031248
0 0.390623 0.195311 0.023439 0.019531
0 0.368165 0.202150 0.013674 0.029297
0 0.645509 0.485351 0.017577 0.021483
0 0.205077 0.909181 0.031251 0.017580
0 0.187500 0.925781 0.007811 0.015624
0 0.130861 0.965819 0.015623 0.017580
0 0.153318 0.972657 0.021485 0.023438
