0 0.841795 0.549803 0.019531 0.021483
0 0.483401 0.280274 0.017577 0.017580
0 0.946290 0.081056 0.021485 0.021483
0 0.243165 0.107422 0.021485 0.019531
0 0.763671 0.241212 0.019531 0.021483
0 0.224611 0.325195 0.019531 0.017580
0 0.462893 0.768556 0.023439 0.021483
0 0.265627 0.748046 0.019531 0.019531
0 0.256834 0.619142 0.021485 0.023438
0 0.776368 0.280274 0.017577 0.021483
0 0.846681 0.181639 0.021485 0.019531
0 0.460939 0.728514 0.019531 0.015624
0 0.976564 0.024414 0.031251 0.021483
0 0.948245 0.005860 0.017577 0.011719
