0 0.727541 0.370116 0.033205 0.029297
0 0.921875 0.042969 0.023439 0.023438
0 0.471682 0.934571 0.021485 0.021483
0 0.166991 0.165039 0.017577 0.017580
0 0.263674 0.579103 0.019531 0.017580
0 0.716798 0.460937 0.015623 0.019531
0 0.459963 0.627931 0.021485 0.021483
0 0.528321 0.009766 0.017577 0.019531
0 0.786134 0.057618 0.017577 0.017580
0 0.899413 0.121094 0.017577 0.019531
0 0.815431 0.477541 0.017577 0.017580
0 0.779295 0.634766 0.015623 0.019531
0 0.424803 0.246095 0.021485 0.019531
0 0.856447 0.051759 0.017577 0.017580
0 0.463866 0.475585 0.017577 0.021483
0 0.228515 0.255860 0.019531 0.019531
0 0.484374 0.427733 0.015623 0.015624
0 0.472654 0.446289 0.019531 0.017580
