0 0.039062 0.807619 0.031251 0.021483
0 0.020507 0.686525 0.021485 0.021483
0 0.423827 0.187501 0.019531 0.019531
0 0.861328 0.209960 0.015623 0.017580
0 0.395507 0.324219 0.021485 0.019531
0 0.350588 0.293947 0.017577 0.021483
0 0.030273 0.537110 0.029297 0.031248
0 0.795900 0.230467 0.017577 0.019531
0 0.172853 0.529296 0.021485 0.019531
0 0.553710 0.754884 0.021485 0.021483
0 0.972657 0.133791 0.019531 0.013673
0 0.198242 0.305664 0.021485 0.021483
0 0.479494 0.154298 0.029297 0.031248
0 0.494140 0.345702 0.019531 0.019531
0 0.558596 0.072266 0.019531 0.019531
0 0.990234 0.275392 0.011720 0.019531
0 0.977538 0.209960 0.013674 0.021483
0 0.957029 0.223633 0.015623 0.017580
0 0.889648 0.304688 0.021485 0.019531
0 0.303709 0.561524 0.029297 0.021483
0 0.342771 0.511720 0.017577 0.019531
0 0.828123 0.472654 0.019531 0.019531
0 0.324217 0.384764 0.019531 0.019531
0 0.389650 0.068359 0.017577 0.015624
0 0.967772 0.426758 0.017577 0.021483
0 0.864259 0.257812 0.017577 0.019531
0 0.532225 0.418944 0.021485 0.021483
0 0.743164 0.482424 0.009766 0.011717
0 0.960938 0.069335 0.019531 0.017580
0 0.763672 0.900391 0.023439 0.031248
0 0.989257 0.332030 0.013674 0.015624
0 0.858397 0.497072 0.009766 0.013673
0 0.923830 0.390627 0.019531 0.019531
0 0.288086 0.592772 0.017577 0.017580
0 0.977538 0.723632 0.021485 0.013673
0 0.980469 0.702149 0.015623 0.021483
0 0.627932 0.142577 0.029297 0.023438
0 0.603515 0.061525 0.019531 0.017580
0 0.569338 0.201170 0.021485 0.023438
0 0.581053 0.185546 0.021485 0.019531
