0 0.660154 0.572265 0.015623 0.015624
0 0.590818 0.643556 0.013674 0.021483
0 0.122071 0.405275 0.017577 0.017580
0 0.473631 0.634766 0.017577 0.019531
0 0.838865 0.148439 0.013674 0.015624
0 0.686525 0.939454 0.017577 0.015624
0 0.749998 0.994142 0.015623 0.011717
0 0.525390 0.799805 0.015623 0.017580
0 0.197264 0.994141 0.015623 0.011719
0 0.710936 0.857422 0.015623 0.019531
0 0.612303 0.317381 0.017577 0.017580
0 0.444335 0.963868 0.013674 0.017580
0 0.832031 0.052735 0.015623 0.015624
0 0.640623 0.963868 0.015623 0.017580
0 0.756838 0.891602 0.021485 0.017580
0 0.168945 0.059570 0.013674 0.017580
0 0.056638 0.511720 0.011720 0.015624
0 0.360353 0.679687 0.017577 0.015624
0 0.946292 0.990236 0.021485 0.019529
0 0.747072 0.447265 0.017577 0.015624
0 0.928709 0.210936 0.017577 0.015624
0 0.907224 0.604493 0.021485 0.041014
0 0.073243 0.380861 0.021485 0.019531
0 0.420900 0.910157 0.021485 0.019531
0 0.808592 0.890626 0.015623 0.019531
0 0.523436 0.851564 0.019531 0.019531
0 0.242189 0.247071 0.015623 0.013673
0 0.838865 0.466796 0.029297 0.031248
0 0.488282 0.716797 0.019531 0.019531
0 0.501951 0.112304 0.015623 0.017580
0 0.379884 0.400392 0.017577 0.015624
0 0.060546 0.591797 0.015623 0.015624
0 0.728518 0.407227 0.019531 0.017580
0 0.830077 0.571290 0.015623 0.013673
0 0.227538 0.646483 0.017577 0.015624
0 0.445312 0.721680 0.015623 0.013673
0 0.108397 0.282226 0.017577 0.017580
0 0.137694 0.822267 0.017577 0.023438
0 0.943360 0.380861 0.023439 0.023438
0 0.301759 0.155274 0.017577 0.017580
0 0.382810 0.750001 0.015623 0.015624
0 0.990233 0.543945 0.019534 0.033204
0 0.281251 0.420899 0.015623 0.017580
0 0.596680 0.983399 0.017577 0.017580
0 0.715821 0.523438 0.017577 0.019531
0 0.615234 0.872070 0.015623 0.017580
0 0.316405 0.803712 0.007811 0.009766
0 0.825197 0.416016 0.009766 0.015624
0 0.302736 0.315430 0.019531 0.013673
0 0.889647 0.035156 0.013674 0.011717
0 0.609377 0.688476 0.031251 0.021483
0 0.577149 0.903319 0.017577 0.017580
0 0.575195 0.859374 0.013674 0.015624
0 0.899413 0.831053 0.017577 0.017580
0 0.379884 0.934571 0.017577 0.017580
0 0.476562 0.359375 0.023439 0.035155
0 0.591795 0.208984 0.015623 0.015624
0 0.151368 0.374023 0.017577 0.017580
0 0.500979 0.943361 0.013674 0.019531
0 0.053712 0.468751 0.013674 0.015624
0 0.944337 0.513672 0.017577 0.011717
0 0.791992 0.299805 0.017577 0.017580
0 0.777346 0.633790 0.019531 0.017580
0 0.626954 0.987306 0.011720 0.017580
0 0.905275 0.525389 0.013674 0.015624
0 0.467774 0.178712 0.033205 0.017580
0 0.775392 0.023439 0.019531 0.019531
0 0.708010 0.706056 0.017577 0.017580
0 0.795900 0.589845 0.017577 0.015624
0 0.536133 0.931640 0.013674 0.015624
0 0.975588 0.686525 0.017577 0.017580
0 0.601561 0.536134 0.019531 0.021483
0 0.605469 0.503906 0.019531 0.019531
0 0.499025 0.394530 0.017577 0.019531
0 0.402346 0.172853 0.019531 0.029297
0 0.407226 0.234374 0.009766 0.015624
0 0.500002 0.263671 0.015623 0.015624
0 0.431643 0.254885 0.042971 0.037111
0 0.224607 0.215819 0.015623 0.017580
0 0.824219 0.008788 0.019531 0.017576
0 0.588869 0.663087 0.017577 0.017580
0 0.621092 0.699218 0.011720 0.019531
0 0.157225 0.846681 0.017577 0.017580
0 0.208984 0.936522 0.019531 0.021483
0 0.458985 0.299805 0.039062 0.044921
0 0.377930 0.193360 0.056639 0.046876
0 0.593749 0.185546 0.015623 0.019531
0 0.390626 0.720704 0.019531 0.019531
0 0.558595 0.835939 0.019531 0.019531
0 0.587892 0.777342 0.019531 0.015624
0 0.732421 0.501955 0.019531 0.015624
0 0.216795 0.912108 0.015623 0.011717
0 0.628908 0.913084 0.019531 0.021483
0 0.583007 0.741211 0.021485 0.021483
