0 0.755861 0.955077 0.019531 0.019531
0 0.187499 0.889650 0.019531 0.029297
0 0.267578 0.838866 0.019531 0.021483
0 0.708010 0.621093 0.017577 0.019531
0 0.458986 0.683593 0.023439 0.031248
0 0.810546 0.127928 0.015623 0.017580
0 0.600584 0.604493 0.017577 0.017580
0 0.988280 0.325195 0.011720 0.017580
0 0.895510 0.996093 0.021485 0.007814
0 0.395507 0.429689 0.021485 0.031248
0 0.927733 0.256836 0.019531 0.021483
0 0.619143 0.323243 0.019531 0.021483
0 0.826174 0.863280 0.015623 0.019531
0 0.790038 0.402343 0.017577 0.019531
0 0.147460 0.149415 0.013674 0.017580
0 0.648440 0.255860 0.019531 0.015624
0 0.748044 0.200194 0.015623 0.021483
0 0.108398 0.068359 0.017577 0.019531
0 0.828123 0.794921 0.019531 0.019531
0 0.838866 0.731445 0.017577 0.021483
0 0.472655 0.309571 0.019531 0.017580
0 0.215819 0.725587 0.017577 0.021483
0 0.308594 0.826173 0.015623 0.019531
0 0.318360 0.876953 0.015623 0.015624
0 0.915041 0.088866 0.017577 0.021483
0 0.708010 0.693359 0.017577 0.019531
0 0.966795 0.214842 0.019531 0.019531
0 0.862305 0.888670 0.033205 0.035155
0 0.230470 0.089845 0.015623 0.019531
0 0.834963 0.213867 0.017577 0.021483
0 0.076170 0.110352 0.015623 0.017580
0 0.858397 0.315429 0.017577 0.017580
0 0.726564 0.243163 0.019531 0.017580
0 0.774415 0.154297 0.017577 0.019531
0 0.235350 0.650390 0.017577 0.019531
0 0.162111 0.027345 0.019531 0.019531
0 0.226561 0.177736 0.015623 0.019531
0 0.402341 0.335936 0.015623 0.019531
0 0.654297 0.191408 0.019531 0.019531
0 0.087889 0.540041 0.019531 0.017580
0 0.715822 0.852539 0.021485 0.021483
0 0.875979 0.490234 0.017577 0.019531
0 0.489260 0.181643 0.021485 0.019531
0 0.496094 0.443361 0.019531 0.015624
0 0.735353 0.685549 0.017577 0.015624
0 0.681640 0.295898 0.019531 0.017580
0 0.716799 0.504882 0.019531 0.021483
0 0.332034 0.454102 0.015623 0.013673
0 0.647463 0.088866 0.021485 0.021483
0 0.782226 0.373047 0.017577 0.019531
0 0.766604 0.728514 0.017577 0.015624
0 0.990234 0.880860 0.011720 0.019531
0 0.946287 0.753907 0.021485 0.019531
0 0.300783 0.591796 0.015623 0.019531
0 0.339845 0.416992 0.015623 0.013673
0 0.955080 0.378905 0.015623 0.015624
0 0.786135 0.764649 0.017577 0.017580
0 0.752930 0.322267 0.017577 0.019531
0 0.597658 0.237305 0.019531 0.021483
0 0.833985 0.041014 0.019531 0.019531
0 0.070312 0.237305 0.019531 0.017580
0 0.866213 0.208008 0.017577 0.017580
0 0.090821 0.879884 0.017577 0.017580
0 0.679685 0.633790 0.015623 0.021483
0 0.343748 0.881836 0.015623 0.017580
0 0.183596 0.478516 0.015623 0.015624
0 0.606446 0.522461 0.017577 0.017580
0 0.543945 0.279298 0.017577 0.019531
0 0.121094 0.275391 0.019531 0.019531
0 0.893556 0.642579 0.017577 0.019531
0 0.736330 0.462892 0.019531 0.011717
0 0.271486 0.436523 0.019531 0.017580
0 0.353514 0.498047 0.015623 0.011717
0 0.053712 0.734376 0.021485 0.019531
0 0.076170 0.758790 0.039062 0.033204
0 0.007812 0.309571 0.015625 0.037111
0 0.407227 0.943360 0.021485 0.015624
0 0.171876 0.981447 0.015623 0.013673
0 0.625977 0.842773 0.021485 0.021483
0 0.877928 0.620117 0.013674 0.017580
0 0.683594 0.420899 0.019531 0.021483
0 0.721679 0.426757 0.009766 0.017580
0 0.741210 0.438478 0.021485 0.017580
0 0.564453 0.333009 0.011720 0.021483
0 0.456055 0.397461 0.017577 0.013673
0 0.366210 0.359374 0.017577 0.019531
0 0.309571 0.434571 0.021485 0.021483
0 0.214842 0.631834 0.011720 0.017580
0 0.172853 0.111328 0.009766 0.019531
0 0.188476 0.096680 0.029297 0.021483
0 0.095701 0.034179 0.019531 0.017580
0 0.126952 0.029297 0.015623 0.019531
0 0.315429 0.065432 0.021485 0.021483
0 0.981446 0.387695 0.009766 0.013673
0 0.993164 0.410157 0.013671 0.015624
0 0.625000 0.043945 0.015623 0.021483
