0 0.441407 0.508789 0.023439 0.029297
0 0.777345 0.965819 0.019531 0.021483
0 0.376952 0.924805 0.019531 0.021483
0 0.503904 0.763674 0.035154 0.031248
0 0.014649 0.175781 0.029297 0.023438
0 0.065431 0.666994 0.033205 0.029297
0 0.541017 0.615235 0.019531 0.019531
0 0.058591 0.873046 0.019531 0.019531
0 0.540040 0.516603 0.021485 0.021483
0 0.374025 0.355468 0.021485 0.035155
0 0.131835 0.142577 0.033205 0.031248
0 0.041991 0.689452 0.021485 0.035155
0 0.029295 0.737304 0.042971 0.029297
0 0.928708 0.725587 0.021485 0.021483
0 0.517578 0.848633 0.035154 0.021483
0 0.801756 0.730470 0.017577 0.011717
0 0.920897 0.705077 0.017577 0.011717
0 0.484373 0.421875 0.035154 0.031248
0 0.491212 0.401368 0.033205 0.009766
