0 0.492186 0.181639 0.031251 0.023438
0 0.040039 0.601562 0.021485 0.019531
0 0.180665 0.541017 0.033205 0.035155
0 0.924807 0.509765 0.021485 0.023438
0 0.610349 0.145508 0.033205 0.029297
0 0.550779 0.673828 0.031251 0.023438
0 0.866213 0.927733 0.021485 0.023438
0 0.857420 0.354492 0.023439 0.033204
0 0.544922 0.880860 0.015623 0.019531
0 0.530276 0.697266 0.021485 0.031248
0 0.513671 0.742187 0.042970 0.031248
0 0.451174 0.761718 0.035154 0.023438
0 0.988280 0.763674 0.023439 0.031248
0 0.975584 0.401368 0.033205 0.009766
0 0.960938 0.427734 0.019531 0.019531
0 0.976561 0.423827 0.011720 0.015624
0 0.749999 0.448241 0.019531 0.009766
