0 0.088865 0.714845 0.021485 0.019531
0 0.681638 0.798828 0.019531 0.019531
0 0.866212 0.926756 0.017577 0.021483
0 0.664061 0.734376 0.015623 0.019531
0 0.385740 0.184570 0.017577 0.017580
0 0.465819 0.282226 0.017577 0.017580
0 0.010741 0.139649 0.017577 0.017580
0 0.825195 0.244139 0.017577 0.023438
0 0.276365 0.295898 0.017577 0.017580
0 0.790042 0.962891 0.021485 0.019531
0 0.123047 0.841798 0.023439 0.023438
0 0.588868 0.122070 0.017577 0.017580
0 0.925782 0.766600 0.019531 0.017580
0 0.017580 0.430664 0.015623 0.017580
0 0.259765 0.504882 0.019531 0.017580
0 0.028323 0.776366 0.017577 0.021483
0 0.663084 0.121094 0.017577 0.019531
0 0.782225 0.820311 0.017577 0.015624
0 0.051757 0.499999 0.017577 0.019531
0 0.446288 0.164063 0.021485 0.019531
0 0.819338 0.294922 0.021485 0.019531
0 0.274416 0.058593 0.017577 0.015624
0 0.871092 0.661135 0.015623 0.017580
0 0.553709 0.109377 0.017577 0.015624
0 0.519532 0.420899 0.015623 0.021483
0 0.675781 0.411133 0.019531 0.017580
0 0.840818 0.573241 0.021485 0.021483
0 0.642576 0.489258 0.019531 0.017580
0 0.497070 0.125001 0.017577 0.015624
0 0.285158 0.124025 0.015623 0.017580
0 0.671873 0.877929 0.019531 0.021483
0 0.920897 0.208008 0.017577 0.017580
0 0.320312 0.417968 0.015623 0.015624
0 0.320312 0.292967 0.019531 0.019531
0 0.090819 0.579103 0.017577 0.017580
0 0.053711 0.343750 0.017577 0.019531
0 0.648438 0.288084 0.019531 0.017580
0 0.820310 0.169922 0.019531 0.019531
0 0.614256 0.811525 0.017577 0.021483
0 0.276365 0.731445 0.021485 0.029297
0 0.022460 0.027345 0.029297 0.019531
0 0.751951 0.403319 0.019531 0.021483
0 0.928708 0.580079 0.021485 0.023438
0 0.123047 0.284181 0.019531 0.017580
0 0.240234 0.099611 0.019531 0.019531
0 0.100585 0.919922 0.017577 0.019531
0 0.583006 0.400392 0.021485 0.019531
0 0.541994 0.015624 0.021485 0.019531
0 0.209960 0.446288 0.017577 0.021483
0 0.295896 0.912108 0.021485 0.019531
0 0.129881 0.466795 0.017577 0.019531
0 0.517578 0.189453 0.015623 0.015624
0 0.437499 0.351564 0.015623 0.019531
0 0.346678 0.298829 0.017577 0.015624
0 0.587891 0.600586 0.019531 0.017580
0 0.492189 0.996093 0.015623 0.007814
0 0.559571 0.290039 0.021485 0.021483
0 0.644530 0.155273 0.019531 0.017580
0 0.501955 0.534179 0.019531 0.021483
0 0.727540 0.150390 0.017577 0.019531
0 0.548829 0.653321 0.019531 0.017580
0 0.698243 0.722655 0.017577 0.015624
0 0.223634 0.019531 0.021485 0.019531
0 0.975587 0.943360 0.017577 0.015624
0 0.191406 0.780273 0.031251 0.029297
0 0.224611 0.365233 0.015623 0.019531
0 0.611330 0.072266 0.019531 0.019531
0 0.227537 0.125001 0.017577 0.019531
0 0.416014 0.583006 0.015623 0.013673
0 0.728517 0.390626 0.019531 0.019531
0 0.444333 0.049804 0.017577 0.017580
0 0.409179 0.057618 0.021485 0.021483
0 0.092773 0.313478 0.017577 0.021483
0 0.362306 0.374023 0.017577 0.017580
0 0.332032 0.368164 0.015623 0.017580
0 0.026368 0.726562 0.017577 0.015624
0 0.349609 0.081056 0.019531 0.017580
0 0.322267 0.124025 0.019531 0.017580
0 0.115236 0.541993 0.015623 0.017580
0 0.461916 0.105470 0.017577 0.015624
0 0.691404 0.065432 0.019531 0.017580
0 0.177732 0.586913 0.019531 0.021483
0 0.134767 0.244139 0.019531 0.019531
0 0.057619 0.850587 0.017577 0.017580
0 0.121093 0.187501 0.015623 0.015624
0 0.382814 0.311522 0.015623 0.017580
0 0.692381 0.198242 0.017577 0.017580
0 0.351563 0.016600 0.019531 0.017580
0 0.781248 0.710938 0.019531 0.019531
0 0.656250 0.545899 0.015623 0.017580
0 0.217771 0.699217 0.017577 0.019531
0 0.184572 0.216798 0.017577 0.019531
0 0.433596 0.201174 0.019531 0.011717
0 0.376952 0.409178 0.019531 0.021483
0 0.084962 0.476561 0.017577 0.015624
0 0.969725 0.095704 0.017577 0.015624
0 0.461916 0.565431 0.017577 0.017580
0 0.391603 0.523437 0.017577 0.015624
0 0.131835 0.367188 0.013674 0.019531
0 0.084962 0.111328 0.021485 0.019531
0 0.089842 0.546875 0.019531 0.019531
0 0.201171 0.181643 0.019531 0.015624
0 0.441407 0.449220 0.019531 0.015624
0 0.499024 0.227539 0.017577 0.013673
0 0.673827 0.338867 0.015623 0.017580
0 0.461916 0.416016 0.017577 0.019531
0 0.122070 0.009766 0.017577 0.015624
0 0.192383 0.551758 0.017577 0.017580
0 0.099608 0.174804 0.019531 0.017580
0 0.602537 0.297853 0.033205 0.029297
0 0.047854 0.280274 0.021485 0.017580
0 0.120116 0.127928 0.021485 0.013673
0 0.498047 0.018555 0.023439 0.017580
0 0.167967 0.031248 0.015623 0.015624
0 0.694335 0.321288 0.017577 0.017580
0 0.067385 0.153322 0.009766 0.017580
0 0.088865 0.143556 0.009766 0.017580
0 0.115236 0.147459 0.019531 0.013673
0 0.143555 0.133790 0.017577 0.029297
0 0.168944 0.128908 0.017577 0.023438
0 0.259765 0.169922 0.015623 0.019531
0 0.415037 0.154297 0.017577 0.031248
0 0.428711 0.131835 0.013674 0.013673
0 0.654296 0.376954 0.015623 0.019531
0 0.742186 0.501954 0.023439 0.019531
0 0.773436 0.494141 0.011720 0.019531
0 0.500001 0.625000 0.015623 0.019531
0 0.507812 0.647462 0.023439 0.017580
0 0.969725 0.559572 0.017577 0.017580
0 0.835938 0.516603 0.019531 0.017580
0 0.585937 0.474609 0.015623 0.019531
0 0.106447 0.067383 0.021485 0.021483
0 0.145509 0.057618 0.017577 0.017580
0 0.166995 0.077149 0.017577 0.017580
0 0.138670 0.209960 0.015623 0.021483
0 0.426757 0.279298 0.013674 0.019531
0 0.413088 0.246094 0.013674 0.019531
0 0.853515 0.031248 0.015623 0.019531
0 0.876955 0.019531 0.019531 0.023438
0 0.662107 0.037111 0.019531 0.015624
0 0.661135 0.012697 0.017577 0.013673
0 0.881835 0.217774 0.029297 0.021483
0 0.772459 0.651365 0.009766 0.013673
0 0.770505 0.676759 0.013674 0.009766
0 0.792968 0.670900 0.015623 0.017580
0 0.266599 0.333985 0.017577 0.019531
0 0.290039 0.343750 0.013674 0.015624
0 0.309570 0.322267 0.021485 0.011717
0 0.354494 0.321288 0.013674 0.021483
0 0.303712 0.451171 0.017577 0.019531
0 0.492189 0.792970 0.015623 0.015624
0 0.482424 0.812501 0.023439 0.015624
0 0.147463 0.580079 0.017577 0.019531
0 0.163086 0.571289 0.009766 0.009766
0 0.186526 0.503906 0.021485 0.019531
0 0.159178 0.506837 0.013674 0.017580
0 0.189452 0.461913 0.015623 0.017580
0 0.170898 0.471678 0.013674 0.017580
0 0.182617 0.363281 0.009766 0.019531
0 0.154298 0.349609 0.015623 0.015624
0 0.068362 0.258787 0.019531 0.017580
0 0.202149 0.349609 0.013674 0.011717
0 0.211914 0.332033 0.017577 0.011717
0 0.348632 0.242187 0.013674 0.015624
0 0.366209 0.254884 0.017577 0.017580
0 0.435545 0.246094 0.023439 0.019531
0 0.628907 0.374998 0.019531 0.019531
0 0.501955 0.435547 0.011720 0.011717
0 0.761717 0.445313 0.015623 0.011717
0 0.750974 0.464844 0.013674 0.011717
0 0.750974 0.485351 0.013674 0.013673
0 0.458984 0.013673 0.019531 0.019531
0 0.298827 0.038086 0.019531 0.021483
0 0.212891 0.069335 0.019531 0.017580
0 0.193360 0.063476 0.015623 0.017580
0 0.832030 0.443361 0.019531 0.019531
0 0.809573 0.439454 0.017577 0.019531
0 0.896486 0.049804 0.019531 0.021483
0 0.736328 0.790039 0.019531 0.021483
