0 0.376953 0.668945 0.019531 0.021483
0 0.117186 0.564451 0.019531 0.019531
0 0.740233 0.027345 0.019531 0.015624
0 0.968749 0.795898 0.019531 0.017580
0 0.886721 0.523438 0.019531 0.019531
0 0.042969 0.212891 0.019531 0.019531
0 0.165042 0.519531 0.017577 0.019531
0 0.009765 0.850588 0.015623 0.017580
0 0.170899 0.881836 0.021485 0.021483
0 0.926755 0.489258 0.017577 0.017580
0 0.410158 0.358399 0.019531 0.017580
0 0.091797 0.833008 0.019531 0.017580
0 0.645508 0.407227 0.017577 0.013673
0 0.217772 0.689452 0.021485 0.019531
0 0.380861 0.079101 0.019531 0.017580
0 0.454100 0.906250 0.017577 0.019531
0 0.626954 0.802736 0.019531 0.019531
0 0.356444 0.240232 0.017577 0.019531
0 0.771483 0.516603 0.019531 0.013673
0 0.865236 0.723632 0.015623 0.017580
0 0.196287 0.764649 0.017577 0.017580
0 0.172853 0.915040 0.017577 0.017580
0 0.340822 0.308595 0.017577 0.019531
0 0.207030 0.257812 0.015623 0.019531
0 0.912110 0.905274 0.019531 0.017580
0 0.019530 0.901367 0.019531 0.017580
0 0.206053 0.374999 0.017577 0.019531
0 0.205076 0.279299 0.019531 0.019531
0 0.633789 0.464844 0.017577 0.019531
0 0.059569 0.284181 0.021485 0.017580
0 0.926755 0.271485 0.017577 0.019531
0 0.291017 0.883788 0.019531 0.013673
0 0.831054 0.984374 0.013674 0.019531
0 0.082032 0.612303 0.019531 0.017580
0 0.049804 0.497072 0.017577 0.017580
0 0.865236 0.791991 0.019531 0.013673
0 0.587892 0.396485 0.019531 0.019531
0 0.762695 0.913084 0.021485 0.017580
0 0.275389 0.205077 0.019531 0.015624
0 0.881836 0.575197 0.021485 0.021483
0 0.923829 0.642580 0.019531 0.019531
0 0.562498 0.569334 0.023439 0.021483
0 0.570315 0.471679 0.015623 0.017580
0 0.698244 0.242188 0.017577 0.015624
0 0.731444 0.322264 0.017577 0.019531
0 0.772460 0.222657 0.021485 0.019531
0 0.439454 0.248046 0.019531 0.019531
0 0.279297 0.101563 0.019531 0.019531
0 0.334959 0.910157 0.017577 0.019531
0 0.960937 0.123046 0.019531 0.019531
0 0.080078 0.157225 0.015623 0.013673
0 0.338868 0.959961 0.017577 0.017580
0 0.523436 0.724611 0.015623 0.015624
0 0.141602 0.384764 0.017577 0.019531
0 0.590818 0.757811 0.017577 0.019531
0 0.931641 0.531252 0.019531 0.019531
0 0.096677 0.029297 0.009766 0.019531
0 0.053712 0.064452 0.017577 0.019531
0 0.579103 0.047852 0.017577 0.017580
0 0.138671 0.092773 0.019531 0.017580
0 0.765626 0.552734 0.015623 0.015624
0 0.339845 0.036131 0.019531 0.017580
0 0.159179 0.172853 0.021485 0.017580
0 0.975588 0.052735 0.017577 0.019531
0 0.819334 0.273436 0.017577 0.019531
0 0.692382 0.747070 0.017577 0.017580
0 0.238281 0.974609 0.019531 0.015624
0 0.043947 0.739260 0.021485 0.017580
0 0.271486 0.838867 0.015623 0.017580
0 0.318359 0.576172 0.019531 0.019531
0 0.874024 0.401368 0.017577 0.017580
0 0.174807 0.281250 0.021485 0.019531
0 0.153322 0.015625 0.017577 0.019531
0 0.670897 0.975585 0.017577 0.021483
0 0.635743 0.696290 0.017577 0.017580
0 0.709959 0.876953 0.017577 0.019531
0 0.592772 0.623049 0.017577 0.019531
0 0.784180 0.121094 0.017577 0.019531
0 0.321291 0.808594 0.017577 0.019531
0 0.460940 0.823243 0.019531 0.021483
0 0.024415 0.674804 0.017577 0.017580
0 0.195310 0.024414 0.019531 0.017580
0 0.457031 0.492189 0.015623 0.019531
0 0.097655 0.934571 0.015623 0.017580
0 0.282228 0.910157 0.017577 0.011717
0 0.010742 0.383789 0.017577 0.017580
0 0.947264 0.864256 0.019531 0.021483
0 0.427735 0.771484 0.023439 0.031248
0 0.456054 0.983399 0.017577 0.021483
0 0.228515 0.868163 0.019531 0.021483
0 0.490236 0.875977 0.015623 0.017580
0 0.484374 0.625976 0.019531 0.029297
0 0.942383 0.004883 0.017577 0.009766
0 0.117186 0.029297 0.019531 0.019531
0 0.266600 0.154298 0.017577 0.015624
0 0.521482 0.166015 0.019531 0.019531
0 0.107420 0.195312 0.019531 0.019531
0 0.241212 0.757811 0.021485 0.019531
0 0.544921 0.186522 0.011720 0.021483
0 0.469728 0.194336 0.017577 0.017580
0 0.267577 0.180663 0.019531 0.009766
0 0.140625 0.218750 0.015623 0.015624
0 0.200196 0.301757 0.017577 0.017580
0 0.220704 0.091797 0.019531 0.019531
0 0.196287 0.061525 0.013674 0.029297
0 0.748049 0.590821 0.015623 0.017580
0 0.725587 0.576172 0.009766 0.011717
0 0.749021 0.570314 0.017577 0.019531
0 0.529299 0.642580 0.015623 0.007814
0 0.468751 0.730470 0.011720 0.019531
0 0.538087 0.663087 0.017577 0.029297
0 0.493162 0.532227 0.017577 0.017580
0 0.488282 0.510741 0.011720 0.017580
0 0.583007 0.873046 0.017577 0.015624
0 0.741210 0.690428 0.017577 0.017580
0 0.931641 0.740235 0.019531 0.019531
0 0.347656 0.823243 0.015623 0.009766
0 0.361330 0.841798 0.019531 0.015624
0 0.358399 0.874022 0.013674 0.009766
0 0.075197 0.896484 0.017577 0.019531
0 0.262697 0.902343 0.013674 0.019531
0 0.271486 0.754884 0.019531 0.017580
0 0.357422 0.741211 0.019531 0.013673
0 0.359376 0.765625 0.019531 0.015624
0 0.860351 0.976564 0.021485 0.019531
0 0.395507 0.993165 0.021485 0.013670
0 0.402346 0.977540 0.023439 0.013673
0 0.268554 0.017580 0.013674 0.019531
0 0.236327 0.054687 0.019531 0.023438
0 0.321291 0.054687 0.017577 0.019531
0 0.322268 0.123046 0.019531 0.015624
0 0.330079 0.105470 0.015623 0.015624
0 0.872070 0.084959 0.017577 0.017580
0 0.866213 0.064452 0.017577 0.015624
0 0.426758 0.207033 0.041016 0.023438
0 0.395507 0.190429 0.021485 0.029297
0 0.458985 0.329102 0.015623 0.017580
0 0.435546 0.336912 0.019531 0.021483
0 0.490236 0.366213 0.015623 0.017580
0 0.487305 0.388671 0.017577 0.019531
0 0.524413 0.491210 0.021485 0.021483
0 0.264646 0.316405 0.017577 0.019531
0 0.252932 0.340819 0.013674 0.017580
0 0.236327 0.322264 0.015623 0.019531
0 0.318359 0.849608 0.019531 0.023438
0 0.149414 0.740235 0.017577 0.015624
0 0.148436 0.760742 0.019531 0.021483
0 0.095705 0.778322 0.015623 0.017580
0 0.110351 0.795898 0.017577 0.017580
0 0.170899 0.824218 0.017577 0.015624
0 0.165042 0.845705 0.021485 0.019531
0 0.265623 0.931640 0.015623 0.015624
0 0.283205 0.948243 0.015623 0.017580
0 0.508790 0.885743 0.017577 0.017580
0 0.459963 0.634766 0.021485 0.019531
0 0.465820 0.658204 0.021485 0.019531
0 0.242189 0.572265 0.019531 0.015624
0 0.264646 0.570314 0.017577 0.019531
0 0.261720 0.773439 0.011720 0.015624
0 0.916018 0.770508 0.019531 0.017580
