0 0.795898 0.009767 0.021485 0.019533
0 0.067384 0.127928 0.017577 0.021483
0 0.516600 0.839842 0.017577 0.019531
0 0.352539 0.776366 0.017577 0.017580
0 0.880862 0.028321 0.019531 0.017580
0 0.572267 0.195311 0.019531 0.019531
0 0.588867 0.393554 0.033205 0.033204
0 0.511719 0.535155 0.019531 0.015624
0 0.957032 0.408202 0.019531 0.019531
0 0.628906 0.116211 0.019531 0.021483
0 0.147462 0.879884 0.021485 0.021483
0 0.735350 0.242188 0.017577 0.023438
0 0.798829 0.135742 0.019531 0.021483
0 0.224610 0.264650 0.019531 0.017580
0 0.176759 0.144532 0.017577 0.015624
0 0.963866 0.314454 0.021485 0.019531
0 0.047853 0.980467 0.021485 0.019531
0 0.177736 0.823242 0.031251 0.021483
0 0.149416 0.798829 0.017577 0.023438
