0 0.199218 0.315429 0.015623 0.017580
0 0.838865 0.947267 0.013674 0.015624
0 0.832031 0.851563 0.015623 0.015624
0 0.453123 0.072266 0.019531 0.019531
0 0.958006 0.374023 0.017577 0.017580
0 0.168945 0.858398 0.013674 0.017580
0 0.687502 0.130860 0.031251 0.023438
0 0.590818 0.260743 0.017577 0.017580
0 0.349610 0.223632 0.019531 0.017580
0 0.233400 0.295898 0.017577 0.017580
0 0.501951 0.911132 0.015623 0.017580
0 0.115237 0.160156 0.019531 0.015624
0 0.335936 0.582031 0.015623 0.007814
0 0.132814 0.741211 0.019531 0.017580
0 0.211915 0.583986 0.017577 0.019531
0 0.301759 0.954102 0.017577 0.017580
0 0.756838 0.473634 0.017577 0.017580
0 0.789060 0.626952 0.015623 0.015624
0 0.039061 0.472658 0.015623 0.019531
0 0.376953 0.761718 0.015623 0.015624
0 0.887693 0.694335 0.017577 0.017580
0 0.889647 0.833984 0.013674 0.011717
0 0.954103 0.464844 0.017577 0.019531
0 0.703124 0.749025 0.015623 0.017580
0 0.467774 0.977540 0.033205 0.017580
0 0.775392 0.822267 0.019531 0.019531
0 0.766603 0.427733 0.013674 0.015624
0 0.569338 0.011719 0.037108 0.023438
0 0.978514 0.068359 0.023439 0.019531
0 0.587892 0.495116 0.039062 0.021483
0 0.585938 0.522462 0.019531 0.029297
0 0.550784 0.355467 0.019531 0.023438
0 0.551756 0.374999 0.017577 0.019531
0 0.372072 0.793946 0.021485 0.021483
0 0.402346 0.971681 0.019531 0.029297
0 0.824219 0.805663 0.019531 0.021483
0 0.689451 0.783204 0.019531 0.019531
0 0.939452 0.416016 0.019531 0.019531
0 0.377930 0.984375 0.056639 0.031250
0 0.593749 0.984374 0.015623 0.019531
