0 0.217772 0.129884 0.033205 0.037111
0 0.960937 0.089845 0.023439 0.031248
0 0.907224 0.506837 0.021485 0.021483
0 0.379884 0.819335 0.017577 0.021483
0 0.080078 0.193360 0.019531 0.019531
0 0.400392 0.995116 0.019531 0.009767
0 0.690428 0.610351 0.021485 0.021483
0 0.405272 0.958984 0.021485 0.019531
0 0.730467 0.706055 0.019531 0.021483
0 0.990234 0.007814 0.019532 0.015624
0 0.494139 0.864256 0.019531 0.017580
0 0.589846 0.255860 0.023439 0.023438
0 0.486328 0.348633 0.023439 0.021483
0 0.584961 0.462892 0.017577 0.019531
0 0.554687 0.327150 0.031251 0.021483
0 0.506836 0.702149 0.021485 0.021483
0 0.019530 0.211915 0.019531 0.021483
0 0.567384 0.277343 0.017577 0.019531
