0 0.575196 0.787108 0.021485 0.019531
0 0.723634 0.540038 0.021485 0.021483
0 0.819335 0.632814 0.021485 0.023438
0 0.608401 0.458986 0.021485 0.019531
0 0.292967 0.062501 0.019531 0.019531
0 0.453124 0.801756 0.019531 0.017580
0 0.482421 0.161132 0.023439 0.021483
0 0.288086 0.356444 0.013674 0.013673
0 0.560545 0.104491 0.019531 0.021483
0 0.738279 0.300781 0.015623 0.019531
0 0.345703 0.060546 0.015623 0.019531
0 0.687502 0.314454 0.019531 0.019531
0 0.221682 0.111329 0.017577 0.019531
0 0.817381 0.559569 0.017577 0.021483
0 0.344726 0.463869 0.021485 0.021483
0 0.013672 0.406251 0.027345 0.019531
0 0.577150 0.989257 0.017577 0.017580
0 0.292967 0.833008 0.019531 0.017580
0 0.714845 0.096680 0.019531 0.013673
0 0.642578 0.674804 0.019531 0.017580
0 0.152346 0.040039 0.019531 0.017580
0 0.251955 0.334961 0.015623 0.017580
0 0.247070 0.028322 0.017577 0.017580
0 0.408204 0.965819 0.019531 0.017580
0 0.007811 0.809570 0.015623 0.017580
0 0.892579 0.440431 0.015623 0.017580
0 0.810547 0.682618 0.023439 0.021483
0 0.439455 0.550783 0.019531 0.019531
0 0.165037 0.155274 0.013674 0.017580
0 0.286132 0.166991 0.021485 0.017580
0 0.689452 0.586914 0.019531 0.017580
0 0.404296 0.443358 0.023439 0.019531
0 0.493163 0.406251 0.021485 0.019531
0 0.493163 0.510741 0.017577 0.017580
0 0.714845 0.255861 0.015623 0.023438
0 0.294921 0.420899 0.019531 0.021483
0 0.083987 0.695311 0.015623 0.015624
0 0.632812 0.878905 0.019531 0.019531
0 0.373045 0.695311 0.019531 0.019531
0 0.381834 0.908202 0.017577 0.015624
0 0.325195 0.753908 0.017577 0.019531
0 0.323240 0.199219 0.017577 0.019531
0 0.114255 0.071291 0.017577 0.021483
0 0.974607 0.105470 0.015623 0.019531
0 0.582030 0.510741 0.015623 0.017580
0 0.436524 0.005859 0.021485 0.011718
0 0.098632 0.449220 0.017577 0.019531
0 0.429690 0.735353 0.019531 0.017580
0 0.048828 0.196288 0.019531 0.017580
0 0.916014 0.600587 0.019531 0.017580
0 0.172854 0.075194 0.029297 0.021483
0 0.426758 0.583983 0.017577 0.019531
0 0.960938 0.952147 0.019531 0.017580
0 0.493163 0.333009 0.017577 0.017580
0 0.898437 0.243164 0.019531 0.021483
0 0.378908 0.567383 0.015623 0.017580
0 0.092775 0.556641 0.017577 0.019531
0 0.248047 0.887695 0.019531 0.021483
0 0.177734 0.131836 0.023439 0.013673
0 0.178711 0.597655 0.017577 0.019531
0 0.181642 0.932616 0.015623 0.017580
0 0.330080 0.361326 0.015623 0.015624
0 0.660155 0.509765 0.019531 0.019531
0 0.118164 0.389647 0.017577 0.021483
0 0.925779 0.039063 0.019531 0.015624
0 0.491209 0.615235 0.017577 0.019531
0 0.693360 0.146484 0.015623 0.019531
0 0.131837 0.150391 0.017577 0.015624
0 0.639647 0.543945 0.021485 0.017580
0 0.919922 0.968750 0.019531 0.023438
0 0.116209 0.666014 0.021485 0.015624
0 0.368165 0.233398 0.017577 0.017580
0 0.459963 0.668945 0.017577 0.017580
0 0.549802 0.674804 0.013674 0.017580
0 0.494140 0.822267 0.015623 0.015624
0 0.541014 0.344726 0.015623 0.017580
0 0.219727 0.400392 0.017577 0.019531
0 0.005860 0.517579 0.011719 0.019531
0 0.300783 0.709959 0.015623 0.017580
0 0.539065 0.402344 0.019531 0.019531
0 0.685548 0.710939 0.019531 0.019531
0 0.061524 0.023439 0.029297 0.023438
0 0.451170 0.951171 0.015623 0.019531
0 0.269532 0.679687 0.019531 0.019531
0 0.368165 0.791015 0.017577 0.019531
0 0.346680 0.401368 0.017577 0.021483
0 0.370119 0.365233 0.017577 0.019531
0 0.473632 0.237305 0.021485 0.021483
0 0.412108 0.539062 0.023439 0.023438
0 0.044924 0.721680 0.019531 0.017580
0 0.255858 0.715822 0.019531 0.017580
0 0.575196 0.860350 0.017577 0.017580
0 0.658201 0.405275 0.019531 0.021483
0 0.874025 0.388672 0.017577 0.015624
0 0.059570 0.638673 0.017577 0.015624
0 0.152346 0.888671 0.023439 0.019531
0 0.684571 0.454103 0.017577 0.017580
0 0.666017 0.797853 0.015623 0.013673
0 0.220705 0.505858 0.015623 0.015624
0 0.073244 0.856447 0.017577 0.021483
0 0.316406 0.508789 0.019531 0.021483
0 0.213865 0.746094 0.021485 0.019531
0 0.628904 0.065428 0.011720 0.017580
0 0.254881 0.552734 0.021485 0.015624
0 0.126952 0.621093 0.023439 0.019531
0 0.452147 0.490234 0.009766 0.019531
0 0.441404 0.433592 0.015623 0.011717
0 0.093752 0.006837 0.015623 0.013673
0 0.163088 0.459962 0.017577 0.017580
0 0.269532 0.440431 0.015623 0.013673
0 0.111329 0.027342 0.011720 0.019531
0 0.132814 0.584962 0.015623 0.013673
0 0.168946 0.420899 0.009766 0.009766
0 0.038085 0.111329 0.017577 0.019531
0 0.107421 0.268554 0.019531 0.017580
0 0.131837 0.180664 0.017577 0.017580
0 0.161134 0.384765 0.009766 0.015624
0 0.491209 0.920898 0.017577 0.017580
0 0.426758 0.374999 0.017577 0.015624
0 0.344726 0.706056 0.021485 0.021483
0 0.193357 0.564452 0.015623 0.019531
0 0.648435 0.932616 0.015623 0.017580
0 0.066405 0.532228 0.019531 0.017580
0 0.851563 0.423827 0.019531 0.019531
0 0.547853 0.055663 0.021485 0.017580
0 0.622070 0.762694 0.021485 0.021483
0 0.512694 0.576173 0.017577 0.019531
0 0.742188 0.789063 0.015623 0.015624
0 0.140626 0.437499 0.015623 0.015624
0 0.148437 0.387696 0.011720 0.021483
0 0.965818 0.489258 0.017577 0.017580
0 0.588865 0.237305 0.013674 0.013673
0 0.829101 0.908202 0.017577 0.015624
0 0.054690 0.957030 0.011720 0.019531
0 0.209962 0.454103 0.013674 0.013673
0 0.103518 0.920898 0.015623 0.017580
0 0.071290 0.098632 0.013674 0.017580
0 0.336914 0.224609 0.021485 0.015624
0 0.270509 0.208009 0.017577 0.017580
0 0.218750 0.212891 0.011720 0.015624
0 0.238282 0.222657 0.015623 0.015624
0 0.130860 0.258788 0.019531 0.017580
0 0.158203 0.313478 0.019531 0.021483
0 0.184568 0.369140 0.017577 0.019531
0 0.597658 0.205077 0.019531 0.019531
0 0.568362 0.206053 0.015623 0.021483
0 0.268555 0.297850 0.013674 0.017580
0 0.760742 0.882812 0.021485 0.023438
0 0.742188 0.872071 0.015623 0.017580
0 0.730468 0.890626 0.015623 0.015624
0 0.720702 0.779298 0.019531 0.019531
0 0.876951 0.608397 0.031251 0.021483
0 0.873048 0.410158 0.019531 0.023438
0 0.666017 0.728515 0.015623 0.019531
0 0.645509 0.764649 0.021485 0.021483
0 0.596681 0.683594 0.029297 0.023438
0 0.550779 0.496093 0.023439 0.019531
0 0.657229 0.424806 0.013674 0.013673
0 0.452147 0.398437 0.013674 0.019531
0 0.525391 0.372072 0.019531 0.021483
0 0.041016 0.879885 0.019531 0.021483
0 0.118164 0.845701 0.017577 0.019531
0 0.163088 0.849608 0.017577 0.015624
0 0.181642 0.841798 0.019531 0.015624
0 0.201173 0.826170 0.019531 0.015624
0 0.123049 0.746094 0.019531 0.019531
0 0.039062 0.659180 0.019531 0.021483
0 0.145506 0.732422 0.017577 0.019531
0 0.311526 0.803712 0.017577 0.017580
0 0.353514 0.762694 0.019531 0.029297
0 0.283201 0.728515 0.019531 0.019531
0 0.311526 0.676759 0.021485 0.017580
0 0.339845 0.680663 0.019531 0.017580
0 0.428713 0.629883 0.021485 0.017580
0 0.432616 0.837891 0.021485 0.019531
0 0.512694 0.806639 0.013674 0.019531
0 0.421873 0.664063 0.019531 0.019531
0 0.234373 0.479493 0.019531 0.013673
0 0.279298 0.507814 0.019531 0.019531
0 0.187500 0.445313 0.015623 0.019531
0 0.085936 0.525389 0.015623 0.019531
0 0.108398 0.524414 0.017577 0.013673
0 0.114255 0.568359 0.017577 0.019531
0 0.170900 0.511721 0.021485 0.031248
0 0.425781 0.516603 0.019531 0.017580
0 0.078124 0.927733 0.019531 0.019531
0 0.077147 0.958985 0.013674 0.019531
0 0.135741 0.959961 0.017577 0.021483
0 0.171877 0.967775 0.019531 0.021483
0 0.832032 0.962892 0.019531 0.019531
0 0.176757 0.886719 0.017577 0.019531
0 0.152346 0.955078 0.007811 0.015624
0 0.824220 0.832033 0.019531 0.019531
0 0.802735 0.830077 0.015623 0.019531
0 0.405273 0.629883 0.017577 0.017580
0 0.340822 0.625976 0.013674 0.013673
0 0.358399 0.637697 0.013674 0.017580
0 0.202150 0.716797 0.017577 0.015624
0 0.193357 0.734373 0.011720 0.011717
0 0.174803 0.744139 0.013674 0.019531
0 0.754884 0.835936 0.021485 0.015624
0 0.746096 0.850584 0.023439 0.013673
0 0.140626 0.516603 0.019531 0.029297
0 0.121095 0.506834 0.011720 0.013673
0 0.099609 0.500000 0.019531 0.019531
0 0.078124 0.491210 0.019531 0.021483
0 0.320314 0.242188 0.019531 0.019531
0 0.297852 0.249998 0.013674 0.015624
0 0.087890 0.228516 0.019531 0.015624
0 0.072267 0.245115 0.015623 0.017580
0 0.157226 0.343751 0.013674 0.015624
0 0.145506 0.361326 0.009766 0.015624
0 0.289063 0.294923 0.015623 0.015624
0 0.310549 0.308595 0.015623 0.015624
0 0.806638 0.222657 0.019531 0.011717
0 0.799804 0.241212 0.021485 0.017580
0 0.718748 0.169922 0.019531 0.015624
0 0.723634 0.190429 0.017577 0.017580
0 0.599607 0.171874 0.015623 0.019531
0 0.620115 0.184571 0.017577 0.021483
0 0.857420 0.013673 0.019531 0.015624
0 0.848632 0.044921 0.021485 0.023438
0 0.874025 0.039063 0.017577 0.019531
