0 0.358399 0.190430 0.021485 0.021483
0 0.958983 0.623046 0.019531 0.019531
0 0.642577 0.822264 0.019531 0.019531
0 0.005859 0.897462 0.011719 0.021483
0 0.864259 0.266603 0.033205 0.029297
0 0.168945 0.085937 0.033205 0.031248
0 0.755861 0.871092 0.019531 0.019531
0 0.993163 0.718750 0.013674 0.023438
0 0.857419 0.472656 0.019531 0.019531
0 0.497071 0.130861 0.033205 0.035155
0 0.271486 0.185548 0.023439 0.023438
0 0.664062 0.962889 0.023439 0.019531
0 0.295897 0.207030 0.021485 0.019531
0 0.041015 0.735350 0.019531 0.029297
0 0.765626 0.354493 0.039062 0.029297
0 0.840819 0.289062 0.021485 0.035155
0 0.828123 0.336914 0.042971 0.029297
0 0.107420 0.181641 0.042971 0.035155
0 0.772460 0.709961 0.021485 0.021483
0 0.841796 0.823244 0.035154 0.037111
