0 0.761718 0.146483 0.015623 0.019531
0 0.918944 0.083007 0.017577 0.017580
0 0.567384 0.637697 0.021485 0.029297
0 0.835939 0.382812 0.019531 0.019531
0 0.893555 0.719728 0.017577 0.013673
0 0.706056 0.190428 0.017577 0.017580
0 0.257812 0.102538 0.015623 0.017580
0 0.987303 0.577148 0.017577 0.017580
0 0.880859 0.107421 0.015623 0.019531
0 0.562498 0.348633 0.019531 0.017580
0 0.758787 0.209960 0.017577 0.017580
0 0.789060 0.249022 0.019531 0.017580
0 0.946292 0.684569 0.021485 0.017580
0 0.085940 0.706055 0.039062 0.037111
0 0.514648 0.896484 0.017577 0.019531
0 0.186522 0.060549 0.017577 0.019531
0 0.967772 0.270508 0.017577 0.017580
0 0.317382 0.953126 0.021485 0.019531
0 0.295897 0.842773 0.021485 0.021483
0 0.983400 0.444337 0.017577 0.017580
0 0.898436 0.357423 0.019531 0.019531
0 0.834962 0.196291 0.017577 0.017580
0 0.597657 0.133790 0.019531 0.021483
0 0.814454 0.649414 0.015623 0.017580
0 0.932618 0.814452 0.013674 0.015624
0 0.218750 0.020507 0.015623 0.017580
0 0.674805 0.285157 0.017577 0.015624
0 0.707033 0.559572 0.019531 0.017580
0 0.874024 0.680666 0.017577 0.017580
0 0.643554 0.990233 0.013674 0.015624
0 0.198241 0.489258 0.017577 0.017580
0 0.652343 0.235353 0.019531 0.021483
0 0.085940 0.020507 0.023439 0.021483
0 0.756838 0.041014 0.021485 0.015624
0 0.343748 0.599610 0.011720 0.015624
0 0.326171 0.675783 0.019531 0.019531
0 0.792969 0.375978 0.019531 0.017580
0 0.281251 0.933595 0.015623 0.015624
0 0.109374 0.261719 0.023439 0.035155
0 0.408203 0.543944 0.015623 0.017580
0 0.813477 0.577148 0.013674 0.013673
0 0.581052 0.262694 0.017577 0.017580
0 0.015627 0.110352 0.019531 0.017580
0 0.448243 0.368164 0.017577 0.013673
0 0.844728 0.421875 0.013674 0.015624
0 0.419923 0.778321 0.019531 0.017580
0 0.376953 0.790039 0.023439 0.021483
0 0.231446 0.226563 0.017577 0.019531
0 0.335936 0.130859 0.019531 0.015624
0 0.329102 0.582031 0.017577 0.015624
0 0.726564 0.276367 0.019531 0.021483
0 0.510744 0.289064 0.017577 0.015624
0 0.201173 0.828125 0.019531 0.019531
0 0.890624 0.328126 0.015623 0.019531
0 0.429689 0.829101 0.019531 0.017580
0 0.482420 0.992187 0.019531 0.015626
0 0.007813 0.751952 0.015627 0.019531
0 0.068358 0.082031 0.015623 0.019531
0 0.342776 0.042969 0.013674 0.019531
0 0.605469 0.396485 0.019531 0.019531
0 0.861328 0.277343 0.019531 0.019531
0 0.971680 0.164063 0.017577 0.019531
0 0.293943 0.429689 0.021485 0.019531
0 0.452146 0.834959 0.017577 0.021483
0 0.822265 0.806642 0.019531 0.019531
0 0.841796 0.640624 0.019531 0.015624
0 0.856447 0.156249 0.017577 0.019531
0 0.287108 0.064452 0.015623 0.015624
0 0.561521 0.452147 0.029297 0.017580
0 0.181641 0.187501 0.015623 0.015624
0 0.381838 0.387695 0.017577 0.017580
0 0.995117 0.595703 0.009766 0.015624
0 0.459963 0.466795 0.017577 0.019531
0 0.014650 0.359374 0.017577 0.015624
0 0.416992 0.385744 0.017577 0.017580
0 0.476562 0.311522 0.011720 0.013673
0 0.443358 0.408202 0.019531 0.019531
0 0.477540 0.431640 0.013674 0.015624
0 0.460940 0.448244 0.011720 0.017580
0 0.504882 0.379881 0.021485 0.033204
0 0.863282 0.908205 0.019531 0.019531
0 0.736329 0.796877 0.031251 0.023438
0 0.425781 0.019531 0.023439 0.019531
0 0.943360 0.169922 0.019531 0.019531
0 0.823242 0.457030 0.017577 0.015624
0 0.788088 0.587889 0.017577 0.023438
0 0.714844 0.473634 0.015623 0.013673
0 0.851562 0.393554 0.019531 0.017580
0 0.161133 0.686524 0.017577 0.021483
0 0.184573 0.708007 0.037108 0.029297
0 0.138671 0.712890 0.023439 0.031248
0 0.935549 0.750976 0.019531 0.021483
0 0.969726 0.830077 0.021485 0.015624
0 0.975588 0.850587 0.017577 0.017580
0 0.958006 0.844725 0.013674 0.013673
0 0.089413 0.071484 0.018645 0.018646
