0 0.503904 0.582032 0.023439 0.031248
0 0.583006 0.689454 0.021485 0.019531
0 0.042968 0.869141 0.019531 0.023438
0 0.668947 0.598632 0.017577 0.017580
0 0.566406 0.867189 0.019531 0.015624
0 0.365232 0.202147 0.019531 0.017580
0 0.276365 0.928710 0.029297 0.021483
0 0.656250 0.233400 0.019531 0.021483
0 0.660158 0.382814 0.019531 0.019531
0 0.135744 0.769530 0.017577 0.019531
0 0.148435 0.783202 0.019531 0.015624
0 0.722655 0.305665 0.039062 0.033204
0 0.726563 0.339845 0.031251 0.035155
0 0.172852 0.758788 0.017577 0.033204
