0 0.972655 0.903322 0.015623 0.021483
0 0.254884 0.978515 0.017577 0.019531
0 0.550782 0.186525 0.019531 0.021483
0 0.897462 0.606444 0.021485 0.017580
0 0.792967 0.769532 0.015623 0.019531
0 0.359374 0.653321 0.015623 0.017580
0 0.839845 0.656252 0.019531 0.019531
0 0.629883 0.616210 0.029297 0.029297
0 0.872068 0.720704 0.029297 0.023438
0 0.623049 0.879884 0.039062 0.037111
0 0.306643 0.085938 0.019531 0.019531
0 0.523439 0.939453 0.019531 0.019531
0 0.499023 0.455078 0.029297 0.023438
0 0.125977 0.196291 0.021485 0.021483
0 0.791018 0.105470 0.019531 0.019531
0 0.606444 0.215822 0.033205 0.029297
0 0.651368 0.886718 0.017577 0.015624
0 0.839845 0.696290 0.023439 0.021483
0 0.728516 0.010741 0.031251 0.021483
0 0.800884 0.988487 0.016149 0.023026
0 0.822683 0.986065 0.020994 0.027871
