0 0.263673 0.192384 0.019531 0.021483
0 0.162109 0.089845 0.023439 0.031248
0 0.476561 0.925781 0.019531 0.023438
0 0.108396 0.506837 0.021485 0.021483
0 0.505858 0.680666 0.023439 0.021483
0 0.509766 0.538086 0.019531 0.021483
0 0.231445 0.341798 0.029297 0.023438
0 0.871092 0.893557 0.023439 0.021483
0 0.949217 0.868163 0.019531 0.021483
0 0.406248 0.819335 0.019531 0.017580
0 0.250976 0.425782 0.029297 0.019531
0 0.876955 0.493165 0.019531 0.017580
0 0.652341 0.289064 0.015623 0.011717
0 0.200194 0.007814 0.037108 0.015624
0 0.260742 0.092773 0.021485 0.021483
