0 0.403319 0.832030 0.017577 0.019531
0 0.108398 0.201172 0.021485 0.019531
0 0.249024 0.140627 0.033205 0.035155
0 0.991212 0.109375 0.017577 0.023438
0 0.047851 0.217772 0.021485 0.021483
0 0.619138 0.273438 0.031251 0.023438
0 0.426758 0.972655 0.021485 0.019531
0 0.934573 0.527342 0.021485 0.023438
0 0.716799 0.627929 0.019531 0.017580
0 0.022462 0.198240 0.029297 0.029297
0 0.755861 0.723633 0.019531 0.021483
0 0.530271 0.716799 0.021485 0.019531
0 0.600584 0.830078 0.037108 0.031248
0 0.613281 0.480470 0.015623 0.019531
0 0.598635 0.296876 0.021485 0.031248
0 0.582030 0.341797 0.042970 0.031248
0 0.519534 0.361328 0.035154 0.023438
0 0.517580 0.878906 0.019531 0.019531
0 0.818358 0.047850 0.019531 0.009766
