0 0.644532 0.154295 0.023439 0.023438
0 0.987304 0.255858 0.017577 0.019531
0 0.745119 0.799806 0.017577 0.021483
0 0.614258 0.104492 0.017577 0.017580
0 0.423827 0.042967 0.019531 0.019531
0 0.669921 0.561522 0.031251 0.029297
0 0.048828 0.830078 0.015623 0.019531
0 0.011720 0.234375 0.015623 0.019531
0 0.052736 0.958007 0.019531 0.017580
0 0.027343 0.025392 0.023439 0.023438
0 0.360354 0.784178 0.017577 0.017580
0 0.821289 0.179689 0.017577 0.019531
0 0.917968 0.331055 0.031251 0.033204
0 0.816404 0.821289 0.019531 0.021483
0 0.640624 0.622070 0.023439 0.017580
0 0.416016 0.864258 0.019531 0.017580
0 0.724611 0.181641 0.019531 0.015624
0 0.134764 0.848634 0.019531 0.017580
0 0.894534 0.775392 0.039062 0.039062
0 0.417970 0.810547 0.015623 0.015624
0 0.239259 0.172851 0.021485 0.021483
0 0.821289 0.426759 0.017577 0.021483
0 0.194334 0.749999 0.017577 0.019531
0 0.031251 0.708009 0.015623 0.013673
0 0.890625 0.088868 0.023439 0.021483
0 0.739257 0.965821 0.021485 0.021483
0 0.978515 0.755861 0.023439 0.023438
0 0.727537 0.724609 0.021485 0.031248
0 0.944333 0.780275 0.021485 0.037111
0 0.026366 0.208006 0.017577 0.021483
0 0.179688 0.275389 0.019531 0.019531
0 0.621093 0.363283 0.023439 0.019531
0 0.652344 0.374024 0.023439 0.033204
0 0.775393 0.523439 0.019531 0.035155
0 0.435547 0.832030 0.011720 0.015624
0 0.064451 0.656250 0.019531 0.019531
0 0.990235 0.128906 0.019530 0.019531
0 0.509763 0.101561 0.019531 0.035155
0 0.991211 0.774412 0.017579 0.037111
0 0.715822 0.972655 0.017577 0.015624
0 0.538088 0.096678 0.029297 0.033204
0 0.044920 0.652343 0.015623 0.019531
0 0.893557 0.138671 0.017577 0.019531
0 0.872071 0.151368 0.013674 0.017580
