0 0.916014 0.564451 0.019531 0.019531
0 0.131838 0.039063 0.029297 0.023438
0 0.291990 0.479493 0.021485 0.017580
0 0.682617 0.920898 0.021485 0.017580
0 0.533203 0.452147 0.019531 0.017580
0 0.841798 0.212891 0.019531 0.019531
0 0.499026 0.277343 0.017577 0.019531
0 0.088867 0.663087 0.017577 0.017580
0 0.614258 0.610352 0.017577 0.017580
0 0.963870 0.519531 0.017577 0.019531
0 0.339846 0.800780 0.019531 0.015624
0 0.386719 0.517579 0.019531 0.019531
0 0.808593 0.850588 0.015623 0.017580
0 0.462890 0.756835 0.019531 0.017580
0 0.969727 0.881836 0.021485 0.021483
0 0.658201 0.207033 0.015623 0.015624
0 0.608396 0.189453 0.029297 0.031248
0 0.416016 0.783205 0.019531 0.023438
0 0.308595 0.662111 0.019531 0.019531
0 0.141603 0.362306 0.021485 0.017580
0 0.890625 0.833008 0.019531 0.017580
0 0.085936 0.524413 0.019531 0.017580
0 0.490232 0.212891 0.019531 0.023438
0 0.601562 0.708983 0.023439 0.019531
0 0.136718 0.995116 0.019531 0.009767
0 0.305664 0.053711 0.017577 0.017580
0 0.439455 0.257812 0.019531 0.019531
0 0.578127 0.883788 0.015623 0.021483
0 0.141603 0.633790 0.017577 0.017580
0 0.993163 0.764649 0.013673 0.017580
0 0.971681 0.915040 0.017577 0.017580
0 0.173826 0.832032 0.015623 0.019531
0 0.722657 0.330078 0.019531 0.015624
0 0.364257 0.368164 0.017577 0.017580
0 0.540037 0.924805 0.017577 0.017580
0 0.131838 0.517579 0.017577 0.015624
0 0.743165 0.992188 0.021485 0.015624
0 0.760742 0.598635 0.021485 0.017580
0 0.319337 0.939454 0.017577 0.019531
0 0.818358 0.901367 0.019531 0.017580
0 0.181643 0.710939 0.015623 0.023438
0 0.122072 0.119139 0.017577 0.019531
0 0.501952 0.785156 0.019531 0.015624
0 0.858397 0.284181 0.021485 0.017580
0 0.660155 0.581055 0.019531 0.021483
0 0.100587 0.486327 0.017577 0.015624
0 0.880860 0.612303 0.019531 0.017580
0 0.848632 0.497072 0.017577 0.017580
0 0.429690 0.940429 0.015623 0.017580
0 0.547854 0.763673 0.017577 0.019531
0 0.055662 0.830077 0.017577 0.019531
0 0.427736 0.324219 0.015623 0.015624
0 0.186523 0.957033 0.013674 0.015624
0 0.218751 0.025390 0.019531 0.019531
0 0.280275 0.765625 0.021485 0.019531
0 0.585939 0.405275 0.015623 0.017580
0 0.290041 0.101563 0.021485 0.019531
0 0.202151 0.914064 0.017577 0.015624
0 0.745119 0.685545 0.013674 0.015624
0 0.421873 0.155274 0.019531 0.021483
0 0.878906 0.157225 0.015623 0.013673
0 0.727537 0.641600 0.013674 0.021483
0 0.317383 0.606445 0.017577 0.021483
0 0.940430 0.384764 0.017577 0.019531
0 0.790039 0.234374 0.017577 0.015624
0 0.389650 0.981447 0.017577 0.013673
0 0.363280 0.671876 0.031251 0.023438
0 0.895506 0.029297 0.009766 0.019531
0 0.852540 0.064452 0.017577 0.019531
0 0.937499 0.092773 0.019531 0.017580
0 0.958007 0.172853 0.021485 0.017580
0 0.842775 0.739260 0.021485 0.017580
0 0.465821 0.790039 0.017577 0.021483
0 0.156249 0.272460 0.019531 0.017580
0 0.060548 0.703125 0.015623 0.015624
0 0.466798 0.900391 0.015623 0.015624
0 0.192385 0.789063 0.017577 0.019531
0 0.140626 0.092773 0.015623 0.009766
0 0.973635 0.281250 0.021485 0.019531
0 0.536134 0.961916 0.017577 0.017580
0 0.952150 0.015625 0.017577 0.019531
0 0.464844 0.567383 0.019531 0.021483
0 0.086913 0.453123 0.017577 0.015624
0 0.098633 0.552734 0.029297 0.031248
0 0.420896 0.991211 0.017577 0.017577
0 0.371091 0.088866 0.019531 0.021483
0 0.823244 0.674804 0.017577 0.017580
0 0.357423 0.638673 0.019531 0.023438
0 0.992186 0.024414 0.015627 0.017580
0 0.163088 0.743163 0.017577 0.017580
0 0.218751 0.875002 0.019531 0.011717
0 0.351560 0.321288 0.019531 0.017580
0 0.896483 0.934571 0.015623 0.017580
0 0.224608 0.823243 0.023439 0.009766
0 0.809570 0.383789 0.017577 0.017580
0 0.706057 0.956054 0.017577 0.017580
0 0.492186 0.343750 0.019531 0.019531
0 0.006836 0.964843 0.013671 0.019531
0 0.379885 0.575197 0.021485 0.021483
0 0.248047 0.866212 0.015623 0.017580
0 0.196288 0.613283 0.017577 0.019531
0 0.916014 0.029297 0.019531 0.019531
0 0.309572 0.842774 0.009766 0.021483
0 0.339846 0.843750 0.023439 0.023438
0 0.307618 0.735353 0.017577 0.017580
0 0.703126 0.690428 0.015623 0.017580
0 0.906248 0.195312 0.019531 0.019531
0 0.630858 0.027345 0.019531 0.019531
0 0.521483 0.141601 0.019531 0.017580
0 0.939453 0.218750 0.015623 0.015624
0 0.995118 0.301757 0.009765 0.017580
0 0.994139 0.061525 0.011722 0.029297
0 0.488283 0.935547 0.023439 0.019531
0 0.498049 0.966799 0.031251 0.035155
0 0.556642 0.972657 0.019531 0.011717
0 0.874025 0.896484 0.017577 0.019531
0 0.225585 0.241212 0.017577 0.021483
0 0.486329 0.616210 0.019531 0.017580
0 0.604493 0.507813 0.021485 0.015624
0 0.791016 0.612303 0.019531 0.013673
0 0.765627 0.624024 0.011720 0.017580
0 0.752930 0.655273 0.017577 0.017580
0 0.793947 0.664062 0.017577 0.015624
0 0.566408 0.379882 0.019531 0.017580
0 0.152346 0.814453 0.019531 0.019531
0 0.220705 0.847657 0.011720 0.015624
0 0.272459 0.841798 0.021485 0.019531
0 0.084959 0.812501 0.017577 0.019531
0 0.040039 0.785156 0.017577 0.019531
0 0.076170 0.741211 0.019531 0.013673
0 0.102541 0.738280 0.029297 0.031248
0 0.085936 0.783205 0.023439 0.011717
0 0.153318 0.722656 0.013674 0.011717
0 0.479495 0.588865 0.017577 0.013673
0 0.007811 0.769532 0.015623 0.019531
0 0.010743 0.605469 0.021485 0.019531
0 0.009766 0.573241 0.019531 0.017580
0 0.264647 0.925781 0.009766 0.015624
0 0.207031 0.251953 0.015623 0.015624
0 0.205077 0.110353 0.031251 0.017580
0 0.187500 0.126953 0.007811 0.015624
0 0.130861 0.166991 0.015623 0.017580
0 0.153318 0.173829 0.021485 0.023438
0 0.085936 0.765625 0.015623 0.015624
0 0.040039 0.761718 0.013674 0.015624
0 0.163088 0.858398 0.017577 0.013673
0 0.151369 0.838867 0.017577 0.013673
0 0.062502 0.942381 0.015623 0.017580
0 0.277344 0.947264 0.015623 0.019531
0 0.397462 0.879884 0.029297 0.021483
0 0.425782 0.855471 0.019531 0.019531
0 0.430662 0.880860 0.021485 0.015624
0 0.402342 0.856446 0.015623 0.013673
0 0.948242 0.740235 0.017577 0.015624
0 0.947265 0.760742 0.019531 0.021483
0 0.894534 0.778322 0.015623 0.017580
0 0.909179 0.795898 0.017577 0.017580
0 0.969727 0.824218 0.017577 0.015624
0 0.963870 0.845705 0.021485 0.019531
0 0.686526 0.773439 0.017577 0.015624
0 0.695314 0.753908 0.019531 0.015624
0 0.259767 0.776366 0.011720 0.009766
0 0.046874 0.957033 0.011720 0.019531
