0 0.925779 0.429689 0.015623 0.019531
0 0.736330 0.430665 0.019531 0.017580
0 0.487306 0.799805 0.017577 0.013673
0 0.821289 0.233398 0.029297 0.033204
0 0.708006 0.728514 0.017577 0.019531
0 0.856443 0.570314 0.017577 0.019531
0 0.661132 0.446289 0.013674 0.017580
0 0.534180 0.911133 0.021485 0.021483
0 0.900391 0.951171 0.019531 0.015624
0 0.213865 0.402344 0.017577 0.019531
0 0.683594 0.861329 0.019531 0.019531
0 0.249024 0.807619 0.017577 0.017580
0 0.485352 0.731446 0.013674 0.017580
0 0.641601 0.827150 0.013674 0.013673
0 0.946287 0.961916 0.013674 0.017580
0 0.773438 0.982423 0.019531 0.019531
0 0.411130 0.125977 0.013674 0.017580
0 0.203127 0.878905 0.019531 0.015624
0 0.210939 0.761718 0.019531 0.015624
0 0.207031 0.049804 0.015623 0.017580
0 0.507814 0.580079 0.019531 0.019531
0 0.445312 0.278319 0.015623 0.017580
0 0.938476 0.331054 0.017577 0.017580
0 0.383788 0.918947 0.017577 0.017580
0 0.978515 0.454103 0.015623 0.017580
0 0.825197 0.673828 0.017577 0.015624
0 0.958984 0.700194 0.015623 0.013673
0 0.329103 0.882812 0.017577 0.015624
0 0.954104 0.113280 0.017577 0.015624
0 0.323240 0.248046 0.013674 0.015624
0 0.648435 0.590821 0.015623 0.017580
0 0.654298 0.119139 0.019531 0.015624
0 0.875974 0.250002 0.017577 0.019531
0 0.255858 0.468751 0.015623 0.019531
0 0.967773 0.820311 0.017577 0.015624
0 0.074221 0.907226 0.019531 0.017580
0 0.567385 0.870119 0.017577 0.017580
0 0.499026 0.407227 0.017577 0.017580
0 0.548830 0.649414 0.015623 0.009766
0 0.699217 0.488282 0.015623 0.019531
0 0.658201 0.664062 0.015623 0.019531
0 0.313475 0.750001 0.017577 0.019531
0 0.064456 0.249022 0.019531 0.017580
0 0.479494 0.983399 0.017577 0.017580
0 0.939453 0.564451 0.015623 0.015624
0 0.034182 0.361330 0.017577 0.019531
0 0.676760 0.260743 0.017577 0.017580
0 0.258790 0.699218 0.017577 0.015624
0 0.944338 0.161132 0.017577 0.013673
0 0.448244 0.991211 0.021485 0.017577
0 0.820312 0.800780 0.015623 0.015624
0 0.006837 0.079101 0.013674 0.017580
0 0.723634 0.817384 0.017577 0.017580
0 0.551757 0.276367 0.013674 0.017580
0 0.291995 0.979492 0.017577 0.017580
0 0.963869 0.351561 0.017577 0.015624
0 0.194334 0.473634 0.013674 0.017580
0 0.398439 0.226564 0.019531 0.019531
0 0.365234 0.695311 0.015623 0.015624
0 0.029296 0.195312 0.039062 0.035155
0 0.903322 0.379882 0.017577 0.013673
0 0.739256 0.539062 0.013674 0.015624
0 0.149414 0.493165 0.013674 0.013673
0 0.586916 0.126953 0.017577 0.015624
0 0.146483 0.727539 0.015623 0.017580
0 0.357422 0.326171 0.019531 0.015624
0 0.107421 0.879884 0.015623 0.017580
0 0.213865 0.626952 0.013674 0.015624
0 0.080078 0.826170 0.015623 0.011717
0 0.508791 0.527345 0.013674 0.015624
0 0.659178 0.299805 0.017577 0.017580
0 0.182619 0.571290 0.033205 0.029297
0 0.632812 0.921874 0.015623 0.011717
0 0.570311 0.011718 0.015623 0.015624
0 0.146483 0.167970 0.015623 0.019531
0 0.830078 0.512696 0.015623 0.013673
0 0.077147 0.988281 0.017577 0.019531
0 0.114255 0.369140 0.013674 0.019531
0 0.661132 0.630859 0.013674 0.019531
0 0.605470 0.059570 0.019531 0.017580
0 0.536134 0.776366 0.017577 0.017580
0 0.167968 0.189453 0.015623 0.015624
0 0.370119 0.031249 0.017577 0.015624
0 0.270509 0.411134 0.017577 0.017580
0 0.757810 0.496093 0.015623 0.015624
0 0.393553 0.520506 0.013674 0.013673
0 0.052736 0.775391 0.035154 0.035155
0 0.554688 0.746094 0.019531 0.015624
0 0.150391 0.667969 0.031251 0.023438
0 0.113283 0.514648 0.015623 0.017580
0 0.552734 0.493165 0.015623 0.013673
0 0.992189 0.215819 0.015622 0.013673
0 0.086913 0.647463 0.033205 0.033204
0 0.945310 0.172853 0.011720 0.005859
0 0.797850 0.448240 0.017577 0.017580
0 0.591796 0.803712 0.015623 0.017580
0 0.955076 0.193360 0.015623 0.019531
0 0.094724 0.733397 0.017577 0.017580
0 0.126952 0.885743 0.011720 0.013673
0 0.022462 0.983399 0.017577 0.021483
0 0.110352 0.390627 0.017577 0.019531
0 0.059570 0.336912 0.013674 0.013673
0 0.082033 0.331054 0.015623 0.017580
0 0.094724 0.193360 0.017577 0.015624
0 0.051759 0.207033 0.041016 0.031248
0 0.352537 0.583007 0.013674 0.017580
0 0.369142 0.573241 0.019531 0.013673
0 0.390627 0.558593 0.019531 0.019531
0 0.369142 0.595704 0.031251 0.019531
0 0.555665 0.537110 0.021485 0.019531
0 0.494140 0.071291 0.015623 0.017580
0 0.500975 0.089842 0.017577 0.019531
0 0.081055 0.493165 0.017577 0.021483
0 0.841797 0.436523 0.019531 0.017580
0 0.820312 0.425782 0.015623 0.015624
0 0.633789 0.623049 0.013674 0.019531
0 0.627932 0.659180 0.021485 0.021483
0 0.635743 0.886719 0.017577 0.019531
0 0.791992 0.880860 0.013674 0.019531
0 0.815432 0.893553 0.017577 0.017580
0 0.978515 0.638673 0.019531 0.035155
0 0.975584 0.658204 0.017577 0.015624
0 0.994116 0.585167 0.011767 0.024281
