0 0.418946 0.003906 0.017577 0.007813
0 0.708010 0.381837 0.017577 0.017580
0 0.160157 0.864257 0.019531 0.017580
0 0.954103 0.044921 0.021485 0.031248
0 0.117186 0.816405 0.015623 0.015624
0 0.311525 0.678711 0.017577 0.017580
0 0.652343 0.749025 0.015623 0.017580
0 0.465820 0.112305 0.021485 0.021483
0 0.626955 0.307616 0.015623 0.013673
0 0.832031 0.152343 0.019531 0.015624
0 0.780272 0.634766 0.017577 0.019531
0 0.472655 0.551759 0.019531 0.017580
0 0.228516 0.752929 0.015623 0.013673
0 0.620115 0.801756 0.017577 0.017580
0 0.507814 0.308595 0.015623 0.015624
0 0.260743 0.658204 0.017577 0.019531
0 0.415038 0.745118 0.013674 0.017580
0 0.460940 0.232423 0.019531 0.019531
0 0.615235 0.062501 0.019531 0.019531
0 0.180665 0.008790 0.017577 0.017580
0 0.388673 0.340820 0.019531 0.013673
0 0.573241 0.028322 0.013674 0.013673
0 0.938475 0.284182 0.013674 0.013673
0 0.877928 0.163088 0.013674 0.017580
0 0.705079 0.183595 0.019531 0.019531
0 0.134768 0.080077 0.019531 0.015624
0 0.590818 0.678711 0.017577 0.017580
0 0.135740 0.729490 0.017577 0.017580
0 0.315429 0.120119 0.017577 0.017580
0 0.586915 0.206053 0.017577 0.013673
0 0.453123 0.825194 0.015623 0.017580
0 0.578127 0.512696 0.019531 0.017580
0 0.674805 0.612304 0.021485 0.021483
0 0.785158 0.505858 0.019531 0.015624
0 0.744141 0.813477 0.019531 0.017580
0 0.583007 0.324220 0.017577 0.019531
0 0.626955 0.392578 0.019531 0.015624
0 0.059570 0.848633 0.017577 0.033204
0 0.855471 0.731446 0.015623 0.017580
0 0.498048 0.637697 0.015623 0.017580
0 0.260743 0.083984 0.017577 0.015624
0 0.315429 0.613279 0.013674 0.015624
0 0.344725 0.842774 0.013674 0.017580
0 0.709959 0.283202 0.013674 0.015624
0 0.387696 0.663087 0.013674 0.013673
0 0.311525 0.511721 0.017577 0.019531
0 0.899413 0.021483 0.017577 0.015624
0 0.007814 0.108398 0.015627 0.017580
0 0.039062 0.228516 0.015623 0.015624
0 0.497071 0.464844 0.017577 0.015624
0 0.341799 0.716797 0.015623 0.019531
0 0.435546 0.577148 0.015623 0.017580
0 0.107420 0.238281 0.011720 0.015624
0 0.499025 0.071291 0.017577 0.017580
0 0.726564 0.550783 0.023439 0.023438
0 0.282229 0.744139 0.017577 0.015624
0 0.652343 0.424806 0.015623 0.017580
0 0.628909 0.638673 0.015623 0.015624
0 0.411135 0.184571 0.017577 0.017580
0 0.989257 0.549803 0.013674 0.013673
0 0.411135 0.622069 0.017577 0.013673
0 0.807615 0.509765 0.017577 0.015624
0 0.065432 0.755860 0.017577 0.015624
0 0.897459 0.714842 0.013674 0.019531
0 0.632812 0.256836 0.015623 0.013673
0 0.696290 0.494141 0.017577 0.019531
0 0.522459 0.737304 0.013674 0.017580
0 0.484374 0.399413 0.015623 0.013673
0 0.379884 0.192384 0.021485 0.017580
0 0.370119 0.244140 0.021485 0.015624
0 0.729490 0.954102 0.013674 0.013673
0 0.751953 0.004882 0.015623 0.009764
0 0.151368 0.598631 0.017577 0.017580
0 0.539064 0.912109 0.015623 0.015624
0 0.400392 0.885743 0.019531 0.013673
0 0.655274 0.018556 0.017577 0.017580
0 0.633789 0.357423 0.021485 0.019531
0 0.223635 0.180664 0.017577 0.017580
0 0.658205 0.833008 0.015623 0.013673
0 0.853517 0.574217 0.019531 0.015624
0 0.961915 0.201170 0.017577 0.015624
0 0.884767 0.986330 0.019531 0.019531
0 0.039062 0.081056 0.015623 0.017580
0 0.011719 0.027342 0.015623 0.011717
0 0.697268 0.982423 0.015623 0.015624
0 0.564453 0.123046 0.015623 0.011717
0 0.965818 0.417968 0.017577 0.015624
0 0.706056 0.225584 0.017577 0.013673
0 0.008788 0.189453 0.017576 0.019531
0 0.861328 0.921874 0.015623 0.015624
0 0.756838 0.274416 0.013674 0.017580
0 0.986326 0.912109 0.015623 0.015624
0 0.116209 0.919923 0.029297 0.019531
0 0.924807 0.309571 0.017577 0.013673
0 0.906248 0.336913 0.015623 0.013673
0 0.290040 0.268554 0.017577 0.017580
0 0.527345 0.630859 0.019531 0.015624
0 0.836912 0.660156 0.017577 0.011717
0 0.951172 0.753908 0.019531 0.019531
0 0.936521 0.376954 0.013674 0.015624
0 0.268555 0.944337 0.013674 0.013673
0 0.814454 0.583983 0.015623 0.015624
0 0.445312 0.794922 0.015623 0.019531
0 0.523436 0.006837 0.015623 0.013673
0 0.291017 0.463869 0.019531 0.017580
0 0.880859 0.305664 0.015623 0.017580
0 0.207030 0.702149 0.015623 0.017580
0 0.058593 0.086915 0.011720 0.013673
0 0.029296 0.780274 0.015623 0.017580
0 0.004882 0.838867 0.009765 0.017580
0 0.032227 0.901367 0.017577 0.017580
0 0.017576 0.914064 0.015623 0.011717
0 0.013673 0.937498 0.019531 0.015624
0 0.375976 0.925781 0.013674 0.019531
0 0.387696 0.847657 0.009766 0.011717
0 0.408204 0.856447 0.015623 0.009766
0 0.795900 0.368165 0.013674 0.017580
0 0.598635 0.340820 0.017577 0.017580
0 0.567384 0.087891 0.017577 0.019531
0 0.723633 0.082032 0.013674 0.019531
0 0.747072 0.094725 0.017577 0.017580
0 0.680663 0.212891 0.017577 0.015624
0 0.878905 0.460937 0.011720 0.019531
0 0.898436 0.458006 0.019531 0.017580
0 0.647463 0.810546 0.013674 0.011717
0 0.908202 0.859374 0.015623 0.011717
0 0.921875 0.881836 0.011720 0.005859
0 0.904298 0.886719 0.023439 0.039062
0 0.960938 0.789063 0.023439 0.023438
0 0.965818 0.773439 0.009766 0.031248
0 0.984376 0.768556 0.031248 0.029297
