0 0.405273 0.982423 0.021485 0.019531
0 0.512694 0.937502 0.021485 0.019531
0 0.315429 0.916991 0.017577 0.017580
0 0.171876 0.099611 0.031251 0.023438
0 0.907225 0.828125 0.021485 0.019531
0 0.880859 0.889650 0.015623 0.013673
0 0.864259 0.474610 0.017577 0.019531
0 0.594727 0.756835 0.017577 0.013673
0 0.631835 0.814453 0.017577 0.015624
0 0.300783 0.773439 0.015623 0.015624
0 0.269532 0.596679 0.019531 0.017580
0 0.793946 0.734377 0.017577 0.015624
0 0.463866 0.040038 0.017577 0.017580
0 0.489260 0.297850 0.017577 0.021483
0 0.068358 0.462892 0.023439 0.023438
0 0.240235 0.441406 0.015623 0.015624
0 0.436523 0.435547 0.017577 0.019531
0 0.181642 0.715821 0.015623 0.017580
0 0.421873 0.386720 0.019531 0.019531
0 0.309571 0.822267 0.017577 0.015624
0 0.936521 0.109377 0.017577 0.019531
0 0.251955 0.792970 0.019531 0.019531
0 0.767581 0.852539 0.019531 0.017580
0 0.566407 0.879884 0.019531 0.017580
0 0.072267 0.227539 0.015623 0.021483
0 0.250001 0.396485 0.019531 0.019531
0 0.442381 0.344726 0.021485 0.021483
0 0.368165 0.664062 0.021485 0.019531
0 0.368165 0.805663 0.017577 0.017580
0 0.564453 0.931639 0.019531 0.019531
0 0.071289 0.950195 0.021485 0.017580
0 0.067381 0.976564 0.021485 0.019531
0 0.031250 0.319336 0.015623 0.017580
0 0.034181 0.342774 0.013674 0.013673
0 0.167968 0.750977 0.019531 0.017580
0 0.067381 0.488282 0.017577 0.019531
