0 0.920898 0.562500 0.021293 0.025549
0 0.043947 0.792970 0.015613 0.014193
0 0.230469 0.159180 0.017035 0.021293
0 0.751952 0.584962 0.017035 0.015613
0 0.469728 0.139649 0.015613 0.015613
0 0.846682 0.668945 0.015613 0.015613
0 0.841796 0.461913 0.014195 0.012776
0 0.443358 0.987753 0.022710 0.024493
0 0.656251 0.556641 0.011355 0.014193
0 0.893555 0.159180 0.012773 0.015613
0 0.581052 0.069335 0.015613 0.015613
0 0.849608 0.122070 0.014195 0.012776
0 0.800780 0.258788 0.014195 0.021293
0 0.991211 0.126953 0.015613 0.014193
0 0.070312 0.252929 0.017035 0.015613
