0 0.731445 0.203123 0.021485 0.023438
0 0.556642 0.412111 0.023439 0.023438
0 0.490232 0.418945 0.023439 0.021483
0 0.397462 0.526366 0.021485 0.021483
0 0.201174 0.763671 0.023439 0.023438
0 0.373046 0.870116 0.023439 0.021483
0 0.660155 0.447266 0.023439 0.023438
0 0.896483 0.612305 0.019531 0.021483
0 0.925779 0.330079 0.019531 0.019531
0 0.670898 0.278320 0.021485 0.021483
0 0.424805 0.881837 0.021485 0.021483
0 0.666017 0.143554 0.023439 0.021483
0 0.014651 0.744140 0.021485 0.023438
0 0.030274 0.412111 0.021485 0.023438
0 0.344726 0.941407 0.041016 0.035155
0 0.419924 0.690429 0.023439 0.021483
0 0.107421 0.211913 0.035154 0.033204
0 0.449221 0.686522 0.019531 0.021483
0 0.346680 0.811523 0.037108 0.037111
0 0.778319 0.342772 0.021485 0.021483
0 0.288087 0.395507 0.017577 0.021483
0 0.453124 0.332031 0.015623 0.019531
0 0.427736 0.335938 0.023439 0.023438
0 0.320314 0.394531 0.031251 0.035155
0 0.330080 0.361328 0.023439 0.023438
0 0.353514 0.382814 0.011720 0.019531
0 0.791993 0.459959 0.021485 0.013673
