0 0.768553 0.759766 0.015613 0.014193
0 0.842775 0.792970 0.015613 0.014193
0 0.534180 0.363281 0.024133 0.025549
0 0.679686 0.833984 0.022710 0.022709
0 0.139649 0.460937 0.015613 0.014193
0 0.171877 0.382813 0.014195 0.014193
0 0.721680 0.123046 0.015613 0.017033
0 0.289064 0.794922 0.014195 0.014193
0 0.140626 0.174805 0.014195 0.015613
0 0.222654 0.141601 0.014195 0.015613
0 0.520506 0.606445 0.012773 0.015613
0 0.021485 0.694335 0.017035 0.015613
0 0.191408 0.687500 0.014195 0.014193
0 0.309572 0.960936 0.015613 0.014193
0 0.721680 0.595703 0.015613 0.017033
0 0.755862 0.601562 0.014195 0.014193
0 0.335937 0.351564 0.014195 0.014193
0 0.447267 0.425782 0.014195 0.017033
0 0.869140 0.252929 0.017035 0.015613
0 0.064451 0.980467 0.014195 0.014193
0 0.475586 0.794922 0.015613 0.014193
0 0.274413 0.564451 0.021293 0.022709
0 0.640624 0.074218 0.017035 0.014193
0 0.390623 0.622069 0.014195 0.015613
