0 0.087890 0.128908 0.023439 0.023438
0 0.271487 0.767577 0.035154 0.031248
0 0.858397 0.388671 0.021485 0.019531
0 0.121095 0.485351 0.019531 0.021483
0 0.599608 0.525389 0.019531 0.019531
0 0.328126 0.043945 0.023439 0.021483
0 0.804689 0.094725 0.019531 0.017580
0 0.124021 0.335937 0.017577 0.023438
0 0.918945 0.136718 0.021485 0.019531
0 0.599608 0.023439 0.019531 0.023438
0 0.700194 0.318361 0.021485 0.015624
0 0.960938 0.043945 0.019531 0.021483
0 0.746096 0.744142 0.019531 0.031248
0 0.202151 0.437499 0.021485 0.019531
0 0.348634 0.429689 0.017577 0.019531
0 0.746096 0.472654 0.019531 0.019531
0 0.477541 0.163088 0.017577 0.021483
0 0.232419 0.279299 0.019531 0.019531
0 0.824221 0.706056 0.019531 0.021483
0 0.261721 0.008788 0.019531 0.017576
0 0.535157 0.207033 0.019531 0.019531
0 0.343749 0.667969 0.019531 0.019531
0 0.333983 0.244139 0.019531 0.019531
0 0.666017 0.042970 0.019531 0.019531
0 0.203123 0.958985 0.019531 0.019531
0 0.082033 0.703125 0.019531 0.023438
0 0.341795 0.795898 0.015623 0.017580
0 0.786130 0.436523 0.021485 0.021483
0 0.231447 0.368164 0.033205 0.033204
0 0.512695 0.016600 0.017577 0.017580
0 0.053713 0.813477 0.017577 0.021483
0 0.049805 0.297850 0.021485 0.021483
0 0.332029 0.942381 0.019531 0.021483
0 0.771485 0.260743 0.019531 0.021483
0 0.819335 0.621093 0.021485 0.019531
0 0.415039 0.543945 0.017577 0.017580
0 0.436524 0.518555 0.021485 0.021483
0 0.818358 0.593748 0.019531 0.019531
0 0.953127 0.737304 0.046874 0.037111
0 0.447267 0.265626 0.015623 0.015624
0 0.465821 0.281250 0.021485 0.019531
0 0.913088 0.554686 0.029297 0.031248
0 0.910157 0.528320 0.019531 0.017580
