0 0.489260 0.474610 0.015613 0.017033
0 0.928711 0.919922 0.015613 0.014193
0 0.842775 0.823243 0.015613 0.015613
0 0.099610 0.897460 0.014195 0.015613
0 0.679686 0.035156 0.022710 0.022709
0 0.385742 0.557617 0.015613 0.015613
0 0.369142 0.732421 0.014195 0.014193
0 0.832032 0.891602 0.014195 0.015613
0 0.690429 0.981447 0.015613 0.015613
0 0.642578 0.825194 0.014195 0.021293
0 0.335937 0.965819 0.025550 0.026969
0 0.894534 0.451172 0.014195 0.014193
0 0.850586 0.456054 0.015613 0.015613
0 0.845701 0.247071 0.014195 0.015613
0 0.109375 0.810546 0.014195 0.011356
0 0.230470 0.358399 0.014195 0.015613
0 0.289064 0.917967 0.008515 0.014193
0 0.556642 0.922850 0.014195 0.012776
0 0.225585 0.711914 0.015613 0.015613
0 0.309572 0.162108 0.015613 0.014193
0 0.879883 0.662111 0.012773 0.014193
0 0.482421 0.836915 0.014195 0.012776
0 0.262693 0.266602 0.015613 0.015613
0 0.926756 0.683594 0.015613 0.014193
0 0.594727 0.387696 0.015613 0.015613
0 0.759765 0.565431 0.017035 0.015613
0 0.487306 0.654297 0.015613 0.014193
0 0.570311 0.458006 0.017035 0.021293
0 0.517580 0.311523 0.014195 0.012776
0 0.975584 0.742187 0.012773 0.014193
0 0.011720 0.219726 0.014195 0.015613
0 0.882814 0.973633 0.014195 0.015613
0 0.542968 0.359375 0.014195 0.017033
0 0.440427 0.776366 0.015613 0.015613
0 0.110352 0.506838 0.012773 0.009936
0 0.522460 0.638673 0.012773 0.014193
0 0.967773 0.416992 0.015613 0.015613
0 0.497072 0.542969 0.015613 0.014193
0 0.973635 0.576172 0.012773 0.014193
0 0.064451 0.181639 0.014195 0.014193
0 0.220705 0.453123 0.014195 0.014193
0 0.024416 0.970702 0.015613 0.014193
0 0.984373 0.950195 0.014195 0.015613
0 0.381834 0.976564 0.012773 0.011356
0 0.781250 0.649414 0.008515 0.012776
0 0.058593 0.930664 0.014195 0.015613
0 0.980470 0.706056 0.014195 0.012776
0 0.467775 0.931640 0.024133 0.017033
0 0.212888 0.901367 0.022710 0.024129
0 0.483398 0.433592 0.012773 0.011356
0 0.513672 0.375978 0.011355 0.012776
0 0.536134 0.377930 0.015613 0.012776
0 0.750976 0.633790 0.012773 0.015613
0 0.899414 0.981447 0.012773 0.012776
0 0.753907 0.587890 0.025550 0.022709
0 0.603516 0.641600 0.014195 0.015613
0 0.581054 0.650390 0.015613 0.017033
