0 0.320310 0.905274 0.019531 0.021483
0 0.437502 0.321288 0.023439 0.021483
0 0.722658 0.174804 0.023439 0.029297
0 0.493164 0.171873 0.041016 0.023438
0 0.319338 0.620117 0.017577 0.017580
0 0.950197 0.971681 0.021485 0.021483
0 0.290042 0.579103 0.021485 0.017580
0 0.709961 0.990235 0.021485 0.019529
0 0.606448 0.259767 0.037108 0.035155
0 0.535158 0.725587 0.015623 0.013673
0 0.223632 0.752928 0.029297 0.033204
0 0.401366 0.955077 0.017577 0.019531
0 0.747069 0.429689 0.021485 0.019531
0 0.484376 0.394529 0.019531 0.019531
