0 0.784181 0.950195 0.021485 0.021483
0 0.737307 0.791991 0.021485 0.021483
0 0.750976 0.309571 0.021485 0.021483
0 0.650389 0.881836 0.019531 0.021483
0 0.503905 0.529296 0.035154 0.031248
0 0.401369 0.747070 0.017577 0.021483
0 0.736330 0.085939 0.019531 0.019531
0 0.655274 0.205077 0.021485 0.019531
0 0.166014 0.734377 0.019531 0.019531
0 0.104494 0.929688 0.021485 0.019531
0 0.571287 0.433592 0.021485 0.019531
0 0.767581 0.895509 0.019531 0.017580
0 0.950195 0.174805 0.021485 0.021483
0 0.360353 0.861329 0.021485 0.023438
0 0.795900 0.174805 0.021485 0.021483
0 0.616212 0.980467 0.021485 0.019531
0 0.675782 0.939454 0.019531 0.019531
0 0.006837 0.350585 0.013673 0.017580
0 0.843751 0.466796 0.019531 0.023438
0 0.700194 0.854491 0.017577 0.017580
0 0.333006 0.758791 0.021485 0.021483
0 0.828123 0.344726 0.019531 0.021483
0 0.939452 0.361330 0.015623 0.019531
0 0.654297 0.110353 0.023439 0.029297
0 0.736330 0.479493 0.023439 0.021483
0 0.791992 0.502931 0.021485 0.017580
0 0.852539 0.541993 0.021485 0.021483
0 0.748044 0.696290 0.019531 0.021483
0 0.617189 0.729494 0.019531 0.017580
0 0.985349 0.478517 0.017577 0.019531
0 0.892579 0.822267 0.019531 0.019531
0 0.360353 0.526369 0.017577 0.021483
0 0.252932 0.989257 0.021485 0.021483
0 0.877928 0.626952 0.021485 0.023438
0 0.407227 0.676759 0.021485 0.021483
0 0.229493 0.556641 0.021485 0.023438
0 0.220704 0.958009 0.019531 0.017580
0 0.969726 0.931640 0.021485 0.019531
0 0.605469 0.542969 0.019531 0.019531
0 0.238281 0.813477 0.023439 0.029297
0 0.900390 0.994141 0.019531 0.011719
0 0.922853 0.628907 0.021485 0.019531
0 0.073244 0.538086 0.029297 0.021483
0 0.764649 0.042970 0.021485 0.023438
0 0.704102 0.546876 0.021485 0.023438
0 0.987303 0.242188 0.017577 0.019531
0 0.222658 0.846681 0.019531 0.009766
0 0.703125 0.386720 0.019531 0.023438
0 0.600584 0.664062 0.021485 0.011717
0 0.720702 0.596679 0.019531 0.021483
0 0.046873 0.574217 0.019531 0.019531
0 0.169922 0.527345 0.019531 0.023438
0 0.327148 0.936522 0.021485 0.021483
0 0.054690 0.222657 0.031251 0.031248
0 0.418946 0.535155 0.017577 0.019531
0 0.684571 0.575197 0.017577 0.021483
0 0.605469 0.682618 0.019531 0.021483
0 0.160157 0.576172 0.015623 0.015624
0 0.195311 0.603517 0.011720 0.015624
0 0.168945 0.596679 0.017577 0.021483
0 0.731445 0.540038 0.013674 0.021483
0 0.520505 0.817384 0.017577 0.013673
0 0.519533 0.791991 0.019531 0.029297
0 0.528322 0.775391 0.029297 0.015624
0 0.758787 0.464844 0.017577 0.019531
