0 0.405272 0.635743 0.021485 0.021483
0 0.408203 0.713868 0.019531 0.021483
0 0.900390 0.156251 0.023439 0.023438
0 0.994140 0.942382 0.011720 0.021483
0 0.258789 0.111330 0.021485 0.023438
0 0.680662 0.948241 0.021485 0.021483
0 0.807620 0.595705 0.021485 0.019531
0 0.523436 0.516601 0.019531 0.021483
0 0.621092 0.585939 0.023439 0.023438
0 0.361330 0.111330 0.019531 0.019531
0 0.866213 0.333983 0.021485 0.023438
0 0.509767 0.618163 0.039062 0.056642
0 0.618166 0.835937 0.021485 0.019531
0 0.387695 0.524415 0.021485 0.021483
0 0.934572 0.170899 0.021485 0.021483
0 0.800780 0.742188 0.039062 0.035155
0 0.307617 0.749023 0.021485 0.021483
0 0.234377 0.576170 0.019531 0.023438
0 0.877928 0.042967 0.021485 0.031248
0 0.097655 0.612305 0.019531 0.021483
0 0.986326 0.144530 0.023439 0.023438
0 0.668948 0.233400 0.021485 0.021483
0 0.366210 0.360352 0.021485 0.021483
0 0.713867 0.038085 0.021485 0.021483
0 0.471682 0.887696 0.021485 0.021483
0 0.126951 0.330079 0.019531 0.019531
0 0.892578 0.570311 0.023439 0.023438
0 0.493162 0.751954 0.029297 0.023438
0 0.887693 0.291993 0.021485 0.029297
0 0.318359 0.699219 0.031251 0.031248
0 0.707033 0.136720 0.023439 0.023438
0 0.958983 0.237307 0.023439 0.021483
0 0.947264 0.527342 0.023439 0.031248
0 0.986326 0.083985 0.023439 0.023438
0 0.845705 0.848634 0.046874 0.041014
0 0.717775 0.340821 0.021485 0.021483
0 0.698244 0.341797 0.033205 0.035155
0 0.963869 0.121096 0.017577 0.035155
