0 0.847654 0.348635 0.019531 0.017580
0 0.376953 0.651367 0.019531 0.017580
0 0.589841 0.387697 0.023439 0.021483
0 0.914064 0.898437 0.023439 0.023438
0 0.656251 0.394531 0.019531 0.023438
0 0.660154 0.782226 0.023439 0.021483
0 0.773438 0.848634 0.023439 0.029297
0 0.870116 0.314451 0.021485 0.015624
0 0.232424 0.867189 0.019531 0.019531
0 0.421873 0.004883 0.019531 0.009766
0 0.700194 0.556639 0.017577 0.019531
0 0.970703 0.199220 0.019531 0.019531
0 0.294920 0.630860 0.019531 0.019531
0 0.739256 0.823244 0.021485 0.021483
0 0.690428 0.083985 0.021485 0.019531
0 0.265624 0.552736 0.015623 0.019531
0 0.420901 0.605471 0.017577 0.019531
0 0.064455 0.532225 0.019531 0.021483
0 0.512694 0.059571 0.021485 0.021483
0 0.608400 0.007813 0.021485 0.015626
0 0.911133 0.098633 0.017577 0.021483
0 0.538087 0.601564 0.021485 0.031248
0 0.472655 0.063478 0.019531 0.021483
0 0.731445 0.323241 0.021485 0.021483
0 0.470706 0.352538 0.019531 0.021483
0 0.099609 0.592774 0.019531 0.017580
0 0.503905 0.173827 0.019531 0.019531
0 0.409181 0.155275 0.021485 0.021483
0 0.766604 0.427735 0.021485 0.023438
0 0.140625 0.636719 0.019531 0.019531
0 0.082032 0.911134 0.019531 0.017580
0 0.310548 0.349610 0.019531 0.015624
0 0.752930 0.007813 0.021485 0.015626
0 0.817380 0.572267 0.017577 0.019531
0 0.387696 0.706054 0.021485 0.021483
0 0.896482 0.550780 0.019531 0.015624
0 0.150391 0.893555 0.019531 0.021483
0 0.198242 0.935548 0.021485 0.019531
0 0.305663 0.416014 0.017577 0.019531
0 0.576173 0.042967 0.019531 0.019531
0 0.557619 0.164061 0.017577 0.019531
0 0.830077 0.510742 0.019531 0.021483
0 0.864259 0.804689 0.041016 0.039062
0 0.745118 0.941407 0.017577 0.015624
0 0.113283 0.951172 0.015623 0.019531
0 0.329102 0.023436 0.021485 0.019531
0 0.908202 0.172851 0.019531 0.021483
0 0.392576 0.731447 0.019531 0.021483
0 0.105466 0.775392 0.019531 0.019531
0 0.005861 0.609374 0.011722 0.019531
0 0.304686 0.945314 0.019531 0.015624
0 0.458009 0.577150 0.017577 0.017580
0 0.334960 0.536132 0.017577 0.017580
0 0.112306 0.540039 0.017577 0.021483
0 0.865236 0.397463 0.023439 0.021483
0 0.198242 0.582032 0.021485 0.019531
0 0.496094 0.669922 0.019531 0.019531
0 0.583984 0.645509 0.019531 0.021483
0 0.833008 0.626953 0.013674 0.019531
0 0.259766 0.909179 0.023439 0.017580
0 0.024416 0.721681 0.017577 0.013673
0 0.051758 0.579101 0.021485 0.021483
0 0.396484 0.426759 0.023439 0.021483
0 0.490237 0.730467 0.015623 0.015624
0 0.122071 0.433594 0.017577 0.023438
0 0.396484 0.399414 0.019531 0.021483
0 0.862305 0.586915 0.021485 0.013673
0 0.964846 0.479494 0.019531 0.021483
0 0.752930 0.138671 0.017577 0.019531
0 0.966795 0.929686 0.023439 0.023438
0 0.469728 0.709961 0.021485 0.021483
0 0.540042 0.760744 0.021485 0.021483
0 0.195311 0.791016 0.019531 0.019531
0 0.124026 0.503908 0.021485 0.019531
0 0.482420 0.226561 0.019531 0.019531
0 0.476563 0.871092 0.019531 0.019531
0 0.975584 0.068361 0.021485 0.019531
0 0.666994 0.704102 0.021485 0.017580
0 0.646486 0.354493 0.019531 0.017580
0 0.240235 0.012695 0.015623 0.013673
0 0.051758 0.970703 0.021485 0.023438
0 0.909179 0.512694 0.017577 0.017580
0 0.739256 0.462890 0.021485 0.015624
0 0.975584 0.706054 0.017577 0.017580
0 0.041016 0.462890 0.019531 0.019531
0 0.695313 0.858399 0.023439 0.017580
0 0.986326 0.432618 0.011720 0.021483
0 0.761718 0.201172 0.019531 0.023438
0 0.680663 0.575194 0.021485 0.017580
0 0.706056 0.988283 0.021485 0.015624
0 0.187499 0.540039 0.015623 0.013673
0 0.439455 0.733399 0.019531 0.021483
0 0.781249 0.379883 0.019531 0.021483
0 0.275389 0.403321 0.019531 0.017580
0 0.309571 0.886720 0.021485 0.019531
0 0.552733 0.446290 0.019531 0.021483
0 0.625977 0.324217 0.021485 0.019531
0 0.240235 0.795899 0.019531 0.017580
0 0.197265 0.731447 0.019531 0.021483
0 0.615235 0.453125 0.011720 0.015624
0 0.458009 0.538087 0.017577 0.017580
0 0.298829 0.794923 0.019531 0.015624
0 0.780272 0.974610 0.021485 0.023438
0 0.674805 0.458007 0.021485 0.021483
0 0.737307 0.620119 0.021485 0.017580
0 0.522459 0.620119 0.029297 0.021483
0 0.436523 0.545898 0.017577 0.017580
0 0.141602 0.795899 0.021485 0.021483
0 0.234373 0.748047 0.023439 0.019531
0 0.373045 0.831054 0.015623 0.017580
0 0.372073 0.458983 0.021485 0.023438
0 0.079101 0.797851 0.017577 0.013673
0 0.223635 0.683595 0.017577 0.019531
0 0.633789 0.861327 0.017577 0.015624
0 0.322268 0.374024 0.011720 0.009766
0 0.973635 0.983400 0.033205 0.017580
0 0.569338 0.615236 0.021485 0.019531
0 0.406250 0.546873 0.015623 0.015624
0 0.327148 0.473632 0.005857 0.005859
0 0.449220 0.492187 0.019531 0.019531
0 0.574218 0.508791 0.023439 0.017580
0 0.989257 0.244141 0.013674 0.019531
0 0.380861 0.605471 0.015623 0.015624
0 0.260743 0.876955 0.017577 0.019531
0 0.401369 0.797851 0.017577 0.013673
0 0.060547 0.403321 0.019531 0.021483
0 0.264647 0.450194 0.017577 0.021483
0 0.720702 0.353517 0.019531 0.019531
0 0.518556 0.394531 0.013674 0.011717
0 0.511717 0.246093 0.015623 0.023438
0 0.683594 0.107423 0.015623 0.019531
0 0.707033 0.112306 0.019531 0.021483
0 0.284178 0.005859 0.021485 0.011719
0 0.367188 0.115233 0.019531 0.019531
0 0.014650 0.472656 0.013674 0.019531
0 0.487305 0.285155 0.017577 0.015624
0 0.492186 0.367186 0.015623 0.019531
0 0.456055 0.449218 0.021485 0.019531
0 0.800781 0.447266 0.019531 0.019531
0 0.864259 0.434569 0.021485 0.029297
0 0.196288 0.480470 0.017577 0.023438
0 0.197265 0.453125 0.011720 0.015624
0 0.238281 0.458983 0.015623 0.019531
0 0.294920 0.484377 0.015623 0.015624
0 0.319337 0.513673 0.013674 0.015624
0 0.400392 0.498046 0.015623 0.015624
0 0.373045 0.479494 0.019531 0.021483
0 0.579104 0.428711 0.017577 0.021483
0 0.635743 0.470704 0.017577 0.019531
0 0.648440 0.517577 0.015623 0.015624
0 0.936521 0.087892 0.009766 0.019531
0 0.955080 0.097657 0.019531 0.019531
0 0.417969 0.208986 0.019531 0.019531
0 0.486328 0.108399 0.015623 0.021483
0 0.509768 0.112306 0.019531 0.017580
0 0.693359 0.429687 0.015623 0.015624
0 0.695313 0.451173 0.023439 0.023438
0 0.202150 0.637695 0.017577 0.021483
0 0.160157 0.577150 0.011720 0.021483
0 0.257812 0.759764 0.019531 0.019531
0 0.169922 0.639650 0.011720 0.021483
0 0.187499 0.649416 0.015623 0.017580
0 0.051758 0.663084 0.017577 0.017580
0 0.037107 0.688478 0.019531 0.017580
0 0.028319 0.820313 0.013674 0.019531
0 0.089843 0.948241 0.019531 0.013673
0 0.426758 0.686522 0.013674 0.021483
0 0.308594 0.606446 0.023439 0.017580
0 0.587892 0.531249 0.015623 0.015624
0 0.498048 0.525391 0.019531 0.015624
0 0.634766 0.539063 0.015623 0.015624
0 0.654297 0.541991 0.019531 0.021483
0 0.083986 0.840820 0.023439 0.021483
0 0.430666 0.761720 0.017577 0.015624
0 0.331056 0.823244 0.021485 0.017580
0 0.341799 0.868165 0.015623 0.021483
0 0.461912 0.787109 0.017577 0.019531
0 0.435546 0.788085 0.015623 0.021483
0 0.820312 0.648436 0.015623 0.019531
0 0.851562 0.528322 0.015623 0.017580
0 0.367188 0.877930 0.011720 0.021483
0 0.451174 0.829103 0.015623 0.013673
0 0.327148 0.893555 0.021485 0.021483
0 0.605469 0.683595 0.015623 0.019531
0 0.835940 0.584960 0.011720 0.021483
0 0.958984 0.574218 0.015623 0.019531
0 0.416992 0.920900 0.013674 0.013673
0 0.352537 0.922851 0.021485 0.021483
0 0.362302 0.951172 0.017577 0.015624
0 0.530276 0.837892 0.013674 0.019531
0 0.607423 0.847658 0.019531 0.019531
0 0.486328 0.840820 0.015623 0.013673
0 0.504882 0.840820 0.021485 0.017580
0 0.662108 0.735350 0.019531 0.021483
0 0.760741 0.633788 0.013674 0.017580
0 0.512694 0.718750 0.013674 0.015624
0 0.225584 0.934568 0.017577 0.017580
0 0.225584 0.982420 0.021485 0.019531
0 0.425781 0.959962 0.015623 0.013673
0 0.519533 0.871092 0.019531 0.019531
0 0.679685 0.872072 0.015623 0.013673
0 0.622069 0.923827 0.017577 0.019531
0 0.680663 0.896486 0.017577 0.015624
0 0.683594 0.916993 0.019531 0.021483
0 0.822266 0.805665 0.015623 0.021483
0 0.805666 0.983400 0.017577 0.013673
0 0.604492 0.985352 0.021485 0.017580
0 0.519533 0.981445 0.023439 0.017580
0 0.318360 0.987303 0.023439 0.013673
0 0.444335 0.987303 0.013674 0.013673
0 0.496094 0.989259 0.015623 0.009766
0 0.895510 0.804689 0.017577 0.019531
0 0.921875 0.801758 0.015623 0.017580
0 0.161134 0.762695 0.017577 0.017580
0 0.449220 0.679688 0.019531 0.019531
0 0.989257 0.579101 0.009766 0.017580
0 0.879882 0.569336 0.013674 0.017580
0 0.482420 0.475587 0.023439 0.021483
0 0.339845 0.070312 0.031251 0.015624
0 0.344725 0.092775 0.021485 0.021483
0 0.320314 0.111330 0.019531 0.019531
0 0.312502 0.133789 0.019531 0.017580
0 0.424804 0.188475 0.013674 0.017580
0 0.815431 0.364259 0.021485 0.017580
0 0.811523 0.385742 0.021485 0.021483
0 0.877928 0.413087 0.029297 0.029297
0 0.361330 0.612305 0.015623 0.021483
0 0.688479 0.711916 0.021485 0.021483
0 0.715822 0.632812 0.017577 0.015624
0 0.721679 0.659181 0.021485 0.017580
