0 0.384765 0.544921 0.017035 0.017033
0 0.928711 0.121094 0.015613 0.014193
0 0.842775 0.024415 0.015613 0.015613
0 0.306641 0.619142 0.014195 0.014193
0 0.273436 0.650390 0.011355 0.011356
0 0.826170 0.983399 0.014195 0.012776
0 0.099610 0.098632 0.014195 0.015613
0 0.950196 0.738280 0.015613 0.014193
0 0.758788 0.712890 0.015613 0.014193
0 0.832032 0.092773 0.014195 0.015613
0 0.690429 0.182619 0.015613 0.015613
0 0.049805 0.320313 0.012773 0.014193
0 0.934568 0.675780 0.015613 0.014193
0 0.409182 0.844726 0.015613 0.015613
0 0.642578 0.026366 0.014195 0.021293
0 0.335937 0.166991 0.025550 0.026969
0 0.216797 0.477537 0.014195 0.015613
0 0.933596 0.463869 0.014195 0.015613
0 0.421873 0.957030 0.017035 0.017033
0 0.574219 0.270509 0.014195 0.012776
0 0.633790 0.833008 0.015613 0.012776
0 0.017577 0.819336 0.017035 0.012776
0 0.109375 0.011718 0.014195 0.011356
0 0.289064 0.119139 0.008515 0.014193
0 0.556642 0.124022 0.014195 0.012776
0 0.503906 0.990233 0.014195 0.017033
0 0.965819 0.210936 0.024133 0.017033
0 0.482421 0.038087 0.014195 0.012776
0 0.840821 0.678711 0.015613 0.012776
0 0.057616 0.462889 0.012773 0.014193
0 0.993787 0.677735 0.012425 0.014193
0 0.622070 0.210936 0.015613 0.014193
0 0.807616 0.791015 0.015613 0.014193
0 0.927733 0.431641 0.014195 0.011356
0 0.424805 0.389647 0.015613 0.015613
0 0.374023 0.610352 0.012773 0.015613
0 0.767576 0.370116 0.014195 0.015613
0 0.092775 0.540038 0.015613 0.015613
0 0.541014 0.817384 0.014195 0.015613
0 0.882814 0.795898 0.014195 0.009936
0 0.727537 0.410158 0.015613 0.014193
0 0.743165 0.957030 0.015613 0.014193
0 0.893557 0.221681 0.015613 0.015613
0 0.882814 0.174805 0.014195 0.015613
0 0.900391 0.572266 0.014195 0.014193
0 0.113284 0.916991 0.011355 0.012776
0 0.178711 0.810546 0.012773 0.014193
0 0.714845 0.802736 0.014195 0.014193
0 0.644532 0.964843 0.014195 0.014193
0 0.085936 0.875978 0.014195 0.012776
0 0.982424 0.967775 0.011355 0.012776
0 0.754885 0.269529 0.021293 0.017033
0 0.834963 0.899416 0.012773 0.012776
0 0.992680 0.517579 0.014640 0.014193
0 0.024416 0.171874 0.015613 0.014193
0 0.319337 0.900392 0.012773 0.011356
0 0.984373 0.151367 0.014195 0.015613
0 0.381834 0.177736 0.012773 0.011356
0 0.988281 0.461913 0.017035 0.015613
0 0.993520 0.765625 0.012959 0.014193
0 0.287110 0.885743 0.008515 0.009936
0 0.058593 0.131836 0.014195 0.015613
0 0.315429 0.939454 0.015613 0.014193
0 0.900391 0.370116 0.017035 0.012776
0 0.470701 0.641600 0.014195 0.012776
0 0.835935 0.779298 0.014195 0.014193
0 0.838866 0.840819 0.012773 0.012776
0 0.467775 0.132811 0.024133 0.017033
0 0.212888 0.102539 0.022710 0.024129
0 0.077147 0.228516 0.015613 0.014193
0 0.359377 0.684570 0.014195 0.012776
0 0.978515 0.827150 0.017035 0.015613
0 0.929688 0.928712 0.014195 0.015613
0 0.011720 0.701173 0.008515 0.017033
0 0.590819 0.926757 0.012773 0.012776
0 0.976561 0.533203 0.017035 0.017033
0 0.758788 0.949219 0.015613 0.014193
0 0.805667 0.851564 0.015613 0.014193
0 0.945311 0.799805 0.014195 0.012776
0 0.247070 0.258788 0.015613 0.009936
0 0.243162 0.275392 0.015613 0.017033
0 0.049805 0.212891 0.015613 0.017033
0 0.007811 0.214843 0.011355 0.014193
0 0.460936 0.844726 0.014195 0.009936
0 0.947265 0.572266 0.014195 0.014193
0 0.980470 0.583983 0.008515 0.014193
0 0.995073 0.592773 0.009853 0.015613
0 0.393554 0.952147 0.012773 0.012776
0 0.829101 0.862305 0.012773 0.015613
0 0.742188 0.891602 0.011355 0.012776
0 0.757811 0.906250 0.014195 0.014193
0 0.962893 0.856447 0.011355 0.012776
0 0.942384 0.882812 0.007098 0.008516
0 0.957030 0.891602 0.017035 0.026969
0 0.983401 0.893553 0.015613 0.009936
0 0.490232 0.868164 0.008515 0.007096
0 0.469724 0.872071 0.015613 0.012776
0 0.476563 0.885743 0.011355 0.015613
0 0.629881 0.504882 0.009938 0.012776
0 0.645509 0.521486 0.012773 0.011356
0 0.986327 0.481444 0.014195 0.012776
0 0.899414 0.182619 0.012773 0.012776
0 0.037108 0.705077 0.011355 0.014193
0 0.874025 0.767577 0.012773 0.014193
