0 0.350588 0.373047 0.021485 0.023438
0 0.011719 0.770508 0.023439 0.021483
0 0.791992 0.992188 0.021485 0.015624
0 0.692382 0.786132 0.021485 0.021483
0 0.710936 0.539062 0.023439 0.023438
0 0.480471 0.195312 0.019531 0.019531
0 0.827146 0.911133 0.021485 0.021483
0 0.959961 0.012695 0.021485 0.025390
0 0.258789 0.897460 0.021485 0.021483
0 0.084963 0.423827 0.021485 0.023438
0 0.546876 0.786132 0.019531 0.021483
0 0.560545 0.988281 0.019531 0.023438
0 0.411135 0.205077 0.021485 0.023438
0 0.028319 0.164063 0.021485 0.023438
0 0.970703 0.891602 0.019531 0.021483
0 0.342771 0.785156 0.021485 0.023438
0 0.908202 0.715821 0.031251 0.037111
0 0.452146 0.655273 0.021485 0.021483
0 0.868162 0.266602 0.021485 0.021483
0 0.186522 0.250978 0.021485 0.021483
0 0.492186 0.388671 0.023439 0.023438
0 0.358399 0.538086 0.021485 0.021483
0 0.842774 0.378906 0.021485 0.023438
0 0.442381 0.521486 0.021485 0.023438
0 0.083009 0.880860 0.033205 0.031248
0 0.897459 0.126953 0.021485 0.023438
0 0.875979 0.709959 0.021485 0.021483
0 0.733399 0.253905 0.021485 0.023438
0 0.402341 0.849608 0.019531 0.019531
0 0.067381 0.110353 0.021485 0.021483
0 0.992189 0.771484 0.011720 0.023438
0 0.416015 0.606445 0.019531 0.021483
0 0.331056 0.577148 0.021485 0.021483
0 0.711913 0.036131 0.021485 0.021483
0 0.259766 0.586914 0.019531 0.021483
0 0.005860 0.160156 0.011719 0.019531
0 0.919921 0.872070 0.019531 0.021483
0 0.692382 0.369140 0.021485 0.023438
0 0.176756 0.445313 0.021485 0.023438
0 0.069335 0.374023 0.021485 0.021483
0 0.184568 0.628907 0.021485 0.023438
0 0.954103 0.216798 0.021485 0.023438
0 0.343748 0.021483 0.019531 0.023438
0 0.250978 0.658204 0.021485 0.023438
0 0.917967 0.781249 0.023439 0.023438
0 0.041016 0.076173 0.031251 0.031248
0 0.381838 0.696290 0.021485 0.021483
0 0.524414 0.574217 0.021485 0.023438
0 0.725587 0.141601 0.021485 0.021483
0 0.064455 0.559569 0.019531 0.021483
0 0.124026 0.604493 0.021485 0.021483
0 0.192384 0.572265 0.021485 0.023438
0 0.148437 0.552734 0.023439 0.023438
0 0.208007 0.689452 0.021485 0.019531
0 0.822266 0.859374 0.019531 0.023438
0 0.759764 0.814453 0.019531 0.023438
0 0.100586 0.259767 0.021485 0.023438
0 0.807615 0.056642 0.017577 0.019531
0 0.459963 0.933595 0.021485 0.023438
0 0.582030 0.853515 0.019531 0.019531
0 0.047850 0.212891 0.021485 0.019531
0 0.115232 0.495117 0.019531 0.021483
0 0.041993 0.571290 0.021485 0.021483
0 0.651366 0.988281 0.021485 0.023438
0 0.649412 0.150391 0.029297 0.023438
0 0.462889 0.745118 0.015623 0.013673
0 0.404296 0.983399 0.019531 0.021483
0 0.139648 0.354492 0.021485 0.021483
0 0.137694 0.381837 0.021485 0.021483
0 0.604492 0.322264 0.021485 0.023438
0 0.138671 0.083983 0.015623 0.019531
0 0.158202 0.076173 0.019531 0.019531
0 0.188476 0.038087 0.021485 0.021483
0 0.781249 0.007812 0.019531 0.015625
0 0.105466 0.045897 0.019531 0.021483
0 0.272463 0.146484 0.021485 0.023438
0 0.253904 0.132811 0.015623 0.015624
0 0.560545 0.281250 0.019531 0.023438
0 0.543945 0.291991 0.009766 0.009766
