0 0.896486 0.657228 0.012499 0.017185
0 0.647461 0.501955 0.014064 0.018749
0 0.742186 0.525389 0.015623 0.015624
0 0.859377 0.137694 0.018751 0.017185
0 0.741209 0.769532 0.017187 0.015624
0 0.184572 0.617186 0.023439 0.028123
0 0.439453 0.486327 0.015623 0.015624
0 0.171875 0.559568 0.015623 0.017185
0 0.784179 0.264650 0.017187 0.014064
0 0.085939 0.087890 0.018752 0.018749
0 0.366209 0.706056 0.014064 0.014064
0 0.301758 0.171873 0.017187 0.018749
0 0.153321 0.715821 0.014064 0.014064
0 0.186526 0.794922 0.017187 0.015624
0 0.875000 0.202150 0.024999 0.026563
0 0.895509 0.006738 0.023439 0.013475
0 0.730471 0.232422 0.015623 0.015624
0 0.970702 0.617186 0.015623 0.018749
0 0.436522 0.424806 0.017187 0.017185
0 0.502932 0.116211 0.014064 0.014064
0 0.088865 0.741211 0.017187 0.017185
0 0.804687 0.840822 0.028122 0.023438
0 0.661135 0.068359 0.023439 0.024999
0 0.943359 0.344726 0.015623 0.017185
0 0.401368 0.092773 0.017187 0.017185
0 0.090819 0.347657 0.017187 0.015624
0 0.075196 0.652345 0.014064 0.015624
0 0.540040 0.467775 0.017187 0.017185
0 0.317381 0.699218 0.010940 0.015624
0 0.689455 0.581055 0.012499 0.017185
0 0.083985 0.310547 0.012499 0.015624
0 0.101562 0.307615 0.015623 0.014064
0 0.338866 0.671876 0.023439 0.015624
0 0.853515 0.921874 0.012499 0.018749
0 0.873046 0.912108 0.018751 0.015624
0 0.482424 0.047852 0.015623 0.010939
