0 0.466799 0.459959 0.050782 0.037111
0 0.510741 0.110350 0.021485 0.021483
0 0.370115 0.070312 0.021485 0.019531
0 0.954100 0.028319 0.021485 0.021483
0 0.825193 0.402345 0.021485 0.023438
0 0.512695 0.890623 0.029297 0.031248
0 0.375977 0.285155 0.021485 0.023438
0 0.965820 0.597657 0.021485 0.023438
0 0.779297 0.437501 0.035154 0.035155
0 0.961916 0.990234 0.021485 0.011717
0 0.363281 0.327148 0.023439 0.021483
0 0.338869 0.698243 0.029297 0.029297
0 0.377932 0.638670 0.021485 0.019531
0 0.165038 0.438476 0.029297 0.029297
0 0.451171 0.742188 0.031251 0.031248
0 0.744143 0.913086 0.023439 0.029297
0 0.989258 0.394531 0.021484 0.019531
0 0.983397 0.415038 0.029297 0.033204
0 0.940431 0.366210 0.037108 0.037111
0 0.965820 0.331055 0.029297 0.033204
0 0.943357 0.319334 0.023439 0.017580
0 0.934569 0.341797 0.033205 0.023438
0 0.968751 0.290038 0.023439 0.021483
0 0.904295 0.308593 0.042970 0.031248
0 0.893552 0.280272 0.033205 0.029297
0 0.928711 0.266603 0.029297 0.021483
0 0.928711 0.242189 0.033205 0.031248
0 0.921877 0.218751 0.023439 0.019531
0 0.879884 0.191406 0.029297 0.019531
0 0.881838 0.213868 0.021485 0.033204
0 0.880861 0.238282 0.019531 0.023438
0 0.900392 0.146485 0.019531 0.019531
