0 0.839842 0.614259 0.019531 0.021483
0 0.579103 0.082032 0.021485 0.019531
0 0.368164 0.018556 0.021485 0.021483
0 0.519533 0.392578 0.031251 0.023438
0 0.678713 0.840822 0.021485 0.021483
0 0.214841 0.648438 0.023439 0.019531
0 0.082032 0.210939 0.023439 0.023438
0 0.823242 0.503906 0.021485 0.023438
0 0.333010 0.245119 0.021485 0.021483
0 0.279297 0.647462 0.023439 0.021483
0 0.364256 0.964843 0.017577 0.019531
0 0.762695 0.834960 0.021485 0.017580
0 0.007813 0.893553 0.015627 0.017580
0 0.554687 0.160156 0.023439 0.023438
0 0.122071 0.411133 0.021485 0.017580
0 0.362307 0.747070 0.021485 0.021483
0 0.120117 0.935546 0.021485 0.019531
0 0.468751 0.950195 0.019531 0.021483
0 0.494139 0.665038 0.019531 0.017580
0 0.520510 0.620117 0.021485 0.021483
0 0.387695 0.315429 0.029297 0.029297
0 0.162110 0.842774 0.019531 0.021483
0 0.256835 0.226564 0.029297 0.031248
0 0.445312 0.394530 0.019531 0.019531
0 0.896487 0.080076 0.019531 0.019531
0 0.580080 0.713866 0.035154 0.033204
0 0.209961 0.437499 0.017577 0.019531
0 0.992188 0.386720 0.015623 0.019531
0 0.597657 0.442382 0.031251 0.029297
0 0.142579 0.757811 0.019531 0.023438
0 0.827151 0.778322 0.021485 0.017580
0 0.110351 0.518555 0.021485 0.021483
0 0.574218 0.952150 0.019531 0.017580
0 0.527344 0.465820 0.019531 0.021483
0 0.387695 0.834960 0.021485 0.021483
0 0.916018 0.820311 0.019531 0.019531
0 0.638674 0.904298 0.019531 0.019531
0 0.031250 0.484375 0.019531 0.019531
0 0.614257 0.869139 0.029297 0.031248
0 0.951172 0.112304 0.031251 0.021483
0 0.107420 0.750001 0.019531 0.019531
0 0.600584 0.957033 0.017577 0.019531
0 0.193361 0.284181 0.019531 0.017580
0 0.946292 0.468751 0.021485 0.023438
0 0.927732 0.107421 0.031251 0.031248
0 0.709959 0.875977 0.013674 0.013673
0 0.726564 0.871094 0.019531 0.015624
0 0.430666 0.227539 0.017577 0.021483
0 0.845705 0.945312 0.023439 0.023438
0 0.827151 0.931639 0.017577 0.019531
