0 0.433594 0.770508 0.023439 0.021483
0 0.413086 0.949219 0.021485 0.023438
0 0.091799 0.841798 0.023439 0.023438
0 0.453125 0.855470 0.019531 0.019531
0 0.762697 0.958009 0.021485 0.021483
0 0.497073 0.450196 0.021485 0.021483
0 0.815428 0.470703 0.021485 0.023438
0 0.895506 0.962892 0.021485 0.023438
0 0.363281 0.224608 0.023439 0.023438
0 0.297853 0.907226 0.021485 0.021483
0 0.538084 0.237305 0.033205 0.033204
0 0.397463 0.762694 0.021485 0.021483
0 0.159181 0.859374 0.021485 0.023438
0 0.397463 0.530272 0.021485 0.021483
0 0.785154 0.670897 0.019531 0.021483
0 0.568358 0.656248 0.023439 0.023438
0 0.934569 0.909181 0.021485 0.021483
0 0.087891 0.272460 0.019531 0.021483
0 0.407228 0.422851 0.021485 0.021483
0 0.476564 0.297850 0.019531 0.021483
0 0.502930 0.659179 0.021485 0.021483
0 0.869141 0.958985 0.019531 0.019531
0 0.652344 0.755859 0.023439 0.023438
0 0.804685 0.398437 0.031251 0.031248
0 0.837890 0.165039 0.023439 0.029297
0 0.316407 0.499023 0.019531 0.021483
0 0.809571 0.625976 0.021485 0.021483
0 0.007812 0.833984 0.015624 0.023438
0 0.908203 0.875001 0.031251 0.031248
0 0.859375 0.085939 0.023439 0.023438
0 0.222655 0.452147 0.023439 0.021483
0 0.617185 0.253905 0.019531 0.023438
0 0.884764 0.446289 0.031251 0.033204
0 0.026366 0.800780 0.021485 0.035155
0 0.658202 0.973633 0.019531 0.021483
0 0.011721 0.953126 0.015623 0.015624
0 0.871095 0.718749 0.035154 0.039062
0 0.972654 0.844725 0.019531 0.021483
0 0.647459 0.022463 0.017577 0.013673
0 0.713869 0.233398 0.029297 0.037111
0 0.670899 0.323243 0.021485 0.021483
0 0.729492 0.401368 0.021485 0.021483
0 0.679687 0.842774 0.019531 0.021483
