0 0.352537 0.265626 0.021485 0.023438
0 0.087890 0.927736 0.023439 0.023438
0 0.131838 0.534179 0.021485 0.021483
0 0.244139 0.060545 0.039062 0.031248
0 0.880860 0.210939 0.023439 0.023438
0 0.604493 0.254884 0.021485 0.017580
0 0.139649 0.154298 0.021485 0.023438
0 0.053713 0.797853 0.017577 0.021483
0 0.328126 0.842774 0.023439 0.021483
0 0.804689 0.893553 0.019531 0.017580
0 0.920899 0.411133 0.021485 0.017580
0 0.918945 0.935546 0.021485 0.019531
0 0.599608 0.822267 0.019531 0.023438
0 0.381834 0.726563 0.017577 0.019531
0 0.535157 0.780273 0.019531 0.029297
0 0.960938 0.842774 0.019531 0.021483
0 0.043948 0.668945 0.021485 0.021483
0 0.477541 0.961916 0.017577 0.021483
0 0.261721 0.805663 0.019531 0.021483
0 0.666017 0.841798 0.019531 0.019531
0 0.735353 0.436523 0.021485 0.021483
0 0.418947 0.481444 0.021485 0.021483
0 0.941407 0.757811 0.019531 0.023438
0 0.512695 0.815428 0.017577 0.017580
0 0.909179 0.518555 0.021485 0.021483
0 0.322264 0.006836 0.019531 0.013673
0 0.300783 0.139649 0.023439 0.021483
0 0.017577 0.574221 0.019531 0.023438
0 0.073244 0.295898 0.017577 0.017580
0 0.830078 0.484375 0.019531 0.019531
0 0.906248 0.750001 0.019531 0.019531
0 0.239259 0.518555 0.017577 0.017580
0 0.531249 0.313478 0.015623 0.021483
0 0.991212 0.284181 0.017576 0.017580
0 0.070313 0.264650 0.023439 0.021483
0 0.011720 0.543944 0.015623 0.021483
