0 0.791015 0.226563 0.023439 0.023438
0 0.517579 0.767576 0.019531 0.019531
0 0.793946 0.504882 0.029297 0.029297
0 0.579103 0.880860 0.021485 0.019531
0 0.368164 0.817384 0.021485 0.021483
0 0.426758 0.447264 0.021485 0.023438
0 0.891601 0.018555 0.021485 0.021483
0 0.522459 0.517579 0.021485 0.019531
0 0.390626 0.682617 0.023439 0.021483
0 0.289063 0.455078 0.019531 0.019531
0 0.554687 0.958984 0.023439 0.023438
0 0.769529 0.267577 0.023439 0.023438
0 0.217772 0.628907 0.029297 0.023438
0 0.404295 0.550782 0.023439 0.023438
0 0.612303 0.069335 0.021485 0.029297
0 0.848631 0.462892 0.021485 0.031248
0 0.269532 0.288084 0.023439 0.021483
0 0.896487 0.878904 0.019531 0.019531
0 0.698244 0.672852 0.021485 0.021483
0 0.573241 0.164063 0.021485 0.019531
0 0.135740 0.503906 0.021485 0.023438
0 0.305663 0.564455 0.021485 0.019531
0 0.863282 0.170897 0.023439 0.021483
0 0.803711 0.088866 0.021485 0.029297
0 0.265623 0.040038 0.019531 0.017580
0 0.207030 0.676759 0.023439 0.021483
0 0.163087 0.038086 0.029297 0.021483
0 0.307617 0.642579 0.017577 0.019531
0 0.708010 0.528320 0.021485 0.021483
0 0.890624 0.081056 0.019531 0.021483
0 0.951172 0.911132 0.031251 0.021483
0 0.871093 0.057618 0.023439 0.033204
0 0.031250 0.253905 0.019531 0.019531
0 0.930664 0.005859 0.013674 0.011717
0 0.748049 0.785156 0.019531 0.019531
0 0.617189 0.273436 0.015623 0.019531
0 0.927732 0.906250 0.031251 0.031248
0 0.596680 0.274415 0.021485 0.037111
0 0.838865 0.105470 0.021485 0.023438
