0 0.767577 0.995215 0.018751 0.009570
0 0.979493 0.996093 0.017187 0.007814
0 0.324218 0.432616 0.012499 0.014064
0 0.221678 0.784180 0.014064 0.014064
0 0.262694 0.695314 0.014064 0.015624
0 0.789062 0.587889 0.015623 0.018749
0 0.972654 0.607420 0.015623 0.015624
0 0.750977 0.859373 0.014064 0.015624
0 0.061525 0.886718 0.017187 0.015624
0 0.532226 0.166990 0.017187 0.017185
0 0.793948 0.913088 0.010940 0.014064
0 0.417971 0.273436 0.012499 0.015624
0 0.979493 0.660155 0.014064 0.012499
0 0.647459 0.612303 0.014064 0.017185
0 0.164061 0.440430 0.015623 0.014064
0 0.848633 0.961916 0.014064 0.010939
0 0.003125 0.724611 0.006250 0.012499
0 0.905272 0.336916 0.017187 0.017185
0 0.987305 0.303712 0.014064 0.017185
0 0.027343 0.975584 0.015623 0.017185
0 0.617185 0.263670 0.015623 0.015624
0 0.103514 0.916015 0.015623 0.015624
0 0.735349 0.549806 0.014064 0.014064
0 0.110353 0.274415 0.017187 0.023438
0 0.554689 0.463868 0.018751 0.014064
0 0.505861 0.307619 0.012499 0.014064
0 0.692384 0.854491 0.017187 0.017185
0 0.953123 0.413085 0.015623 0.017185
0 0.103514 0.720704 0.015623 0.015624
0 0.531249 0.991212 0.015623 0.014064
0 0.932620 0.704100 0.014064 0.017185
0 0.264648 0.749025 0.017187 0.017185
0 0.875975 0.033204 0.017187 0.015624
0 0.236328 0.160156 0.018751 0.015624
0 0.982419 0.404295 0.015623 0.012499
0 0.460936 0.561524 0.015623 0.014064
0 0.728515 0.883787 0.015623 0.017185
0 0.137696 0.531251 0.014064 0.012499
0 0.558592 0.727538 0.015623 0.017185
0 0.858398 0.427733 0.014064 0.015624
0 0.342773 0.845705 0.023439 0.018749
0 0.735349 0.714845 0.014064 0.015624
0 0.231443 0.496092 0.017187 0.015624
0 0.672853 0.754883 0.014064 0.014064
0 0.262694 0.893557 0.014064 0.017185
0 0.880861 0.844725 0.015623 0.017185
0 0.438474 0.757811 0.014064 0.015624
0 0.595705 0.920898 0.015623 0.014064
0 0.261717 0.538086 0.012499 0.014064
0 0.148438 0.323243 0.024999 0.023438
0 0.571289 0.672852 0.017187 0.023438
0 0.828125 0.702149 0.015623 0.017185
0 0.067383 0.066407 0.017187 0.015624
0 0.984374 0.902343 0.012499 0.015624
0 0.062502 0.934570 0.012499 0.014064
0 0.980470 0.524413 0.015623 0.014064
0 0.415040 0.920898 0.014064 0.014064
0 0.631836 0.686524 0.014064 0.014064
0 0.454102 0.239256 0.014064 0.014064
0 0.601562 0.970701 0.015623 0.015624
0 0.204101 0.085938 0.017187 0.018749
0 0.685549 0.440430 0.015623 0.017185
0 0.690430 0.822266 0.014064 0.012499
0 0.064452 0.771483 0.015623 0.012499
0 0.466799 0.524413 0.012499 0.014064
0 0.780274 0.456054 0.017187 0.017185
0 0.678710 0.933595 0.014064 0.012499
0 0.595705 0.882811 0.015623 0.012499
0 0.574220 0.011717 0.015623 0.015624
0 0.641602 0.704100 0.010940 0.017185
0 0.184569 0.324219 0.014064 0.015624
0 0.061525 0.516603 0.017187 0.017185
0 0.368166 0.100587 0.014064 0.014064
0 0.520507 0.232422 0.017187 0.018749
0 0.796874 0.948243 0.012499 0.010939
0 0.867187 0.701173 0.012499 0.012499
0 0.820313 0.672852 0.012499 0.014064
0 0.893552 0.709962 0.014064 0.014064
0 0.949220 0.476561 0.012499 0.015624
0 0.980470 0.465820 0.015623 0.014064
0 0.777343 0.125001 0.012499 0.012499
0 0.795897 0.143556 0.010940 0.017185
0 0.078125 0.741211 0.015623 0.014064
0 0.604494 0.473634 0.010940 0.014064
0 0.617185 0.460937 0.024999 0.012499
0 0.611328 0.494141 0.009376 0.012499
0 0.632813 0.490234 0.015623 0.012499
0 0.622071 0.511720 0.017187 0.009374
0 0.833982 0.860353 0.009376 0.017185
0 0.886718 0.513672 0.009376 0.012499
0 0.900392 0.530272 0.015623 0.014064
0 0.971682 0.711914 0.014064 0.014064
0 0.986328 0.729494 0.018752 0.017185
0 0.407228 0.526368 0.010940 0.014064
0 0.810548 0.866211 0.012499 0.014064
0 0.564454 0.580079 0.028122 0.024999
0 0.539061 0.575196 0.015623 0.017185
0 0.238283 0.911132 0.012499 0.017185
0 0.905272 0.574220 0.017187 0.018749
0 0.885741 0.583986 0.014064 0.015624
0 0.975585 0.487306 0.014064 0.017185
0 0.938477 0.884767 0.014064 0.018749
0 0.958985 0.888670 0.012499 0.018749
