0 0.754884 0.950196 0.021485 0.021483
0 0.444335 0.859375 0.021485 0.023438
0 0.333010 0.930665 0.021485 0.021483
0 0.928709 0.323241 0.021485 0.021483
0 0.483397 0.496094 0.021485 0.023438
0 0.094728 0.950196 0.029297 0.029297
0 0.110351 0.136720 0.021485 0.023438
0 0.398438 0.062498 0.023439 0.023438
0 0.488282 0.139647 0.023439 0.029297
0 0.132814 0.388673 0.023439 0.023438
0 0.777346 0.246093 0.019531 0.023438
0 0.711913 0.914062 0.021485 0.019531
0 0.854493 0.919920 0.017577 0.019531
0 0.918944 0.405273 0.021485 0.021483
