0 0.487305 0.093749 0.011689 0.012989
0 0.079100 0.154298 0.011689 0.012989
0 0.317382 0.332030 0.014286 0.012989
0 0.362307 0.276367 0.019480 0.019482
0 0.996752 0.532227 0.006496 0.014288
0 0.731444 0.908202 0.014286 0.015586
0 0.008126 0.862305 0.016252 0.022079
0 0.615234 0.165039 0.012990 0.014288
0 0.197264 0.399413 0.012990 0.014288
0 0.493162 0.293947 0.011689 0.014288
0 0.125974 0.034180 0.014286 0.014288
0 0.929687 0.409178 0.015587 0.014288
0 0.873047 0.160156 0.023379 0.023377
0 0.097655 0.122070 0.020782 0.019482
0 0.717775 0.019532 0.014286 0.012989
0 0.907224 0.074218 0.014286 0.012989
0 0.349610 0.578124 0.012990 0.012989
0 0.251955 0.566407 0.023379 0.023377
0 0.237304 0.078125 0.022083 0.020780
0 0.070312 0.049804 0.012990 0.014288
0 0.667971 0.127929 0.023379 0.024680
0 0.349610 0.953126 0.015587 0.012989
0 0.591795 0.281250 0.012990 0.012989
0 0.622069 0.635742 0.014286 0.014288
0 0.006335 0.058594 0.012670 0.015586
0 0.285154 0.779298 0.015587 0.015586
0 0.666993 0.815429 0.022083 0.024680
0 0.370118 0.170898 0.011689 0.011691
0 0.455077 0.171874 0.012990 0.015586
0 0.371095 0.220701 0.015587 0.015586
0 0.401369 0.116211 0.022083 0.022079
0 0.604492 0.067384 0.011689 0.014288
0 0.706056 0.117187 0.014286 0.012989
0 0.385741 0.239257 0.017577 0.017580
