0 0.570314 0.678710 0.015623 0.017185
0 0.506835 0.730469 0.023439 0.018749
0 0.859377 0.936522 0.018751 0.017185
0 0.313478 0.575196 0.023439 0.017185
0 0.624999 0.756835 0.018751 0.017185
0 0.322267 0.268553 0.018752 0.017185
0 0.085939 0.886718 0.018752 0.018749
0 0.910154 0.059569 0.024999 0.017185
0 0.256834 0.122070 0.014064 0.014064
0 0.301758 0.970701 0.017187 0.018749
0 0.945313 0.677735 0.024999 0.018749
0 0.895509 0.803711 0.023439 0.017185
0 0.130858 0.408202 0.024999 0.018749
0 0.502932 0.915039 0.014064 0.014064
0 0.661135 0.867187 0.023439 0.024999
0 0.279296 0.199218 0.024999 0.024999
0 0.401368 0.891601 0.017187 0.017185
0 0.283204 0.238280 0.028122 0.028123
0 0.177732 0.376954 0.015623 0.018749
0 0.241211 0.256836 0.017187 0.023438
0 0.377929 0.415040 0.026563 0.029688
0 0.345701 0.446288 0.009376 0.010939
0 0.370117 0.444337 0.010940 0.010939
0 0.355466 0.462892 0.012499 0.012499
0 0.235353 0.166990 0.023439 0.014064
0 0.235353 0.190428 0.017187 0.010939
0 0.236331 0.209960 0.015623 0.017185
0 0.316404 0.008790 0.018752 0.007814
0 0.415037 0.162108 0.023439 0.028123
0 0.482424 0.846680 0.015623 0.010939
0 0.341798 0.375978 0.015623 0.017185
0 0.333986 0.396485 0.015623 0.015624
0 0.321289 0.310546 0.017187 0.018749
0 0.294924 0.344726 0.015623 0.017185
0 0.287107 0.322267 0.018752 0.018749
0 0.296873 0.299805 0.015623 0.017185
0 0.257811 0.286133 0.028122 0.014064
