0 0.305664 0.301757 0.037108 0.033204
0 0.859375 0.667970 0.019531 0.019531
0 0.229493 0.311523 0.033205 0.029297
0 0.415039 0.638673 0.029297 0.035155
0 0.454101 0.557617 0.017577 0.021483
0 0.845701 0.710939 0.023439 0.019531
0 0.331057 0.360351 0.021485 0.029297
0 0.992186 0.495117 0.015627 0.021483
0 0.203123 0.160157 0.019531 0.019531
0 0.053713 0.014649 0.017577 0.021483
0 0.857420 0.454103 0.019531 0.021483
0 0.332029 0.143553 0.019531 0.021483
0 0.947265 0.839843 0.019531 0.019531
0 0.455078 0.646483 0.019531 0.019531
0 0.645509 0.819336 0.021485 0.021483
