0 0.516602 0.291991 0.017187 0.017185
0 0.085940 0.219725 0.018752 0.023438
0 0.126951 0.138673 0.015623 0.015624
0 0.525390 0.605469 0.015623 0.015624
0 0.619143 0.422850 0.015623 0.017185
0 0.487305 0.664062 0.017187 0.015624
0 0.655274 0.858398 0.023439 0.017185
0 0.598634 0.708983 0.017187 0.018749
0 0.531248 0.250977 0.015623 0.017185
0 0.090820 0.933595 0.017187 0.018749
0 0.316405 0.401368 0.018752 0.017185
0 0.884767 0.886718 0.018752 0.018749
0 0.126951 0.224608 0.012499 0.015624
0 0.530276 0.037111 0.017187 0.015624
0 0.929687 0.408202 0.024999 0.018749
0 0.667971 0.079100 0.018752 0.017185
0 0.976560 0.376954 0.015623 0.018749
