0 0.852540 0.151367 0.021485 0.021483
0 0.916014 0.749025 0.019531 0.017580
0 0.658201 0.788088 0.023439 0.021483
0 0.629881 0.386720 0.021485 0.019531
0 0.718748 0.083008 0.019531 0.021483
0 0.026365 0.992187 0.021485 0.015625
0 0.724611 0.794922 0.019531 0.023438
0 0.749022 0.353516 0.017577 0.019531
0 0.066405 0.114256 0.019531 0.017580
0 0.172854 0.130860 0.021485 0.019531
0 0.564453 0.359375 0.019531 0.019531
0 0.835940 0.096680 0.019531 0.017580
0 0.938476 0.714842 0.021485 0.015624
0 0.428713 0.062501 0.021485 0.023438
0 0.490232 0.402344 0.019531 0.015624
0 0.255858 0.224609 0.019531 0.023438
0 0.768553 0.957030 0.017577 0.019531
0 0.684571 0.181639 0.021485 0.019531
0 0.744142 0.140625 0.019531 0.019531
0 0.758787 0.484376 0.021485 0.019531
0 0.333983 0.953126 0.015623 0.019531
0 0.768553 0.055663 0.017577 0.017580
0 0.132814 0.932616 0.019531 0.021483
0 0.203127 0.222657 0.019531 0.019531
0 0.581053 0.459962 0.021485 0.021483
0 0.676760 0.406251 0.021485 0.019531
0 0.979492 0.499024 0.017577 0.021483
0 0.541014 0.463869 0.019531 0.021483
0 0.994140 0.345702 0.011719 0.019531
0 0.729491 0.295899 0.017577 0.021483
0 0.799804 0.723632 0.021485 0.021483
0 0.539065 0.752929 0.019531 0.021483
0 0.745119 0.217774 0.017577 0.021483
0 0.167968 0.992187 0.019531 0.015625
0 0.572265 0.574217 0.019531 0.019531
0 0.477540 0.555666 0.021485 0.021483
0 0.960938 0.023439 0.019531 0.019531
0 0.834963 0.828126 0.021485 0.023438
0 0.321291 0.190429 0.021485 0.021483
0 0.378908 0.750001 0.019531 0.015624
0 0.821289 0.406251 0.021485 0.019531
0 0.885740 0.972657 0.017577 0.019531
0 0.964841 0.951171 0.019531 0.015624
0 0.289063 0.159181 0.019531 0.017580
0 0.035154 0.079101 0.015623 0.017580
0 0.374022 0.816405 0.017577 0.019531
0 0.644532 0.443358 0.019531 0.019531
0 0.021485 0.150391 0.023439 0.019531
0 0.109375 0.222657 0.023439 0.023438
0 0.625978 0.564452 0.017577 0.019531
0 0.306640 0.014649 0.023439 0.029297
0 0.968750 0.199219 0.019531 0.019531
0 0.898437 0.911133 0.019531 0.021483
0 0.397462 0.423827 0.021485 0.019531
0 0.976561 0.573241 0.019531 0.021483
0 0.011720 0.229491 0.023439 0.017580
0 0.526368 0.977540 0.017577 0.017580
0 0.403319 0.936523 0.017577 0.017580
0 0.180665 0.940430 0.017577 0.021483
0 0.933596 0.797853 0.023439 0.021483
0 0.266601 0.982423 0.021485 0.019531
0 0.048828 0.201170 0.031251 0.031248
0 0.120118 0.979492 0.021485 0.021483
0 0.464844 0.827150 0.023439 0.021483
0 0.291018 0.047853 0.019531 0.009766
0 0.190431 0.833984 0.017577 0.023438
0 0.464844 0.799805 0.019531 0.021483
0 0.930664 0.987306 0.021485 0.013673
0 0.821289 0.539062 0.017577 0.019531
0 0.192385 0.904299 0.021485 0.019531
0 0.550779 0.626952 0.019531 0.019531
0 0.714845 0.754884 0.019531 0.017580
0 0.308595 0.413085 0.015623 0.013673
0 0.977538 0.913085 0.017577 0.017580
0 0.807615 0.863281 0.021485 0.015624
0 0.109375 0.863281 0.019531 0.019531
0 0.217773 0.375975 0.021485 0.021483
0 0.830078 0.601562 0.019531 0.023438
0 0.749022 0.975585 0.021485 0.017580
0 0.255858 0.940430 0.015623 0.013673
0 0.849609 0.780274 0.019531 0.021483
0 0.316406 0.308595 0.019531 0.019531
0 0.248047 0.380858 0.019531 0.023438
0 0.343749 0.803712 0.019531 0.017580
0 0.621093 0.846681 0.019531 0.021483
0 0.694337 0.724608 0.021485 0.019531
0 0.683594 0.853515 0.011720 0.015624
0 0.526368 0.938478 0.017577 0.017580
0 0.743165 0.858398 0.021485 0.021483
0 0.537111 0.293947 0.019531 0.021483
0 0.395508 0.137694 0.021485 0.021483
0 0.504883 0.946288 0.017577 0.017580
0 0.440432 0.859374 0.021485 0.023438
0 0.390627 0.774415 0.011720 0.009766
0 0.474609 0.947264 0.015623 0.015624
0 0.298829 0.393554 0.019531 0.017580
0 0.395508 0.874022 0.005857 0.005859
0 0.517580 0.892578 0.019531 0.019531
0 0.642578 0.909181 0.023439 0.017580
0 0.128906 0.803712 0.019531 0.021483
0 0.333006 0.850584 0.017577 0.021483
0 0.789061 0.753908 0.019531 0.019531
0 0.586916 0.794922 0.013674 0.011717
0 0.580076 0.646483 0.015623 0.023438
0 0.588865 0.018556 0.017577 0.013673
0 0.006837 0.172853 0.013674 0.017580
0 0.751953 0.507814 0.015623 0.019531
0 0.775392 0.512696 0.019531 0.021483
0 0.352537 0.403320 0.021485 0.017580
0 0.435547 0.515624 0.019531 0.019531
0 0.083010 0.873046 0.013674 0.019531
0 0.011719 0.867188 0.015623 0.019531
0 0.555665 0.685545 0.017577 0.015624
0 0.560545 0.767577 0.015623 0.019531
0 0.524414 0.849608 0.021485 0.019531
0 0.869140 0.847657 0.019531 0.019531
0 0.932619 0.834960 0.021485 0.029297
0 0.264647 0.880860 0.017577 0.023438
0 0.265624 0.853515 0.011720 0.015624
0 0.306640 0.859374 0.015623 0.019531
0 0.363280 0.884767 0.015623 0.015624
0 0.387696 0.914064 0.013674 0.015624
0 0.468752 0.898436 0.015623 0.015624
0 0.441404 0.879885 0.019531 0.021483
0 0.647463 0.829101 0.017577 0.021483
0 0.704102 0.871095 0.017577 0.019531
0 0.716799 0.917967 0.015623 0.015624
0 0.486329 0.609376 0.019531 0.019531
0 0.554688 0.508789 0.015623 0.021483
0 0.578127 0.512696 0.019531 0.017580
0 0.761719 0.830077 0.015623 0.015624
0 0.763673 0.851564 0.023439 0.023438
0 0.228516 0.977540 0.011720 0.021483
0 0.044924 0.995117 0.015623 0.009767
0 0.656252 0.931640 0.015623 0.015624
0 0.566407 0.925781 0.019531 0.015624
0 0.703125 0.939454 0.015623 0.015624
0 0.722656 0.942381 0.019531 0.021483
0 0.919922 0.928712 0.015623 0.017580
0 0.904299 0.985350 0.011720 0.021483
0 0.948241 0.969726 0.013674 0.017580
0 0.550779 0.875978 0.023439 0.021483
0 0.408204 0.470703 0.031251 0.015624
0 0.413085 0.493165 0.021485 0.021483
0 0.388673 0.511721 0.019531 0.019531
0 0.380862 0.534179 0.019531 0.017580
0 0.493163 0.588866 0.013674 0.017580
0 0.115232 0.203126 0.019531 0.019531
0 0.883791 0.764649 0.021485 0.017580
0 0.879882 0.786132 0.021485 0.021483
0 0.946287 0.813477 0.029297 0.029297
0 0.032228 0.857422 0.021485 0.023438
