0 0.686525 0.640624 0.021485 0.023438
0 0.804689 0.884767 0.019531 0.019531
0 0.864260 0.973633 0.021485 0.021483
0 0.337891 0.589845 0.019531 0.019531
0 0.524414 0.497072 0.017577 0.021483
0 0.722656 0.909181 0.023439 0.029297
0 0.151369 0.172853 0.021485 0.021483
0 0.883791 0.703124 0.021485 0.019531
0 0.261721 0.102539 0.019531 0.021483
0 0.833009 0.841798 0.021485 0.023438
0 0.603516 0.595703 0.031251 0.035155
0 0.430662 0.618166 0.017577 0.021483
0 0.576173 0.191404 0.019531 0.023438
0 0.527345 0.703124 0.019531 0.019531
0 0.482421 0.291991 0.019531 0.021483
0 0.752930 0.275391 0.021485 0.019531
0 0.531248 0.156249 0.015623 0.019531
0 0.672852 0.161132 0.013674 0.021483
0 0.969727 0.761718 0.017577 0.019531
0 0.989258 0.755859 0.017577 0.019531
