0 0.062498 0.146483 0.015587 0.012989
0 0.008790 0.537110 0.011689 0.012989
0 0.307620 0.095704 0.014286 0.015586
0 0.024413 0.266601 0.014286 0.014288
0 0.263672 0.382812 0.012990 0.015586
0 0.195313 0.386719 0.012990 0.012989
0 0.084961 0.339843 0.011689 0.012989
0 0.164062 0.498047 0.015587 0.012989
0 0.107423 0.800780 0.015587 0.015586
0 0.343751 0.308595 0.012990 0.012989
0 0.077149 0.763673 0.014286 0.012989
0 0.366213 0.383788 0.011689 0.014288
0 0.082030 0.604493 0.010388 0.011691
0 0.177736 0.740235 0.012990 0.012989
0 0.392578 0.897460 0.010388 0.014288
0 0.029299 0.797853 0.015587 0.014288
0 0.236330 0.185546 0.012990 0.012989
0 0.167971 0.839842 0.012990 0.012989
0 0.148439 0.745118 0.012990 0.014288
0 0.336916 0.396485 0.014286 0.015586
0 0.243164 0.211915 0.014286 0.014288
0 0.147462 0.421875 0.014286 0.020780
0 0.076172 0.689452 0.015587 0.012989
0 0.091795 0.516603 0.012990 0.014288
0 0.033202 0.375978 0.012990 0.014288
0 0.202148 0.678710 0.014286 0.014288
0 0.151366 0.228515 0.014286 0.020780
0 0.045898 0.721680 0.014286 0.019482
0 0.405275 0.994140 0.009092 0.010388
0 0.133789 0.172853 0.014286 0.014288
0 0.051756 0.637697 0.014286 0.014288
0 0.371093 0.064452 0.015587 0.015586
0 0.315431 0.156249 0.014286 0.012989
0 0.291015 0.447264 0.015587 0.012989
0 0.179685 0.416992 0.012990 0.011691
0 0.336916 0.025390 0.011689 0.012989
0 0.167971 0.668945 0.012990 0.014288
0 0.051756 0.212891 0.014286 0.012989
0 0.208010 0.467775 0.011689 0.011691
0 0.386721 0.988281 0.007791 0.012989
0 0.076172 0.204101 0.012990 0.011691
0 0.236330 0.517579 0.015587 0.015586
0 0.021482 0.457030 0.010388 0.010388
0 0.170897 0.242187 0.009092 0.015586
0 0.014648 0.164063 0.014286 0.012989
0 0.146485 0.820311 0.012990 0.015586
0 0.095703 0.455078 0.015587 0.015586
0 0.135743 0.303712 0.014286 0.014288
0 0.449218 0.025390 0.015587 0.012989
0 0.020510 0.943360 0.014286 0.012989
0 0.135743 0.117187 0.011689 0.012989
0 0.541016 0.164063 0.012990 0.012989
0 0.024413 0.895508 0.014286 0.011691
0 0.073241 0.190428 0.009092 0.003896
0 0.311523 0.989257 0.014286 0.014288
0 0.057618 0.384764 0.014286 0.010388
0 0.357419 0.650390 0.012990 0.010388
0 0.361328 0.670900 0.012990 0.014288
0 0.063476 0.709962 0.014286 0.019482
0 0.005200 0.871094 0.010400 0.012989
0 0.160154 0.435547 0.015587 0.012989
0 0.075195 0.626951 0.011689 0.012989
0 0.054687 0.246094 0.012990 0.015586
0 0.132811 0.238280 0.010388 0.012989
0 0.243164 0.162108 0.009092 0.010388
0 0.177736 0.029297 0.007791 0.012989
0 0.212890 0.053711 0.010388 0.014288
0 0.238284 0.055662 0.012990 0.014288
0 0.291015 0.006834 0.012990 0.009094
