0 0.129882 0.121094 0.015613 0.014193
0 0.525390 0.187502 0.017035 0.017033
0 0.043947 0.024415 0.015613 0.015613
0 0.027342 0.983399 0.014195 0.012776
0 0.399415 0.974609 0.012773 0.014193
0 0.151368 0.738280 0.015613 0.014193
0 0.444335 0.943361 0.012773 0.017033
0 0.210938 0.309571 0.017035 0.015613
0 0.872070 0.591797 0.012773 0.014193
0 0.033204 0.092773 0.014195 0.015613
0 0.367187 0.963868 0.011355 0.012776
0 0.976560 0.893553 0.011355 0.009936
0 0.374022 0.165039 0.015613 0.021293
0 0.135740 0.675780 0.015613 0.014193
0 0.994631 0.370116 0.010738 0.015613
0 0.996451 0.812501 0.007098 0.014193
0 0.134768 0.463869 0.014195 0.015613
0 0.913087 0.979492 0.024133 0.024129
0 0.879882 0.473634 0.015613 0.012776
0 0.958983 0.976561 0.011355 0.014193
0 0.496094 0.096680 0.014195 0.012776
0 0.166991 0.210936 0.024133 0.017033
0 0.357422 0.045897 0.014195 0.012776
0 0.041992 0.678711 0.015613 0.012776
0 0.846682 0.812501 0.015613 0.014193
0 0.197264 0.677735 0.017035 0.014193
0 0.008787 0.791015 0.015613 0.014193
0 0.128905 0.431641 0.014195 0.011356
0 0.708987 0.478517 0.017035 0.022709
0 0.554687 0.944337 0.011355 0.012776
0 0.083986 0.795898 0.014195 0.009936
0 0.717775 0.104491 0.015613 0.015613
0 0.490236 0.957030 0.017035 0.014193
0 0.513671 0.798829 0.014195 0.014193
0 0.329102 0.138670 0.012773 0.014193
0 0.719724 0.387696 0.015613 0.015613
0 0.846682 0.939454 0.015613 0.014193
0 0.969726 0.792970 0.015613 0.014193
0 0.094728 0.221681 0.015613 0.015613
0 0.083986 0.174805 0.014195 0.015613
0 0.284177 0.941405 0.021293 0.014193
0 0.101563 0.572266 0.014195 0.014193
0 0.579103 0.189453 0.015613 0.014193
0 0.252932 0.755860 0.015613 0.011356
0 0.611326 0.125977 0.014195 0.015613
0 0.884767 0.324220 0.014195 0.014193
0 0.343748 0.119139 0.014195 0.011356
0 0.809569 0.565431 0.021293 0.021293
0 0.347656 0.959961 0.014195 0.015613
0 0.810546 0.967775 0.011355 0.015613
0 0.963869 0.407227 0.015613 0.015613
0 0.885744 0.890626 0.015613 0.014193
0 0.437500 0.169922 0.014195 0.017033
0 0.749998 0.028322 0.014195 0.012776
0 0.673828 0.367189 0.014195 0.014193
0 0.950195 0.349609 0.015613 0.014193
0 0.930664 0.961912 0.015613 0.015613
0 0.219727 0.079101 0.021293 0.021293
0 0.875978 0.651366 0.012773 0.012776
0 0.859374 0.256836 0.014195 0.015613
0 0.893555 0.539062 0.012773 0.014193
0 0.430666 0.825194 0.012773 0.009936
0 0.515625 0.866212 0.017035 0.009936
0 0.696290 0.780274 0.015613 0.015613
0 0.799803 0.519531 0.015613 0.017033
0 0.433592 0.185546 0.022710 0.022709
0 0.786134 0.788088 0.015613 0.009936
0 0.334959 0.193360 0.015613 0.011356
0 0.410158 0.837891 0.011355 0.014193
0 0.337890 0.829101 0.014195 0.009936
0 0.386718 0.079101 0.014195 0.012776
0 0.901367 0.424806 0.015613 0.015613
0 0.686525 0.992189 0.012773 0.011356
0 0.183596 0.967775 0.011355 0.012776
0 0.787111 0.761718 0.014195 0.014193
0 0.036135 0.899416 0.012773 0.012776
0 0.194338 0.517579 0.015613 0.014193
0 0.185545 0.151367 0.014195 0.015613
0 0.811523 0.366209 0.015613 0.012776
0 0.729490 0.436524 0.021293 0.012776
0 0.189453 0.461913 0.017035 0.015613
0 0.946292 0.527345 0.015613 0.014193
0 0.195310 0.765625 0.014195 0.014193
0 0.101563 0.370116 0.017035 0.012776
0 0.613280 0.016601 0.014195 0.015613
0 0.503905 0.903319 0.014195 0.012776
0 0.716798 0.733397 0.011355 0.012776
0 0.638674 0.276368 0.014195 0.015613
0 0.271486 0.168946 0.017035 0.012776
0 0.240235 0.823243 0.014195 0.012776
0 0.963869 0.872071 0.012773 0.012776
0 0.630857 0.380858 0.014195 0.014193
0 0.037107 0.779298 0.014195 0.014193
0 0.795900 0.909181 0.012773 0.012776
0 0.570315 0.344726 0.014195 0.015613
0 0.455077 0.896485 0.011355 0.014193
0 0.201173 0.851564 0.014195 0.014193
0 0.757815 0.478517 0.014195 0.014193
0 0.040038 0.840819 0.012773 0.012776
0 0.701170 0.712890 0.014195 0.011356
0 0.878905 0.727539 0.008515 0.012776
0 0.257812 0.908202 0.014195 0.017033
0 0.207030 0.252929 0.017035 0.015613
0 0.591795 0.933595 0.022710 0.017033
0 0.793946 0.861329 0.012773 0.011356
0 0.179687 0.827150 0.017035 0.015613
0 0.912110 0.761718 0.014195 0.014193
0 0.228515 0.003682 0.014195 0.007365
0 0.842774 0.908202 0.021293 0.017033
0 0.979491 0.750001 0.012773 0.014193
0 0.354490 0.818360 0.012773 0.014193
0 0.578126 0.906250 0.014195 0.011356
0 0.635743 0.822267 0.009938 0.017033
0 0.130860 0.928712 0.014195 0.015613
0 0.725587 0.899416 0.015613 0.015613
0 0.177733 0.533203 0.017035 0.017033
0 0.872070 0.837891 0.015613 0.014193
0 0.007322 0.851564 0.014645 0.014193
0 0.642577 0.156250 0.014195 0.014193
0 0.146482 0.799805 0.014195 0.012776
0 0.540041 0.341795 0.015613 0.017033
0 0.903321 0.610352 0.015613 0.015613
0 0.277343 0.217774 0.011355 0.015613
0 0.299805 0.229491 0.009938 0.012776
0 0.148436 0.572266 0.014195 0.014193
0 0.250000 0.728515 0.014195 0.011356
0 0.181641 0.583983 0.008515 0.014193
0 0.621092 0.358399 0.011355 0.012776
0 0.196287 0.592773 0.009938 0.015613
0 0.209961 0.577148 0.012773 0.009936
0 0.282228 0.725587 0.012773 0.015613
0 0.297851 0.743163 0.021293 0.021293
0 0.323245 0.746094 0.015613 0.017033
0 0.702147 0.495117 0.015613 0.021293
0 0.896487 0.477537 0.011355 0.015613
0 0.667971 0.767577 0.011355 0.014193
0 0.655274 0.811522 0.012773 0.009936
0 0.586915 0.845701 0.015613 0.017033
0 0.589846 0.817384 0.011355 0.012776
0 0.030273 0.862305 0.012773 0.015613
0 0.164064 0.856447 0.011355 0.012776
0 0.143556 0.882812 0.007098 0.008516
0 0.158202 0.891602 0.017035 0.026969
0 0.184573 0.893553 0.015613 0.009936
0 0.303708 0.878905 0.012773 0.014193
0 0.596680 0.996184 0.012773 0.007631
0 0.655274 0.916016 0.015613 0.014193
0 0.686525 0.849608 0.012773 0.011356
0 0.718752 0.836915 0.011355 0.012776
0 0.710936 0.877929 0.011355 0.009936
0 0.860351 0.715822 0.012773 0.015613
0 0.838865 0.853515 0.012773 0.011356
0 0.699216 0.970702 0.017035 0.014193
0 0.264646 0.930664 0.007098 0.009936
0 0.187499 0.481444 0.014195 0.012776
0 0.100586 0.182619 0.012773 0.012776
0 0.585938 0.948244 0.011355 0.012776
0 0.937498 0.808594 0.011355 0.014193
0 0.738284 0.456055 0.011355 0.021293
0 0.075197 0.767577 0.012773 0.014193
0 0.760741 0.819336 0.012773 0.012776
0 0.762695 0.839843 0.015613 0.017033
0 0.824219 0.910157 0.011355 0.014193
0 0.773438 0.970702 0.014195 0.017033
0 0.753906 0.974609 0.011355 0.014193
0 0.303708 0.163088 0.015613 0.015613
0 0.861328 0.427734 0.014195 0.014193
0 0.267572 0.793012 0.019425 0.019425
0 0.248153 0.792040 0.019425 0.021365
