0 0.311524 0.529296 0.014286 0.015586
0 0.749025 0.643555 0.014286 0.014288
0 0.294924 0.798829 0.012990 0.012989
0 0.347655 0.286133 0.012990 0.014288
0 0.336912 0.665038 0.011689 0.011691
0 0.407225 0.510741 0.014286 0.014288
0 0.621096 0.612303 0.015587 0.014288
0 0.756837 0.540037 0.019481 0.014288
0 0.581056 0.747070 0.011689 0.011691
0 0.824218 0.535155 0.012990 0.015586
0 0.504881 0.081056 0.019481 0.019482
0 0.794922 0.499023 0.012990 0.014288
0 0.477538 0.898436 0.019481 0.012989
0 0.107424 0.448244 0.012990 0.014288
0 0.152344 0.568358 0.012990 0.012989
0 0.816407 0.894533 0.012990 0.015586
0 0.521486 0.851563 0.015587 0.015586
0 0.675781 0.913084 0.015587 0.014288
0 0.633787 0.416016 0.019481 0.015586
0 0.388671 0.748045 0.012990 0.012989
0 0.685546 0.481444 0.012990 0.014288
0 0.157229 0.339843 0.011689 0.012989
0 0.757814 0.711914 0.012990 0.011691
0 0.524412 0.732421 0.014286 0.015586
0 0.493166 0.398437 0.019481 0.015586
0 0.548829 0.619141 0.012990 0.012989
0 0.898440 0.205077 0.012990 0.012989
0 0.366209 0.838867 0.014286 0.014288
0 0.713866 0.750001 0.014286 0.015586
0 0.525389 0.373047 0.015587 0.015586
0 0.906251 0.004872 0.015587 0.009745
0 0.422853 0.310547 0.014286 0.012989
0 0.074219 0.958985 0.023379 0.023377
0 0.535155 0.329102 0.010388 0.014288
0 0.106447 0.586914 0.011689 0.011691
0 0.504881 0.502930 0.014286 0.014288
0 0.563474 0.171873 0.022083 0.020780
0 0.026368 0.372071 0.014286 0.014288
0 0.108396 0.873046 0.014286 0.012989
0 0.615233 0.065428 0.020782 0.019482
0 0.071288 0.339843 0.011689 0.015586
0 0.197263 0.170898 0.012990 0.011691
0 0.966799 0.439454 0.012990 0.012989
0 0.042968 0.438475 0.012990 0.014288
0 0.331055 0.006177 0.014286 0.012353
0 0.804687 0.202150 0.015587 0.011691
0 0.816407 0.646483 0.012990 0.012989
0 0.114259 0.166991 0.014286 0.014288
0 0.707032 0.419923 0.012990 0.012989
0 0.966799 0.041014 0.012990 0.012989
0 0.491212 0.524413 0.014286 0.011691
0 0.481447 0.244139 0.014286 0.015586
0 0.922851 0.272460 0.014286 0.014288
0 0.436522 0.879884 0.014286 0.014288
0 0.559571 0.112304 0.019481 0.019482
0 0.333986 0.478517 0.012990 0.012989
0 0.316404 0.625000 0.012990 0.012989
0 0.570314 0.218750 0.012990 0.015586
0 0.075196 0.216798 0.011689 0.012989
0 0.532229 0.775390 0.011689 0.012989
0 0.114259 0.056642 0.011689 0.012989
0 0.136721 0.285157 0.015587 0.012989
0 0.467773 0.978516 0.019481 0.012989
0 0.338866 0.126953 0.011689 0.012989
0 0.097659 0.346681 0.012990 0.011691
0 0.352540 0.532227 0.014286 0.011691
0 0.160155 0.226564 0.012990 0.012989
0 0.214845 0.111328 0.012990 0.012989
0 0.400391 0.166991 0.012990 0.011691
0 0.102539 0.391602 0.014286 0.014288
0 0.457030 0.847656 0.012990 0.015586
0 0.330078 0.812501 0.012990 0.010388
0 0.532229 0.220705 0.014286 0.012989
0 0.568360 0.339843 0.012990 0.012989
0 0.792968 0.047852 0.015587 0.009094
0 0.071288 0.055662 0.014286 0.011691
0 0.753905 0.041994 0.012990 0.014288
0 0.012695 0.106446 0.011689 0.014288
0 0.289062 0.224608 0.012990 0.012989
0 0.508789 0.549803 0.011689 0.011691
0 0.848635 0.387695 0.011689 0.014288
0 0.553709 0.436523 0.014286 0.014288
0 0.359375 0.429689 0.010388 0.012989
0 0.239257 0.234374 0.011689 0.012989
0 0.945313 0.021483 0.012990 0.015586
0 0.045900 0.012697 0.009092 0.011691
0 0.819338 0.144532 0.014286 0.012989
0 0.266599 0.329102 0.014286 0.014288
0 0.562502 0.779297 0.012990 0.012989
0 0.306639 0.279298 0.012990 0.012989
0 0.823241 0.096680 0.014286 0.011691
0 0.601565 0.823242 0.012990 0.014288
0 0.297850 0.174805 0.009092 0.011691
0 0.128904 0.022463 0.012990 0.011691
0 0.249022 0.374023 0.014286 0.011691
0 0.260742 0.398437 0.014286 0.012989
0 0.016603 0.284181 0.014286 0.014288
0 0.774414 0.051759 0.011689 0.011691
0 0.775391 0.079101 0.012990 0.011691
0 0.802733 0.072266 0.012990 0.012989
0 0.795899 0.092773 0.014286 0.014288
0 0.615233 0.376954 0.010388 0.015586
0 0.207029 0.204101 0.012990 0.011691
0 0.365232 0.031248 0.012990 0.015586
0 0.665038 0.354492 0.011689 0.011691
0 0.636719 0.356447 0.010388 0.011691
0 0.653319 0.375978 0.014286 0.014288
0 0.499024 0.455078 0.011689 0.012989
0 0.522463 0.434572 0.014286 0.011691
0 0.522463 0.465820 0.011689 0.011691
0 0.593748 0.514648 0.012990 0.011691
0 0.576171 0.533203 0.007791 0.010388
0 0.274416 0.083007 0.011689 0.011691
0 0.204103 0.032228 0.011689 0.011691
0 0.227537 0.044921 0.009092 0.010388
0 0.621096 0.223632 0.010388 0.011691
0 0.242188 0.198243 0.010388 0.011691
0 0.374025 0.158205 0.014286 0.015586
0 0.213868 0.285157 0.014286 0.012989
0 0.300781 0.307615 0.015587 0.014288
0 0.209960 0.307615 0.011689 0.011691
0 0.212891 0.344726 0.012990 0.011691
0 0.112304 0.241212 0.014286 0.011691
0 0.118162 0.262695 0.011689 0.011691
0 0.032226 0.262695 0.014286 0.011691
0 0.020506 0.144532 0.009092 0.010388
0 0.277342 0.101563 0.010388 0.012989
0 0.092773 0.178712 0.009092 0.009094
0 0.033203 0.239256 0.012990 0.014288
0 0.081054 0.026366 0.009092 0.009094
0 0.104493 0.024414 0.009092 0.009094
0 0.041014 0.173829 0.010388 0.012989
0 0.026368 0.209960 0.011689 0.011691
0 0.046877 0.206053 0.007791 0.009094
0 0.271485 0.057618 0.010388 0.011691
0 0.285158 0.045897 0.012990 0.014288
0 0.653319 0.791990 0.011689 0.011691
0 0.674804 0.791990 0.011689 0.011691
0 0.226565 0.664062 0.015587 0.015586
0 0.750002 0.921874 0.012990 0.012989
0 0.776368 0.930664 0.019481 0.011691
0 0.181640 0.231446 0.019531 0.017580
0 0.439453 0.792970 0.019531 0.023438
0 0.415037 0.803711 0.013674 0.021483
