0 0.304688 0.476562 0.014195 0.014193
0 0.156251 0.363282 0.017035 0.017033
0 0.288083 0.386720 0.015613 0.014193
0 0.130857 0.684570 0.017035 0.015613
0 0.536131 0.544921 0.012773 0.014193
0 0.366213 0.445313 0.012773 0.014193
0 0.118166 0.365233 0.015613 0.014193
0 0.237307 0.345702 0.015613 0.017033
0 0.108400 0.007321 0.015613 0.014641
0 0.029299 0.756836 0.014195 0.015613
0 0.048830 0.113280 0.014195 0.014193
0 0.314454 0.032225 0.014195 0.015613
0 0.146485 0.168946 0.014195 0.015613
0 0.047853 0.591797 0.015613 0.017033
0 0.286134 0.826170 0.015613 0.011356
0 0.445315 0.407227 0.014195 0.015613
0 0.297854 0.225584 0.015613 0.021293
0 0.051756 0.629883 0.012773 0.012776
0 0.090818 0.073242 0.015613 0.009936
0 0.232421 0.436524 0.017035 0.015613
0 0.020510 0.647463 0.012773 0.012776
0 0.072264 0.583983 0.014195 0.014193
0 0.081052 0.722656 0.012773 0.014193
0 0.312500 0.536135 0.017035 0.015613
0 0.239256 0.593748 0.015613 0.014193
0 0.335939 0.777342 0.014195 0.017033
0 0.259764 0.763674 0.014195 0.014193
0 0.129880 0.500000 0.012773 0.014193
0 0.058595 0.527345 0.017035 0.017033
0 0.208010 0.071291 0.012773 0.012776
0 0.012694 0.542969 0.015613 0.014193
0 0.128908 0.551759 0.014195 0.012776
0 0.397459 0.213867 0.015613 0.015613
0 0.006344 0.918947 0.012688 0.015613
0 0.232421 0.900392 0.014195 0.014193
0 0.078126 0.981443 0.011355 0.009936
0 0.339842 0.690428 0.017035 0.015613
0 0.191405 0.766601 0.014195 0.015613
0 0.176759 0.190429 0.015613 0.012776
0 0.035156 0.184571 0.017035 0.015613
0 0.148439 0.605469 0.017035 0.017033
0 0.206056 0.850584 0.015613 0.015613
0 0.091795 0.833008 0.014195 0.012776
0 0.206056 0.366209 0.021293 0.015613
0 0.088869 0.898436 0.015613 0.014193
0 0.092772 0.286133 0.015613 0.015613
0 0.338865 0.135743 0.015613 0.015613
0 0.129880 0.621093 0.015613 0.014193
0 0.160154 0.876953 0.014195 0.014193
0 0.363282 0.765625 0.017035 0.014193
0 0.169920 0.623045 0.014195 0.017033
0 0.329100 0.404296 0.009938 0.011356
0 0.684568 0.416017 0.009938 0.011356
0 0.016602 0.836915 0.012773 0.012776
0 0.175782 0.413085 0.008515 0.015613
0 0.208982 0.435548 0.014195 0.014193
0 0.242187 0.541017 0.011355 0.011356
0 0.231444 0.565431 0.015613 0.012776
0 0.140623 0.798829 0.011355 0.014193
0 0.051756 0.766601 0.009938 0.012776
0 0.176759 0.800781 0.015613 0.022709
0 0.160154 0.816405 0.017035 0.014193
0 0.299803 0.244140 0.015613 0.014193
0 0.089846 0.047853 0.014195 0.012776
0 0.168948 0.054687 0.012773 0.014193
