0 0.294924 0.003247 0.012990 0.006495
0 0.201171 0.532227 0.012990 0.014288
0 0.477538 0.099608 0.019481 0.012989
0 0.816407 0.095704 0.012990 0.015586
0 0.521486 0.052735 0.015587 0.015586
0 0.675781 0.114256 0.015587 0.014288
0 0.366209 0.040038 0.014286 0.014288
0 0.130858 0.409178 0.015587 0.014288
0 0.074219 0.160156 0.023379 0.023377
0 0.108396 0.074218 0.014286 0.012989
0 0.436522 0.081056 0.014286 0.014288
0 0.467773 0.179688 0.019481 0.012989
0 0.275393 0.500975 0.012990 0.014288
0 0.457030 0.048828 0.012990 0.015586
0 0.330078 0.013673 0.012990 0.010388
0 0.833984 0.367189 0.007791 0.007791
0 0.601565 0.024414 0.012990 0.014288
0 0.750002 0.123046 0.012990 0.012989
0 0.776368 0.131835 0.019481 0.011691
0 0.602537 0.811522 0.022083 0.019482
0 0.415037 0.007812 0.013674 0.015625
