0 0.812501 0.139649 0.028390 0.015613
0 0.543945 0.719728 0.021293 0.024129
0 0.609373 0.547851 0.017035 0.015613
0 0.923830 0.225588 0.025550 0.024129
0 0.721680 0.921874 0.015613 0.017033
0 0.140626 0.973633 0.014195 0.015613
0 0.032228 0.638672 0.015613 0.017033
0 0.638670 0.585938 0.014195 0.014193
0 0.222654 0.940429 0.014195 0.015613
0 0.754885 0.288084 0.015613 0.015613
0 0.799804 0.362305 0.015613 0.015613
0 0.854494 0.692383 0.015613 0.012776
0 0.190431 0.618165 0.015613 0.021293
0 0.223631 0.682617 0.024133 0.024129
0 0.640624 0.873046 0.017035 0.014193
0 0.290041 0.486327 0.032648 0.017033
0 0.274413 0.519530 0.024128 0.022709
