0 0.066404 0.865236 0.024999 0.028123
0 0.553710 0.098632 0.017187 0.017185
0 0.348633 0.785156 0.017187 0.018749
0 0.135740 0.053711 0.017187 0.014064
0 0.410158 0.957033 0.018752 0.015624
0 0.791992 0.914064 0.017187 0.015624
0 0.012696 0.085939 0.017187 0.015624
0 0.143557 0.157225 0.017187 0.017185
0 0.380861 0.336912 0.015623 0.017185
0 0.261720 0.402344 0.015623 0.015624
0 0.425781 0.279299 0.018752 0.018749
0 0.191407 0.036131 0.015623 0.017185
0 0.730467 0.822267 0.028122 0.028123
0 0.670897 0.073242 0.017187 0.017185
0 0.068358 0.059570 0.018752 0.017185
0 0.315429 0.575197 0.023439 0.017185
0 0.752930 0.005760 0.014064 0.011520
0 0.412107 0.582031 0.015623 0.015624
0 0.734376 0.132811 0.024999 0.028123
0 0.162111 0.125001 0.018752 0.018749
0 0.773438 0.125977 0.015623 0.017185
0 0.656251 0.286133 0.015623 0.017185
0 0.436523 0.225584 0.017187 0.017185
0 0.520505 0.176756 0.017187 0.017185
0 0.977538 0.083008 0.023439 0.023438
0 0.785158 0.024414 0.015623 0.017185
0 0.680663 0.168946 0.014064 0.014064
0 0.304686 0.078125 0.018752 0.018749
0 0.684571 0.642580 0.017187 0.018749
0 0.453123 0.244139 0.015623 0.015624
0 0.436523 0.175781 0.017187 0.015624
0 0.558596 0.297850 0.015623 0.017185
0 0.457032 0.105470 0.015623 0.009374
0 0.468751 0.125001 0.018752 0.018749
0 0.295897 0.096680 0.014064 0.014064
0 0.939452 0.165039 0.024999 0.023438
0 0.991212 0.416992 0.010940 0.017185
