0 0.538088 0.958986 0.021485 0.019531
0 0.158203 0.848634 0.019531 0.021483
0 0.409181 0.348635 0.021485 0.021483
0 0.433593 0.585939 0.023439 0.023438
0 0.161134 0.598632 0.021485 0.021483
0 0.900391 0.579101 0.019531 0.021483
0 0.349611 0.609374 0.019531 0.019531
0 0.064456 0.528322 0.019531 0.021483
0 0.797850 0.181641 0.021485 0.023438
0 0.820312 0.264648 0.019531 0.021483
0 0.219727 0.961914 0.021485 0.021483
0 0.210939 0.246093 0.019531 0.019531
0 0.250001 0.150392 0.023439 0.023438
0 0.573242 0.080078 0.021485 0.023438
0 0.430662 0.306641 0.021485 0.023438
0 0.502929 0.251955 0.021485 0.023438
0 0.478517 0.184572 0.019531 0.021483
0 0.530271 0.097657 0.021485 0.023438
0 0.422850 0.056640 0.021485 0.031248
0 0.257813 0.051757 0.019531 0.021483
0 0.043947 0.632812 0.021485 0.023438
0 0.009765 0.898437 0.019531 0.019531
0 0.488283 0.542970 0.023439 0.031248
0 0.442381 0.169923 0.021485 0.023438
0 0.828124 0.480470 0.023439 0.023438
0 0.384765 0.860351 0.050782 0.044921
0 0.235350 0.354493 0.021485 0.033204
0 0.595704 0.991210 0.023439 0.017580
0 0.530271 0.160158 0.021485 0.023438
0 0.892579 0.444335 0.031251 0.056642
0 0.687502 0.654298 0.023439 0.023438
0 0.717771 0.634767 0.021485 0.015624
0 0.260744 0.354493 0.017577 0.021483
0 0.505860 0.136720 0.015623 0.035155
0 0.567385 0.985352 0.021485 0.029297
0 0.032228 0.762695 0.021485 0.021483
0 0.338868 0.752930 0.021485 0.021483
