0 0.553713 0.030273 0.021485 0.021483
0 0.890627 0.042970 0.023439 0.023438
0 0.619141 0.066408 0.019531 0.019531
0 0.143554 0.930664 0.021485 0.021483
0 0.277346 0.535155 0.023439 0.023438
0 0.344728 0.026366 0.021485 0.021483
0 0.829103 0.225584 0.021485 0.021483
0 0.343751 0.326171 0.023439 0.023438
0 0.628906 0.268553 0.019531 0.021483
0 0.899416 0.543945 0.021485 0.021483
0 0.508788 0.985350 0.021485 0.021483
0 0.356447 0.840822 0.021485 0.021483
0 0.770509 0.184570 0.021485 0.021483
0 0.168948 0.090822 0.021485 0.021483
0 0.070315 0.431641 0.019531 0.019531
0 0.379882 0.155274 0.029297 0.029297
0 0.645506 0.819336 0.021485 0.021483
0 0.958009 0.060545 0.021485 0.023438
0 0.418944 0.513672 0.021485 0.023438
0 0.637695 0.965819 0.021485 0.021483
0 0.500977 0.461913 0.021485 0.021483
0 0.383790 0.730470 0.021485 0.023438
0 0.419921 0.362306 0.023439 0.021483
0 0.803709 0.035156 0.021485 0.023438
0 0.992187 0.335937 0.015625 0.019531
0 0.647460 0.454103 0.021485 0.021483
0 0.644529 0.692383 0.019531 0.021483
0 0.526365 0.305664 0.021485 0.021483
0 0.713865 0.566407 0.021485 0.019531
0 0.527342 0.392578 0.035154 0.035155
0 0.018556 0.254885 0.021485 0.021483
0 0.825194 0.009765 0.021485 0.019530
0 0.810549 0.154298 0.015623 0.015624
0 0.911130 0.266602 0.013674 0.017580
0 0.574221 0.791991 0.035154 0.033204
0 0.091795 0.267578 0.035154 0.031248
0 0.734373 0.541993 0.023439 0.029297
0 0.761721 0.302733 0.019531 0.015624
0 0.742190 0.289064 0.015623 0.023438
0 0.067384 0.301757 0.021485 0.017580
0 0.061521 0.279299 0.021485 0.015624
