0 0.186522 0.877930 0.029297 0.021483
0 0.060546 0.267579 0.019531 0.019531
0 0.055666 0.623046 0.021485 0.019531
0 0.046873 0.310548 0.023439 0.019531
0 0.837888 0.743164 0.023439 0.029297
0 0.642577 0.021485 0.019531 0.019531
0 0.197264 0.094726 0.023439 0.021483
0 0.989257 0.880858 0.021485 0.019531
0 0.417969 0.900389 0.023439 0.023438
0 0.642577 0.592774 0.031251 0.029297
0 0.731444 0.905272 0.029297 0.029297
0 0.058592 0.053712 0.019531 0.021483
0 0.957029 0.771485 0.023439 0.023438
0 0.652343 0.284179 0.019531 0.021483
0 0.148436 0.439452 0.019531 0.019531
0 0.574218 0.276369 0.031251 0.037111
0 0.900390 0.693361 0.023439 0.023438
0 0.584961 0.139647 0.021485 0.021483
0 0.592772 0.298827 0.037108 0.035155
0 0.458008 0.424804 0.021485 0.029297
0 0.813477 0.864258 0.017577 0.017580
0 0.016604 0.680664 0.029297 0.021483
0 0.833008 0.930665 0.021485 0.017580
0 0.776369 0.190430 0.021485 0.033204
0 0.709959 0.430662 0.037108 0.037111
0 0.508790 0.392580 0.021485 0.019531
0 0.647462 0.327148 0.021485 0.017580
0 0.623046 0.360352 0.023439 0.029297
0 0.603515 0.208006 0.023439 0.017580
0 0.610349 0.235351 0.029297 0.029297
0 0.610349 0.258789 0.021485 0.021483
0 0.613280 0.333983 0.015623 0.019531
0 0.622069 0.315431 0.033205 0.029297
0 0.563475 0.183592 0.029297 0.019531
0 0.565430 0.208986 0.029297 0.019531
0 0.565430 0.230468 0.021485 0.019531
0 0.701170 0.457032 0.019531 0.019531
0 0.680662 0.463866 0.021485 0.017580
0 0.686525 0.482421 0.017577 0.019531
0 0.128905 0.726564 0.019531 0.031248
0 0.631834 0.985352 0.017577 0.021483
0 0.670897 0.388673 0.021485 0.019531
0 0.663085 0.411131 0.021485 0.021483
