0 0.818357 0.094725 0.019531 0.017580
0 0.060546 0.667970 0.019531 0.019531
0 0.961914 0.183595 0.017577 0.019531
0 0.046873 0.710939 0.023439 0.019531
0 0.845705 0.204102 0.019531 0.017580
0 0.642577 0.421875 0.019531 0.019531
0 0.197264 0.495117 0.023439 0.021483
0 0.251955 0.284182 0.019531 0.017580
0 0.641600 0.076174 0.033205 0.023438
0 0.903321 0.244140 0.021485 0.023438
0 0.642577 0.989258 0.031251 0.021484
0 0.230469 0.315430 0.019531 0.017580
0 0.959960 0.050780 0.017577 0.019531
0 0.244143 0.010742 0.019531 0.021483
0 0.058592 0.454103 0.019531 0.021483
0 0.652343 0.684570 0.019531 0.021483
0 0.148436 0.839843 0.019531 0.019531
0 0.574218 0.676759 0.031251 0.037111
0 0.584961 0.540038 0.021485 0.021483
0 0.592772 0.699218 0.037108 0.035155
0 0.458008 0.825194 0.021485 0.029297
0 0.985354 0.245115 0.017577 0.017580
0 0.776369 0.590821 0.021485 0.033204
0 0.709959 0.831053 0.037108 0.037111
0 0.508790 0.792970 0.021485 0.019531
0 0.647462 0.727539 0.021485 0.017580
0 0.623046 0.760742 0.023439 0.029297
0 0.603515 0.608397 0.023439 0.017580
0 0.610349 0.635742 0.029297 0.029297
0 0.610349 0.659180 0.021485 0.021483
0 0.613280 0.734373 0.015623 0.019531
0 0.622069 0.715822 0.033205 0.029297
0 0.563475 0.583983 0.029297 0.019531
0 0.565430 0.609376 0.029297 0.019531
0 0.565430 0.630859 0.021485 0.019531
0 0.701170 0.857422 0.019531 0.019531
0 0.680662 0.864257 0.021485 0.017580
0 0.686525 0.882812 0.017577 0.019531
0 0.670897 0.789063 0.021485 0.019531
0 0.663085 0.811522 0.021485 0.021483
