0 0.731445 0.603514 0.021485 0.023438
0 0.556642 0.812501 0.023439 0.023438
0 0.490232 0.819336 0.023439 0.021483
0 0.397462 0.926757 0.021485 0.021483
0 0.660155 0.847657 0.023439 0.023438
0 0.853517 0.210936 0.023439 0.023438
0 0.992186 0.389647 0.015627 0.029297
0 0.925779 0.730470 0.019531 0.019531
0 0.670898 0.678711 0.021485 0.021483
0 0.779296 0.095705 0.023439 0.023438
0 0.666017 0.543945 0.023439 0.021483
0 0.030274 0.812501 0.021485 0.023438
0 0.107421 0.612304 0.035154 0.033204
0 0.778319 0.743163 0.021485 0.021483
0 0.288087 0.795898 0.017577 0.021483
0 0.453124 0.732422 0.015623 0.019531
0 0.427736 0.736329 0.023439 0.023438
0 0.320314 0.794922 0.031251 0.035155
0 0.330080 0.761718 0.023439 0.023438
0 0.353514 0.783205 0.011720 0.019531
0 0.791993 0.860350 0.021485 0.013673
