0 0.409181 0.749025 0.021485 0.021483
0 0.433593 0.986330 0.023439 0.023438
0 0.911133 0.373047 0.021485 0.023438
0 0.161134 0.994141 0.021485 0.011718
0 0.900391 0.979492 0.019531 0.021483
0 0.064456 0.928712 0.019531 0.021483
0 0.797850 0.582031 0.021485 0.023438
0 0.820312 0.665038 0.019531 0.021483
0 0.210939 0.646483 0.019531 0.019531
0 0.250001 0.550783 0.023439 0.023438
0 0.573242 0.480469 0.021485 0.023438
0 0.430662 0.707032 0.021485 0.023438
0 0.502929 0.652346 0.021485 0.023438
0 0.478517 0.584962 0.019531 0.021483
0 0.205077 0.017576 0.023439 0.023438
0 0.530271 0.498048 0.021485 0.023438
0 0.422850 0.457030 0.021485 0.031248
0 0.028319 0.050780 0.021485 0.023438
0 0.257813 0.452148 0.019531 0.021483
0 0.488283 0.943361 0.023439 0.031248
0 0.442381 0.570314 0.021485 0.023438
0 0.828124 0.880860 0.023439 0.023438
0 0.235350 0.754884 0.021485 0.033204
0 0.530271 0.560548 0.021485 0.023438
0 0.892579 0.844726 0.031251 0.056642
0 0.260744 0.754884 0.017577 0.021483
0 0.505860 0.537110 0.015623 0.035155
