0 0.134764 0.865236 0.024999 0.028123
0 0.622070 0.098632 0.017187 0.017185
0 0.416993 0.785156 0.017187 0.018749
0 0.204099 0.053711 0.017187 0.014064
0 0.478517 0.957033 0.018752 0.015624
0 0.860351 0.914064 0.017187 0.015624
0 0.081055 0.085939 0.017187 0.015624
0 0.211916 0.157225 0.017187 0.017185
0 0.449221 0.336912 0.015623 0.017185
0 0.015623 0.469727 0.018752 0.017185
0 0.330080 0.402344 0.015623 0.015624
0 0.494140 0.279299 0.018752 0.018749
0 0.259767 0.036131 0.015623 0.017185
0 0.798827 0.822267 0.028122 0.028123
0 0.739256 0.073242 0.017187 0.017185
0 0.033205 0.518555 0.012499 0.023438
0 0.136718 0.059570 0.018752 0.017185
0 0.383788 0.575197 0.023439 0.017185
0 0.028319 0.018556 0.017187 0.017185
0 0.821289 0.005760 0.014064 0.011520
0 0.480466 0.582031 0.015623 0.015624
0 0.802735 0.132811 0.024999 0.028123
0 0.230470 0.125001 0.018752 0.018749
0 0.841797 0.125977 0.015623 0.017185
0 0.724611 0.286133 0.015623 0.017185
0 0.504883 0.225584 0.017187 0.017185
0 0.588865 0.176756 0.017187 0.017185
0 0.853517 0.024414 0.015623 0.017185
0 0.749022 0.168946 0.014064 0.014064
0 0.373045 0.078125 0.018752 0.018749
0 0.752930 0.642580 0.017187 0.018749
0 0.521483 0.244139 0.015623 0.015624
0 0.504883 0.175781 0.017187 0.015624
0 0.626955 0.297850 0.015623 0.017185
0 0.525391 0.105470 0.015623 0.009374
0 0.537111 0.125001 0.018752 0.018749
0 0.364257 0.096680 0.014064 0.014064
0 0.039062 0.709959 0.034374 0.035937
