0 0.583987 0.041994 0.019531 0.021483
0 0.568359 0.572266 0.023439 0.019531
0 0.860353 0.578124 0.021485 0.023438
0 0.118166 0.792970 0.017577 0.019531
0 0.262695 0.656249 0.021485 0.023438
0 0.467772 0.943361 0.017577 0.019531
0 0.396487 0.479493 0.019531 0.021483
0 0.076172 0.747070 0.023439 0.021483
0 0.747070 0.684570 0.017577 0.021483
0 0.142577 0.991212 0.023439 0.017577
0 0.146485 0.526369 0.019531 0.021483
0 0.104492 0.579100 0.029297 0.021483
0 0.958009 0.070311 0.017577 0.019531
0 0.902342 0.423827 0.019531 0.019531
0 0.946289 0.676759 0.021485 0.017580
0 0.834960 0.719725 0.017577 0.017580
0 0.500977 0.204102 0.021485 0.017580
0 0.187502 0.667970 0.023439 0.019531
0 0.058595 0.829101 0.019531 0.017580
0 0.552736 0.262695 0.019531 0.021483
0 0.653323 0.843750 0.021485 0.019531
0 0.385744 0.412110 0.021485 0.019531
0 0.811526 0.197267 0.037108 0.031248
0 0.561524 0.909181 0.021485 0.021483
0 0.535159 0.164064 0.019531 0.019531
0 0.790040 0.972657 0.021485 0.019531
0 0.692385 0.510741 0.021485 0.021483
0 0.481446 0.246095 0.017577 0.019531
0 0.590821 0.950195 0.017577 0.017580
0 0.059572 0.504882 0.021485 0.021483
0 0.439452 0.686525 0.019531 0.021483
0 0.342774 0.299806 0.021485 0.021483
0 0.494142 0.853515 0.019531 0.023438
0 0.883788 0.877929 0.021485 0.021483
0 0.390624 0.930664 0.023439 0.021483
0 0.916993 0.011718 0.021485 0.019531
0 0.533205 0.497069 0.019531 0.021483
0 0.765624 0.151367 0.015623 0.017580
0 0.454103 0.349609 0.021485 0.019531
0 0.514651 0.737304 0.017577 0.017580
0 0.218752 0.192384 0.023439 0.021483
0 0.462892 0.067384 0.019531 0.021483
0 0.077149 0.255861 0.021485 0.019531
0 0.009766 0.415041 0.019533 0.021483
0 0.944335 0.165039 0.029297 0.021483
0 0.525388 0.351561 0.019531 0.019531
0 0.226564 0.928712 0.019531 0.021483
0 0.781252 0.650390 0.015623 0.015624
0 0.477537 0.736329 0.021485 0.031248
0 0.575193 0.133787 0.021485 0.021483
0 0.688477 0.135743 0.029297 0.037111
0 0.465823 0.099608 0.021485 0.023438
0 0.524416 0.245115 0.017577 0.017580
0 0.947267 0.187502 0.019531 0.019531
0 0.848634 0.642580 0.017577 0.019531
0 0.933593 0.884767 0.015623 0.019531
0 0.963866 0.901367 0.017577 0.017580
0 0.940432 0.904299 0.017577 0.019531
0 0.950198 0.917967 0.017577 0.015624
0 0.212890 0.154298 0.015623 0.019531
0 0.719727 0.310547 0.021485 0.019531
0 0.722659 0.291992 0.023439 0.013673
0 0.024413 0.428710 0.017577 0.017580
0 0.865234 0.983399 0.011720 0.013673
0 0.893553 0.988282 0.029297 0.023436
0 0.792967 0.936523 0.011720 0.017580
0 0.760744 0.919923 0.009766 0.015624
0 0.952147 0.874022 0.017577 0.017580
