0 0.064456 0.350585 0.019531 0.021483
0 0.012696 0.543945 0.021485 0.021483
0 0.418947 0.373047 0.021485 0.023438
0 0.080078 0.770508 0.023439 0.021483
0 0.860351 0.992188 0.021485 0.015624
0 0.760742 0.786132 0.021485 0.021483
0 0.779296 0.539062 0.023439 0.023438
0 0.548830 0.195312 0.019531 0.019531
0 0.895505 0.911133 0.021485 0.021483
0 0.327149 0.897460 0.021485 0.021483
0 0.153323 0.423827 0.021485 0.023438
0 0.615235 0.786132 0.019531 0.021483
0 0.628904 0.988281 0.019531 0.023438
0 0.479494 0.205077 0.021485 0.023438
0 0.096678 0.164063 0.021485 0.023438
0 0.411130 0.785156 0.021485 0.023438
0 0.976561 0.715821 0.031251 0.037111
0 0.520506 0.655273 0.021485 0.021483
0 0.936522 0.266602 0.021485 0.021483
0 0.254881 0.250978 0.021485 0.021483
0 0.560545 0.388671 0.023439 0.023438
0 0.426758 0.538086 0.021485 0.021483
0 0.911133 0.378906 0.021485 0.023438
0 0.510740 0.521486 0.021485 0.023438
0 0.151369 0.880860 0.033205 0.031248
0 0.965818 0.126953 0.021485 0.023438
0 0.944338 0.709959 0.021485 0.021483
0 0.801758 0.253905 0.021485 0.023438
0 0.470701 0.849608 0.019531 0.019531
0 0.135741 0.110353 0.021485 0.021483
0 0.484375 0.606445 0.019531 0.021483
0 0.051759 0.310547 0.021485 0.023438
0 0.399416 0.577148 0.021485 0.021483
0 0.780273 0.036131 0.021485 0.021483
0 0.328126 0.586914 0.019531 0.021483
0 0.070313 0.160156 0.019531 0.019531
0 0.988281 0.872070 0.019531 0.021483
0 0.760742 0.369140 0.021485 0.023438
0 0.245116 0.445313 0.021485 0.023438
0 0.137695 0.374023 0.021485 0.021483
0 0.252927 0.628907 0.021485 0.023438
0 0.412108 0.021483 0.019531 0.023438
0 0.319337 0.658204 0.021485 0.023438
0 0.986327 0.781249 0.023439 0.023438
0 0.109375 0.076173 0.031251 0.031248
0 0.450198 0.696290 0.021485 0.021483
0 0.592773 0.574217 0.021485 0.023438
0 0.793947 0.141601 0.021485 0.021483
0 0.132814 0.559569 0.019531 0.021483
0 0.192385 0.604493 0.021485 0.021483
0 0.260744 0.572265 0.021485 0.023438
0 0.216796 0.552734 0.023439 0.023438
0 0.276367 0.689452 0.021485 0.019531
0 0.890625 0.859374 0.019531 0.023438
0 0.828124 0.814453 0.019531 0.023438
0 0.168946 0.259767 0.021485 0.023438
0 0.875974 0.056642 0.017577 0.019531
0 0.528322 0.933595 0.021485 0.023438
0 0.650389 0.853515 0.019531 0.019531
0 0.116209 0.212891 0.021485 0.019531
0 0.183591 0.495117 0.019531 0.021483
0 0.110352 0.571290 0.021485 0.021483
0 0.719725 0.988281 0.021485 0.023438
0 0.717771 0.150391 0.029297 0.023438
0 0.531248 0.745118 0.015623 0.013673
0 0.472655 0.983399 0.019531 0.021483
0 0.208008 0.354492 0.021485 0.021483
0 0.206054 0.381837 0.021485 0.021483
0 0.672852 0.322264 0.021485 0.023438
0 0.207031 0.083983 0.015623 0.019531
0 0.226562 0.076173 0.019531 0.019531
0 0.256836 0.038087 0.021485 0.021483
0 0.849609 0.007812 0.019531 0.015625
0 0.173826 0.045897 0.019531 0.021483
0 0.009765 0.410158 0.019531 0.019531
0 0.340822 0.146484 0.021485 0.023438
0 0.322263 0.132811 0.015623 0.015624
0 0.628904 0.281250 0.019531 0.023438
0 0.612304 0.291991 0.009766 0.009766
