0 0.384765 0.144530 0.017035 0.017033
0 0.414062 0.705078 0.017035 0.014193
0 0.451170 0.861327 0.014195 0.011356
0 0.306641 0.218751 0.014195 0.014193
0 0.273436 0.249999 0.011355 0.011356
0 0.607424 0.835937 0.014195 0.014193
0 0.826170 0.583008 0.014195 0.012776
0 0.738280 0.820313 0.014195 0.014193
0 0.950196 0.337890 0.015613 0.014193
0 0.758788 0.312500 0.015613 0.014193
0 0.292967 0.734374 0.014195 0.014193
0 0.934568 0.275389 0.015613 0.014193
0 0.963870 0.614256 0.012773 0.015613
0 0.409182 0.444335 0.015613 0.015613
0 0.970704 0.743164 0.014195 0.012776
0 0.529295 0.731447 0.014195 0.015613
0 0.216797 0.077147 0.014195 0.015613
0 0.651367 0.887696 0.015613 0.015613
0 0.933596 0.063478 0.014195 0.015613
0 0.678709 0.650391 0.012773 0.014193
0 0.421873 0.556639 0.017035 0.017033
0 0.633790 0.432618 0.015613 0.012776
0 0.017577 0.418945 0.017035 0.012776
0 0.503906 0.589843 0.014195 0.017033
0 0.451170 0.897462 0.014195 0.015613
0 0.840821 0.278320 0.015613 0.012776
0 0.536134 0.912110 0.015613 0.014193
0 0.057616 0.062498 0.012773 0.014193
0 0.993787 0.277345 0.012425 0.014193
0 0.807616 0.390624 0.015613 0.014193
0 0.927733 0.031250 0.014195 0.011356
0 0.992680 0.649416 0.014640 0.015613
0 0.374023 0.209961 0.012773 0.015613
0 0.092775 0.139647 0.015613 0.015613
0 0.541014 0.416994 0.014195 0.015613
0 0.882814 0.395507 0.014195 0.009936
0 0.425782 0.649416 0.014195 0.015613
0 0.727537 0.009767 0.015613 0.014193
0 0.122072 0.727540 0.012773 0.012776
0 0.934568 0.789061 0.015613 0.017033
0 0.743165 0.556639 0.015613 0.014193
0 0.904299 0.635743 0.017035 0.015613
0 0.835935 0.975586 0.014195 0.012776
0 0.959961 0.693361 0.015613 0.014193
0 0.900391 0.171875 0.014195 0.014193
0 0.113284 0.516601 0.011355 0.012776
0 0.386719 0.968752 0.011355 0.014193
0 0.842775 0.700195 0.021293 0.021293
0 0.200197 0.822264 0.015613 0.017033
0 0.457032 0.948241 0.017035 0.012776
0 0.724611 0.678712 0.014195 0.015613
0 0.178711 0.410155 0.012773 0.014193
0 0.654298 0.926758 0.014195 0.015613
0 0.714845 0.402345 0.014195 0.014193
0 0.841798 0.875975 0.011355 0.012776
0 0.644532 0.564453 0.014195 0.014193
0 0.085936 0.475587 0.014195 0.012776
0 0.903322 0.952148 0.015613 0.012776
0 0.982424 0.567384 0.011355 0.012776
0 0.834963 0.499025 0.012773 0.012776
0 0.992680 0.117189 0.014640 0.014193
0 0.319337 0.500001 0.012773 0.011356
0 0.706057 0.939451 0.015613 0.014193
0 0.833986 0.636719 0.014195 0.014193
0 0.592773 0.691405 0.012773 0.017033
0 0.988281 0.061523 0.017035 0.015613
0 0.993520 0.365235 0.012959 0.014193
0 0.582031 0.859375 0.014195 0.014193
0 0.287110 0.485353 0.008515 0.009936
0 0.315429 0.539063 0.015613 0.014193
0 0.096679 0.891603 0.012773 0.012776
0 0.121095 0.871092 0.011355 0.014193
0 0.970704 0.808592 0.011355 0.014193
0 0.470701 0.241210 0.014195 0.012776
0 0.835935 0.378907 0.014195 0.014193
0 0.985350 0.945314 0.015613 0.014193
0 0.838866 0.440428 0.012773 0.012776
0 0.271487 0.899413 0.014195 0.012776
0 0.878906 0.851561 0.011355 0.014193
0 0.359377 0.284179 0.014195 0.012776
0 0.978515 0.426759 0.017035 0.015613
0 0.930665 0.849610 0.021293 0.022709
0 0.929688 0.528322 0.014195 0.015613
0 0.548826 0.829103 0.014195 0.012776
0 0.011720 0.300783 0.008515 0.017033
0 0.590819 0.526366 0.012773 0.012776
0 0.976561 0.132813 0.017035 0.017033
0 0.758788 0.548829 0.015613 0.014193
0 0.805667 0.451173 0.015613 0.014193
0 0.945311 0.399414 0.014195 0.012776
0 0.625001 0.973635 0.017035 0.012776
0 0.460936 0.444335 0.014195 0.009936
0 0.947265 0.171875 0.014195 0.014193
0 0.980470 0.183592 0.008515 0.014193
0 0.995073 0.192382 0.009853 0.015613
0 0.393554 0.551756 0.012773 0.012776
0 0.116210 0.671874 0.012773 0.011356
0 0.829101 0.461914 0.012773 0.015613
0 0.742188 0.491211 0.011355 0.012776
0 0.757811 0.505859 0.014195 0.014193
0 0.962893 0.456056 0.011355 0.012776
0 0.942384 0.482421 0.007098 0.008516
0 0.957030 0.491211 0.017035 0.026969
0 0.983401 0.493163 0.015613 0.009936
0 0.490232 0.467773 0.008515 0.007096
0 0.469724 0.471680 0.015613 0.012776
0 0.476563 0.485353 0.011355 0.015613
0 0.629881 0.104492 0.009938 0.012776
0 0.645509 0.121096 0.012773 0.011356
0 0.986327 0.081054 0.014195 0.012776
0 0.037108 0.304686 0.011355 0.014193
0 0.874025 0.367186 0.012773 0.014193
0 0.680663 0.676757 0.009938 0.012776
0 0.787107 0.673829 0.011355 0.008516
0 0.076170 0.763671 0.014195 0.014193
0 0.486329 0.657226 0.014195 0.009936
0 0.493163 0.680664 0.015613 0.015613
0 0.694337 0.980469 0.012773 0.011356
0 0.937499 0.972655 0.014195 0.014193
0 0.715822 0.989259 0.009938 0.009936
0 0.750976 0.684571 0.015613 0.012776
0 0.791993 0.859375 0.009938 0.014193
0 0.813478 0.862306 0.012773 0.012776
0 0.951173 0.833010 0.014195 0.012776
0 0.826170 0.687498 0.014195 0.014193
0 0.884768 0.632812 0.011355 0.014193
0 0.892579 0.614256 0.014195 0.009936
0 0.545899 0.800782 0.015613 0.014193
0 0.668944 0.843751 0.012773 0.014193
0 0.684572 0.833985 0.012773 0.011356
