0 0.818357 0.893553 0.019531 0.017580
0 0.749998 0.625000 0.019531 0.023438
0 0.678713 0.041994 0.021485 0.021483
0 0.059569 0.388671 0.021485 0.019531
0 0.917967 0.373047 0.019531 0.019531
0 0.637697 0.368164 0.017577 0.017580
0 0.364256 0.166015 0.017577 0.019531
0 0.757815 0.247071 0.019531 0.021483
0 0.762695 0.036131 0.021485 0.017580
0 0.652343 0.419923 0.019531 0.019531
0 0.007813 0.094725 0.015627 0.017580
0 0.479494 0.704101 0.021485 0.021483
0 0.247069 0.407227 0.017577 0.017580
0 0.681639 0.490234 0.019531 0.019531
0 0.757815 0.568358 0.019531 0.023438
0 0.120117 0.136718 0.021485 0.019531
0 0.468751 0.151367 0.019531 0.021483
0 0.669920 0.256836 0.019531 0.021483
0 0.961914 0.982423 0.017577 0.019531
0 0.895510 0.577148 0.021485 0.017580
0 0.162110 0.043945 0.019531 0.021483
0 0.369141 0.549803 0.019531 0.021483
0 0.025392 0.706056 0.019531 0.021483
0 0.921875 0.537110 0.019531 0.019531
0 0.688479 0.599610 0.021485 0.019531
0 0.451174 0.619142 0.023439 0.023438
0 0.813477 0.656248 0.021485 0.023438
0 0.823242 0.584962 0.021485 0.021483
0 0.769529 0.686525 0.019531 0.017580
0 0.641600 0.875002 0.033205 0.023438
0 0.708987 0.351561 0.019531 0.015624
0 0.713867 0.548827 0.017577 0.019531
0 0.959960 0.849608 0.017577 0.019531
0 0.564452 0.343750 0.019531 0.019531
0 0.359376 0.312498 0.023439 0.019531
0 0.607423 0.564451 0.019531 0.019531
0 0.574218 0.764649 0.019531 0.021483
0 0.494139 0.425782 0.019531 0.015624
0 0.574218 0.153322 0.019531 0.017580
0 0.244143 0.809570 0.019531 0.021483
0 0.387695 0.036131 0.021485 0.021483
0 0.916018 0.021483 0.019531 0.019531
0 0.638674 0.105470 0.019531 0.019531
0 0.978514 0.605469 0.015623 0.019531
0 0.553710 0.304688 0.021485 0.019531
0 0.314451 0.697266 0.019531 0.019531
0 0.743164 0.440430 0.021485 0.021483
0 0.982423 0.205077 0.019531 0.023438
0 0.280274 0.536134 0.021485 0.021483
0 0.020507 0.621093 0.021485 0.019531
0 0.268554 0.453123 0.021485 0.019531
0 0.614257 0.070311 0.029297 0.031248
0 0.472654 0.390627 0.015623 0.019531
0 0.510744 0.535155 0.021485 0.019531
0 0.628908 0.554686 0.019531 0.015624
0 0.618166 0.205077 0.017577 0.015624
0 0.019530 0.593748 0.019531 0.019531
0 0.903321 0.784180 0.021485 0.021483
0 0.600584 0.158205 0.017577 0.019531
0 0.309571 0.221681 0.021485 0.021483
0 0.944337 0.694335 0.021485 0.017580
0 0.704102 0.377930 0.013674 0.021483
0 0.328125 0.419923 0.019531 0.019531
0 0.154299 0.737304 0.046874 0.037111
0 0.709959 0.077149 0.013674 0.013673
0 0.726564 0.072266 0.019531 0.015624
0 0.371095 0.336912 0.019531 0.017580
0 0.845705 0.146484 0.023439 0.023438
0 0.827151 0.132811 0.017577 0.019531
0 0.508790 0.403320 0.021485 0.021483
0 0.114260 0.554686 0.029297 0.031248
0 0.111328 0.528320 0.019531 0.017580
