0 0.041014 0.614259 0.019531 0.021483
0 0.586914 0.344726 0.021485 0.021483
0 0.729494 0.819335 0.021485 0.021483
0 0.024414 0.503906 0.021485 0.023438
0 0.250976 0.993163 0.017577 0.013674
0 0.957033 0.774415 0.019531 0.021483
0 0.515624 0.279298 0.019531 0.019531
0 0.797853 0.605469 0.021485 0.019531
0 0.556640 0.498048 0.019531 0.019531
0 0.553709 0.811525 0.021485 0.021483
0 0.645507 0.631834 0.021485 0.017580
0 0.633787 0.371095 0.029297 0.019531
0 0.900389 0.347657 0.019531 0.019531
0 0.484373 0.842774 0.019531 0.021483
0 0.913086 0.761718 0.021485 0.019531
0 0.898440 0.907226 0.019531 0.017580
0 0.283204 0.477541 0.019531 0.021483
0 0.267576 0.156249 0.019531 0.019531
0 0.097659 0.080076 0.019531 0.019531
0 0.665038 0.934571 0.021485 0.017580
0 0.914063 0.730470 0.019531 0.023438
0 0.844727 0.668945 0.017577 0.021483
0 0.354494 0.663086 0.021485 0.021483
0 0.194337 0.386720 0.017577 0.019531
0 0.028323 0.778322 0.021485 0.017580
0 0.117190 0.820311 0.019531 0.019531
0 0.419922 0.953126 0.023439 0.019531
0 0.651369 0.305664 0.021485 0.021483
0 0.541017 0.231446 0.023439 0.021483
0 0.579102 0.863280 0.017577 0.019531
0 0.152344 0.112304 0.031251 0.021483
0 0.812499 0.675779 0.019531 0.019531
0 0.972656 0.549803 0.019531 0.021483
0 0.495115 0.946288 0.017577 0.017580
0 0.147463 0.468751 0.021485 0.023438
0 0.128904 0.107421 0.031251 0.031248
0 0.046877 0.945312 0.023439 0.023438
0 0.028323 0.931639 0.017577 0.019531
