0 0.731447 0.524415 0.015820 0.015822
0 0.945312 0.607422 0.014059 0.017580
0 0.591798 0.472656 0.017577 0.014060
0 0.561524 0.439452 0.015820 0.014060
0 0.511719 0.439452 0.017577 0.017580
0 0.416018 0.383790 0.017577 0.015822
0 0.443360 0.542970 0.017577 0.017580
0 0.249998 0.528322 0.014059 0.019334
0 0.202148 0.497070 0.015820 0.019334
0 0.246095 0.391600 0.021095 0.022850
0 0.108400 0.443359 0.015820 0.014060
0 0.048830 0.337890 0.017577 0.014060
0 0.785155 0.179689 0.014059 0.017580
0 0.666014 0.250975 0.014059 0.015822
0 0.586913 0.323241 0.015820 0.015822
0 0.533205 0.190430 0.017577 0.015822
0 0.467772 0.195313 0.015820 0.017580
0 0.338865 0.135744 0.015820 0.019334
0 0.291992 0.111330 0.015820 0.017580
0 0.231444 0.111330 0.015820 0.017580
0 0.216798 0.136720 0.021095 0.021095
0 0.028322 0.156251 0.019339 0.017580
0 0.030276 0.137696 0.019339 0.019334
0 0.081052 0.064454 0.015820 0.017580
0 0.032225 0.033202 0.026365 0.021095
0 0.430664 0.078126 0.015820 0.017580
0 0.455080 0.036133 0.017577 0.015822
0 0.518554 0.019533 0.015820 0.017580
0 0.544924 0.095702 0.017577 0.014060
0 0.495119 0.152344 0.019339 0.017580
0 0.628906 0.126954 0.014059 0.017580
0 0.637695 0.080078 0.015820 0.014060
0 0.713865 0.092775 0.015820 0.019334
0 0.685545 0.168944 0.017577 0.019334
0 0.873045 0.081054 0.014059 0.015822
0 0.854491 0.107423 0.015820 0.017580
0 0.886719 0.035157 0.017577 0.017580
0 0.992186 0.142578 0.014059 0.017580
0 0.160154 0.294920 0.017577 0.017580
0 0.130857 0.291993 0.014059 0.015822
0 0.105469 0.293945 0.017577 0.015822
0 0.369139 0.059571 0.014059 0.015822
0 0.363282 0.094726 0.017577 0.022850
0 0.344728 0.089843 0.019339 0.014060
0 0.763670 0.034181 0.017577 0.022850
0 0.649414 0.005467 0.015820 0.010935
0 0.406252 0.752930 0.021095 0.019334
0 0.209959 0.407228 0.019339 0.019334
0 0.162108 0.438476 0.017577 0.019334
