0 0.141604 0.015625 0.017577 0.019531
0 0.691407 0.175781 0.019531 0.019531
0 0.129884 0.600586 0.021485 0.021483
0 0.830079 0.159181 0.015623 0.017580
0 0.338869 0.616210 0.017577 0.017580
0 0.347658 0.285157 0.015623 0.019531
0 0.349607 0.125001 0.019531 0.019531
0 0.525392 0.082032 0.019531 0.019531
0 0.435548 0.453123 0.019531 0.019531
0 0.943357 0.145508 0.015623 0.021483
0 0.666013 0.212891 0.019531 0.015624
0 0.118165 0.637697 0.017577 0.017580
0 0.224609 0.813477 0.015623 0.017580
0 0.802736 0.325195 0.015623 0.017580
0 0.827148 0.580079 0.017577 0.019531
0 0.779297 0.110353 0.023439 0.017580
0 0.772462 0.132811 0.021485 0.023438
0 0.113330 0.789887 0.014494 0.019668
0 0.128340 0.777984 0.013456 0.014493
