0 0.664063 0.521486 0.035154 0.031248
0 0.828123 0.194336 0.023439 0.029297
0 0.970703 0.317381 0.019531 0.017580
0 0.234373 0.302733 0.019531 0.019531
0 0.198242 0.168946 0.021485 0.017580
0 0.707033 0.509765 0.031251 0.023438
0 0.492186 0.169922 0.019531 0.019531
0 0.316406 0.415041 0.019531 0.021483
0 0.346679 0.432617 0.021485 0.021483
0 0.763672 0.181639 0.019531 0.023438
0 0.944338 0.258788 0.033205 0.021483
0 0.454101 0.134767 0.017577 0.019531
0 0.471678 0.126953 0.021485 0.031248
0 0.464843 0.150391 0.023439 0.019531
0 0.515458 0.100724 0.018645 0.027972
0 0.489042 0.082852 0.024862 0.020203
0 0.264884 0.461078 0.027494 0.025880
0 0.241435 0.427920 0.022645 0.017792
