0 0.804685 0.106443 0.031251 0.017580
0 0.488279 0.347655 0.019531 0.019531
0 0.135742 0.384766 0.017577 0.019531
0 0.696287 0.322265 0.017577 0.019531
0 0.448245 0.944338 0.021485 0.017580
0 0.688476 0.229493 0.017577 0.017580
0 0.456056 0.135744 0.017577 0.017580
0 0.775389 0.177734 0.019531 0.031248
0 0.312499 0.269531 0.019531 0.019531
0 0.692384 0.776368 0.017577 0.013673
0 0.219728 0.010743 0.017577 0.017580
0 0.542969 0.559570 0.019531 0.017580
0 0.630859 0.069337 0.019531 0.017580
0 0.946288 0.013671 0.017577 0.019531
0 0.477541 0.773437 0.021485 0.023438
0 0.696287 0.105468 0.017577 0.019531
0 0.225586 0.845703 0.017577 0.019531
0 0.870118 0.076171 0.017577 0.019531
0 0.052737 0.222654 0.019531 0.019531
0 0.668944 0.716799 0.021485 0.019531
0 0.640625 0.427735 0.023439 0.035155
0 0.831056 0.062498 0.013674 0.015624
0 0.719726 0.037109 0.017577 0.019531
0 0.679687 0.588867 0.019531 0.017580
0 0.535158 0.722657 0.019531 0.019531
0 0.770508 0.151368 0.021485 0.021483
0 0.050783 0.601564 0.015623 0.015624
0 0.084960 0.623046 0.017577 0.019531
0 0.193358 0.984376 0.019531 0.015624
0 0.423828 0.794923 0.015623 0.019531
0 0.369143 0.327148 0.019531 0.017580
0 0.154296 0.842775 0.019531 0.021483
0 0.661133 0.882813 0.021485 0.019531
0 0.245117 0.617188 0.017577 0.019531
0 0.043943 0.907227 0.013674 0.017580
0 0.726561 0.791992 0.015623 0.021483
0 0.744143 0.800782 0.019531 0.015624
0 0.376955 0.792968 0.011720 0.011717
0 0.015624 0.844727 0.019531 0.013673
0 0.086914 0.712892 0.013674 0.015624
0 0.510741 0.764647 0.017577 0.013673
0 0.065429 0.717774 0.017577 0.021483
0 0.355469 0.786133 0.011720 0.029297
