0 0.168945 0.661131 0.021485 0.021483
0 0.695313 0.949219 0.019531 0.019531
0 0.061524 0.102539 0.021485 0.021483
0 0.455077 0.237305 0.019531 0.021483
0 0.879882 0.457030 0.021485 0.019531
0 0.164064 0.571290 0.019531 0.017580
0 0.742187 0.140625 0.019531 0.019531
0 0.151368 0.930664 0.021485 0.021483
0 0.806643 0.324220 0.019531 0.019531
0 0.193361 0.379882 0.019531 0.021483
0 0.166014 0.257812 0.019531 0.019531
0 0.226561 0.240233 0.019531 0.019531
0 0.169922 0.449220 0.019531 0.019531
0 0.698244 0.786132 0.021485 0.021483
0 0.417969 0.355468 0.019531 0.019531
0 0.543944 0.879885 0.048828 0.044921
0 0.665039 0.172853 0.021485 0.021483
0 0.837888 0.401368 0.019531 0.017580
0 0.625000 0.696291 0.019531 0.021483
0 0.541013 0.478517 0.042971 0.066407
0 0.543944 0.627928 0.041016 0.064452
0 0.107420 0.414061 0.019531 0.019531
0 0.343748 0.416992 0.019531 0.021483
0 0.306640 0.407227 0.019531 0.017580
0 0.279297 0.449220 0.031251 0.019531
0 0.244143 0.491210 0.019531 0.021483
0 0.250000 0.520507 0.023439 0.033204
0 0.543944 0.766601 0.029297 0.017580
0 0.551756 0.329102 0.017577 0.021483
0 0.016604 0.900392 0.021485 0.023438
0 0.112305 0.766601 0.021485 0.037111
0 0.539064 0.786132 0.023439 0.021483
0 0.576172 0.328127 0.019531 0.031248
