0 0.505857 0.932617 0.019531 0.017580
0 0.345705 0.944338 0.019531 0.017580
0 0.934570 0.384766 0.017577 0.019531
0 0.102538 0.121096 0.017577 0.015624
0 0.791995 0.531249 0.029297 0.019531
0 0.736327 0.644533 0.015623 0.019531
0 0.337888 0.263672 0.019531 0.019531
0 0.480469 0.436525 0.023439 0.029297
0 0.467772 0.776368 0.017577 0.017580
0 0.435549 0.253906 0.023439 0.031248
0 0.851565 0.222654 0.019531 0.019531
0 0.610352 0.626953 0.017577 0.015624
0 0.565427 0.595705 0.017577 0.015624
0 0.623049 0.857424 0.015623 0.015624
0 0.849611 0.601564 0.015623 0.015624
0 0.883788 0.623046 0.017577 0.019531
0 0.991210 0.984376 0.017580 0.015624
0 0.592775 0.851561 0.017577 0.019531
0 0.953124 0.842775 0.019531 0.021483
0 0.458006 0.208986 0.017577 0.019531
0 0.842771 0.907227 0.013674 0.017580
0 0.814452 0.844727 0.019531 0.013673
0 0.788086 0.848634 0.017577 0.021483
0 0.688477 0.045898 0.021485 0.021483
0 0.694334 0.070312 0.017577 0.015624
0 0.166993 0.028319 0.021485 0.013673
0 0.151366 0.042967 0.013674 0.015624
0 0.170897 0.054688 0.017577 0.019531
0 0.178713 0.129882 0.017577 0.017580
0 0.529296 0.289062 0.019531 0.019531
0 0.885742 0.712892 0.013674 0.015624
0 0.707031 0.409180 0.015623 0.021483
0 0.684568 0.411131 0.017577 0.021483
0 0.864257 0.717774 0.017577 0.021483
0 0.792967 0.880858 0.031251 0.019531
