0 0.352537 0.065428 0.015820 0.015822
0 0.675782 0.254881 0.017577 0.015822
0 0.833985 0.352540 0.021095 0.019334
0 0.650389 0.491210 0.014059 0.015822
0 0.392576 0.342775 0.014059 0.015822
0 0.261720 0.193360 0.017577 0.017580
0 0.145506 0.114256 0.015820 0.015822
0 0.099609 0.167971 0.014059 0.017580
0 0.039062 0.223633 0.014059 0.015822
0 0.210939 0.390623 0.017577 0.014060
0 0.048827 0.513672 0.014059 0.017580
0 0.109375 0.605469 0.014059 0.017580
0 0.132814 0.664063 0.017577 0.017580
0 0.080078 0.670897 0.014059 0.012306
0 0.554687 0.484376 0.014059 0.017580
0 0.554687 0.462889 0.014059 0.017580
0 0.842774 0.578124 0.019339 0.014060
0 0.912110 0.628907 0.017577 0.017580
0 0.853517 0.641600 0.017577 0.015822
0 0.828123 0.724608 0.014059 0.014060
0 0.898436 0.819336 0.017577 0.015822
0 0.797849 0.910157 0.015820 0.017580
0 0.814454 0.995556 0.017577 0.008888
0 0.051758 0.694335 0.019339 0.015822
0 0.170899 0.741211 0.015820 0.015822
0 0.272463 0.712890 0.015820 0.014060
0 0.250001 0.661131 0.017577 0.015822
0 0.205076 0.640625 0.024609 0.021095
0 0.477540 0.696291 0.019339 0.019334
0 0.523436 0.722656 0.014059 0.014060
0 0.683594 0.782225 0.017577 0.015822
0 0.485351 0.794922 0.015820 0.017580
0 0.529299 0.832033 0.017577 0.017580
0 0.500974 0.830077 0.012307 0.014060
0 0.611327 0.923830 0.014059 0.017580
0 0.529299 0.955078 0.017577 0.014060
0 0.447266 0.919923 0.017577 0.017580
0 0.349610 0.923830 0.021095 0.017580
0 0.253904 0.945312 0.014059 0.014060
0 0.197265 0.931640 0.014059 0.014060
0 0.155271 0.881836 0.015820 0.015822
0 0.091798 0.894533 0.028127 0.028123
0 0.256835 0.886719 0.015820 0.017580
0 0.159179 0.797853 0.015820 0.015822
0 0.108398 0.808594 0.015820 0.014060
0 0.306640 0.824219 0.017577 0.017580
0 0.366210 0.772460 0.047461 0.022850
0 0.423827 0.843750 0.014059 0.014060
0 0.332034 0.835936 0.017577 0.017580
0 0.353514 0.818360 0.014059 0.017580
0 0.677736 0.896485 0.017577 0.017580
0 0.705079 0.868164 0.017577 0.015822
0 0.703125 0.595704 0.014059 0.017580
0 0.734376 0.635742 0.017577 0.015822
0 0.993166 0.774415 0.012307 0.015822
0 0.754884 0.845701 0.015820 0.017580
0 0.705955 0.667784 0.020701 0.018115
0 0.691719 0.649669 0.015527 0.012940
