0 0.415041 0.741211 0.017577 0.013673
0 0.232421 0.085939 0.023439 0.019531
0 0.561524 0.341795 0.017577 0.015624
0 0.144531 0.851564 0.019531 0.015624
0 0.274415 0.882812 0.017577 0.015624
0 0.040041 0.208008 0.021485 0.017580
0 0.196290 0.730470 0.013674 0.015624
0 0.771486 0.874022 0.031251 0.029297
0 0.209959 0.245119 0.017577 0.017580
0 0.374024 0.155274 0.017577 0.017580
0 0.618163 0.883788 0.013674 0.013673
0 0.057618 0.214843 0.009766 0.015624
0 0.012694 0.375978 0.017577 0.017580
0 0.857422 0.867188 0.023439 0.023438
0 0.853514 0.890626 0.019531 0.019531
