0 0.634766 0.959960 0.019531 0.021483
0 0.547853 0.965819 0.017577 0.021483
0 0.212893 0.399412 0.019531 0.021483
0 0.942384 0.864256 0.021485 0.021483
0 0.455078 0.944336 0.019531 0.021483
0 0.619138 0.802736 0.019531 0.019531
0 0.689452 0.693359 0.019531 0.023438
0 0.116209 0.162108 0.029297 0.031248
0 0.986327 0.564451 0.019531 0.019531
0 0.314452 0.503906 0.019531 0.019531
0 0.805666 0.504882 0.021485 0.021483
0 0.767576 0.535155 0.019531 0.019531
0 0.501952 0.618166 0.019531 0.021483
0 0.357422 0.664062 0.019531 0.019531
0 0.628904 0.640624 0.019531 0.019531
0 0.651366 0.648438 0.029297 0.031248
0 0.283201 0.824218 0.023439 0.031248
0 0.969727 0.151366 0.021485 0.021483
0 0.842774 0.645507 0.017577 0.017580
0 0.869140 0.697266 0.019531 0.019531
0 0.897460 0.712890 0.021485 0.023438
0 0.906248 0.791990 0.019531 0.021483
0 0.693360 0.314454 0.019531 0.019531
0 0.042970 0.375978 0.011720 0.037111
0 0.060547 0.366213 0.019531 0.044921
0 0.735353 0.497072 0.017577 0.017580
0 0.654298 0.457030 0.015623 0.023438
0 0.004883 0.750977 0.009765 0.017580
0 0.333006 0.824218 0.017577 0.023438
