0 0.080078 0.845705 0.023439 0.023438
0 0.805665 0.068359 0.021485 0.019531
0 0.057615 0.608400 0.021485 0.017580
0 0.240235 0.319337 0.019531 0.017580
0 0.058592 0.291991 0.019531 0.017580
0 0.114260 0.721680 0.017577 0.017580
0 0.072266 0.237305 0.019531 0.017580
0 0.789060 0.322264 0.019531 0.019531
0 0.412112 0.167970 0.015623 0.019531
0 0.615234 0.834960 0.019531 0.017580
0 0.655274 0.311523 0.017577 0.017580
0 0.483397 0.006836 0.017577 0.013673
0 0.363279 0.699218 0.015623 0.019531
0 0.790038 0.391603 0.017577 0.017580
0 0.244143 0.212891 0.015623 0.015624
0 0.182619 0.211915 0.017577 0.017580
0 0.197264 0.025390 0.015623 0.015624
0 0.112305 0.551758 0.017577 0.017580
0 0.152345 0.468751 0.019531 0.019531
0 0.166991 0.426758 0.021485 0.017580
0 0.318359 0.146484 0.019531 0.019531
0 0.264646 0.642580 0.013674 0.015624
0 0.941406 0.632814 0.019531 0.019531
0 0.499025 0.163088 0.017577 0.017580
0 0.329102 0.581055 0.017577 0.017580
0 0.311525 0.667969 0.017577 0.015624
0 0.147459 0.025390 0.017577 0.019531
0 0.218750 0.574217 0.019531 0.015624
0 0.269532 0.560548 0.019531 0.019531
0 0.027342 0.809570 0.019531 0.009766
0 0.459963 0.301757 0.017577 0.017580
0 0.545898 0.354492 0.017577 0.017580
0 0.503905 0.448240 0.019531 0.017580
0 0.042969 0.823243 0.011720 0.017580
0 0.015627 0.828125 0.015623 0.015624
0 0.981446 0.929688 0.013674 0.019531
