0 0.896482 0.544921 0.019531 0.019531
0 0.020507 0.359375 0.021485 0.019531
0 0.374999 0.391603 0.019531 0.021483
0 0.458986 0.385740 0.019531 0.017580
0 0.030273 0.742187 0.017577 0.019531
0 0.455078 0.581055 0.023439 0.021483
0 0.182619 0.233398 0.017577 0.021483
0 0.848631 0.513672 0.033205 0.023438
0 0.479494 0.702149 0.017577 0.017580
0 0.868162 0.816405 0.021485 0.019531
0 0.318360 0.390623 0.019531 0.023438
0 0.224607 0.666994 0.015623 0.017580
0 0.820312 0.140625 0.019531 0.019531
0 0.582030 0.951171 0.019531 0.019531
0 0.915041 0.314454 0.017577 0.019531
0 0.391604 0.161132 0.021485 0.029297
0 0.979492 0.917967 0.017577 0.019531
0 0.702148 0.490234 0.017577 0.019531
0 0.091798 0.598631 0.023439 0.021483
0 0.426758 0.844726 0.021485 0.017580
0 0.627932 0.720704 0.021485 0.019531
0 0.008789 0.834960 0.017579 0.029297
0 0.979492 0.162108 0.013674 0.015624
0 0.275389 0.134767 0.019531 0.019531
0 0.569338 0.659180 0.017577 0.017580
0 0.429689 0.527345 0.019531 0.019531
0 0.685548 0.312499 0.019531 0.023438
0 0.078124 0.686525 0.019531 0.017580
0 0.947264 0.413085 0.015623 0.017580
0 0.660154 0.511721 0.015623 0.015624
0 0.013673 0.793946 0.019531 0.013673
0 0.228516 0.413085 0.019531 0.017580
0 0.648440 0.927733 0.019531 0.019531
0 0.977538 0.776367 0.021485 0.017580
0 0.353514 0.727539 0.019531 0.021483
0 0.390627 0.190429 0.023439 0.021483
0 0.679685 0.083008 0.011720 0.021483
0 0.087889 0.572266 0.015623 0.019531
0 0.171876 0.312499 0.019531 0.019531
0 0.189453 0.324220 0.015623 0.015624
0 0.601561 0.899416 0.011720 0.017580
0 0.620115 0.905274 0.013674 0.013673
0 0.556641 0.692384 0.019531 0.021483
0 0.923830 0.921874 0.015623 0.019531
0 0.921875 0.772460 0.015623 0.021483
0 0.947264 0.768556 0.015623 0.009766
0 0.846682 0.616211 0.017577 0.017580
0 0.842774 0.635742 0.017577 0.021483
0 0.986326 0.416017 0.015623 0.011717
0 0.866213 0.192384 0.013674 0.009766
0 0.886716 0.205077 0.015623 0.015624
0 0.936521 0.179688 0.017577 0.015624
0 0.941407 0.200195 0.019531 0.021483
0 0.366210 0.225584 0.013674 0.037111
0 0.735353 0.004882 0.017577 0.009764
0 0.141602 0.570314 0.021485 0.019531
0 0.119140 0.567383 0.015623 0.021483
0 0.550779 0.733397 0.023439 0.013673
0 0.544922 0.753908 0.019531 0.019531
0 0.863282 0.213867 0.015623 0.021483
0 0.649412 0.571290 0.017577 0.013673
0 0.637697 0.549803 0.033205 0.029297
0 0.629881 0.524414 0.017577 0.017580
