0 0.337891 0.560548 0.019531 0.023438
0 0.858397 0.320312 0.021485 0.023438
0 0.179688 0.552734 0.019531 0.019531
0 0.861328 0.390627 0.019531 0.019531
0 0.394530 0.581055 0.019531 0.021483
0 0.181642 0.723632 0.019531 0.021483
0 0.124026 0.608400 0.021485 0.021483
0 0.380861 0.667969 0.019531 0.019531
0 0.566407 0.161132 0.019531 0.021483
0 0.431638 0.700194 0.019531 0.021483
0 0.479494 0.166991 0.017577 0.021483
0 0.288086 0.575197 0.021485 0.021483
0 0.306640 0.318361 0.019531 0.019531
0 0.613281 0.355468 0.019531 0.019531
0 0.874025 0.065428 0.021485 0.021483
0 0.386719 0.145508 0.019531 0.021483
0 0.572264 0.449220 0.019531 0.019531
0 0.005860 0.585938 0.011719 0.019531
0 0.550779 0.006836 0.019531 0.013673
0 0.684571 0.833984 0.021485 0.019531
0 0.064455 0.384764 0.019531 0.019531
0 0.311525 0.210936 0.017577 0.019531
0 0.138671 0.239257 0.019531 0.021483
0 0.333006 0.644531 0.017577 0.019531
0 0.021485 0.933595 0.019531 0.019531
0 0.214842 0.025390 0.023439 0.031248
0 0.723633 0.309571 0.017577 0.021483
0 0.527345 0.299805 0.019531 0.021483
0 0.249024 0.212891 0.017577 0.019531
0 0.124998 0.291016 0.019531 0.019531
0 0.011719 0.447265 0.019531 0.023438
0 0.033204 0.358399 0.019531 0.021483
0 0.218750 0.468751 0.019531 0.019531
0 0.233401 0.426758 0.021485 0.021483
0 0.264647 0.025390 0.017577 0.023438
0 0.144316 0.846442 0.024994 0.025469
0 0.057180 0.814214 0.023809 0.022774
0 0.083576 0.829739 0.018635 0.028985
0 0.094962 0.802827 0.018635 0.022774
0 0.113075 0.825601 0.023809 0.024843
0 0.063387 0.836987 0.017597 0.014493
0 0.046827 0.849923 0.011386 0.017599
