0 0.724608 0.814453 0.019531 0.019531
0 0.656249 0.753908 0.019531 0.019531
0 0.940432 0.015625 0.017577 0.019531
0 0.416990 0.180663 0.017577 0.017580
0 0.285157 0.005859 0.019531 0.011718
0 0.541993 0.837891 0.017577 0.019531
0 0.928712 0.600586 0.021485 0.021483
0 0.635740 0.424806 0.021485 0.017580
0 0.249998 0.348633 0.023439 0.029297
0 0.788086 0.469727 0.017577 0.017580
0 0.787109 0.744142 0.019531 0.019531
0 0.916993 0.637697 0.017577 0.017580
0 0.357419 0.594728 0.035154 0.033204
0 0.515623 0.037111 0.031251 0.023438
0 0.090818 0.910157 0.017577 0.015624
0 0.691408 0.982423 0.019531 0.019531
0 0.010744 0.574217 0.021485 0.019531
0 0.013671 0.876953 0.023439 0.019531
0 0.163085 0.781249 0.005857 0.015624
0 0.133789 0.785156 0.021485 0.019531
0 0.912158 0.789887 0.014494 0.019668
0 0.927168 0.777984 0.013456 0.014493
