0 0.007374 0.162108 0.014749 0.014060
0 0.123048 0.185546 0.017577 0.017580
0 0.330079 0.162108 0.017577 0.017580
0 0.320313 0.071290 0.014059 0.015822
0 0.408203 0.020507 0.021095 0.022850
0 0.712890 0.125977 0.017577 0.015822
0 0.781249 0.193360 0.014059 0.017580
0 0.854493 0.285157 0.015820 0.017580
0 0.860351 0.450195 0.015820 0.015822
0 0.714844 0.384764 0.021095 0.021095
0 0.703124 0.267577 0.017577 0.017580
0 0.696290 0.285157 0.015820 0.017580
0 0.307617 0.428713 0.015820 0.019334
0 0.175779 0.402343 0.017577 0.017580
0 0.308594 0.548827 0.017577 0.017580
0 0.081055 0.788087 0.015820 0.019334
0 0.132814 0.847656 0.017577 0.014060
0 0.292971 0.723631 0.017577 0.015822
0 0.502928 0.839842 0.015820 0.017580
0 0.325194 0.618165 0.015820 0.015822
0 0.279297 0.901367 0.017577 0.015822
0 0.159179 0.577148 0.015820 0.015822
0 0.144533 0.611327 0.017577 0.014060
0 0.114260 0.604493 0.022852 0.022850
0 0.060546 0.633790 0.014059 0.015822
0 0.008106 0.647462 0.016212 0.019334
0 0.327148 0.954102 0.012307 0.015822
0 0.370118 0.617186 0.019334 0.014064
0 0.377930 0.636717 0.019334 0.014064
