0 0.793946 0.442382 0.017577 0.017580
0 0.648440 0.773439 0.019531 0.019531
0 0.664063 0.540037 0.015623 0.017580
0 0.887694 0.898436 0.017577 0.019531
0 0.934572 0.672852 0.017577 0.017580
0 0.496094 0.331054 0.019531 0.029297
0 0.656251 0.488282 0.019531 0.019531
0 0.106443 0.719728 0.017577 0.017580
0 0.739256 0.922853 0.017577 0.017580
0 0.854494 0.634766 0.017577 0.019531
0 0.284178 0.360350 0.013674 0.017580
0 0.199219 0.281250 0.015623 0.019531
0 0.531248 0.686525 0.019531 0.017580
0 0.719725 0.729494 0.017577 0.017580
0 0.336914 0.946288 0.017577 0.017580
0 0.247070 0.991211 0.013674 0.017577
0 0.940430 0.809570 0.021485 0.021483
0 0.363279 0.413085 0.015623 0.017580
0 0.889648 0.548827 0.021485 0.019531
0 0.368165 0.282226 0.021485 0.017580
0 0.458986 0.488282 0.015623 0.015624
0 0.833985 0.819335 0.019531 0.017580
0 0.366210 0.596679 0.017577 0.017580
0 0.830077 0.658204 0.011720 0.011717
0 0.840820 0.673828 0.017577 0.011717
0 0.917967 0.816408 0.015623 0.019531
0 0.751953 0.504882 0.011720 0.013673
0 0.914064 0.980467 0.019531 0.019531
0 0.764649 0.521486 0.017577 0.019531
0 0.754884 0.640624 0.021485 0.019531
0 0.742187 0.658204 0.015623 0.015624
