0 0.811525 0.610352 0.017577 0.017580
0 0.424805 0.234374 0.021485 0.031248
0 0.791993 0.431641 0.017577 0.019531
0 0.749023 0.508789 0.017577 0.021483
0 0.874998 0.375978 0.035154 0.029297
0 0.220706 0.711914 0.015623 0.021483
0 0.385743 0.250002 0.013674 0.015624
0 0.471679 0.778322 0.017577 0.021483
0 0.876952 0.563476 0.023439 0.029297
0 0.585940 0.965819 0.019531 0.021483
0 0.202146 0.766601 0.021485 0.029297
0 0.888672 0.656248 0.019531 0.019531
0 0.746092 0.339843 0.019531 0.019531
0 0.625979 0.320312 0.029297 0.023438
0 0.058594 0.867188 0.023439 0.023438
0 0.054686 0.890626 0.019531 0.019531
0 0.740234 0.116211 0.023439 0.021483
0 0.742189 0.093749 0.023439 0.019531
