0 0.348632 0.423828 0.021485 0.019531
0 0.585937 0.796875 0.019531 0.019531
0 0.081054 0.056640 0.021485 0.019531
0 0.927736 0.778319 0.023439 0.021483
0 0.704101 0.007813 0.021485 0.015626
0 0.333009 0.098633 0.021485 0.021483
0 0.935548 0.160158 0.019531 0.019531
0 0.583006 0.695312 0.021485 0.019531
0 0.781248 0.301758 0.019531 0.021483
0 0.554686 0.427735 0.019531 0.019531
0 0.495115 0.320314 0.021485 0.019531
0 0.130858 0.792968 0.023439 0.023438
0 0.039060 0.004884 0.019531 0.009767
0 0.081054 0.723633 0.021485 0.021483
0 0.219726 0.607422 0.021485 0.019531
0 0.214845 0.545898 0.031251 0.029297
0 0.497070 0.217772 0.021485 0.021483
0 0.861327 0.545898 0.031251 0.037111
0 0.502932 0.457032 0.064451 0.039062
0 0.682615 0.369142 0.029297 0.039062
0 0.236331 0.014650 0.019531 0.017580
0 0.296873 0.251955 0.019531 0.019531
