0 0.079100 0.401368 0.017577 0.017580
0 0.805665 0.867187 0.021485 0.019531
0 0.994140 0.418944 0.011720 0.017580
0 0.180664 0.504882 0.017577 0.017580
0 0.598634 0.499999 0.017577 0.015624
0 0.366210 0.620117 0.017577 0.017580
0 0.933595 0.521486 0.019531 0.019531
0 0.768552 0.794922 0.021485 0.019531
0 0.848631 0.567382 0.017577 0.017580
0 0.831054 0.156249 0.021485 0.019531
0 0.894533 0.479492 0.019531 0.017580
0 0.552733 0.695314 0.015623 0.019531
0 0.412112 0.966798 0.015623 0.019531
0 0.669920 0.506837 0.015623 0.017580
0 0.759764 0.716797 0.019531 0.019531
0 0.483397 0.803711 0.017577 0.017580
0 0.629885 0.538086 0.017577 0.017580
0 0.197264 0.824218 0.015623 0.015624
0 0.318359 0.945312 0.019531 0.019531
0 0.499025 0.961916 0.017577 0.017580
0 0.971680 0.172853 0.029297 0.021483
0 0.147459 0.824218 0.017577 0.019531
0 0.730467 0.700197 0.019531 0.017580
0 0.519533 0.458985 0.019531 0.015624
0 0.707033 0.646483 0.015623 0.015624
0 0.221681 0.666993 0.017577 0.017580
0 0.557618 0.316405 0.017577 0.015624
0 0.516602 0.650390 0.021485 0.031248
0 0.491213 0.642580 0.017577 0.019531
