0 0.990234 0.718749 0.019531 0.019531
0 0.677736 0.891601 0.019531 0.021483
0 0.836916 0.276367 0.021485 0.029297
0 0.993163 0.434572 0.013674 0.017580
0 0.706056 0.357423 0.021485 0.019531
0 0.043947 0.421875 0.021485 0.019531
0 0.873047 0.630859 0.019531 0.019531
0 0.628908 0.303712 0.019531 0.021483
0 0.711913 0.227539 0.021485 0.021483
0 0.583984 0.936522 0.042971 0.064452
0 0.448243 0.662111 0.021485 0.019531
0 0.708987 0.541993 0.019531 0.017580
0 0.541990 0.225588 0.017577 0.021483
0 0.216795 0.837891 0.023439 0.023438
0 0.215818 0.859374 0.021485 0.019531
