0 0.255861 0.249022 0.023439 0.021483
0 0.568359 0.035155 0.019531 0.019531
0 0.575193 0.171873 0.021485 0.019531
0 0.823240 0.784180 0.017577 0.017580
0 0.425783 0.185546 0.019531 0.023438
0 0.200193 0.207032 0.017577 0.019531
0 0.333985 0.114259 0.019531 0.029297
0 0.983398 0.339843 0.017577 0.019531
0 0.625975 0.155273 0.017577 0.017580
0 0.161131 0.402343 0.021485 0.019531
0 0.116212 0.175780 0.017577 0.019531
0 0.023436 0.113280 0.019531 0.015624
0 0.078126 0.521486 0.015623 0.015624
0 0.236330 0.331053 0.019531 0.017580
0 0.970701 0.065432 0.019531 0.021483
0 0.939455 0.176756 0.019531 0.017580
0 0.976563 0.494141 0.019531 0.019531
0 0.517577 0.691407 0.019531 0.019531
0 0.618163 0.090821 0.017577 0.017580
0 0.902342 0.155273 0.019531 0.017580
0 0.161131 0.045897 0.021485 0.017580
0 0.360351 0.260743 0.017577 0.017580
0 0.021482 0.032228 0.023439 0.037111
0 0.103515 0.269533 0.019531 0.015624
0 0.067384 0.237305 0.029297 0.029297
0 0.945312 0.549806 0.015623 0.017580
0 0.932616 0.682617 0.017577 0.017580
0 0.358397 0.017580 0.021485 0.019531
0 0.302734 0.605469 0.019531 0.019531
0 0.743162 0.533203 0.021485 0.019531
0 0.161131 0.555665 0.017577 0.017580
0 0.675780 0.267577 0.019531 0.019531
0 0.769532 0.408202 0.019531 0.019531
0 0.902342 0.665038 0.015623 0.017580
0 0.873045 0.469727 0.019531 0.017580
0 0.005861 0.159180 0.011722 0.021483
0 0.727539 0.477541 0.021485 0.021483
0 0.773435 0.125001 0.019531 0.019531
0 0.283203 0.171873 0.015623 0.015624
0 0.730470 0.020507 0.019531 0.017580
0 0.221679 0.083983 0.021485 0.019531
0 0.996094 0.800780 0.007811 0.019531
0 0.856445 0.307619 0.017577 0.017580
0 0.727539 0.224608 0.017577 0.015624
0 0.208982 0.163087 0.015623 0.013673
0 0.619141 0.277343 0.019531 0.019531
0 0.971678 0.230470 0.017577 0.015624
0 0.563478 0.223632 0.017577 0.017580
0 0.013671 0.625976 0.019531 0.021483
0 0.958986 0.290039 0.015623 0.017580
0 0.204102 0.051759 0.021485 0.017580
0 0.226564 0.037111 0.019531 0.019531
0 0.248049 0.035155 0.015623 0.019531
0 0.203125 0.006835 0.015623 0.013671
0 0.290038 0.050779 0.021485 0.023438
0 0.039064 0.275391 0.019531 0.019531
0 0.132811 0.519530 0.019531 0.015624
0 0.455080 0.115235 0.019531 0.015624
0 0.467772 0.070314 0.017577 0.019531
0 0.445315 0.161132 0.019531 0.021483
0 0.762693 0.032228 0.017577 0.017580
0 0.784178 0.159180 0.021485 0.021483
0 0.819337 0.204101 0.017577 0.017580
0 0.845703 0.216798 0.019531 0.019531
0 0.813475 0.316405 0.021485 0.019531
0 0.961912 0.251953 0.021485 0.019531
0 0.088869 0.100587 0.021485 0.017580
0 0.424604 0.055381 0.018635 0.019668
0 0.446864 0.056934 0.015527 0.020704
