0 0.481444 0.257812 0.017577 0.019531
0 0.250001 0.604493 0.019531 0.017580
0 0.452147 0.676759 0.017577 0.021483
0 0.940430 0.451171 0.017577 0.019531
0 0.321291 0.460937 0.021485 0.015624
0 0.183591 0.970701 0.023439 0.019531
0 0.394531 0.526368 0.015623 0.017580
0 0.067382 0.525389 0.017577 0.019531
0 0.333006 0.333985 0.029297 0.035155
0 0.084959 0.601562 0.017577 0.015624
0 0.163088 0.512696 0.009766 0.017580
0 0.537111 0.496092 0.019531 0.019531
0 0.746096 0.448244 0.015623 0.017580
0 0.466798 0.404295 0.015623 0.015624
0 0.492186 0.318360 0.019531 0.019531
0 0.291018 0.855470 0.015623 0.019531
0 0.407227 0.871094 0.017577 0.015624
0 0.473632 0.031248 0.029297 0.019531
0 0.343749 0.548827 0.019531 0.019531
0 0.008788 0.447264 0.017577 0.015624
0 0.745119 0.302736 0.017577 0.019531
0 0.163088 0.404295 0.017577 0.019531
0 0.433593 0.767576 0.019531 0.019531
0 0.168946 0.635741 0.017577 0.017580
0 0.630858 0.450195 0.015623 0.017580
0 0.193357 0.140625 0.015623 0.015624
0 0.116209 0.374023 0.017577 0.013673
0 0.919922 0.851563 0.050782 0.035155
0 0.823243 0.015624 0.017577 0.019531
0 0.339845 0.275391 0.015623 0.019531
0 0.291018 0.168946 0.015623 0.017580
0 0.371096 0.314453 0.015623 0.019531
0 0.436524 0.589845 0.017577 0.015624
0 0.238282 0.779297 0.019531 0.019531
0 0.316406 0.571289 0.015623 0.017580
0 0.550779 0.306639 0.015623 0.019531
0 0.032228 0.021483 0.017577 0.019531
0 0.347657 0.345702 0.023439 0.023438
0 0.127929 0.473634 0.029297 0.021483
0 0.140626 0.510740 0.015623 0.017580
0 0.739256 0.541993 0.017577 0.021483
0 0.755861 0.567382 0.015623 0.021483
0 0.676760 0.708983 0.013674 0.019531
0 0.986328 0.552734 0.027345 0.031248
0 0.191271 0.165107 0.018635 0.011387
