0 0.087890 0.051759 0.014059 0.015822
0 0.165037 0.119142 0.015820 0.017580
0 0.487306 0.067383 0.015820 0.015822
0 0.564454 0.237305 0.017577 0.015822
0 0.744142 0.114259 0.014059 0.015822
0 0.805667 0.162108 0.015820 0.014060
0 0.921876 0.185546 0.017577 0.017580
0 0.974607 0.402343 0.017577 0.017580
0 0.681640 0.458009 0.014059 0.012306
0 0.515626 0.465820 0.014059 0.015822
0 0.481444 0.445313 0.012307 0.017580
0 0.114256 0.280274 0.019339 0.022850
0 0.249024 0.462892 0.015820 0.014060
0 0.198242 0.441406 0.015820 0.014060
0 0.428713 0.374998 0.022852 0.017580
0 0.369142 0.494141 0.014059 0.014060
0 0.588865 0.685549 0.015820 0.017580
0 0.664063 0.679686 0.014059 0.014060
0 0.479495 0.752928 0.015820 0.015822
0 0.627927 0.824218 0.015820 0.014060
0 0.879883 0.788087 0.015820 0.019334
0 0.931642 0.847656 0.017577 0.014060
0 0.697263 0.956053 0.014059 0.015822
0 0.681640 0.920898 0.014059 0.015822
0 0.256836 0.701173 0.012307 0.010544
0 0.226562 0.696290 0.014059 0.015822
0 0.103518 0.619141 0.014059 0.014060
0 0.143552 0.778321 0.015820 0.015822
0 0.150392 0.878904 0.014059 0.014060
0 0.006834 0.875001 0.012307 0.014060
0 0.958007 0.577148 0.015820 0.015822
0 0.943361 0.611327 0.017577 0.014060
0 0.913088 0.604493 0.022852 0.022850
0 0.859375 0.633790 0.014059 0.015822
0 0.802735 0.647462 0.024609 0.019334
0 0.788084 0.635741 0.015820 0.022850
0 0.424805 0.720704 0.022852 0.024611
0 0.425782 0.693359 0.017577 0.017580
0 0.446290 0.694335 0.019339 0.015822
0 0.067382 0.097656 0.015820 0.017580
0 0.523437 0.855470 0.021095 0.017580
0 0.504883 0.864256 0.015820 0.019334
0 0.516603 0.559572 0.019339 0.026366
0 0.495118 0.564455 0.019339 0.017580
0 0.343749 0.237305 0.017577 0.019334
0 0.326172 0.224608 0.014059 0.021095
