0 0.739256 0.762694 0.029297 0.029297
0 0.575196 0.754884 0.021485 0.029297
0 0.992186 0.326171 0.015627 0.019531
0 0.888671 0.939454 0.019531 0.019531
0 0.052736 0.603517 0.015623 0.019531
0 0.459963 0.959961 0.021485 0.029297
0 0.946287 0.090822 0.017577 0.029297
0 0.343749 0.933595 0.019531 0.019531
0 0.037108 0.713866 0.015623 0.017580
0 0.546876 0.708007 0.019531 0.017580
0 0.458986 0.989257 0.023439 0.021483
0 0.748045 0.881836 0.011720 0.021483
0 0.655275 0.764649 0.013674 0.021483
0 0.681640 0.768556 0.031251 0.033204
0 0.934573 0.991213 0.013674 0.009766
0 0.883791 0.589845 0.013674 0.015624
0 0.167968 0.755859 0.015623 0.015624
0 0.162111 0.774415 0.019531 0.017580
0 0.812501 0.782225 0.019531 0.009766
0 0.803712 0.801756 0.017577 0.013673
0 0.873048 0.609376 0.011720 0.015624
