0 0.162108 0.353516 0.019531 0.019531
0 0.320311 0.144532 0.019531 0.019531
0 0.889650 0.581055 0.021485 0.021483
0 0.633791 0.428710 0.021485 0.021483
0 0.763670 0.351561 0.019531 0.019531
0 0.136720 0.560548 0.019531 0.019531
0 0.974609 0.108398 0.019531 0.021483
0 0.517577 0.517579 0.019531 0.019531
0 0.216798 0.402344 0.019531 0.019531
0 0.793944 0.100587 0.021485 0.021483
0 0.967775 0.227540 0.021485 0.021483
0 0.933593 0.523438 0.019531 0.019531
0 0.062498 0.946288 0.031251 0.037111
0 0.645506 0.283202 0.021485 0.019531
0 0.846680 0.035156 0.017577 0.019531
0 0.382813 0.031249 0.019531 0.019531
0 0.968752 0.016601 0.019531 0.017580
0 0.990232 0.019532 0.019531 0.019531
0 0.633791 0.022459 0.021485 0.021483
0 0.684568 0.083008 0.021485 0.021483
0 0.738281 0.059570 0.019531 0.021483
0 0.871096 0.460937 0.019531 0.019531
0 0.891599 0.484376 0.017577 0.019531
0 0.937501 0.111329 0.019531 0.019531
0 0.482423 0.013673 0.019531 0.019531
0 0.491211 0.069335 0.029297 0.021483
0 0.598632 0.026366 0.033205 0.029297
0 0.759767 0.054687 0.019531 0.019531
0 0.391601 0.050780 0.017577 0.019531
