0 0.146484 0.607422 0.014059 0.017580
0 0.367189 0.458007 0.031641 0.033401
0 0.357423 0.397463 0.017577 0.015822
0 0.400389 0.329100 0.014059 0.015822
0 0.074217 0.081054 0.014059 0.015822
0 0.055663 0.107423 0.015820 0.017580
0 0.087891 0.035157 0.017577 0.017580
0 0.248048 0.010743 0.017577 0.019334
0 0.244140 0.073244 0.014059 0.015822
0 0.207032 0.092775 0.021095 0.019334
0 0.193358 0.142578 0.014059 0.017580
0 0.251951 0.198240 0.014059 0.015822
0 0.306642 0.185548 0.017577 0.017580
0 0.357423 0.146485 0.017577 0.017580
0 0.404297 0.044923 0.017577 0.017580
0 0.811525 0.049805 0.015820 0.015822
0 0.411132 0.076171 0.022852 0.021095
0 0.534181 0.076171 0.019339 0.014060
0 0.569335 0.095702 0.015820 0.014060
0 0.475587 0.136720 0.015820 0.017580
0 0.449217 0.123047 0.014059 0.017580
0 0.691407 0.136720 0.017577 0.017580
0 0.792971 0.169923 0.017577 0.017580
0 0.916015 0.113282 0.014059 0.017580
0 0.976562 0.205079 0.014059 0.017580
0 0.947265 0.270506 0.014059 0.012306
0 0.831056 0.208006 0.015820 0.012306
0 0.784182 0.218751 0.015820 0.017580
0 0.612305 0.260741 0.019339 0.015822
0 0.487307 0.228517 0.015820 0.017580
0 0.440428 0.234375 0.015820 0.017580
0 0.503907 0.388673 0.017577 0.017580
0 0.794920 0.317383 0.014059 0.015822
0 0.605471 0.413087 0.017577 0.015822
0 0.574220 0.468749 0.017577 0.014060
0 0.531249 0.583008 0.014059 0.015822
0 0.449217 0.699219 0.014059 0.017580
0 0.555666 0.601564 0.015820 0.017580
0 0.707030 0.539063 0.014059 0.017580
0 0.673830 0.474611 0.017577 0.017580
0 0.643556 0.451173 0.019339 0.017580
0 0.794920 0.491211 0.014059 0.015822
0 0.826170 0.484377 0.014059 0.017580
0 0.815428 0.452149 0.015820 0.015822
0 0.584963 0.210937 0.015820 0.014060
0 0.591797 0.168944 0.017577 0.019334
0 0.962888 0.702147 0.017577 0.015822
0 0.926757 0.607422 0.015820 0.021095
0 0.831056 0.675781 0.015820 0.014060
0 0.701172 0.710936 0.017577 0.014060
0 0.652344 0.689454 0.017577 0.017580
0 0.632813 0.717774 0.017577 0.019334
0 0.750977 0.826171 0.019339 0.014060
0 0.918946 0.293945 0.019339 0.015822
0 0.958985 0.494142 0.028127 0.028123
0 0.975585 0.408204 0.015820 0.014060
0 0.600752 0.150294 0.016823 0.011645
0 0.724971 0.269333 0.021997 0.021995
0 0.708148 0.251218 0.011644 0.016820
0 0.675804 0.372847 0.024584 0.019410
