0 0.972657 0.150391 0.017577 0.017580
0 0.809569 0.275392 0.015820 0.017580
0 0.512694 0.199219 0.015820 0.017580
0 0.625000 0.342775 0.021095 0.022850
0 0.660154 0.369140 0.017577 0.028123
0 0.959960 0.229491 0.015820 0.015822
0 0.860351 0.599611 0.015820 0.017580
0 0.749021 0.544921 0.015820 0.017580
0 0.813477 0.657228 0.015820 0.015822
0 0.798826 0.709959 0.014059 0.015822
0 0.788088 0.745118 0.029884 0.026365
0 0.386718 0.558593 0.017577 0.017580
0 0.336913 0.436524 0.015820 0.019334
0 0.875978 0.515624 0.019339 0.024611
0 0.877928 0.488283 0.015820 0.017580
0 0.906252 0.481444 0.017577 0.015822
0 0.925783 0.484376 0.017577 0.017580
0 0.896487 0.985350 0.017577 0.015822
0 0.167968 0.911133 0.024609 0.026365
0 0.764649 0.816405 0.019339 0.017580
0 0.976444 0.240142 0.015527 0.016820
