0 0.485352 0.970702 0.021485 0.019531
0 0.257813 0.983398 0.019531 0.021483
0 0.183591 0.171873 0.023439 0.019531
0 0.494140 0.332033 0.019531 0.019531
0 0.688474 0.502930 0.029297 0.021483
0 0.031251 0.958009 0.015623 0.017580
0 0.458009 0.920898 0.017577 0.017580
0 0.453124 0.867187 0.019531 0.019531
0 0.291018 0.056642 0.015623 0.019531
0 0.407227 0.072266 0.017577 0.015624
0 0.144529 0.944336 0.015623 0.021483
0 0.919922 0.052735 0.050782 0.035155
0 0.975584 0.458985 0.017577 0.023438
0 0.709960 0.322264 0.029297 0.023438
0 0.328126 0.393554 0.015623 0.013673
0 0.863283 0.972657 0.019531 0.019531
0 0.969727 0.491210 0.017577 0.021483
0 0.989256 0.480468 0.021487 0.035155
0 0.275390 0.897460 0.019531 0.021483
0 0.122072 0.348633 0.021485 0.017580
0 0.243162 0.389647 0.017577 0.017580
