0 0.065429 0.517579 0.021485 0.023438
0 0.033201 0.650390 0.019531 0.019531
0 0.017578 0.828125 0.019531 0.019531
0 0.030275 0.547851 0.021485 0.021483
0 0.468748 0.283202 0.019531 0.019531
0 0.078125 0.928712 0.019531 0.033204
0 0.689453 0.733397 0.019531 0.021483
0 0.578123 0.890626 0.019531 0.019531
0 0.182615 0.412109 0.017577 0.019531
0 0.146484 0.292967 0.019531 0.019531
0 0.692384 0.873046 0.017577 0.019531
0 0.193358 0.987305 0.019531 0.021483
0 0.590820 0.658204 0.021485 0.019531
0 0.334961 0.754884 0.021485 0.021483
0 0.654299 0.583007 0.019531 0.021483
0 0.254882 0.840822 0.021485 0.033204
0 0.066406 0.863280 0.019531 0.019531
0 0.159181 0.865236 0.017577 0.019531
0 0.915038 0.162108 0.029297 0.031248
0 0.758789 0.414061 0.017577 0.019531
0 0.795897 0.729494 0.017577 0.017580
0 0.679687 0.987305 0.019531 0.017580
0 0.627928 0.909181 0.017577 0.017580
0 0.841798 0.375978 0.011720 0.037111
0 0.859375 0.366213 0.019531 0.044921
0 0.799805 0.750977 0.017577 0.017580
0 0.553712 0.850588 0.017577 0.017580
0 0.534181 0.858398 0.017577 0.021483
0 0.368166 0.824218 0.013674 0.011717
0 0.381835 0.808594 0.017577 0.015624
0 0.343750 0.835939 0.035154 0.019531
