0 0.816404 0.765625 0.019531 0.019531
0 0.726565 0.417968 0.015623 0.015624
0 0.717771 0.183594 0.017577 0.019531
0 0.907225 0.331053 0.029297 0.033204
0 0.443358 0.581055 0.015623 0.017580
0 0.809569 0.663086 0.017577 0.017580
0 0.550779 0.066407 0.019531 0.019531
0 0.572265 0.392578 0.019531 0.019531
0 0.306640 0.697266 0.019531 0.019531
0 0.778319 0.395509 0.017577 0.017580
0 0.299806 0.025390 0.021485 0.019531
0 0.718748 0.288084 0.019531 0.021483
0 0.043947 0.272460 0.017577 0.017580
0 0.515625 0.218749 0.019531 0.019531
0 0.438478 0.522461 0.021485 0.021483
0 0.118164 0.364257 0.017577 0.017580
0 0.450198 0.987305 0.017577 0.017580
0 0.121095 0.527344 0.019531 0.019531
0 0.355468 0.767576 0.019531 0.023438
