0 0.684571 0.035156 0.021485 0.019531
0 0.021485 0.134767 0.019531 0.019531
0 0.346679 0.764649 0.037108 0.033204
0 0.673828 0.815429 0.019531 0.021483
0 0.698245 0.906250 0.064451 0.039062
0 0.986326 0.972657 0.023439 0.019531
0 0.846682 0.810546 0.029297 0.035155
0 0.144316 0.047613 0.024994 0.025469
0 0.057180 0.015386 0.023809 0.022774
0 0.083576 0.030911 0.018635 0.028985
0 0.094962 0.007693 0.018635 0.015386
0 0.113075 0.026772 0.023809 0.024843
0 0.063387 0.038159 0.017597 0.014493
0 0.046827 0.051095 0.011386 0.017599
