0 0.613281 0.393554 0.019531 0.021483
0 0.242190 0.961916 0.019531 0.017580
0 0.371091 0.632814 0.019531 0.019531
0 0.141603 0.438475 0.021485 0.021483
0 0.045897 0.078125 0.017577 0.019531
0 0.992188 0.090822 0.015625 0.021483
0 0.723634 0.392578 0.017577 0.015624
0 0.514649 0.980467 0.017577 0.019531
0 0.293944 0.932615 0.021485 0.021483
0 0.368165 0.970702 0.021485 0.019531
0 0.058593 0.769532 0.015623 0.019531
0 0.722657 0.933595 0.019531 0.015624
0 0.192385 0.928712 0.017577 0.017580
0 0.059570 0.486327 0.021485 0.015624
0 0.067382 0.507813 0.017577 0.019531
0 0.211881 0.940467 0.025879 0.014557
