0 0.695315 0.516603 0.019531 0.021483
0 0.017578 0.029297 0.019531 0.019531
0 0.625002 0.856446 0.019531 0.021483
0 0.078125 0.129884 0.019531 0.033204
0 0.611328 0.402344 0.019531 0.019531
0 0.018555 0.644531 0.017577 0.019531
0 0.578123 0.091797 0.019531 0.019531
0 0.766600 0.208008 0.021485 0.021483
0 0.729492 0.392578 0.021485 0.019531
0 0.692384 0.074218 0.017577 0.019531
0 0.175781 0.907226 0.019531 0.021483
0 0.778320 0.267578 0.021485 0.019531
0 0.460936 0.779298 0.019531 0.019531
0 0.310545 0.268553 0.019531 0.021483
0 0.193358 0.188477 0.019531 0.021483
0 0.144530 0.348633 0.019531 0.021483
0 0.990235 0.608400 0.019530 0.021483
0 0.660156 0.288084 0.019531 0.021483
0 0.646482 0.792970 0.019531 0.019531
0 0.863284 0.233398 0.019531 0.021483
0 0.279299 0.408202 0.019531 0.019531
0 0.487307 0.938478 0.021485 0.021483
0 0.224609 0.461913 0.019531 0.021483
0 0.254882 0.041994 0.021485 0.033204
0 0.570312 0.758791 0.019531 0.021483
0 0.391600 0.202150 0.021485 0.021483
0 0.605471 0.691408 0.019531 0.019531
0 0.869141 0.585938 0.019531 0.019531
0 0.814451 0.576172 0.019531 0.019531
0 0.781251 0.620117 0.019531 0.021483
0 0.931643 0.384764 0.019531 0.019531
0 0.039063 0.215819 0.019531 0.021483
0 0.078125 0.704101 0.019531 0.021483
0 0.066406 0.064452 0.019531 0.019531
0 0.435548 0.879884 0.019531 0.021483
0 0.398440 0.793946 0.019531 0.021483
0 0.159181 0.066408 0.017577 0.019531
0 0.043943 0.526369 0.017577 0.021483
0 0.253905 0.847657 0.019531 0.019531
0 0.253905 0.583007 0.019531 0.021483
0 0.888672 0.933595 0.019531 0.019531
0 0.047852 0.833984 0.017577 0.019531
0 0.099611 0.246095 0.019531 0.019531
0 0.991210 0.291016 0.017581 0.019531
0 0.679687 0.188477 0.019531 0.017580
0 0.627928 0.110353 0.017577 0.017580
0 0.541992 0.281250 0.021485 0.019531
0 0.574220 0.292967 0.019531 0.019531
0 0.440428 0.365233 0.017577 0.019531
0 0.533204 0.576172 0.019531 0.019531
0 0.373046 0.673828 0.019531 0.019531
0 0.382812 0.704101 0.019531 0.021483
0 0.342773 0.685545 0.021485 0.019531
0 0.315430 0.692383 0.021485 0.021483
0 0.300779 0.724611 0.019531 0.019531
0 0.305664 0.748046 0.017577 0.019531
0 0.366212 0.894533 0.021485 0.019531
0 0.392577 0.927733 0.019531 0.019531
0 0.412109 0.896484 0.019531 0.019531
0 0.479490 0.860353 0.021485 0.021483
0 0.752931 0.787108 0.017577 0.019531
0 0.723635 0.845705 0.021485 0.019531
0 0.285156 0.553710 0.023439 0.029297
0 0.878907 0.447265 0.019531 0.023438
0 0.810548 0.384764 0.019531 0.019531
0 0.900392 0.358399 0.019531 0.021483
0 0.680664 0.408202 0.021485 0.019531
0 0.771485 0.515624 0.019531 0.019531
0 0.771485 0.540038 0.019531 0.021483
0 0.672853 0.578124 0.017577 0.019531
0 0.476564 0.742187 0.019531 0.019531
0 0.169924 0.815429 0.019531 0.017580
0 0.191404 0.818360 0.019531 0.019531
0 0.138673 0.910157 0.019531 0.019531
0 0.087891 0.220701 0.015623 0.019531
0 0.361327 0.869139 0.019531 0.019531
0 0.434571 0.807619 0.017577 0.017580
0 0.553712 0.051759 0.017577 0.017580
0 0.534181 0.059570 0.017577 0.021483
0 0.368166 0.025390 0.013674 0.011717
0 0.381835 0.009766 0.017577 0.015624
0 0.343750 0.037111 0.035154 0.019531
0 0.924368 0.814214 0.023809 0.022774
0 0.950764 0.829739 0.018635 0.028985
0 0.962149 0.802827 0.018635 0.022774
0 0.980263 0.825601 0.023809 0.024843
0 0.930574 0.836987 0.017597 0.014493
0 0.914015 0.849923 0.011386 0.017599
0 0.733380 0.863383 0.014494 0.015525
0 0.804807 0.851476 0.016564 0.012423
0 0.818263 0.870111 0.016564 0.014493
