0 0.155274 0.641600 0.021485 0.029297
0 0.475588 0.561524 0.021485 0.021483
0 0.816406 0.029297 0.019531 0.019531
0 0.417967 0.110353 0.019531 0.021483
0 0.589844 0.114256 0.019531 0.021483
0 0.320311 0.943361 0.019531 0.019531
0 0.876953 0.129884 0.019531 0.033204
0 0.751955 0.502931 0.019531 0.021483
0 0.817383 0.644531 0.017577 0.019531
0 0.187502 0.074218 0.019531 0.019531
0 0.308592 0.550783 0.019531 0.019531
0 0.104492 0.762694 0.021485 0.021483
0 0.974609 0.907226 0.019531 0.021483
0 0.991210 0.188477 0.017580 0.021483
0 0.943358 0.348633 0.019531 0.021483
0 0.549805 0.619142 0.017577 0.035155
0 0.533205 0.207033 0.019531 0.019531
0 0.037110 0.333985 0.019531 0.019531
0 0.793944 0.899416 0.021485 0.021483
0 0.728516 0.404295 0.019531 0.019531
0 0.210936 0.487307 0.019531 0.021483
0 0.525388 0.660155 0.019531 0.019531
0 0.583987 0.600586 0.019531 0.017580
0 0.105469 0.470703 0.019531 0.019531
0 0.429687 0.226564 0.019531 0.019531
0 0.739259 0.631835 0.017577 0.017580
0 0.757813 0.466796 0.019531 0.019531
0 0.491211 0.757811 0.021485 0.019531
0 0.837891 0.215819 0.019531 0.021483
0 0.876953 0.704101 0.019531 0.021483
0 0.530273 0.367189 0.021485 0.019531
0 0.865234 0.064452 0.019531 0.019531
0 0.958009 0.066408 0.017577 0.019531
0 0.842771 0.526369 0.017577 0.021483
0 0.652346 0.541993 0.019531 0.021483
0 0.306643 0.445313 0.019531 0.019531
0 0.846680 0.833984 0.017577 0.019531
0 0.115235 0.442382 0.019531 0.021483
0 0.898439 0.246095 0.019531 0.019531
0 0.398436 0.778322 0.019531 0.021483
0 0.382813 0.830077 0.019531 0.019531
0 0.274415 0.343750 0.021485 0.019531
0 0.968752 0.815429 0.019531 0.017580
0 0.990232 0.818360 0.019531 0.019531
0 0.712893 0.763673 0.019531 0.019531
0 0.744139 0.683594 0.019531 0.019531
0 0.734373 0.743163 0.019531 0.021483
0 0.633791 0.821287 0.021485 0.021483
0 0.684568 0.881836 0.021485 0.021483
0 0.738281 0.858398 0.019531 0.021483
0 0.937501 0.910157 0.019531 0.019531
0 0.482423 0.812501 0.019531 0.019531
0 0.491211 0.868163 0.029297 0.021483
0 0.158205 0.711914 0.015623 0.021483
0 0.137697 0.716797 0.013674 0.019531
0 0.030276 0.679687 0.021485 0.019531
0 0.012694 0.654297 0.021485 0.019531
0 0.886719 0.220701 0.015623 0.019531
0 0.598632 0.825194 0.033205 0.029297
0 0.595701 0.531252 0.019531 0.019531
0 0.576170 0.546876 0.019531 0.019531
0 0.044921 0.458986 0.011720 0.019531
0 0.759767 0.853515 0.019531 0.019531
0 0.737304 0.766601 0.017577 0.021483
0 0.391601 0.849608 0.017577 0.019531
0 0.058595 0.625976 0.015623 0.017580
0 0.070315 0.646483 0.019531 0.015624
0 0.297854 0.359375 0.017577 0.015624
0 0.312500 0.378906 0.015623 0.015624
