0 0.191406 0.718749 0.019531 0.019531
0 0.429688 0.493165 0.019531 0.021483
0 0.038088 0.276367 0.021485 0.029297
0 0.427734 0.843749 0.019531 0.019531
0 0.839841 0.447264 0.019531 0.019531
0 0.280273 0.867187 0.021485 0.019531
0 0.198240 0.434572 0.021485 0.017580
0 0.261719 0.674804 0.019531 0.021483
0 0.333986 0.991211 0.019531 0.017577
0 0.762694 0.894533 0.021485 0.019531
0 0.074219 0.630859 0.019531 0.019531
0 0.620119 0.847656 0.021485 0.019531
0 0.987307 0.410158 0.021485 0.019531
0 0.986330 0.873046 0.019531 0.019531
0 0.915040 0.220705 0.029297 0.035155
0 0.455076 0.925781 0.019531 0.019531
0 0.374998 0.765625 0.019531 0.019531
0 0.636719 0.740235 0.019531 0.019531
0 0.476561 0.617186 0.019531 0.019531
0 0.208006 0.484375 0.021485 0.019531
0 0.652341 0.650390 0.019531 0.019531
0 0.949217 0.610352 0.019531 0.021483
0 0.693358 0.652345 0.019531 0.019531
0 0.662107 0.898436 0.019531 0.019531
0 0.896486 0.686525 0.019531 0.021483
0 0.498047 0.952150 0.019531 0.021483
0 0.991211 0.505858 0.017578 0.019531
0 0.394534 0.580079 0.019531 0.019531
0 0.746094 0.070311 0.019531 0.019531
0 0.333986 0.389647 0.019531 0.021483
0 0.667969 0.698242 0.019531 0.021483
0 0.888674 0.564451 0.019531 0.019531
0 0.372071 0.604493 0.021485 0.021483
0 0.455076 0.763673 0.015623 0.019531
0 0.479493 0.756835 0.029297 0.021483
0 0.558594 0.733397 0.019531 0.021483
0 0.566406 0.708983 0.019531 0.019531
0 0.808596 0.504882 0.023439 0.029297
0 0.852538 0.513672 0.017577 0.019531
0 0.652341 0.968750 0.035154 0.023438
0 0.674804 0.976564 0.021485 0.023438
0 0.787110 0.780273 0.035154 0.029297
0 0.307616 0.469727 0.017577 0.017580
0 0.294924 0.450196 0.015623 0.017580
0 0.284181 0.602538 0.017577 0.021483
0 0.296873 0.583007 0.019531 0.017580
0 0.381837 0.622069 0.017577 0.013673
0 0.547852 0.570314 0.029297 0.019531
0 0.559571 0.588869 0.021485 0.017580
0 0.657227 0.522462 0.017577 0.017580
0 0.654296 0.541017 0.019531 0.019531
