0 0.125978 0.258787 0.017577 0.013673
0 0.282227 0.718748 0.021485 0.019531
0 0.400391 0.111328 0.031251 0.023438
0 0.030272 0.300781 0.017577 0.019531
0 0.995117 0.207032 0.009767 0.019531
0 0.254885 0.088866 0.017577 0.017580
0 0.186526 0.323243 0.021485 0.021483
0 0.959959 0.402343 0.021485 0.019531
0 0.915040 0.175780 0.017577 0.019531
0 0.822264 0.113280 0.019531 0.015624
0 0.127927 0.554689 0.021485 0.019531
0 0.011720 0.180663 0.023440 0.021483
0 0.876955 0.521486 0.015623 0.015624
0 0.530274 0.523437 0.017577 0.019531
0 0.661135 0.188477 0.017577 0.017580
0 0.450196 0.145508 0.017577 0.017580
0 0.573240 0.575196 0.021485 0.017580
0 0.603514 0.191408 0.015623 0.019531
0 0.959959 0.045897 0.021485 0.017580
0 0.820310 0.032228 0.023439 0.037111
0 0.784179 0.465820 0.021485 0.017580
0 0.708009 0.216798 0.021485 0.019531
0 0.902343 0.269533 0.019531 0.015624
0 0.866212 0.237305 0.029297 0.029297
0 0.738282 0.138673 0.019531 0.015624
0 0.479493 0.523437 0.017577 0.015624
0 0.959959 0.555665 0.017577 0.017580
0 0.420899 0.420899 0.017577 0.017580
0 0.584960 0.216798 0.029297 0.023438
0 0.473635 0.378905 0.017577 0.019531
0 0.619142 0.610351 0.019531 0.017580
0 0.199217 0.527344 0.019531 0.019531
0 0.799807 0.159180 0.021485 0.021483
0 0.204103 0.625976 0.013674 0.017580
0 0.213868 0.177736 0.017577 0.015624
0 0.774414 0.843749 0.021485 0.039062
0 0.539063 0.019531 0.019531 0.019531
0 0.528320 0.377930 0.021485 0.021483
0 0.812499 0.625976 0.019531 0.021483
0 0.619142 0.062500 0.019531 0.019531
0 0.081054 0.057618 0.017577 0.029297
0 0.215822 0.113280 0.017577 0.019531
0 0.183594 0.124025 0.015623 0.013673
0 0.103516 0.288084 0.019531 0.017580
0 0.154298 0.496092 0.011720 0.015624
0 0.174806 0.501954 0.021485 0.019531
0 0.578125 0.488282 0.019531 0.019531
0 0.501955 0.015624 0.019531 0.019531
0 0.837892 0.275391 0.019531 0.019531
0 0.931640 0.519530 0.019531 0.015624
0 0.103516 0.333009 0.023439 0.013673
0 0.100585 0.354491 0.017577 0.017580
0 0.398437 0.217774 0.019531 0.021483
0 0.397460 0.239256 0.021485 0.017580
0 0.710940 0.175780 0.015623 0.019531
0 0.733397 0.175780 0.021485 0.031248
0 0.887697 0.100587 0.021485 0.017580
0 0.196291 0.146483 0.037108 0.023438
