0 0.338866 0.244141 0.015820 0.017580
0 0.209960 0.183592 0.015820 0.014060
0 0.061522 0.199220 0.015820 0.017580
0 0.014649 0.256838 0.015820 0.015822
0 0.077150 0.115233 0.019339 0.024611
0 0.079099 0.087892 0.015820 0.017580
0 0.107424 0.081054 0.017577 0.015822
0 0.126955 0.083985 0.017577 0.017580
0 0.345701 0.551756 0.017577 0.015822
0 0.097659 0.584960 0.017577 0.015822
0 0.907228 0.443359 0.015820 0.014060
0 0.847658 0.337890 0.017577 0.014060
0 0.711912 0.636719 0.015820 0.017580
0 0.634764 0.545898 0.014059 0.015822
0 0.561525 0.470704 0.015820 0.017580
0 0.629884 0.448242 0.019339 0.015822
0 0.585937 0.415038 0.014059 0.012306
0 0.612302 0.239258 0.015820 0.015822
0 0.462893 0.221679 0.017577 0.015822
0 0.439453 0.098633 0.021095 0.019334
0 0.416991 0.043947 0.015820 0.019334
0 0.827150 0.156251 0.019339 0.017580
0 0.829104 0.137696 0.019339 0.019334
0 0.879881 0.064454 0.015820 0.017580
0 0.831053 0.033202 0.026365 0.021095
0 0.687501 0.007374 0.017577 0.014747
0 0.644530 0.031250 0.014059 0.017580
0 0.635742 0.092775 0.012307 0.012306
0 0.553709 0.176758 0.015820 0.015822
0 0.539063 0.208006 0.017577 0.015822
0 0.535155 0.252931 0.021095 0.015822
0 0.532229 0.271486 0.015820 0.017580
0 0.958982 0.294920 0.017577 0.017580
0 0.929686 0.291993 0.014059 0.015822
0 0.904297 0.293945 0.017577 0.015822
0 0.615233 0.045898 0.014059 0.015822
0 0.623045 0.068361 0.028127 0.024611
0 0.050780 0.690429 0.017577 0.015822
0 0.414065 0.361328 0.017577 0.017580
0 0.960936 0.438476 0.017577 0.019334
0 0.605908 0.422017 0.018114 0.019410
