0 0.024416 0.742188 0.017577 0.015624
0 0.964841 0.144530 0.019531 0.019531
0 0.032228 0.230468 0.017577 0.015624
0 0.134764 0.779295 0.015623 0.015624
0 0.098632 0.341797 0.017577 0.019531
0 0.523437 0.180665 0.023439 0.021483
0 0.726565 0.628905 0.015623 0.015624
0 0.916991 0.113282 0.033205 0.023438
0 0.547853 0.301758 0.017577 0.017580
0 0.936522 0.416014 0.021485 0.019531
0 0.292967 0.266603 0.015623 0.017580
0 0.180665 0.672850 0.017577 0.017580
0 0.650389 0.550780 0.019531 0.019531
0 0.770507 0.089843 0.017577 0.019531
0 0.048828 0.505859 0.023439 0.019531
0 0.160157 0.198240 0.023439 0.021483
0 0.802735 0.720702 0.019531 0.019531
0 0.495117 0.444335 0.021485 0.017580
0 0.696291 0.320314 0.021485 0.019531
0 0.070313 0.434569 0.031251 0.029297
0 0.637698 0.258789 0.017577 0.017580
0 0.498048 0.126954 0.019531 0.019531
0 0.146483 0.286134 0.019531 0.017580
0 0.728514 0.111330 0.015623 0.015624
0 0.082033 0.393556 0.019531 0.013673
0 0.296875 0.012695 0.019531 0.017580
0 0.716799 0.527342 0.019531 0.019531
0 0.421873 0.327148 0.019531 0.021483
0 0.156249 0.171875 0.015623 0.019531
0 0.433593 0.636719 0.019531 0.019531
0 0.669920 0.499025 0.011720 0.017580
0 0.688474 0.504884 0.013674 0.013673
0 0.625001 0.291993 0.019531 0.021483
0 0.992189 0.521484 0.015622 0.019531
0 0.990235 0.372069 0.015623 0.021483
0 0.915042 0.215820 0.017577 0.017580
0 0.911133 0.235351 0.017577 0.021483
0 0.209962 0.169923 0.021485 0.019531
0 0.187500 0.166992 0.015623 0.021483
0 0.619138 0.333007 0.023439 0.013673
0 0.613281 0.353517 0.019531 0.019531
0 0.717771 0.170899 0.017577 0.013673
0 0.706056 0.149413 0.033205 0.029297
0 0.698240 0.124023 0.017577 0.017580
