0 0.132814 0.048828 0.017577 0.014060
0 0.502928 0.041014 0.015820 0.017580
0 0.830077 0.314454 0.014059 0.017580
0 0.689451 0.270509 0.017577 0.019334
0 0.418946 0.380861 0.015820 0.017580
0 0.279297 0.102539 0.017577 0.015822
0 0.243166 0.238281 0.015820 0.014060
0 0.171876 0.402344 0.017577 0.014060
0 0.014650 0.277343 0.015820 0.014060
0 0.218750 0.582031 0.014059 0.014060
0 0.260743 0.660155 0.019339 0.017580
0 0.412112 0.688476 0.017577 0.015822
0 0.512694 0.971681 0.022852 0.019334
0 0.484374 0.912108 0.017577 0.017580
0 0.461912 0.883787 0.015820 0.015822
0 0.703124 0.507813 0.021095 0.017580
0 0.425781 0.791990 0.021095 0.019334
0 0.958006 0.598634 0.033397 0.019334
0 0.643554 0.954102 0.029884 0.026365
0 0.655274 0.561524 0.026365 0.019334
0 0.327148 0.155273 0.012307 0.015822
0 0.489259 0.695314 0.019339 0.014060
0 0.480471 0.715821 0.021095 0.015822
