0 0.955076 0.221681 0.019531 0.017580
0 0.825198 0.042969 0.017577 0.019531
0 0.877929 0.981447 0.021485 0.021483
0 0.505860 0.117187 0.019531 0.019531
0 0.537111 0.932619 0.019531 0.017580
0 0.457032 0.005860 0.015623 0.011719
0 0.012697 0.529296 0.017577 0.015624
0 0.387696 0.009766 0.017577 0.019531
0 0.715822 0.887694 0.017577 0.017580
0 0.187500 0.718749 0.019531 0.019531
0 0.330080 0.824218 0.019531 0.019531
0 0.964842 0.920898 0.019531 0.029297
0 0.961916 0.943360 0.013674 0.011717
0 0.118164 0.763673 0.013674 0.011717
