0 0.399414 0.238281 0.029297 0.031248
0 0.754882 0.983399 0.021485 0.017580
0 0.943359 0.851564 0.019531 0.015624
0 0.554686 0.888670 0.015623 0.019531
0 0.323244 0.331054 0.029297 0.029297
0 0.838869 0.208008 0.021485 0.017580
0 0.994141 0.730470 0.011719 0.015624
0 0.206057 0.131835 0.009766 0.017580
0 0.222657 0.126953 0.015623 0.019531
0 0.856446 0.214843 0.009766 0.015624
0 0.811522 0.375978 0.017577 0.017580
0 0.486327 0.798829 0.015623 0.019531
0 0.507812 0.799805 0.015623 0.017580
0 0.278319 0.900391 0.017577 0.019531
0 0.300781 0.909181 0.019531 0.021483
