0 0.959960 0.150392 0.021485 0.019531
0 0.926755 0.203123 0.021485 0.019531
0 0.749021 0.009767 0.017577 0.019531
0 0.361330 0.581053 0.019531 0.017580
0 0.175779 0.591798 0.019531 0.019531
0 0.108397 0.958007 0.021485 0.017580
0 0.418946 0.308593 0.017577 0.015624
0 0.299805 0.302734 0.017577 0.015624
0 0.329102 0.859375 0.017577 0.019531
0 0.163087 0.767578 0.017577 0.019531
0 0.401369 0.022460 0.029297 0.021483
0 0.391604 0.392580 0.017577 0.015624
0 0.320313 0.515625 0.015623 0.015624
0 0.913087 0.547853 0.029297 0.029297
0 0.269532 0.261720 0.015623 0.015624
0 0.009765 0.588867 0.019530 0.021483
0 0.477540 0.298827 0.017577 0.015624
0 0.093751 0.499025 0.019531 0.017580
0 0.042969 0.363283 0.019531 0.019531
0 0.378907 0.666991 0.019531 0.017580
0 0.089843 0.389649 0.015623 0.017580
0 0.671874 0.439452 0.019531 0.015624
0 0.093751 0.623046 0.019531 0.015624
0 0.217772 0.159178 0.017577 0.017580
0 0.121094 0.152344 0.019531 0.019531
0 0.666016 0.291993 0.019531 0.021483
0 0.242189 0.560546 0.019531 0.019531
0 0.049804 0.461914 0.021485 0.017580
0 0.408203 0.248048 0.019531 0.019531
0 0.248046 0.451173 0.019531 0.019531
0 0.215818 0.843751 0.017577 0.019531
0 0.556641 0.442383 0.019531 0.017580
0 0.258789 0.319334 0.021485 0.021483
0 0.944337 0.052733 0.021485 0.015624
0 0.862305 0.444335 0.017577 0.017580
0 0.356444 0.753906 0.017577 0.011717
0 0.272463 0.336914 0.021485 0.017580
0 0.122071 0.131837 0.017577 0.017580
0 0.268554 0.536132 0.021485 0.013673
0 0.066404 0.500977 0.015623 0.017580
0 0.665039 0.535156 0.017577 0.019531
0 0.461912 0.486328 0.009766 0.011717
0 0.601561 0.699219 0.011720 0.007814
0 0.679685 0.561522 0.011720 0.013673
0 0.840819 0.843751 0.048828 0.031248
