0 0.662111 0.985350 0.017577 0.015822
0 0.939455 0.981447 0.017577 0.019334
0 0.798829 0.815429 0.017577 0.015822
0 0.710939 0.781249 0.017577 0.014060
0 0.656249 0.828125 0.014059 0.017580
0 0.624026 0.914064 0.015820 0.017580
0 0.518554 0.940429 0.015820 0.015822
0 0.470703 0.869139 0.021095 0.017580
0 0.286134 0.918947 0.015820 0.019334
0 0.221679 0.779298 0.015820 0.017580
0 0.008301 0.864256 0.016602 0.015822
0 0.712893 0.951171 0.017577 0.014060
0 0.661134 0.934571 0.015820 0.015822
0 0.167971 0.884767 0.017577 0.017580
0 0.126954 0.923829 0.017577 0.017580
0 0.121092 0.903319 0.021095 0.015822
0 0.056641 0.915040 0.021095 0.015822
0 0.055664 0.933595 0.022852 0.024611
0 0.069338 0.924805 0.022852 0.026365
0 0.702150 0.856446 0.015820 0.015822
0 0.705077 0.837891 0.014059 0.017580
0 0.275392 0.631835 0.017577 0.015822
0 0.601564 0.652345 0.017577 0.017580
0 0.509765 0.623049 0.014059 0.021095
0 0.653323 0.706056 0.019339 0.019334
0 0.853514 0.713866 0.014059 0.015822
0 0.932616 0.740235 0.015820 0.017580
0 0.995558 0.833008 0.008885 0.015822
0 0.975586 0.628907 0.026365 0.024611
0 0.776367 0.580079 0.015820 0.017580
0 0.005419 0.531252 0.010838 0.017580
0 0.009230 0.517579 0.018460 0.017580
0 0.193359 0.438475 0.014059 0.029881
0 0.119143 0.250002 0.017577 0.017580
0 0.294923 0.359375 0.024609 0.021095
0 0.455080 0.402344 0.017577 0.017580
0 0.465823 0.349609 0.015820 0.014060
0 0.392578 0.580079 0.017577 0.021095
0 0.430664 0.545900 0.022852 0.026365
0 0.478514 0.534179 0.021095 0.022850
0 0.527342 0.566407 0.014059 0.017580
0 0.597655 0.464844 0.014059 0.017580
0 0.310546 0.478517 0.014059 0.017580
0 0.310546 0.250978 0.017577 0.015822
0 0.288083 0.154298 0.015820 0.017580
0 0.929689 0.210936 0.017577 0.014060
0 0.251952 0.169922 0.014059 0.017580
0 0.605467 0.338868 0.017577 0.015822
0 0.587890 0.337892 0.014059 0.017580
0 0.580078 0.357423 0.017577 0.021095
0 0.972655 0.765625 0.021095 0.024611
0 0.072264 0.013673 0.017577 0.024611
0 0.883788 0.086915 0.022852 0.019334
0 0.320311 0.461913 0.017577 0.022850
0 0.801760 0.447265 0.012307 0.014060
0 0.813475 0.469727 0.019339 0.015822
0 0.784178 0.462889 0.012307 0.017580
0 0.801760 0.483400 0.015820 0.019334
0 0.580078 0.409178 0.021095 0.036913
0 0.326265 0.270778 0.020701 0.020704
0 0.270628 0.173085 0.018114 0.019410
