0 0.456057 0.280275 0.021485 0.017580
0 0.093749 0.807619 0.015623 0.017580
0 0.107423 0.038087 0.015623 0.017580
0 0.121092 0.005859 0.019531 0.011718
0 0.340820 0.475586 0.021485 0.017580
0 0.435549 0.113280 0.019531 0.019531
0 0.380859 0.386720 0.015623 0.015624
0 0.366213 0.737304 0.017577 0.021483
0 0.050779 0.785156 0.019531 0.019531
0 0.295900 0.192384 0.017577 0.017580
0 0.362305 0.572266 0.021485 0.019531
0 0.764647 0.210936 0.017577 0.019531
0 0.249998 0.212891 0.019531 0.019531
0 0.014648 0.806639 0.017577 0.019531
0 0.234375 0.889650 0.015623 0.013673
0 0.252929 0.903319 0.009766 0.013673
