0 0.647463 0.189453 0.017577 0.019531
0 0.281252 0.340819 0.019531 0.021483
0 0.158202 0.795897 0.019531 0.017580
0 0.431638 0.329102 0.015623 0.017580
0 0.593750 0.052735 0.019531 0.019531
0 0.781249 0.322267 0.019531 0.019531
0 0.934572 0.786132 0.017577 0.017580
0 0.317383 0.730469 0.021485 0.019531
0 0.182619 0.559572 0.021485 0.021483
0 0.666017 0.243163 0.023439 0.021483
0 0.858397 0.694335 0.013674 0.017580
0 0.171876 0.288084 0.019531 0.017580
0 0.041016 0.968750 0.019531 0.023438
0 0.784181 0.621093 0.017577 0.019531
0 0.566407 0.698242 0.019531 0.017580
0 0.082032 0.111328 0.023439 0.039062
0 0.534179 0.050779 0.017577 0.019531
0 0.298829 0.259767 0.019531 0.023438
0 0.676759 0.050779 0.017577 0.019531
0 0.916013 0.151366 0.019531 0.017580
0 0.873048 0.175780 0.015623 0.015624
0 0.269532 0.836915 0.019531 0.017580
0 0.239258 0.400392 0.017577 0.019531
0 0.565430 0.388671 0.021485 0.019531
0 0.636720 0.507813 0.019531 0.019531
0 0.050781 0.085938 0.023439 0.031248
0 0.220704 0.451171 0.019531 0.011717
0 0.685548 0.368164 0.019531 0.017580
0 0.842774 0.388671 0.021485 0.019531
0 0.809569 0.560548 0.009766 0.011717
0 0.830077 0.568358 0.023439 0.023438
0 0.854494 0.594727 0.017577 0.017580
0 0.040039 0.747069 0.013674 0.013673
0 0.752930 0.418947 0.009766 0.017580
0 0.844728 0.193360 0.021485 0.023438
0 0.871094 0.241212 0.011720 0.017580
0 0.760741 0.353516 0.017577 0.019531
0 0.759764 0.398436 0.023439 0.015624
0 0.332034 0.222656 0.015623 0.015624
0 0.351565 0.224608 0.019531 0.015624
0 0.303709 0.229491 0.017577 0.017580
0 0.236327 0.015624 0.015623 0.019531
0 0.445312 0.071290 0.019531 0.021483
0 0.738279 0.121094 0.019531 0.035155
0 0.043461 0.766008 0.015527 0.018115
0 0.209086 0.489106 0.041406 0.036230
0 0.855405 0.216088 0.021997 0.018115
