0 0.055665 0.285157 0.015820 0.017580
0 0.061522 0.450195 0.015820 0.015822
0 0.243165 0.622069 0.019339 0.015822
0 0.289062 0.689452 0.021095 0.017580
0 0.749025 0.694335 0.019339 0.015822
0 0.744140 0.589845 0.014059 0.017580
0 0.375975 0.504882 0.015820 0.015822
0 0.373048 0.445313 0.024609 0.021095
0 0.509766 0.317385 0.017577 0.019334
0 0.452150 0.145508 0.015820 0.015822
0 0.652341 0.111328 0.014059 0.017580
0 0.658204 0.216798 0.017577 0.017580
0 0.663084 0.345702 0.015820 0.017580
0 0.712889 0.323243 0.014059 0.015822
0 0.839841 0.262694 0.021095 0.026366
0 0.937502 0.193360 0.017577 0.017580
0 0.387694 0.912108 0.015820 0.014060
