0 0.752930 0.035156 0.021485 0.019531
0 0.089844 0.134767 0.019531 0.019531
0 0.015623 0.212891 0.019531 0.019531
0 0.041993 0.214843 0.017577 0.019531
0 0.415039 0.764649 0.037108 0.033204
0 0.742188 0.815429 0.019531 0.021483
0 0.766604 0.906250 0.064451 0.039062
0 0.915042 0.810546 0.029297 0.035155
0 0.212675 0.047613 0.024994 0.025469
0 0.125540 0.015386 0.023809 0.022774
0 0.151935 0.030911 0.018635 0.028985
0 0.163321 0.007693 0.018635 0.015386
0 0.181435 0.026772 0.023809 0.024843
0 0.131746 0.038159 0.017597 0.014493
0 0.115187 0.051095 0.011386 0.017599
0 0.007130 0.052648 0.014261 0.012423
0 0.019435 0.071283 0.016564 0.014493
