0 0.715822 0.189453 0.017577 0.019531
0 0.349611 0.340819 0.019531 0.021483
0 0.226562 0.795897 0.019531 0.017580
0 0.499998 0.329102 0.015623 0.017580
0 0.662109 0.052735 0.019531 0.019531
0 0.849609 0.322267 0.019531 0.019531
0 0.385742 0.730469 0.021485 0.019531
0 0.250978 0.559572 0.021485 0.021483
0 0.734376 0.243163 0.023439 0.021483
0 0.926756 0.694335 0.013674 0.017580
0 0.240236 0.288084 0.019531 0.017580
0 0.109375 0.968750 0.019531 0.023438
0 0.852540 0.621093 0.017577 0.019531
0 0.634766 0.698242 0.019531 0.017580
0 0.150391 0.111328 0.023439 0.039062
0 0.602538 0.050779 0.017577 0.019531
0 0.367188 0.259767 0.019531 0.023438
0 0.745119 0.050779 0.017577 0.019531
0 0.007811 0.609376 0.015623 0.011717
0 0.984373 0.151366 0.019531 0.017580
0 0.941407 0.175780 0.015623 0.015624
0 0.337891 0.836915 0.019531 0.017580
0 0.307618 0.400392 0.017577 0.019531
0 0.633789 0.388671 0.021485 0.019531
0 0.705079 0.507813 0.019531 0.019531
0 0.119141 0.085938 0.023439 0.031248
0 0.289063 0.451171 0.019531 0.011717
0 0.753907 0.368164 0.019531 0.017580
0 0.911133 0.388671 0.021485 0.019531
0 0.877928 0.560548 0.009766 0.011717
0 0.898437 0.568358 0.023439 0.023438
0 0.922853 0.594727 0.017577 0.017580
0 0.108398 0.747069 0.013674 0.013673
0 0.821289 0.418947 0.009766 0.017580
0 0.913087 0.193360 0.021485 0.023438
0 0.939453 0.241212 0.011720 0.017580
0 0.829101 0.353516 0.017577 0.019531
0 0.828124 0.398436 0.023439 0.015624
0 0.400393 0.222656 0.015623 0.015624
0 0.419924 0.224608 0.019531 0.015624
0 0.372068 0.229491 0.017577 0.017580
0 0.304686 0.015624 0.015623 0.019531
0 0.513671 0.071290 0.019531 0.021483
0 0.806638 0.121094 0.019531 0.035155
0 0.111820 0.766008 0.015527 0.018115
0 0.277445 0.489106 0.041406 0.036230
0 0.923764 0.216088 0.021997 0.018115
