0 0.327149 0.564452 0.021485 0.019531
0 0.729491 0.470703 0.021485 0.019531
0 0.405273 0.736329 0.021485 0.019531
0 0.967773 0.661131 0.021485 0.021483
0 0.521483 0.957030 0.019531 0.019531
0 0.644532 0.664063 0.019531 0.019531
0 0.491209 0.358399 0.021485 0.021483
0 0.567385 0.327147 0.021485 0.021483
0 0.860352 0.102539 0.021485 0.021483
0 0.007811 0.618162 0.015623 0.021483
0 0.962893 0.571290 0.019531 0.017580
0 0.950196 0.930664 0.021485 0.021483
0 0.991212 0.379882 0.017576 0.021483
0 0.964842 0.257812 0.019531 0.019531
0 0.968750 0.449220 0.019531 0.019531
0 0.161134 0.252929 0.021485 0.021483
0 0.754885 0.177736 0.017577 0.019531
0 0.038085 0.939454 0.021485 0.019531
0 0.255859 0.987305 0.019531 0.025389
0 0.761719 0.685545 0.019531 0.019531
0 0.269533 0.873046 0.031251 0.019531
0 0.320314 0.943361 0.019531 0.019531
0 0.111329 0.332030 0.019531 0.019531
0 0.207031 0.991212 0.019531 0.017577
0 0.087890 0.964843 0.019531 0.019531
0 0.356446 0.963868 0.021485 0.021483
0 0.906248 0.414061 0.019531 0.019531
0 0.587893 0.613279 0.019531 0.019531
0 0.161134 0.731446 0.029297 0.029297
0 0.179688 0.739256 0.023439 0.021483
0 0.630858 0.254881 0.035154 0.029297
0 0.815432 0.900392 0.021485 0.023438
0 0.241213 0.015625 0.021485 0.019531
0 0.165037 0.374999 0.021485 0.019531
0 0.911134 0.766601 0.021485 0.037111
0 0.749999 0.283202 0.031251 0.023438
0 0.749999 0.257812 0.023439 0.023438
0 0.332029 0.007812 0.023439 0.015625
0 0.328126 0.032225 0.023439 0.021483
