0 0.573244 0.722656 0.021485 0.023438
0 0.437498 0.317381 0.019531 0.017580
0 0.221679 0.094728 0.017577 0.017580
0 0.005861 0.430665 0.011722 0.021483
0 0.425783 0.767576 0.019531 0.019531
0 0.242187 0.437499 0.019531 0.019531
0 0.381836 0.619141 0.017577 0.015624
0 0.593752 0.589845 0.019531 0.019531
0 0.198244 0.396485 0.017577 0.019531
0 0.381836 0.689452 0.017577 0.019531
0 0.994141 0.389647 0.011717 0.021483
0 0.070315 0.609376 0.031251 0.019531
0 0.440429 0.277343 0.021485 0.023438
0 0.255861 0.303712 0.019531 0.017580
0 0.710939 0.312498 0.019531 0.019531
0 0.766601 0.950195 0.029297 0.021483
0 0.692385 0.295898 0.013674 0.017580
0 0.446287 0.028321 0.017577 0.017580
