0 0.948241 0.583006 0.021485 0.021483
0 0.119140 0.129884 0.015623 0.017580
0 0.034181 0.898439 0.021485 0.023438
0 0.197265 0.928712 0.019531 0.017580
0 0.532225 0.140625 0.017577 0.019531
0 0.456055 0.738280 0.017577 0.019531
0 0.628909 0.672852 0.023439 0.021483
0 0.373045 0.175780 0.019531 0.019531
0 0.570310 0.343750 0.019531 0.019531
0 0.304686 0.469727 0.015623 0.017580
0 0.535156 0.955077 0.019531 0.019531
0 0.226561 0.188477 0.015623 0.017580
0 0.075198 0.380861 0.017577 0.019531
0 0.737307 0.448244 0.017577 0.017580
0 0.109375 0.228515 0.015623 0.015624
0 0.200196 0.067383 0.021485 0.021483
0 0.592773 0.620117 0.017577 0.017580
0 0.983400 0.084963 0.021485 0.017580
0 0.030273 0.176756 0.017577 0.017580
0 0.551756 0.485351 0.017577 0.017580
0 0.789061 0.390626 0.019531 0.019531
0 0.143557 0.028321 0.013674 0.021483
0 0.963869 0.496092 0.029297 0.023438
0 0.017576 0.850587 0.019531 0.021483
0 0.228516 0.132811 0.011720 0.015624
0 0.774415 0.083983 0.017577 0.015624
0 0.965818 0.242187 0.021485 0.019531
0 0.428712 0.093749 0.017577 0.011717
0 0.152345 0.346681 0.015623 0.017580
0 0.229493 0.869139 0.017577 0.019531
0 0.945315 0.787111 0.019531 0.019531
0 0.043947 0.453127 0.017577 0.019531
0 0.775392 0.827149 0.023439 0.021483
0 0.113283 0.049804 0.015623 0.017580
0 0.151368 0.444337 0.021485 0.029297
0 0.264647 0.160156 0.021485 0.019531
0 0.359376 0.118163 0.019531 0.017580
0 0.913087 0.749025 0.021485 0.021483
0 0.576173 0.034179 0.019531 0.017580
0 0.286132 0.334960 0.017577 0.013673
0 0.564453 0.057618 0.019531 0.017580
0 0.089843 0.010741 0.019531 0.017580
0 0.219727 0.063476 0.013674 0.017580
0 0.245115 0.076173 0.021485 0.019531
0 0.167968 0.087890 0.019531 0.015624
0 0.327148 0.340819 0.017577 0.017580
0 0.973635 0.594727 0.009766 0.017580
0 0.634766 0.037111 0.015623 0.011717
0 0.600584 0.068359 0.013674 0.019531
0 0.717776 0.034179 0.013674 0.017580
0 0.746095 0.054686 0.015623 0.015624
0 0.246092 0.158204 0.011720 0.015624
0 0.807615 0.944336 0.013674 0.029297
0 0.548830 0.228515 0.023439 0.019531
0 0.552733 0.254884 0.019531 0.017580
0 0.305663 0.347657 0.017577 0.019531
0 0.086163 0.409527 0.018114 0.019410
0 0.106216 0.402412 0.016823 0.025879
0 0.408351 0.133923 0.018114 0.021995
