0 0.527345 0.958985 0.015623 0.019531
0 0.302732 0.827150 0.019531 0.017580
0 0.250001 0.823243 0.015623 0.017580
0 0.430662 0.247071 0.017577 0.017580
0 0.683594 0.046877 0.019531 0.015624
0 0.581053 0.947264 0.017577 0.015624
0 0.848632 0.954102 0.017577 0.017580
0 0.921876 0.130860 0.019531 0.019531
0 0.566407 0.004883 0.015623 0.009766
0 0.645509 0.510741 0.017577 0.017580
0 0.974607 0.013673 0.023439 0.023438
0 0.527345 0.476561 0.015623 0.011717
0 0.059570 0.994140 0.013674 0.011720
0 0.376953 0.286133 0.015623 0.017580
0 0.244139 0.876953 0.015623 0.015624
0 0.821289 0.904298 0.017577 0.019531
0 0.724611 0.945312 0.019531 0.019531
0 0.730468 0.985350 0.019531 0.017580
0 0.420896 0.876953 0.017577 0.015624
0 0.100587 0.231447 0.017577 0.017580
0 0.467775 0.907226 0.017577 0.017580
0 0.776370 0.231447 0.017577 0.021483
0 0.218750 0.315430 0.019531 0.017580
0 0.379885 0.835939 0.013674 0.019531
0 0.494140 0.206053 0.019531 0.017580
0 0.405273 0.837891 0.017577 0.015624
0 0.132814 0.625976 0.019531 0.017580
0 0.760742 0.072266 0.017577 0.019531
0 0.130860 0.900391 0.015623 0.015624
0 0.742188 0.284181 0.015623 0.013673
0 0.283201 0.584962 0.019531 0.017580
0 0.491209 0.414061 0.013674 0.015624
0 0.347657 0.584962 0.015623 0.013673
0 0.207031 0.637697 0.015623 0.013673
0 0.557619 0.405275 0.017577 0.017580
0 0.420896 0.484375 0.017577 0.015624
0 0.096678 0.484375 0.017577 0.019531
0 0.372068 0.778322 0.017577 0.017580
0 0.451170 0.229491 0.011720 0.013673
0 0.519534 0.035156 0.015623 0.015624
0 0.423827 0.150391 0.015623 0.015624
0 0.024416 0.307616 0.017577 0.017580
0 0.564453 0.868163 0.019531 0.021483
0 0.174803 0.589845 0.013674 0.015624
0 0.587893 0.793946 0.019531 0.017580
0 0.466798 0.468751 0.019531 0.019531
0 0.370119 0.129884 0.013674 0.017580
0 0.446289 0.365233 0.017577 0.015624
0 0.543945 0.847657 0.017577 0.019531
0 0.294921 0.490234 0.011720 0.015624
0 0.525391 0.117187 0.019531 0.019531
0 0.708983 0.392578 0.015623 0.015624
0 0.339845 0.805663 0.019531 0.017580
0 0.460935 0.720704 0.015623 0.015624
0 0.173826 0.784180 0.019531 0.017580
0 0.258790 0.969726 0.017577 0.017580
0 0.282229 0.518555 0.017577 0.017580
0 0.313475 0.642580 0.013674 0.015624
0 0.584962 0.052735 0.017577 0.019531
0 0.568362 0.201170 0.019531 0.015624
0 0.297852 0.072266 0.013674 0.015624
0 0.096678 0.806639 0.017577 0.015624
0 0.031251 0.161132 0.015623 0.013673
0 0.385742 0.451172 0.017577 0.015624
0 0.208008 0.193360 0.017577 0.019531
0 0.130860 0.762694 0.019531 0.021483
0 0.169923 0.248046 0.003908 0.003907
0 0.489260 0.101563 0.013674 0.015624
0 0.245116 0.385744 0.017577 0.009766
0 0.213865 0.229491 0.013674 0.013673
0 0.272458 0.791991 0.013674 0.013673
0 0.108398 0.095704 0.017577 0.015624
0 0.399416 0.586914 0.017577 0.021483
0 0.404296 0.411134 0.015623 0.013673
0 0.454101 0.294923 0.017577 0.015624
0 0.153323 0.979492 0.017577 0.013673
0 0.526368 0.876953 0.021485 0.019531
0 0.425781 0.373047 0.019531 0.011717
0 0.318360 0.033204 0.019531 0.019531
0 0.504883 0.653321 0.017577 0.013673
0 0.386719 0.638673 0.015623 0.015624
0 0.438478 0.540038 0.021485 0.017580
0 0.156249 0.248046 0.015623 0.015624
0 0.129883 0.030273 0.017577 0.017580
0 0.232424 0.129884 0.019531 0.017580
0 0.871094 0.010742 0.011720 0.017580
0 0.120118 0.586914 0.013674 0.017580
0 0.287109 0.341795 0.019531 0.011717
0 0.179688 0.818360 0.015623 0.007814
0 0.160157 0.760742 0.019531 0.013673
0 0.325195 0.404295 0.013674 0.011717
0 0.136718 0.131835 0.015623 0.017580
0 0.238282 0.583983 0.015623 0.015624
0 0.436524 0.629883 0.013674 0.013673
0 0.240236 0.107422 0.019531 0.011717
0 0.201173 0.883788 0.011720 0.017580
0 0.527345 0.894533 0.019531 0.011717
0 0.164060 0.175781 0.007811 0.015624
0 0.113283 0.762694 0.015623 0.013673
0 0.193357 0.501955 0.015623 0.015624
0 0.601561 0.058594 0.015623 0.011717
0 0.605470 0.077149 0.019531 0.021483
0 0.269532 0.086915 0.015623 0.017580
0 0.354491 0.152342 0.017577 0.015624
0 0.464844 0.161132 0.011720 0.013673
0 0.483398 0.161132 0.021485 0.017580
0 0.619138 0.135742 0.015623 0.013673
0 0.585939 0.190429 0.015623 0.017580
0 0.538088 0.155274 0.013674 0.013673
0 0.552734 0.170898 0.015623 0.021483
0 0.476563 0.696290 0.019531 0.021483
0 0.498048 0.707032 0.015623 0.015624
0 0.503906 0.724611 0.023439 0.019531
0 0.134764 0.011718 0.011720 0.011717
0 0.240236 0.044921 0.015623 0.011717
0 0.233396 0.063477 0.013674 0.013673
0 0.618166 0.157225 0.017577 0.017580
0 0.533202 0.176756 0.015623 0.017580
0 0.359376 0.168946 0.019531 0.017580
0 0.300783 0.135742 0.019531 0.013673
0 0.315429 0.324219 0.017577 0.019531
0 0.288086 0.120118 0.013674 0.009766
0 0.166014 0.093749 0.019531 0.019531
0 0.189454 0.084959 0.015623 0.017580
0 0.173826 0.064452 0.019531 0.015624
0 0.081055 0.027345 0.013674 0.011717
0 0.093752 0.041014 0.011720 0.015624
0 0.152346 0.198243 0.015623 0.013673
0 0.142580 0.182619 0.019531 0.013673
0 0.053713 0.056642 0.013674 0.011717
0 0.061524 0.086915 0.013674 0.013673
0 0.033205 0.064452 0.019531 0.019531
0 0.235350 0.307616 0.009766 0.009766
0 0.250001 0.319337 0.015623 0.013673
0 0.343749 0.379882 0.019531 0.017580
0 0.450198 0.513672 0.021485 0.019531
0 0.518557 0.573241 0.017577 0.021483
0 0.499026 0.577148 0.013674 0.021483
0 0.492186 0.597655 0.019531 0.019531
0 0.428713 0.661131 0.017577 0.013673
0 0.420896 0.678711 0.017577 0.017580
0 0.382811 0.658204 0.019531 0.019531
0 0.363280 0.666014 0.011720 0.019531
0 0.368165 0.511720 0.017577 0.015624
0 0.363280 0.536134 0.019531 0.021483
0 0.242190 0.409178 0.019531 0.017580
0 0.228516 0.451172 0.019531 0.019531
0 0.203127 0.454103 0.015623 0.017580
0 0.087890 0.369140 0.015623 0.019531
0 0.105467 0.370116 0.015623 0.013673
0 0.116209 0.386720 0.017577 0.015624
0 0.216796 0.428709 0.015623 0.017580
0 0.154295 0.415041 0.015623 0.013673
0 0.143557 0.432616 0.021485 0.017580
0 0.124026 0.440430 0.009766 0.017580
0 0.141603 0.547852 0.013674 0.017580
0 0.161134 0.544920 0.021485 0.015624
0 0.186523 0.545900 0.017577 0.017580
0 0.213865 0.546876 0.013674 0.019531
0 0.234373 0.554686 0.019531 0.019531
0 0.201173 0.570314 0.019531 0.019531
0 0.253904 0.692383 0.011720 0.017580
0 0.266601 0.673828 0.013674 0.011717
0 0.280275 0.688476 0.013674 0.017580
0 0.297852 0.680662 0.017577 0.013673
0 0.311526 0.696290 0.017577 0.013673
0 0.138672 0.584962 0.015623 0.017580
0 0.355468 0.713866 0.015623 0.013673
0 0.359376 0.731446 0.019531 0.017580
0 0.392576 0.729494 0.015623 0.017580
0 0.411130 0.733397 0.017577 0.017580
0 0.325195 0.753908 0.017577 0.015624
0 0.296875 0.764649 0.011720 0.017580
0 0.318360 0.771484 0.023439 0.015624
0 0.337891 0.833984 0.015623 0.019531
0 0.360354 0.886719 0.013674 0.015624
0 0.378908 0.894533 0.015623 0.015624
0 0.082033 0.696290 0.015623 0.017580
0 0.089844 0.725587 0.015623 0.017580
0 0.049805 0.754884 0.013674 0.017580
0 0.041016 0.735353 0.019531 0.013673
0 0.020508 0.736328 0.013674 0.015624
0 0.069336 0.925781 0.021485 0.019531
0 0.180665 0.855471 0.021485 0.019531
0 0.004884 0.932615 0.009768 0.013673
0 0.018918 0.943087 0.015527 0.019668
0 0.035999 0.930147 0.012423 0.016562
0 0.049455 0.918244 0.010353 0.015525
0 0.076408 0.620433 0.011264 0.012587
0 0.055211 0.610496 0.009938 0.011262
0 0.060512 0.634344 0.011264 0.015237
0 0.043947 0.624078 0.012585 0.010601
0 0.036662 0.641634 0.011264 0.009936
0 0.023080 0.652566 0.011927 0.011926
0 0.005577 0.654221 0.011155 0.013912
0 0.010489 0.672438 0.014575 0.014576
