0 0.319337 0.583986 0.017577 0.019531
0 0.742188 0.644531 0.019531 0.019531
0 0.541991 0.516603 0.021485 0.017580
0 0.729491 0.694335 0.017577 0.021483
0 0.522460 0.811525 0.021485 0.021483
0 0.136718 0.579103 0.019531 0.021483
0 0.060547 0.691407 0.015623 0.019531
0 0.102541 0.099611 0.021485 0.023438
0 0.265624 0.129884 0.019531 0.017580
0 0.823243 0.770508 0.021485 0.021483
0 0.603516 0.156249 0.019531 0.019531
0 0.386719 0.322264 0.019531 0.019531
0 0.147460 0.517579 0.017577 0.019531
0 0.610350 0.616210 0.029297 0.029297
0 0.892579 0.666993 0.023439 0.021483
0 0.571288 0.457030 0.037108 0.039062
0 0.239259 0.434572 0.017577 0.017580
0 0.647463 0.645507 0.021485 0.013673
0 0.056639 0.053711 0.023439 0.029297
0 0.161134 0.208008 0.017577 0.029297
0 0.098632 0.667969 0.017577 0.019531
0 0.085936 0.051759 0.019531 0.021483
0 0.081055 0.330078 0.021485 0.019531
0 0.663086 0.900391 0.021485 0.019531
0 0.297852 0.070311 0.017577 0.019531
0 0.843751 0.028321 0.023439 0.021483
0 0.701171 0.307615 0.019531 0.017580
0 0.875974 0.145508 0.013674 0.029297
0 0.588865 0.487306 0.033205 0.021483
0 0.633789 0.583007 0.021485 0.017580
0 0.645509 0.602538 0.021485 0.017580
0 0.044924 0.515623 0.019531 0.019531
0 0.042312 0.487014 0.034369 0.032349
0 0.393088 0.817574 0.024259 0.030326
0 0.375906 0.795335 0.034369 0.034369
