0 0.350586 0.587891 0.021485 0.019531
0 0.986330 0.591798 0.019531 0.019531
0 0.182617 0.246093 0.021485 0.019531
0 0.525389 0.415038 0.023439 0.017580
0 0.208006 0.935548 0.021485 0.019531
0 0.287107 0.286134 0.023439 0.021483
0 0.555663 0.040040 0.017577 0.017580
0 0.358398 0.455076 0.021485 0.019531
0 0.270508 0.093750 0.021485 0.015624
0 0.335935 0.186523 0.015623 0.017580
0 0.772459 0.054688 0.017577 0.019531
0 0.257811 0.196289 0.015623 0.017580
0 0.251953 0.137696 0.023439 0.021483
0 0.708009 0.208986 0.021485 0.019531
0 0.359375 0.382814 0.015623 0.019531
0 0.389648 0.396483 0.021485 0.015624
0 0.389648 0.171875 0.017577 0.019531
0 0.267576 0.371093 0.019531 0.011717
0 0.272462 0.400390 0.009766 0.019531
0 0.296873 0.174806 0.015623 0.017580
