0 0.302732 0.734376 0.015623 0.015624
0 0.021485 0.720704 0.019531 0.019531
0 0.495117 0.286133 0.017577 0.017580
0 0.011719 0.805663 0.019531 0.017580
0 0.542968 0.698242 0.015623 0.021483
0 0.819335 0.704100 0.017577 0.021483
0 0.380862 0.084963 0.019531 0.017580
0 0.677737 0.050779 0.019531 0.019531
0 0.181642 0.662110 0.019531 0.019531
0 0.722656 0.821291 0.019531 0.017580
0 0.916991 0.267577 0.017577 0.019531
0 0.181642 0.853515 0.015623 0.015624
0 0.122072 0.896484 0.021485 0.019531
0 0.645509 0.207032 0.013674 0.015624
0 0.021485 0.360350 0.019531 0.021483
0 0.433593 0.287108 0.023439 0.023438
0 0.203127 0.917970 0.015623 0.015624
0 0.423827 0.962891 0.015623 0.015624
0 0.139649 0.316405 0.021485 0.023438
0 0.046873 0.174804 0.015623 0.021483
0 0.395508 0.931639 0.017577 0.015624
0 0.120118 0.692383 0.017577 0.017580
0 0.007811 0.118163 0.015623 0.017580
0 0.597658 0.987305 0.019531 0.017580
0 0.313475 0.955077 0.017577 0.015624
0 0.753907 0.909181 0.019531 0.013673
0 0.820312 0.041014 0.011720 0.011717
0 0.046873 0.536134 0.019531 0.017580
0 0.440432 0.929688 0.005857 0.007814
0 0.194334 0.590820 0.021485 0.021483
0 0.200196 0.839842 0.017577 0.019531
0 0.219727 0.845705 0.017577 0.019531
0 0.762696 0.845705 0.013674 0.011717
0 0.098632 0.514647 0.017577 0.017580
