0 0.663086 0.736330 0.017577 0.015624
0 0.434569 0.620119 0.021485 0.017580
0 0.460940 0.559570 0.019531 0.017580
0 0.977538 0.546873 0.017577 0.019531
0 0.514648 0.346679 0.021485 0.017580
0 0.942384 0.319334 0.013674 0.017580
0 0.790038 0.467773 0.017577 0.017580
0 0.512694 0.251955 0.017577 0.019531
0 0.991212 0.114257 0.009766 0.017580
0 0.473632 0.242189 0.021485 0.019531
0 0.520505 0.092775 0.013674 0.017580
0 0.921875 0.830078 0.019531 0.019531
0 0.465820 0.799806 0.017577 0.017580
0 0.439455 0.012695 0.015623 0.017580
0 0.540042 0.981445 0.029297 0.021483
0 0.048827 0.966796 0.019531 0.019531
0 0.819335 0.992186 0.021485 0.015624
0 0.978515 0.981445 0.015623 0.017580
0 0.030273 0.982420 0.017577 0.015624
