0 0.195311 0.177736 0.023439 0.019531
0 0.994140 0.168946 0.011719 0.017580
0 0.257813 0.867188 0.019531 0.019531
0 0.862306 0.951171 0.017577 0.015624
0 0.889648 0.873046 0.021485 0.015624
0 0.981447 0.983399 0.017577 0.017580
0 0.663086 0.308595 0.017577 0.015624
0 0.535157 0.633790 0.019531 0.017580
0 0.302732 0.310547 0.019531 0.023438
0 0.929688 0.840822 0.019531 0.017580
0 0.201174 0.692383 0.023439 0.029297
0 0.731445 0.646483 0.017577 0.015624
0 0.340823 0.445313 0.021485 0.023438
0 0.021485 0.908202 0.023439 0.019531
0 0.303709 0.581055 0.029297 0.021483
0 0.567385 0.825194 0.017577 0.021483
0 0.578127 0.517579 0.019531 0.019531
0 0.070313 0.443358 0.023439 0.019531
0 0.666995 0.411134 0.017577 0.021483
0 0.895506 0.754884 0.017577 0.017580
0 0.496095 0.547852 0.019531 0.021483
0 0.901368 0.408202 0.017577 0.015624
0 0.367188 0.701173 0.019531 0.019531
0 0.173826 0.136718 0.019531 0.019531
0 0.385742 0.227540 0.021485 0.021483
0 0.494140 0.427734 0.023439 0.019531
0 0.246093 0.265626 0.019531 0.019531
0 0.855466 0.671876 0.019531 0.019531
0 0.303709 0.982423 0.021485 0.019531
0 0.644532 0.779298 0.019531 0.019531
0 0.818358 0.589845 0.019531 0.019531
0 0.720703 0.444337 0.015623 0.017580
0 0.608396 0.470703 0.017577 0.019531
0 0.493163 0.798829 0.017577 0.023438
0 0.264647 0.514648 0.029297 0.029297
0 0.813478 0.194336 0.017577 0.017580
0 0.686526 0.467772 0.017577 0.017580
0 0.663086 0.598635 0.017577 0.017580
0 0.571288 0.164063 0.017577 0.019531
0 0.389650 0.447265 0.017577 0.023438
0 0.035154 0.728514 0.023439 0.019531
0 0.599608 0.913084 0.015623 0.017580
0 0.950196 0.944336 0.017577 0.017580
0 0.662109 0.163088 0.019531 0.021483
0 0.730468 0.233398 0.019531 0.021483
0 0.798827 0.780273 0.015623 0.017580
0 0.342772 0.865236 0.017577 0.019531
0 0.526368 0.321288 0.017577 0.017580
0 0.522460 0.374999 0.021485 0.019531
0 0.173826 0.304688 0.023439 0.023438
0 0.422850 0.688476 0.017577 0.017580
0 0.369142 0.838867 0.019531 0.017580
0 0.760742 0.330078 0.017577 0.015624
0 0.984373 0.827150 0.019531 0.017580
0 0.054685 0.796873 0.015623 0.019531
0 0.832032 0.138674 0.019531 0.019531
0 0.487306 0.203126 0.021485 0.019531
0 0.579099 0.016600 0.017577 0.021483
0 0.843752 0.336912 0.015623 0.013673
0 0.392577 0.192384 0.019531 0.021483
0 0.283201 0.828125 0.015623 0.015624
0 0.833009 0.010742 0.017577 0.013673
0 0.743165 0.398437 0.017577 0.011717
0 0.806639 0.674804 0.019531 0.017580
0 0.943361 0.248046 0.015623 0.015624
0 0.682617 0.626952 0.017577 0.019531
0 0.208008 0.135742 0.017577 0.021483
0 0.853517 0.061525 0.019531 0.017580
0 0.326172 0.762694 0.015623 0.021483
0 0.785158 0.240232 0.019531 0.023438
0 0.952150 0.282226 0.017577 0.017580
0 0.912111 0.074218 0.015623 0.015624
0 0.965819 0.534179 0.029297 0.029297
0 0.218751 0.774415 0.019531 0.021483
0 0.876952 0.365233 0.015623 0.019531
0 0.787107 0.626952 0.019531 0.019531
0 0.007811 0.234374 0.015623 0.019531
0 0.463867 0.889650 0.017577 0.017580
0 0.703126 0.262695 0.015623 0.017580
0 0.760742 0.882812 0.029297 0.023438
0 0.708006 0.349609 0.017577 0.019531
0 0.810547 0.269533 0.015623 0.019531
0 0.569334 0.578124 0.017577 0.019531
0 0.319337 0.833008 0.017577 0.013673
0 0.832032 0.875977 0.019531 0.017580
0 0.424805 0.358399 0.017577 0.029297
0 0.941407 0.353516 0.015623 0.015624
0 0.473632 0.630859 0.017577 0.015624
0 0.022462 0.655273 0.021485 0.021483
0 0.687498 0.499999 0.015623 0.019531
0 0.532226 0.103515 0.021485 0.019531
0 0.952150 0.702149 0.021485 0.013673
0 0.616213 0.948243 0.013674 0.017580
0 0.791016 0.558593 0.019531 0.019531
0 0.860352 0.386720 0.009766 0.019531
0 0.445313 0.370116 0.019531 0.017580
0 0.247070 0.931640 0.017577 0.019531
0 0.538088 0.570314 0.017577 0.015624
0 0.629881 0.974609 0.017577 0.015624
0 0.701171 0.931640 0.015623 0.015624
0 0.681640 0.945312 0.015623 0.019531
0 0.759765 0.929688 0.019531 0.015624
0 0.784181 0.919922 0.021485 0.015624
0 0.487306 0.818360 0.017577 0.015624
0 0.032228 0.812501 0.017577 0.019531
0 0.744142 0.616210 0.019531 0.017580
0 0.621093 0.892577 0.019531 0.015624
0 0.987304 0.466796 0.017577 0.015624
0 0.947265 0.730470 0.019531 0.019531
0 0.620116 0.352540 0.021485 0.021483
0 0.600585 0.367189 0.013674 0.019531
0 0.400393 0.344726 0.015623 0.013673
0 0.988281 0.128908 0.011720 0.015624
0 0.982424 0.557617 0.019531 0.009766
0 0.470701 0.170898 0.019531 0.017580
0 0.836912 0.293947 0.017577 0.017580
0 0.551757 0.259767 0.013674 0.015624
0 0.567385 0.734377 0.017577 0.015624
0 0.680663 0.962892 0.017577 0.015624
0 0.626955 0.866212 0.019531 0.017580
0 0.648435 0.865236 0.015623 0.019531
0 0.547854 0.994141 0.017577 0.011719
0 0.530272 0.985350 0.009766 0.013673
0 0.347657 0.761718 0.015623 0.019531
0 0.368165 0.758791 0.021485 0.017580
0 0.776365 0.828125 0.013674 0.015624
0 0.760742 0.841798 0.013674 0.011717
0 0.786130 0.866212 0.017577 0.017580
0 0.729491 0.947264 0.013674 0.015624
0 0.747068 0.950195 0.013674 0.013673
0 0.589842 0.725587 0.011720 0.013673
0 0.606447 0.736328 0.013674 0.011717
0 0.788084 0.600586 0.017577 0.013673
0 0.814455 0.623049 0.015623 0.011717
0 0.832032 0.617186 0.019531 0.015624
0 0.827147 0.645507 0.021485 0.017580
0 0.932619 0.526369 0.013674 0.013673
0 0.922853 0.542969 0.017577 0.015624
0 0.567385 0.250002 0.013674 0.015624
0 0.585939 0.258788 0.019531 0.017580
0 0.504883 0.280274 0.021485 0.017580
0 0.477541 0.286133 0.021485 0.021483
0 0.690429 0.165039 0.021485 0.021483
0 0.827147 0.383789 0.017577 0.017580
0 0.987304 0.318361 0.013674 0.015624
0 0.919922 0.202150 0.015623 0.017580
0 0.894534 0.191405 0.015623 0.019531
0 0.993163 0.027345 0.013673 0.019531
0 0.945311 0.063477 0.015623 0.017580
