0 0.291018 0.717773 0.019531 0.021483
0 0.850586 0.583983 0.013674 0.019531
0 0.171877 0.427734 0.015623 0.015624
0 0.190431 0.712890 0.017577 0.015624
0 0.300783 0.064453 0.015623 0.011717
0 0.821289 0.734373 0.017577 0.015624
0 0.975584 0.642580 0.017577 0.019531
0 0.424805 0.896485 0.033205 0.039062
0 0.923830 0.517579 0.011720 0.011717
0 0.833986 0.235350 0.019531 0.021483
0 0.477541 0.164064 0.017577 0.019531
0 0.280275 0.866212 0.017577 0.017580
0 0.771485 0.212891 0.019531 0.023438
0 0.392577 0.456055 0.015623 0.013673
0 0.518557 0.055663 0.017577 0.017580
