0 0.987305 0.547852 0.021485 0.021483
0 0.925780 0.545900 0.031251 0.037111
0 0.515627 0.981443 0.019531 0.021483
0 0.110353 0.590821 0.021485 0.021483
0 0.498044 0.379882 0.019531 0.021483
0 0.096679 0.934571 0.017577 0.021483
0 0.305664 0.837891 0.017577 0.019531
0 0.632813 0.577148 0.019531 0.021483
0 0.687498 0.851564 0.023439 0.023438
0 0.514649 0.621093 0.017577 0.019531
0 0.615236 0.953126 0.015623 0.019531
0 0.103514 0.835936 0.031251 0.019531
0 0.153319 0.481444 0.021485 0.029297
0 0.540038 0.798829 0.017577 0.019531
0 0.873049 0.345702 0.023439 0.019531
0 0.074217 0.795898 0.023439 0.029297
0 0.123045 0.340820 0.015623 0.017580
0 0.400389 0.751953 0.019531 0.019531
0 0.231443 0.495117 0.017577 0.017580
0 0.796874 0.992187 0.015623 0.015625
0 0.591797 0.776367 0.019531 0.021483
0 0.539061 0.435548 0.015623 0.023438
0 0.008789 0.605469 0.017578 0.019531
0 0.675779 0.922850 0.023439 0.029297
