0 0.511720 0.524413 0.019531 0.021483
0 0.546874 0.166015 0.019531 0.023438
0 0.675781 0.491210 0.019531 0.017580
0 0.030272 0.008790 0.017577 0.017580
0 0.012695 0.995116 0.017577 0.009767
0 0.416014 0.751952 0.015623 0.023438
0 0.445311 0.140625 0.019531 0.023438
0 0.590822 0.301757 0.017577 0.017580
0 0.827150 0.763673 0.029297 0.019531
0 0.600588 0.062501 0.017577 0.019531
0 0.089842 0.207032 0.019531 0.015624
0 0.535155 0.794922 0.019531 0.019531
0 0.230468 0.609376 0.019531 0.019531
0 0.689455 0.432616 0.019531 0.021483
0 0.837892 0.421875 0.023439 0.019531
0 0.284181 0.994141 0.017577 0.011719
0 0.333986 0.581055 0.019531 0.021483
0 0.210937 0.435547 0.015623 0.015624
0 0.548829 0.404295 0.019531 0.019531
0 0.397460 0.701173 0.017577 0.019531
0 0.638673 0.199218 0.019531 0.019531
0 0.092773 0.614259 0.017577 0.017580
0 0.772459 0.693359 0.017577 0.019531
0 0.254885 0.569338 0.017577 0.013673
0 0.010741 0.547851 0.017577 0.021483
0 0.369140 0.784180 0.019531 0.021483
0 0.743163 0.740235 0.017577 0.015624
0 0.208983 0.157225 0.019531 0.017580
0 0.231445 0.275391 0.017577 0.015624
0 0.251953 0.647462 0.019531 0.021483
0 0.246096 0.082032 0.019531 0.019531
0 0.158201 0.177736 0.015623 0.019531
0 0.171875 0.671876 0.015623 0.015624
0 0.719728 0.242188 0.021485 0.019531
0 0.229491 0.248046 0.021485 0.019531
0 0.066408 0.005861 0.019531 0.011721
0 0.186526 0.574221 0.017577 0.019531
0 0.771482 0.878905 0.019531 0.019531
0 0.628907 0.980467 0.019531 0.019531
0 0.311524 0.695314 0.017577 0.015624
0 0.043945 0.995117 0.017577 0.009765
0 0.167967 0.784180 0.019531 0.017580
0 0.184572 0.276367 0.017577 0.017580
0 0.088865 0.660155 0.017577 0.019531
0 0.280273 0.658204 0.021485 0.019531
0 0.121093 0.837891 0.019531 0.019531
0 0.049803 0.071290 0.017577 0.021483
0 0.352540 0.370116 0.017577 0.017580
0 0.090819 0.851563 0.013674 0.011717
0 0.724609 0.758790 0.019531 0.017580
0 0.343752 0.633790 0.019531 0.021483
0 0.126955 0.480468 0.019531 0.019531
0 0.027346 0.684569 0.015623 0.017580
0 0.091796 0.303712 0.015623 0.021483
0 0.306639 0.475585 0.019531 0.017580
0 0.128904 0.394530 0.019531 0.015624
0 0.152344 0.826174 0.019531 0.015624
0 0.108396 0.369140 0.021485 0.019531
0 0.339843 0.203125 0.015623 0.015624
0 0.119139 0.541993 0.019531 0.017580
0 0.125978 0.680662 0.017577 0.021483
0 0.083008 0.882812 0.017577 0.019531
0 0.162109 0.107421 0.019531 0.023438
0 0.275393 0.899415 0.019531 0.017580
0 0.041991 0.836915 0.017577 0.017580
0 0.026368 0.819335 0.021485 0.013673
0 0.056642 0.948243 0.011720 0.013673
0 0.125001 0.726563 0.019531 0.015624
0 0.043945 0.708983 0.017577 0.019531
0 0.343752 0.853515 0.015623 0.019531
0 0.318358 0.312498 0.019531 0.019531
0 0.272462 0.116211 0.017577 0.017580
0 0.215822 0.694335 0.021485 0.017580
0 0.154298 0.401368 0.019531 0.017580
0 0.346678 0.958009 0.017577 0.021483
0 0.174806 0.640624 0.013674 0.019531
0 0.610353 0.820311 0.017577 0.015624
0 0.376952 0.869139 0.015623 0.015624
0 0.291016 0.580079 0.015623 0.011717
0 0.060545 0.400392 0.019531 0.019531
0 0.227537 0.646483 0.013674 0.023438
0 0.046877 0.619141 0.015623 0.019531
0 0.031249 0.603517 0.015623 0.011717
0 0.417968 0.952150 0.015623 0.017580
0 0.439453 0.941405 0.019531 0.023438
0 0.456053 0.827149 0.017577 0.021483
0 0.223634 0.879884 0.021485 0.021483
0 0.016603 0.844725 0.013674 0.017580
0 0.417968 0.649414 0.015623 0.017580
0 0.470704 0.888670 0.019531 0.015624
0 0.469727 0.905274 0.017577 0.009766
0 0.007813 0.953126 0.015626 0.011717
0 0.141601 0.873046 0.013674 0.011717
0 0.154298 0.887694 0.015623 0.013673
0 0.211914 0.922853 0.021485 0.013673
0 0.208006 0.904298 0.017577 0.015624
0 0.316404 0.910157 0.011720 0.015624
0 0.335935 0.913084 0.019531 0.017580
0 0.391603 0.907226 0.017577 0.017580
0 0.385740 0.925781 0.017577 0.019531
0 0.404299 0.924805 0.019531 0.013673
0 0.435545 0.801756 0.015623 0.017580
0 0.293947 0.625000 0.017577 0.019531
0 0.222657 0.541017 0.019531 0.019531
0 0.363283 0.730470 0.015623 0.019531
0 0.344729 0.717773 0.013674 0.013673
0 0.093750 0.795897 0.019531 0.013673
0 0.084962 0.815428 0.017577 0.017580
0 0.069334 0.976564 0.021485 0.015624
0 0.012695 0.926757 0.017577 0.013673
0 0.304690 0.979491 0.015623 0.017580
0 0.208006 0.633790 0.017577 0.013673
0 0.195314 0.647462 0.007811 0.013673
0 0.148435 0.616210 0.011720 0.013673
0 0.176760 0.605469 0.017577 0.015624
0 0.135744 0.648438 0.013674 0.011717
0 0.109373 0.651366 0.015623 0.017580
0 0.130858 0.628907 0.015623 0.015624
0 0.454099 0.808594 0.017577 0.011717
0 0.011718 0.590821 0.015623 0.013673
0 0.006836 0.613283 0.013672 0.011717
0 0.026368 0.628907 0.013674 0.015624
0 0.005860 0.628907 0.011720 0.011717
0 0.006836 0.649414 0.013672 0.017580
0 0.069334 0.528320 0.017577 0.017580
0 0.048826 0.526369 0.015623 0.021483
0 0.077150 0.497072 0.017577 0.021483
0 0.054688 0.487306 0.015623 0.021483
0 0.133790 0.506837 0.017577 0.021483
0 0.175783 0.498048 0.019531 0.015624
0 0.176760 0.517579 0.017577 0.019531
0 0.060545 0.437499 0.015623 0.015624
0 0.078127 0.447264 0.015623 0.019531
0 0.108396 0.418944 0.021485 0.017580
0 0.321289 0.448244 0.017577 0.021483
0 0.299804 0.439454 0.013674 0.015624
0 0.276365 0.429689 0.017577 0.019531
0 0.255862 0.425782 0.015623 0.015624
0 0.085939 0.332033 0.015623 0.011717
0 0.068362 0.320312 0.011720 0.015624
0 0.050780 0.326171 0.015623 0.019531
0 0.004882 0.438475 0.009763 0.017580
