0 0.040037 0.462889 0.017577 0.019531
0 0.461916 0.287109 0.021485 0.019531
0 0.080076 0.666014 0.019531 0.023438
0 0.323244 0.058594 0.021485 0.019531
0 0.472658 0.563476 0.019531 0.017580
0 0.641604 0.593748 0.017577 0.015624
0 0.276365 0.029297 0.017577 0.015624
0 0.297850 0.708983 0.017577 0.015624
0 0.487304 0.406251 0.021485 0.019531
0 0.726563 0.259764 0.019531 0.019531
0 0.111327 0.265626 0.019531 0.019531
0 0.071288 0.272461 0.017577 0.017580
0 0.579102 0.096680 0.021485 0.017580
0 0.472658 0.815429 0.023439 0.021483
0 0.108396 0.392578 0.017577 0.015624
0 0.099608 0.030273 0.015623 0.017580
0 0.436522 0.098632 0.013674 0.017580
0 0.115236 0.123046 0.015623 0.019531
0 0.833984 0.668945 0.019531 0.021483
0 0.132813 0.219726 0.015623 0.017580
0 0.420899 0.018556 0.017577 0.013673
0 0.382814 0.111329 0.019531 0.019531
0 0.584960 0.576173 0.017577 0.015624
0 0.142578 0.991211 0.023439 0.017579
0 0.083008 0.358399 0.017577 0.017580
0 0.703123 0.105470 0.019531 0.019531
0 0.246096 0.769532 0.019531 0.019531
0 0.076173 0.320313 0.019531 0.011717
0 0.054688 0.038087 0.015623 0.017580
0 0.585937 0.136718 0.019531 0.019531
0 0.050780 0.164064 0.015623 0.015624
0 0.217771 0.041994 0.017577 0.017580
0 0.010741 0.131836 0.017577 0.017580
0 0.857423 0.338868 0.019531 0.021483
0 0.675781 0.054687 0.019531 0.019531
0 0.485350 0.915040 0.021485 0.017580
0 0.104493 0.941405 0.021485 0.019531
0 0.060545 0.574217 0.019531 0.023438
0 0.036134 0.005859 0.021485 0.011717
0 0.251953 0.212891 0.019531 0.019531
0 0.740237 0.213867 0.019531 0.021483
0 0.062499 0.808594 0.019531 0.019531
0 0.773436 0.253905 0.019531 0.019531
0 0.458007 0.904299 0.021485 0.023438
0 0.218749 0.169922 0.019531 0.019531
0 0.140624 0.358399 0.019531 0.017580
0 0.220703 0.357423 0.019531 0.019531
0 0.252930 0.376954 0.017577 0.015624
0 0.280273 0.408203 0.017577 0.015624
0 0.057619 0.549803 0.021485 0.013673
0 0.378906 0.021483 0.019531 0.015624
0 0.384768 0.042970 0.019531 0.019531
0 0.237303 0.046877 0.013674 0.015624
