0 0.217772 0.340820 0.029297 0.029297
0 0.899413 0.250978 0.021485 0.017580
0 0.802734 0.941405 0.019531 0.019531
0 0.394530 0.285157 0.019531 0.019531
0 0.283205 0.054687 0.015623 0.015624
0 0.803711 0.157225 0.021485 0.017580
0 0.852539 0.634766 0.021485 0.023438
0 0.520510 0.119139 0.017577 0.019531
0 0.023438 0.119139 0.015623 0.019531
0 0.724610 0.369140 0.019531 0.019531
0 0.853516 0.728515 0.023439 0.019531
0 0.812500 0.624025 0.019531 0.017580
0 0.861328 0.475586 0.019531 0.017580
0 0.778318 0.394530 0.013674 0.015624
0 0.444335 0.512696 0.060548 0.048828
0 0.036135 0.140625 0.021485 0.023438
0 0.344725 0.009765 0.021485 0.019530
0 0.042225 0.169136 0.024260 0.024262
