0 0.812499 0.430664 0.019531 0.021483
0 0.598633 0.664062 0.017577 0.015624
0 0.741209 0.255860 0.029297 0.031248
0 0.197263 0.699217 0.019531 0.019531
0 0.951171 0.392578 0.015623 0.019531
0 0.347655 0.653321 0.023439 0.021483
0 0.234376 0.802735 0.023439 0.019531
0 0.964845 0.776366 0.019531 0.021483
0 0.948245 0.584962 0.017577 0.017580
0 0.027346 0.694335 0.019531 0.021483
0 0.899412 0.193360 0.017577 0.019531
0 0.123047 0.351564 0.019531 0.019531
0 0.583006 0.795897 0.021485 0.021483
0 0.688478 0.818359 0.017577 0.019531
0 0.689455 0.681642 0.019531 0.019531
0 0.682615 0.477541 0.021485 0.021483
0 0.983399 0.039062 0.017577 0.019531
0 0.826173 0.273436 0.015623 0.015624
0 0.874023 0.517579 0.029297 0.031248
0 0.353517 0.553710 0.023439 0.029297
0 0.754882 0.048828 0.017577 0.015624
0 0.666015 0.517579 0.023439 0.015624
0 0.683592 0.008790 0.019531 0.017580
0 0.994141 0.235353 0.011719 0.017580
0 0.656250 0.632814 0.015623 0.011717
0 0.445994 0.861575 0.018544 0.022956
0 0.363845 0.918699 0.021976 0.023977
0 0.380642 0.830946 0.022240 0.020218
0 0.381650 0.549920 0.016175 0.016175
0 0.661135 0.169922 0.017577 0.019531
0 0.679861 0.168817 0.022240 0.018195
