0 0.363280 0.892577 0.019531 0.019531
0 0.111329 0.678710 0.019531 0.021483
0 0.357423 0.666993 0.019531 0.021483
0 0.706057 0.335936 0.021485 0.031248
0 0.608396 0.836915 0.029297 0.021483
0 0.875974 0.645507 0.033205 0.029297
0 0.412108 0.823242 0.019531 0.017580
0 0.524414 0.693359 0.021485 0.019531
0 0.810547 0.073242 0.023439 0.017580
0 0.322264 0.716797 0.019531 0.019531
0 0.694337 0.482423 0.017577 0.019531
0 0.605470 0.329102 0.023439 0.021483
0 0.928711 0.729494 0.021485 0.017580
0 0.591796 0.756835 0.031251 0.029297
0 0.752930 0.823242 0.029297 0.029297
0 0.584962 0.044921 0.017577 0.019531
0 0.621093 0.906250 0.019531 0.019531
0 0.777342 0.751952 0.023439 0.019531
0 0.804689 0.913088 0.019531 0.021483
0 0.480467 0.643555 0.019531 0.017580
0 0.840821 0.513672 0.037108 0.039062
0 0.381834 0.947267 0.017577 0.019531
0 0.400393 0.962891 0.015623 0.015624
