0 0.316405 0.454103 0.015623 0.017580
0 0.052735 0.398437 0.023439 0.023438
0 0.245115 0.456054 0.017577 0.021483
0 0.198241 0.967774 0.017577 0.017580
0 0.559572 0.371095 0.017577 0.015624
0 0.207030 0.736328 0.019531 0.015624
0 0.169922 0.263670 0.023439 0.023438
0 0.829100 0.008790 0.017577 0.017580
0 0.155276 0.458985 0.021485 0.019531
0 0.811523 0.995116 0.017577 0.009767
0 0.117186 0.616210 0.019531 0.013673
0 0.551756 0.722656 0.017577 0.019531
0 0.567384 0.640624 0.017577 0.015624
0 0.206053 0.647462 0.017577 0.017580
0 0.267577 0.351564 0.019531 0.019531
0 0.177733 0.794922 0.019531 0.019531
0 0.555664 0.872070 0.021485 0.017580
0 0.627931 0.058594 0.021485 0.019531
0 0.490236 0.122070 0.023439 0.021483
0 0.373044 0.474610 0.019531 0.023438
0 0.559572 0.244139 0.017577 0.019531
0 0.500979 0.188477 0.021485 0.021483
0 0.888670 0.207032 0.019531 0.015624
0 0.478517 0.964843 0.019531 0.015624
0 0.122071 0.715821 0.017577 0.017580
0 0.681639 0.490234 0.019531 0.019531
0 0.045901 0.671876 0.017577 0.019531
0 0.657228 0.574221 0.017577 0.015624
0 0.770506 0.051759 0.021485 0.021483
0 0.791015 0.281250 0.015623 0.019531
0 0.688479 0.596679 0.013674 0.017580
0 0.067381 0.336916 0.021485 0.029297
0 0.673828 0.674804 0.019531 0.017580
0 0.454100 0.334961 0.021485 0.021483
0 0.561521 0.321288 0.017577 0.017580
0 0.320313 0.805663 0.015623 0.017580
0 0.682616 0.914064 0.017577 0.015624
0 0.691405 0.137694 0.023439 0.021483
0 0.006836 0.562500 0.013673 0.019531
0 0.891601 0.614259 0.017577 0.017580
0 0.014650 0.992187 0.017577 0.015626
0 0.420900 0.440430 0.017577 0.017580
0 0.607423 0.519530 0.019531 0.019531
0 0.340822 0.551758 0.017577 0.017580
0 0.362307 0.670897 0.017577 0.017580
0 0.712890 0.839842 0.015623 0.015624
0 0.608400 0.928712 0.017577 0.017580
0 0.263674 0.839842 0.015623 0.015624
0 0.809569 0.547851 0.017577 0.021483
0 0.271486 0.768556 0.019531 0.017580
0 0.758787 0.848632 0.013674 0.017580
0 0.752929 0.983398 0.017577 0.021483
0 0.618166 0.595703 0.017577 0.019531
0 0.358399 0.873046 0.017577 0.015624
0 0.215818 0.484375 0.017577 0.011717
0 0.573241 0.991211 0.013674 0.017577
0 0.957029 0.177736 0.015623 0.019531
0 0.970703 0.671876 0.015623 0.015624
0 0.314451 0.755859 0.015623 0.015624
0 0.865236 0.005861 0.019531 0.011721
0 0.477540 0.700197 0.017577 0.017580
0 0.985354 0.574221 0.017577 0.019531
0 0.033204 0.937502 0.019531 0.019531
0 0.239258 0.508789 0.017577 0.017580
0 0.034181 0.809570 0.017577 0.013673
0 0.052735 0.768556 0.019531 0.017580
0 0.427735 0.284181 0.019531 0.021483
0 0.773438 0.331054 0.019531 0.013673
0 0.206053 0.517579 0.017577 0.019531
0 0.842774 0.995117 0.017577 0.009765
0 0.054689 0.860353 0.019531 0.017580
0 0.636720 0.928712 0.015623 0.017580
0 0.966795 0.784180 0.019531 0.017580
0 0.983400 0.276367 0.017577 0.017580
0 0.650388 0.539062 0.019531 0.019531
0 0.887693 0.660155 0.017577 0.019531
0 0.030273 0.485351 0.017577 0.017580
0 0.113282 0.873046 0.015623 0.015624
0 0.775392 0.598634 0.019531 0.013673
0 0.919921 0.837891 0.019531 0.019531
0 0.848631 0.071290 0.017577 0.021483
0 0.889647 0.851563 0.013674 0.011717
0 0.718752 0.461913 0.019531 0.017580
0 0.747072 0.666014 0.017577 0.019531
0 0.497071 0.753908 0.013674 0.019531
0 0.544921 0.597655 0.019531 0.019531
0 0.697267 0.255860 0.015623 0.015624
0 0.404295 0.544920 0.019531 0.019531
0 0.397461 0.823242 0.017577 0.017580
0 0.005859 0.666014 0.011719 0.019531
0 0.925783 0.480468 0.019531 0.019531
0 0.826174 0.684569 0.015623 0.017580
0 0.544921 0.526369 0.019531 0.017580
0 0.890624 0.303712 0.015623 0.021483
0 0.761718 0.440430 0.015623 0.017580
0 0.927732 0.394530 0.019531 0.015624
0 0.951172 0.826174 0.019531 0.015624
0 0.907224 0.369140 0.021485 0.019531
0 0.305663 0.875001 0.017577 0.015624
0 0.917967 0.541993 0.019531 0.017580
0 0.924806 0.680662 0.017577 0.021483
0 0.516602 0.401368 0.017577 0.013673
0 0.227538 0.868163 0.021485 0.017580
0 0.205076 0.991211 0.015623 0.017577
0 0.881836 0.882812 0.017577 0.019531
0 0.960937 0.107421 0.019531 0.023438
0 0.840819 0.836915 0.017577 0.017580
0 0.825197 0.819335 0.021485 0.013673
0 0.434569 0.957033 0.017577 0.015624
0 0.855470 0.948243 0.011720 0.013673
0 0.923829 0.726563 0.019531 0.015624
0 0.842774 0.708983 0.017577 0.019531
0 0.761718 0.258788 0.015623 0.021483
0 0.766603 0.194336 0.017577 0.017580
0 0.689451 0.544920 0.015623 0.019531
0 0.953126 0.401368 0.019531 0.017580
0 0.741210 0.357423 0.013674 0.019531
0 0.973634 0.640624 0.013674 0.019531
0 0.601561 0.486327 0.015623 0.015624
0 0.526367 0.971681 0.021485 0.017580
0 0.105471 0.469727 0.019531 0.017580
0 0.516602 0.884767 0.017577 0.015624
0 0.747072 0.158205 0.017577 0.015624
0 0.666993 0.230471 0.017577 0.019531
0 0.789060 0.348633 0.015623 0.017580
0 0.859374 0.400392 0.019531 0.019531
0 0.723633 0.669921 0.013674 0.015624
0 0.724610 0.589845 0.015623 0.019531
0 0.845705 0.619141 0.015623 0.019531
0 0.830077 0.603517 0.015623 0.011717
0 0.311525 0.900391 0.013674 0.015624
0 0.189453 0.927736 0.011720 0.015624
0 0.206053 0.934571 0.017577 0.009766
0 0.339845 0.904298 0.015623 0.019531
0 0.317382 0.916015 0.013674 0.011717
0 0.469728 0.894533 0.017577 0.019531
0 0.451174 0.929688 0.015623 0.011717
0 0.815431 0.844725 0.013674 0.017580
0 0.614257 0.899415 0.017577 0.013673
0 0.376953 0.897460 0.015623 0.017580
0 0.095705 0.990233 0.015623 0.019531
0 0.197264 0.826174 0.019531 0.019531
0 0.146482 0.862305 0.015623 0.017580
0 0.230469 0.982423 0.019531 0.019531
0 0.394530 0.941405 0.011720 0.015624
0 0.374022 0.938478 0.013674 0.017580
0 0.355467 0.946288 0.015623 0.017580
0 0.225584 0.847656 0.017577 0.015624
0 0.277343 0.696290 0.019531 0.017580
0 0.300782 0.697266 0.019531 0.019531
0 0.111328 0.446289 0.019531 0.017580
0 0.321291 0.625976 0.013674 0.017580
0 0.355467 0.633790 0.015623 0.013673
0 0.347656 0.613283 0.019531 0.015624
0 0.445312 0.504882 0.019531 0.013673
0 0.450197 0.526369 0.021485 0.017580
0 0.426758 0.475585 0.017577 0.021483
0 0.517579 0.757811 0.019531 0.019531
0 0.455077 0.816408 0.019531 0.015624
0 0.456054 0.836915 0.017577 0.017580
0 0.459963 0.745118 0.017577 0.013673
0 0.463866 0.870119 0.017577 0.017580
0 0.446289 0.875977 0.009766 0.013673
0 0.791015 0.935546 0.011720 0.015624
0 0.804688 0.953126 0.019531 0.011717
0 0.606446 0.845705 0.013674 0.019531
0 0.625000 0.832032 0.011720 0.015624
0 0.683593 0.816408 0.019531 0.019531
0 0.706056 0.809570 0.017577 0.017580
0 0.730467 0.779297 0.011720 0.011717
0 0.786134 0.762694 0.017577 0.013673
0 0.780272 0.783204 0.017577 0.015624
0 0.747072 0.791015 0.013674 0.015624
0 0.940429 0.873046 0.013674 0.011717
0 0.953126 0.887694 0.015623 0.013673
0 0.892578 0.795897 0.019531 0.013673
0 0.883790 0.815428 0.017577 0.017580
0 0.868162 0.976564 0.021485 0.015624
0 0.811523 0.926757 0.017577 0.013673
0 0.994142 0.647462 0.007811 0.013673
0 0.947264 0.616210 0.011720 0.013673
0 0.975588 0.605469 0.017577 0.015624
0 0.934572 0.648438 0.013674 0.011717
0 0.908201 0.651366 0.015623 0.017580
0 0.929687 0.628907 0.015623 0.015624
0 0.810546 0.590821 0.015623 0.013673
0 0.803711 0.613283 0.017577 0.011717
0 0.825197 0.628907 0.013674 0.015624
0 0.804688 0.628907 0.011720 0.011717
0 0.802734 0.649414 0.019531 0.017580
0 0.868162 0.528320 0.017577 0.017580
0 0.847654 0.526369 0.015623 0.021483
0 0.875978 0.497072 0.017577 0.021483
0 0.853516 0.487306 0.015623 0.021483
0 0.586915 0.625000 0.013674 0.015624
0 0.579103 0.483399 0.017577 0.017580
0 0.932618 0.506837 0.017577 0.021483
0 0.974611 0.498048 0.019531 0.015624
0 0.975588 0.517579 0.017577 0.019531
0 0.859374 0.437499 0.015623 0.015624
0 0.876956 0.447264 0.015623 0.019531
0 0.907224 0.418944 0.021485 0.017580
0 0.884767 0.332033 0.015623 0.011717
0 0.867190 0.320312 0.011720 0.015624
0 0.849608 0.326171 0.015623 0.019531
0 0.763672 0.351564 0.015623 0.015624
0 0.782226 0.432616 0.013674 0.017580
0 0.800780 0.438475 0.015623 0.017580
0 0.674805 0.558593 0.009766 0.015624
0 0.733398 0.491210 0.013674 0.013673
0 0.740233 0.510741 0.015623 0.017580
0 0.513671 0.459961 0.015623 0.013673
0 0.533202 0.472658 0.019531 0.019531
0 0.504882 0.418944 0.017577 0.017580
0 0.644531 0.358399 0.015623 0.017580
0 0.625000 0.366213 0.015623 0.017580
0 0.474608 0.925781 0.011720 0.011717
0 0.492185 0.940429 0.015623 0.013673
0 0.454100 0.997070 0.017577 0.005860
0 0.702147 0.705080 0.013674 0.015624
0 0.717775 0.685549 0.013674 0.015624
0 0.304685 0.996094 0.015623 0.007812
0 0.633789 0.173829 0.021485 0.019531
0 0.612303 0.175780 0.013674 0.019531
0 0.568361 0.119142 0.019531 0.019531
0 0.563475 0.098632 0.021485 0.013673
0 0.445286 0.759064 0.016823 0.010350
0 0.766826 0.883279 0.018114 0.018115
0 0.794644 0.885223 0.024583 0.019410
