0 0.259768 0.435548 0.015623 0.019531
0 0.459959 0.081056 0.013674 0.017580
0 0.743166 0.356444 0.029297 0.021483
0 0.232420 0.522462 0.019531 0.017580
0 0.430663 0.518555 0.021485 0.029297
0 0.040040 0.341795 0.017577 0.019531
0 0.811525 0.069335 0.017577 0.013673
0 0.515627 0.235350 0.019531 0.021483
0 0.118165 0.342775 0.017577 0.017580
0 0.124022 0.112305 0.021485 0.021483
0 0.208986 0.954102 0.023439 0.029297
0 0.918946 0.300781 0.021485 0.023438
0 0.321287 0.545900 0.017577 0.017580
0 0.497073 0.594728 0.021485 0.033204
0 0.549803 0.130860 0.013674 0.011717
0 0.548826 0.242188 0.015623 0.015624
0 0.478513 0.244140 0.019531 0.011717
0 0.057617 0.895509 0.029297 0.013673
0 0.043943 0.918947 0.041016 0.021483
0 0.268556 0.713866 0.021485 0.021483
0 0.016601 0.727539 0.017577 0.017580
0 0.570864 0.182042 0.020701 0.024843
0 0.567239 0.148401 0.011386 0.011387
0 0.870538 0.023146 0.015527 0.013456
