0 0.845701 0.956055 0.023439 0.021483
0 0.723634 0.164061 0.017577 0.019531
0 0.974607 0.351562 0.019531 0.019531
0 0.133787 0.945314 0.017577 0.019531
0 0.538088 0.515625 0.017577 0.019531
0 0.592773 0.170899 0.017577 0.017580
0 0.412108 0.362303 0.019531 0.017580
0 0.738280 0.830078 0.019531 0.019531
0 0.504883 0.416994 0.021485 0.021483
0 0.794924 0.625977 0.019531 0.017580
0 0.882814 0.749023 0.015623 0.017580
0 0.581054 0.061523 0.017577 0.017580
0 0.748045 0.240234 0.015623 0.019531
0 0.058593 0.590822 0.019531 0.021483
0 0.304687 0.619139 0.015623 0.015624
0 0.844729 0.282227 0.017577 0.017580
0 0.920899 0.074219 0.017577 0.015624
0 0.462890 0.030274 0.019531 0.021483
0 0.638670 0.770509 0.019531 0.021483
0 0.663086 0.073244 0.017577 0.017580
0 0.776365 0.796875 0.021485 0.019531
0 0.754885 0.069337 0.017577 0.017580
0 0.683594 0.355469 0.023439 0.023438
0 0.205077 0.240234 0.019531 0.015624
0 0.497072 0.067381 0.017577 0.017580
0 0.245116 0.164061 0.017577 0.015624
0 0.476563 0.239258 0.019531 0.021483
0 0.601562 0.742188 0.019531 0.019531
0 0.080079 0.351562 0.019531 0.015624
0 0.927733 0.115233 0.019531 0.019531
0 0.384765 0.042967 0.019531 0.019531
0 0.895506 0.806640 0.017577 0.015624
0 0.456055 0.056640 0.017577 0.019531
0 0.031251 0.357421 0.015623 0.015624
0 0.424805 0.981445 0.017577 0.013673
0 0.240236 0.314451 0.015623 0.015624
0 0.516603 0.557619 0.017577 0.017580
0 0.783204 0.129882 0.019531 0.021483
0 0.723634 0.597657 0.017577 0.015624
0 0.259767 0.011719 0.019531 0.019531
0 0.147460 0.680664 0.021485 0.021483
0 0.794924 0.971679 0.019531 0.017580
0 0.655275 0.481446 0.017577 0.017580
0 0.414062 0.924803 0.019531 0.021483
0 0.954104 0.885741 0.021485 0.029297
0 0.990235 0.825196 0.019530 0.017580
0 0.880860 0.375976 0.015623 0.017580
0 0.029297 0.289062 0.019531 0.019531
0 0.896483 0.490235 0.019531 0.015624
0 0.516603 0.142578 0.017577 0.015624
0 0.177734 0.718750 0.019531 0.019531
0 0.200197 0.125978 0.017577 0.017580
0 0.553711 0.397463 0.017577 0.017580
0 0.089844 0.463866 0.019531 0.017580
0 0.352537 0.844727 0.017577 0.021483
0 0.854494 0.488280 0.021485 0.019531
0 0.556642 0.015626 0.019531 0.019531
0 0.552734 0.625977 0.015623 0.013673
0 0.541014 0.457032 0.019531 0.015624
0 0.241213 0.655274 0.017577 0.021483
0 0.863283 0.581053 0.015623 0.021483
0 0.898437 0.571287 0.039062 0.048828
0 0.406250 0.628905 0.035154 0.035155
0 0.277344 0.747071 0.019531 0.017580
0 0.666017 0.287110 0.015623 0.019531
0 0.401365 0.517577 0.029297 0.019531
0 0.400393 0.497070 0.019531 0.017580
0 0.833009 0.761720 0.021485 0.019531
0 0.903322 0.762695 0.013674 0.017580
0 0.712891 0.404297 0.019531 0.015624
0 0.708006 0.485353 0.017577 0.017580
0 0.585939 0.208986 0.019531 0.019531
0 0.403319 0.058595 0.013674 0.015624
0 0.992189 0.477539 0.015622 0.017580
0 0.484375 0.142578 0.015623 0.019531
0 0.873048 0.053712 0.015623 0.009766
0 0.937499 0.054688 0.011720 0.015624
0 0.943361 0.205079 0.015623 0.015624
0 0.922853 0.208986 0.017577 0.019531
0 0.478518 0.626953 0.031251 0.031248
0 0.401365 0.475587 0.017577 0.013673
0 0.692383 0.291993 0.029297 0.037111
0 0.484375 0.122071 0.015623 0.013673
0 0.489751 0.550116 0.016823 0.014234
0 0.500104 0.568880 0.014236 0.012940
0 0.483929 0.583111 0.015527 0.015525
0 0.451580 0.854189 0.020701 0.021995
