0 0.831057 0.464844 0.029297 0.023438
0 0.951170 0.062501 0.019531 0.019531
0 0.730470 0.727539 0.023439 0.029297
0 0.732424 0.073242 0.019531 0.021483
0 0.064453 0.227540 0.035154 0.029297
0 0.629883 0.722656 0.029297 0.023438
0 0.720704 0.874022 0.019531 0.017580
0 0.605467 0.438475 0.019531 0.021483
0 0.360351 0.291016 0.033205 0.031248
0 0.736327 0.549803 0.011720 0.017580
0 0.910158 0.172853 0.019531 0.021483
0 0.108400 0.181639 0.017577 0.011717
0 0.864257 0.915040 0.033205 0.029297
0 0.866211 0.886719 0.017577 0.015624
