0 0.725587 0.428709 0.017577 0.017580
0 0.743164 0.284181 0.029297 0.033204
0 0.867185 0.036131 0.019531 0.017580
0 0.784181 0.879884 0.029297 0.021483
0 0.671874 0.100587 0.019531 0.017580
0 0.374999 0.773439 0.015623 0.015624
0 0.390627 0.873046 0.015623 0.019531
0 0.549807 0.551758 0.021485 0.021483
0 0.756838 0.579103 0.017577 0.017580
0 0.625000 0.380861 0.019531 0.019531
0 0.138671 0.581055 0.019531 0.017580
0 0.958984 0.956053 0.023439 0.037111
0 0.966795 0.685549 0.019531 0.019531
0 0.981446 0.540037 0.013674 0.017580
0 0.399415 0.413085 0.017577 0.017580
0 0.013673 0.491210 0.019531 0.017580
0 0.118163 0.458010 0.017577 0.013673
0 0.919921 0.647462 0.015623 0.017580
0 0.149414 0.478517 0.013674 0.015624
0 0.876951 0.329102 0.015623 0.017580
0 0.204099 0.395509 0.021485 0.029297
0 0.369142 0.480468 0.015623 0.015624
0 0.192384 0.470703 0.017577 0.015624
0 0.193361 0.490234 0.015623 0.015624
0 0.233401 0.289064 0.017577 0.019531
0 0.250978 0.273436 0.013674 0.011717
0 0.655274 0.414061 0.017577 0.019531
0 0.634766 0.406251 0.011720 0.019531
