0 0.664062 0.591796 0.019531 0.019531
0 0.591795 0.264650 0.019531 0.021483
0 0.993163 0.699217 0.013674 0.019531
0 0.077146 0.645507 0.033205 0.029297
0 0.629885 0.847656 0.021485 0.031248
0 0.011719 0.073242 0.023438 0.017580
0 0.776369 0.993165 0.017577 0.013671
0 0.826174 0.694335 0.019531 0.021483
0 0.921875 0.351564 0.019531 0.019531
0 0.129882 0.729494 0.021485 0.017580
0 0.439454 0.355467 0.023439 0.023438
0 0.608400 0.678710 0.021485 0.021483
0 0.541990 0.138673 0.017577 0.015624
0 0.710936 0.130859 0.019531 0.019531
0 0.719724 0.560548 0.017577 0.019531
0 0.007813 0.913088 0.015627 0.021483
0 0.791015 0.518554 0.023439 0.017580
0 0.464843 0.206056 0.019531 0.021483
0 0.757815 0.439454 0.019531 0.023438
0 0.041992 0.513672 0.037108 0.039062
0 0.308594 0.625976 0.039062 0.037111
0 0.736329 0.112304 0.023439 0.029297
