0 0.187502 0.991212 0.019531 0.017577
0 0.376956 0.008790 0.019531 0.017580
0 0.225587 0.625000 0.017577 0.015624
0 0.361328 0.597655 0.019531 0.019531
0 0.838868 0.341795 0.017577 0.019531
0 0.303711 0.505858 0.021485 0.019531
0 0.597655 0.299806 0.019531 0.017580
0 0.916993 0.342775 0.017577 0.017580
0 0.922850 0.112305 0.021485 0.021483
0 0.511719 0.375975 0.015623 0.017580
0 0.587890 0.124022 0.015623 0.013673
0 0.759767 0.171874 0.019531 0.019531
0 0.032225 0.132811 0.017577 0.015624
0 0.245118 0.217774 0.017577 0.017580
0 0.566404 0.320313 0.015623 0.019531
0 0.489257 0.058594 0.021485 0.019531
0 0.583010 0.096680 0.017577 0.017580
0 0.563478 0.288085 0.017577 0.017580
0 0.856445 0.895509 0.029297 0.013673
0 0.842771 0.918947 0.041016 0.021483
0 0.815429 0.727539 0.017577 0.017580
0 0.322265 0.207033 0.019531 0.019531
0 0.321288 0.226564 0.017577 0.011717
