0 0.952148 0.274416 0.017577 0.017580
0 0.876955 0.275392 0.019531 0.015624
0 0.753905 0.315430 0.019531 0.017580
0 0.125001 0.562500 0.023439 0.023438
0 0.750002 0.389647 0.019531 0.021483
0 0.594725 0.164063 0.029297 0.039062
0 0.676758 0.995117 0.017577 0.009765
0 0.882812 0.873046 0.015623 0.019531
0 0.634764 0.244139 0.015623 0.019531
0 0.593748 0.310547 0.015623 0.015624
0 0.643553 0.645507 0.017577 0.021483
0 0.859377 0.163088 0.019531 0.021483
0 0.688478 0.561524 0.017577 0.017580
0 0.511720 0.628907 0.015623 0.019531
0 0.284181 0.607421 0.017577 0.023438
0 0.641604 0.707032 0.017577 0.015624
0 0.962890 0.946288 0.019531 0.017580
0 0.366209 0.505858 0.017577 0.019531
0 0.423830 0.559569 0.019531 0.021483
0 0.387694 0.792970 0.017577 0.019531
0 0.076173 0.213867 0.019531 0.017580
0 0.926759 0.161132 0.017577 0.017580
0 0.639650 0.456054 0.017577 0.017580
0 0.887697 0.588865 0.017577 0.017580
0 0.028323 0.079101 0.017577 0.017580
0 0.214845 0.920898 0.011720 0.017580
0 0.526366 0.863281 0.017577 0.019531
0 0.416991 0.088866 0.017577 0.021483
0 0.069334 0.354492 0.033205 0.029297
0 0.978513 0.766601 0.015623 0.013673
0 0.551760 0.608400 0.013674 0.013673
0 0.993164 0.836915 0.005857 0.009766
0 0.497070 0.335937 0.017577 0.015624
0 0.632810 0.817384 0.015623 0.017580
0 0.500978 0.915040 0.017577 0.017580
0 0.148435 0.793946 0.019531 0.013673
0 0.525389 0.580079 0.015623 0.015624
0 0.162109 0.774415 0.011720 0.013673
0 0.967776 0.698242 0.017577 0.013673
0 0.489258 0.975585 0.013674 0.013673
0 0.575194 0.770508 0.013674 0.013673
0 0.589845 0.871095 0.015623 0.011717
0 0.975587 0.851564 0.021485 0.019531
0 0.374998 0.698242 0.019531 0.013673
0 0.357420 0.705076 0.011720 0.011717
