0 0.655275 0.119139 0.017577 0.019531
0 0.149414 0.729490 0.021485 0.017580
0 0.700194 0.285157 0.017577 0.019531
0 0.771484 0.630859 0.023439 0.023438
0 0.823243 0.354492 0.017577 0.017580
0 0.992189 0.319337 0.015622 0.017580
0 0.842774 0.802736 0.017577 0.015624
0 0.925779 0.565431 0.015623 0.017580
0 0.708006 0.380858 0.017577 0.019531
0 0.385742 0.934571 0.021485 0.029297
0 0.942384 0.110353 0.017577 0.021483
0 0.336914 0.159181 0.017577 0.017580
0 0.780273 0.422851 0.017577 0.017580
0 0.851563 0.646483 0.015623 0.015624
0 0.983401 0.763674 0.017577 0.019531
0 0.983401 0.956054 0.017577 0.017580
0 0.019531 0.903319 0.019531 0.017580
0 0.840820 0.238281 0.017577 0.019531
0 0.697268 0.892578 0.019531 0.019531
0 0.966795 0.055663 0.019531 0.021483
0 0.785158 0.222657 0.015623 0.015624
0 0.409181 0.927733 0.017577 0.015624
0 0.807615 0.230467 0.021485 0.019531
0 0.707034 0.542969 0.015623 0.019531
0 0.929687 0.169922 0.015623 0.019531
0 0.711914 0.853515 0.017577 0.011717
0 0.908202 0.892578 0.015623 0.019531
0 0.684571 0.540038 0.017577 0.017580
