0 0.167967 0.596679 0.019531 0.021483
0 0.228514 0.237305 0.019531 0.021483
0 0.168944 0.275392 0.017577 0.019531
0 0.012695 0.200194 0.017577 0.017580
0 0.411134 0.356443 0.017577 0.017580
0 0.442384 0.744142 0.021485 0.023438
0 0.199217 0.333009 0.015623 0.017580
0 0.319335 0.419923 0.017577 0.019531
0 0.593748 0.235350 0.019531 0.017580
0 0.307616 0.248046 0.017577 0.019531
0 0.360352 0.604493 0.017577 0.013673
0 0.240234 0.405275 0.019531 0.017580
0 0.279296 0.327147 0.015623 0.017580
0 0.284181 0.199219 0.017577 0.019531
0 0.323244 0.857422 0.021485 0.019531
0 0.048826 0.451172 0.015623 0.011717
0 0.276365 0.828125 0.017577 0.015624
0 0.304690 0.464844 0.019531 0.019531
0 0.277342 0.436523 0.019531 0.021483
0 0.579102 0.895509 0.021485 0.017580
0 0.053711 0.522462 0.017577 0.021483
0 0.152344 0.444337 0.019531 0.017580
0 0.099608 0.829101 0.015623 0.017580
0 0.436522 0.897460 0.013674 0.017580
0 0.115236 0.921874 0.015623 0.019531
0 0.130858 0.740235 0.019531 0.019531
0 0.008791 0.368164 0.013674 0.013673
0 0.029295 0.541993 0.019531 0.017580
0 0.255862 0.363282 0.015623 0.019531
0 0.420899 0.817384 0.017577 0.013673
0 0.382814 0.910157 0.019531 0.019531
0 0.561525 0.343750 0.021485 0.019531
0 0.771482 0.080076 0.019531 0.019531
0 0.628907 0.181639 0.019531 0.019531
0 0.229491 0.728514 0.017577 0.015624
0 0.043945 0.198243 0.017577 0.013673
0 0.097659 0.335937 0.015623 0.015624
0 0.061522 0.589845 0.017577 0.015624
0 0.121093 0.039063 0.019531 0.019531
0 0.197263 0.757811 0.023439 0.019531
0 0.703123 0.904298 0.019531 0.019531
0 0.054688 0.836915 0.015623 0.017580
0 0.090819 0.052735 0.013674 0.011717
0 0.135744 0.470703 0.017577 0.015624
0 0.380860 0.429689 0.019531 0.019531
0 0.015626 0.711914 0.019531 0.021483
0 0.313478 0.672852 0.021485 0.021483
0 0.234376 0.787108 0.015623 0.019531
0 0.585937 0.935547 0.019531 0.019531
0 0.094727 0.362306 0.013674 0.013673
0 0.399414 0.797853 0.017577 0.017580
0 0.050780 0.962892 0.015623 0.015624
0 0.344729 0.364257 0.017577 0.017580
0 0.106447 0.775391 0.021485 0.019531
0 0.152344 0.027345 0.019531 0.015624
0 0.217771 0.840822 0.017577 0.017580
0 0.083008 0.402344 0.017577 0.015624
0 0.202149 0.534179 0.017577 0.017580
0 0.089842 0.535155 0.015623 0.019531
0 0.010741 0.930664 0.017577 0.017580
0 0.158201 0.780273 0.023439 0.021483
0 0.175783 0.358399 0.019531 0.017580
0 0.083008 0.083983 0.017577 0.019531
0 0.675781 0.853515 0.019531 0.019531
0 0.275393 0.100587 0.019531 0.017580
0 0.041991 0.038087 0.017577 0.017580
0 0.026368 0.020507 0.021485 0.013673
0 0.056642 0.405275 0.015623 0.013673
0 0.056642 0.149415 0.011720 0.013673
0 0.108396 0.643556 0.013674 0.021483
0 0.343752 0.054687 0.015623 0.019531
0 0.275393 0.629883 0.015623 0.017580
0 0.346678 0.159181 0.017577 0.021483
0 0.292970 0.488282 0.019531 0.015624
0 0.610353 0.021483 0.017577 0.015624
0 0.194337 0.785156 0.017577 0.019531
0 0.135744 0.537110 0.013674 0.019531
0 0.036134 0.804687 0.021485 0.011717
0 0.376952 0.070311 0.015623 0.015624
0 0.037111 0.763673 0.015623 0.007814
0 0.135744 0.638673 0.013674 0.019531
0 0.153321 0.631835 0.021485 0.009766
0 0.259765 0.790039 0.015623 0.017580
0 0.028323 0.735353 0.017577 0.013673
0 0.498047 0.460937 0.015623 0.019531
0 0.102539 0.274416 0.013674 0.017580
0 0.139647 0.288084 0.017577 0.009766
0 0.417968 0.153322 0.015623 0.017580
0 0.439453 0.142577 0.019531 0.023438
0 0.456053 0.028321 0.017577 0.021483
0 0.223634 0.081056 0.021485 0.021483
0 0.016603 0.045897 0.013674 0.017580
0 0.290039 0.583007 0.017577 0.017580
0 0.218749 0.968750 0.019531 0.019531
0 0.470704 0.089842 0.019531 0.015624
0 0.469727 0.106446 0.017577 0.009766
0 0.378906 0.820311 0.019531 0.015624
0 0.384768 0.841798 0.019531 0.019531
0 0.237303 0.845705 0.013674 0.015624
0 0.152344 0.717773 0.015623 0.021483
0 0.170898 0.722656 0.013674 0.015624
0 0.184572 0.706056 0.013674 0.013673
0 0.363283 0.675780 0.015623 0.019531
0 0.351563 0.658204 0.019531 0.015624
0 0.329101 0.648438 0.013674 0.019531
0 0.347655 0.549803 0.019531 0.017580
0 0.374025 0.524413 0.017577 0.017580
0 0.353517 0.527345 0.015623 0.019531
0 0.253908 0.537110 0.019531 0.019531
0 0.243165 0.584962 0.021485 0.033204
0 0.216794 0.486327 0.015623 0.015624
0 0.222657 0.464844 0.019531 0.019531
0 0.300781 0.317381 0.015623 0.021483
0 0.238280 0.611328 0.015623 0.015624
0 0.218749 0.620117 0.015623 0.017580
0 0.246096 0.681642 0.015623 0.019531
0 0.264650 0.685545 0.017577 0.019531
0 0.210937 0.666994 0.015623 0.013673
0 0.213868 0.683594 0.017577 0.019531
0 0.166995 0.649414 0.017577 0.017580
0 0.090819 0.505858 0.017577 0.015624
0 0.070311 0.499024 0.015623 0.017580
0 0.041991 0.497072 0.017577 0.013673
0 0.016603 0.499024 0.017577 0.017580
0 0.072265 0.380861 0.019531 0.015624
0 0.087893 0.261719 0.011720 0.015624
0 0.071288 0.268553 0.017577 0.021483
0 0.004882 0.386720 0.009763 0.019531
0 0.007813 0.154298 0.015626 0.011717
0 0.141601 0.074218 0.013674 0.011717
0 0.154298 0.088866 0.015623 0.013673
0 0.211914 0.124025 0.021485 0.013673
0 0.208006 0.105470 0.017577 0.015624
0 0.316404 0.111329 0.011720 0.015624
0 0.335935 0.114256 0.019531 0.017580
0 0.391603 0.108397 0.017577 0.017580
0 0.385740 0.126953 0.017577 0.019531
0 0.404299 0.125977 0.019531 0.013673
0 0.435545 0.005859 0.015623 0.011718
0 0.084962 0.016600 0.017577 0.017580
0 0.069334 0.177736 0.021485 0.015624
0 0.012695 0.127929 0.017577 0.013673
0 0.304690 0.180663 0.015623 0.017580
0 0.454099 0.009766 0.017577 0.011717
