0 0.861330 0.845705 0.023439 0.019531
0 0.587889 0.361330 0.023439 0.023438
0 0.744143 0.806642 0.023439 0.023438
0 0.103514 0.083007 0.031251 0.029297
0 0.301756 0.159180 0.017577 0.021483
0 0.115233 0.153322 0.023439 0.021483
0 0.928711 0.716797 0.021485 0.023438
0 0.777343 0.264650 0.015623 0.017580
0 0.934569 0.501955 0.021485 0.023438
0 0.250974 0.066408 0.033205 0.023438
0 0.254882 0.139649 0.033205 0.033204
0 0.426759 0.740235 0.029297 0.019531
0 0.929688 0.089842 0.023439 0.023438
0 0.684572 0.309571 0.029297 0.033204
0 0.985351 0.524413 0.029297 0.029297
0 0.088868 0.009765 0.033205 0.019529
0 0.079948 0.289892 0.024260 0.018195
0 0.082980 0.312134 0.026285 0.026282
