0 0.401365 0.933595 0.021485 0.023438
0 0.085936 0.818359 0.019531 0.019531
0 0.197265 0.287108 0.019531 0.019531
0 0.758788 0.901367 0.017577 0.017580
0 0.382811 0.099611 0.015623 0.019531
0 0.328126 0.423830 0.015623 0.011717
0 0.027343 0.109377 0.019531 0.019531
0 0.230470 0.177736 0.019531 0.019531
0 0.201174 0.118163 0.019531 0.021483
0 0.170900 0.210939 0.021485 0.019531
0 0.602539 0.427733 0.021485 0.019531
0 0.666017 0.199218 0.019531 0.015624
0 0.223631 0.843749 0.017577 0.019531
0 0.342772 0.855470 0.017577 0.019531
0 0.797850 0.047852 0.017577 0.021483
0 0.462890 0.602537 0.023439 0.021483
0 0.672852 0.102538 0.017577 0.017580
0 0.171877 0.646483 0.019531 0.015624
0 0.291990 0.330078 0.017577 0.015624
0 0.926756 0.147459 0.013674 0.017580
0 0.343749 0.539061 0.019531 0.019531
0 0.032228 0.254884 0.017577 0.017580
0 0.584962 0.150390 0.017577 0.015624
0 0.421873 0.400392 0.019531 0.019531
0 0.654298 0.981447 0.019531 0.021483
0 0.912111 0.090821 0.015623 0.013673
0 0.519529 0.037111 0.019531 0.019531
0 0.983401 0.066407 0.017577 0.015624
0 0.547854 0.259767 0.017577 0.015624
0 0.515626 0.371095 0.019531 0.015624
0 0.281252 0.812501 0.019531 0.023438
0 0.862306 0.441406 0.017577 0.015624
0 0.242190 0.675783 0.019531 0.019531
0 0.108398 0.122070 0.017577 0.017580
0 0.185546 0.876953 0.015623 0.019531
0 0.548826 0.221681 0.015623 0.017580
0 0.962893 0.106445 0.019531 0.021483
0 0.101564 0.530272 0.019531 0.017580
0 0.791993 0.841798 0.021485 0.019531
0 0.437501 0.875001 0.019531 0.019531
0 0.723634 0.057618 0.017577 0.021483
0 0.049805 0.791994 0.021485 0.017580
0 0.594727 0.872070 0.021485 0.029297
0 0.131838 0.403319 0.029297 0.029297
0 0.375000 0.160156 0.019531 0.019531
0 0.461913 0.034179 0.017577 0.017580
0 0.039062 0.215822 0.019531 0.017580
0 0.471678 0.090821 0.017577 0.021483
0 0.469724 0.298829 0.017577 0.015624
0 0.155272 0.533203 0.017577 0.019531
0 0.783204 0.103514 0.015623 0.015624
0 0.577150 0.827149 0.017577 0.021483
0 0.318360 0.098631 0.019531 0.021483
0 0.096679 0.027345 0.013674 0.019531
0 0.161134 0.451171 0.017577 0.015624
0 0.497072 0.773439 0.029297 0.015624
0 0.502929 0.311522 0.021485 0.017580
0 0.548826 0.827149 0.019531 0.029297
0 0.782227 0.161132 0.017577 0.017580
0 0.882814 0.312502 0.015623 0.015624
0 0.451170 0.548827 0.019531 0.019531
0 0.367188 0.126952 0.019531 0.011717
0 0.695314 0.005859 0.015623 0.011717
0 0.006834 0.059569 0.009766 0.017580
0 0.480467 0.746094 0.015623 0.015624
0 0.275390 0.032228 0.011720 0.009766
0 0.258790 0.040038 0.017577 0.017580
0 0.313475 0.627931 0.021485 0.021483
0 0.344726 0.619141 0.041016 0.046876
0 0.368165 0.258787 0.013674 0.017580
0 0.388673 0.253905 0.019531 0.015624
0 0.457032 0.119142 0.011720 0.015624
0 0.666995 0.021483 0.017577 0.019531
0 0.801758 0.130859 0.013674 0.011717
0 0.137695 0.005859 0.017577 0.011717
0 0.629881 0.356447 0.017577 0.017580
0 0.709960 0.415040 0.017577 0.033204
0 0.861329 0.319336 0.019531 0.017580
0 0.640624 0.382812 0.011720 0.019531
0 0.661132 0.375978 0.017577 0.017580
0 0.821289 0.131835 0.021485 0.017580
0 0.841798 0.308595 0.015623 0.031248
0 0.350588 0.810545 0.017577 0.015624
0 0.329103 0.796877 0.017577 0.019531
0 0.507222 0.544745 0.018114 0.020704
0 0.529219 0.540216 0.018114 0.019410
0 0.113866 0.332542 0.015527 0.023290
0 0.139745 0.328657 0.025879 0.015525
0 0.141684 0.348067 0.019410 0.015525
0 0.007766 0.446406 0.015527 0.031055
0 0.006470 0.672195 0.010353 0.032349
0 0.438640 0.525336 0.020701 0.020704
0 0.302135 0.535686 0.021997 0.020704
0 0.749184 0.038819 0.012940 0.020704
0 0.771829 0.032349 0.019410 0.020704
