0 0.615235 0.865232 0.023439 0.019531
0 0.527345 0.160157 0.015623 0.019531
0 0.302732 0.028322 0.019531 0.017580
0 0.250001 0.024415 0.015623 0.017580
0 0.183591 0.510741 0.019531 0.021483
0 0.212893 0.319337 0.015623 0.013673
0 0.221682 0.713866 0.017577 0.021483
0 0.581053 0.148436 0.017577 0.015624
0 0.848632 0.155274 0.017577 0.017580
0 0.976561 0.719725 0.015623 0.017580
0 0.244139 0.989257 0.019531 0.017580
0 0.059570 0.196288 0.013674 0.013673
0 0.244139 0.078125 0.015623 0.015624
0 0.727537 0.626952 0.013674 0.015624
0 0.821289 0.105470 0.017577 0.019531
0 0.724611 0.146484 0.019531 0.019531
0 0.136718 0.318361 0.015623 0.019531
0 0.730468 0.186522 0.019531 0.017580
0 0.420896 0.078125 0.017577 0.015624
0 0.467775 0.108398 0.017577 0.017580
0 0.023439 0.546876 0.015623 0.015624
0 0.379885 0.037111 0.013674 0.019531
0 0.882814 0.264647 0.015623 0.017580
0 0.405273 0.039063 0.017577 0.015624
0 0.130860 0.101563 0.015623 0.015624
0 0.917968 0.304688 0.019531 0.019531
0 0.387696 0.817384 0.017577 0.017580
0 0.605470 0.336913 0.019531 0.017580
0 0.615235 0.614259 0.019531 0.017580
0 0.785158 0.644532 0.015623 0.015624
0 0.253904 0.312499 0.015623 0.015624
0 0.564453 0.069335 0.019531 0.021483
0 0.365234 0.404296 0.015623 0.015624
0 0.543945 0.048828 0.017577 0.019531
0 0.283201 0.404296 0.019531 0.015624
0 0.599607 0.954102 0.015623 0.021483
0 0.203127 0.855467 0.015623 0.019531
0 0.339845 0.007812 0.019531 0.015625
0 0.258790 0.170898 0.017577 0.017580
0 0.127929 0.362306 0.017577 0.017580
0 0.422850 0.457030 0.017577 0.015624
0 0.057616 0.505858 0.013674 0.015624
0 0.626955 0.963868 0.015623 0.017580
0 0.438478 0.759767 0.017577 0.015624
0 0.096678 0.007811 0.017577 0.015623
0 0.250001 0.440431 0.015623 0.017580
0 0.211916 0.430665 0.013674 0.013673
0 0.870117 0.310547 0.017577 0.015624
0 0.074221 0.380858 0.015623 0.015624
0 0.196288 0.600587 0.017577 0.021483
0 0.273435 0.268554 0.011720 0.017580
0 0.153323 0.180664 0.017577 0.013673
0 0.629881 0.457030 0.017577 0.015624
0 0.395508 0.261719 0.017577 0.015624
0 0.007811 0.487303 0.015623 0.013673
0 0.526368 0.078125 0.021485 0.019531
0 0.079101 0.464844 0.017577 0.015624
0 0.101564 0.362306 0.015623 0.017580
0 0.016600 0.250978 0.013674 0.013673
0 0.362303 0.216798 0.017577 0.015624
0 0.179688 0.019532 0.015623 0.007814
0 0.201173 0.084959 0.011720 0.017580
0 0.527345 0.095705 0.019531 0.011717
0 0.337891 0.035156 0.015623 0.019531
0 0.360354 0.087891 0.013674 0.015624
0 0.378908 0.095705 0.015623 0.015624
0 0.394531 0.424806 0.019531 0.017580
0 0.226562 0.406251 0.019531 0.019531
0 0.217773 0.371092 0.017577 0.019531
0 0.202150 0.623045 0.017577 0.019531
0 0.194334 0.210936 0.017577 0.019531
0 0.069336 0.126953 0.021485 0.019531
0 0.180665 0.056642 0.021485 0.019531
0 0.004884 0.133787 0.009768 0.013673
0 0.018918 0.144259 0.015527 0.019668
0 0.035999 0.131319 0.012423 0.016562
0 0.049455 0.119416 0.010353 0.015525
