0 0.824217 0.799805 0.023439 0.029297
0 0.083984 0.074218 0.015623 0.019531
0 0.789063 0.023439 0.019531 0.015624
0 0.710939 0.067384 0.019531 0.017580
0 0.895507 0.513672 0.017577 0.019531
0 0.397459 0.307616 0.013674 0.013673
0 0.426755 0.070311 0.017577 0.015624
0 0.559570 0.357423 0.017577 0.019531
0 0.833006 0.401368 0.017577 0.017580
0 0.974609 0.120119 0.019531 0.017580
0 0.512696 0.082032 0.017577 0.019531
0 0.222656 0.791015 0.019531 0.015624
0 0.401367 0.108398 0.017577 0.017580
0 0.164062 0.147460 0.019531 0.017580
0 0.793944 0.425782 0.017577 0.015624
0 0.047853 0.315430 0.017577 0.017580
0 0.310546 0.380858 0.015623 0.015624
0 0.939455 0.026366 0.011720 0.017580
0 0.616209 0.681642 0.017577 0.019531
0 0.381836 0.755860 0.017577 0.015624
0 0.893553 0.267578 0.017577 0.015624
0 0.466795 0.007812 0.011720 0.015625
0 0.697265 0.458986 0.019531 0.019531
0 0.992187 0.933595 0.015625 0.015624
0 0.046876 0.820312 0.019531 0.019531
0 0.445315 0.226564 0.015623 0.015624
0 0.952147 0.436524 0.017577 0.017580
0 0.346682 0.682618 0.017577 0.017580
0 0.735350 0.386720 0.017577 0.015624
0 0.227541 0.313478 0.013674 0.013673
0 0.553713 0.803712 0.017577 0.017580
0 0.645506 0.860350 0.021485 0.017580
0 0.889650 0.680663 0.017577 0.013673
0 0.543947 0.500975 0.013674 0.013673
0 0.677734 0.956054 0.015623 0.013673
0 0.042967 0.734373 0.015623 0.015624
0 0.637695 0.509765 0.017577 0.015624
0 0.693362 0.839843 0.019531 0.015624
0 0.597655 0.498048 0.015623 0.015624
0 0.386721 0.603514 0.015623 0.015624
0 0.406252 0.413085 0.019531 0.017580
0 0.004884 0.966795 0.009767 0.015624
0 0.121092 0.344726 0.015623 0.017580
0 0.658203 0.586914 0.019531 0.017580
0 0.101561 0.977540 0.019531 0.017580
0 0.565427 0.432617 0.017577 0.017580
0 0.050779 0.585938 0.015623 0.015624
0 0.722659 0.503907 0.015623 0.015624
0 0.194336 0.038087 0.005857 0.009766
0 0.903319 0.123046 0.021485 0.015624
0 0.170897 0.728515 0.017577 0.019531
0 0.979494 0.275392 0.017577 0.011717
0 0.462892 0.077149 0.015623 0.013673
0 0.525388 0.482420 0.015623 0.015624
0 0.400390 0.458006 0.019531 0.013673
0 0.985352 0.727539 0.017577 0.017580
0 0.627929 0.992187 0.017577 0.015625
0 0.341797 0.566407 0.019531 0.015624
0 0.801760 0.517579 0.013674 0.019531
0 0.863280 0.606445 0.011720 0.017580
0 0.726562 0.650390 0.019531 0.019531
0 0.484377 0.108398 0.015623 0.017580
0 0.276369 0.330078 0.017577 0.015624
0 0.722659 0.436524 0.011720 0.013673
0 0.624998 0.564452 0.015623 0.015624
0 0.541016 0.919923 0.019531 0.019531
0 0.599609 0.475586 0.011720 0.017580
0 0.718750 0.278319 0.015623 0.013673
0 0.972655 0.429689 0.015623 0.011717
0 0.792967 0.927733 0.015623 0.015624
0 0.684568 0.269529 0.013674 0.011717
0 0.362305 0.017576 0.017577 0.015624
0 0.852537 0.850584 0.017577 0.017580
0 0.228518 0.905274 0.015623 0.013673
0 0.770509 0.217774 0.017577 0.017580
0 0.734373 0.616211 0.019531 0.017580
0 0.170897 0.795898 0.013674 0.013673
0 0.681642 0.900392 0.015623 0.015624
0 0.923827 0.575197 0.019531 0.017580
0 0.847657 0.930664 0.019531 0.017580
0 0.657226 0.994141 0.021485 0.011718
0 0.927735 0.114256 0.015623 0.009766
0 0.605467 0.131836 0.015623 0.013673
0 0.870119 0.189453 0.009766 0.011717
0 0.129880 0.314454 0.013674 0.011717
0 0.388670 0.171874 0.011720 0.015624
0 0.126954 0.960937 0.015623 0.015624
0 0.927735 0.165039 0.015623 0.017580
0 0.176759 0.052735 0.021485 0.019531
0 0.982420 0.251954 0.019531 0.015624
0 0.808595 0.727539 0.015623 0.013673
0 0.830080 0.725587 0.019531 0.017580
0 0.833983 0.745118 0.019531 0.017580
0 0.625975 0.583983 0.017577 0.019531
0 0.864257 0.294923 0.021485 0.011717
0 0.874022 0.313478 0.021485 0.017580
0 0.839845 0.176757 0.015623 0.013673
0 0.822263 0.187502 0.011720 0.011717
0 0.823240 0.207033 0.017577 0.019531
0 0.902342 0.177736 0.015623 0.015624
0 0.888673 0.194336 0.011720 0.013673
0 0.540039 0.935547 0.017577 0.011717
0 0.541016 0.957030 0.023439 0.019531
0 0.636718 0.037111 0.019531 0.015624
0 0.629883 0.059570 0.017577 0.021483
0 0.791018 0.109373 0.015623 0.015624
0 0.769532 0.113280 0.015623 0.019531
0 0.762693 0.137694 0.017577 0.021483
0 0.743162 0.157225 0.017577 0.017580
0 0.757813 0.187502 0.011720 0.015624
0 0.686522 0.242188 0.013674 0.015624
0 0.673826 0.228516 0.011720 0.011717
0 0.919924 0.072267 0.015623 0.011717
0 0.906250 0.088866 0.015623 0.013673
0 0.493165 0.004882 0.017577 0.009764
0 0.513673 0.003906 0.011720 0.007813
