0 0.629881 0.214843 0.017577 0.019531
0 0.615235 0.845705 0.019531 0.015624
0 0.853517 0.929688 0.019531 0.019531
0 0.498048 0.799804 0.015623 0.017580
0 0.906248 0.812501 0.023439 0.023438
0 0.500002 0.698242 0.015623 0.017580
0 0.592773 0.571289 0.017577 0.017580
0 0.265624 0.324219 0.011720 0.015624
0 0.630858 0.453127 0.015623 0.015624
0 0.692382 0.871094 0.017577 0.019531
0 0.771484 0.481444 0.019531 0.017580
0 0.953126 0.046876 0.019531 0.019531
0 0.425781 0.680662 0.015623 0.017580
0 0.654297 0.022463 0.019531 0.017580
0 0.451174 0.833984 0.015623 0.015624
0 0.355468 0.949219 0.015623 0.015624
0 0.113283 0.054687 0.015623 0.015624
0 0.292971 0.482424 0.015623 0.019531
0 0.301760 0.928712 0.013674 0.017580
0 0.457032 0.916015 0.019531 0.019531
0 0.053712 0.097656 0.021485 0.019531
0 0.374022 0.672852 0.017577 0.013673
0 0.075198 0.325195 0.017577 0.013673
0 0.721679 0.250002 0.017577 0.015624
0 0.134768 0.119142 0.015623 0.015624
0 0.105466 0.731445 0.011720 0.013673
0 0.291994 0.204101 0.017577 0.017580
0 0.199219 0.589845 0.015623 0.015624
0 0.388673 0.521486 0.015623 0.015624
0 0.820312 0.790039 0.011720 0.017580
0 0.313474 0.322264 0.017577 0.019531
0 0.043947 0.486327 0.013674 0.011717
0 0.142580 0.448244 0.015623 0.017580
0 0.516602 0.851563 0.017577 0.019531
0 0.500002 0.996093 0.019531 0.007814
0 0.477540 0.750001 0.017577 0.015624
0 0.229493 0.871094 0.013674 0.015624
0 0.414061 0.629883 0.019531 0.017580
0 0.139648 0.991211 0.017577 0.017577
0 0.311525 0.653321 0.013674 0.013673
0 0.803712 0.291015 0.021485 0.019531
0 0.336914 0.618166 0.021485 0.017580
0 0.123048 0.757811 0.015623 0.015624
0 0.355468 0.164063 0.015623 0.015624
0 0.311525 0.295898 0.017577 0.017580
0 0.756838 0.540037 0.013674 0.017580
0 0.400392 0.360350 0.015623 0.017580
0 0.420901 0.900391 0.013674 0.015624
0 0.433592 0.419923 0.015623 0.015624
0 0.854494 0.742187 0.017577 0.015624
0 0.172853 0.252929 0.017577 0.013673
0 0.040039 0.894533 0.017577 0.015624
0 0.264647 0.619141 0.013674 0.011717
0 0.675782 0.352540 0.015623 0.013673
0 0.327148 0.132811 0.017577 0.015624
0 0.026365 0.711914 0.013674 0.017580
0 0.394530 0.749025 0.019531 0.009766
0 0.256835 0.648438 0.013674 0.007814
0 0.214842 0.555665 0.015623 0.013673
0 0.293943 0.744142 0.017577 0.015624
0 0.026365 0.404295 0.013674 0.015624
0 0.055667 0.646483 0.017577 0.015624
0 0.250001 0.832032 0.019531 0.019531
0 0.043947 0.303712 0.013674 0.013673
0 0.047850 0.243163 0.013674 0.009766
0 0.920898 0.471678 0.021485 0.021483
0 0.230470 0.449220 0.007811 0.015624
0 0.174802 0.352540 0.017577 0.013673
0 0.061524 0.829101 0.017577 0.017580
0 0.164065 0.928712 0.019531 0.017580
0 0.091798 0.594728 0.019531 0.021483
0 0.802735 0.809570 0.011720 0.017580
0 0.205076 0.773439 0.015623 0.015624
0 0.529299 0.188477 0.019531 0.017580
0 0.188476 0.468751 0.013674 0.011717
0 0.031250 0.203125 0.011720 0.015624
0 0.359376 0.708983 0.019531 0.011717
0 0.205076 0.529296 0.011720 0.015624
0 0.068358 0.930664 0.015623 0.017580
0 0.175779 0.658204 0.015623 0.011717
0 0.373045 0.630859 0.015623 0.011717
0 0.245115 0.156249 0.017577 0.015624
0 0.421873 0.250977 0.011720 0.009766
0 0.171876 0.906250 0.019531 0.011717
0 0.685548 0.110353 0.019531 0.013673
0 0.015627 0.539062 0.015623 0.015624
0 0.372073 0.130860 0.005857 0.007814
0 0.095701 0.974609 0.007811 0.015624
0 0.109375 0.650390 0.011720 0.011717
0 0.131837 0.041014 0.017577 0.019531
0 0.151368 0.046876 0.017577 0.019531
0 0.694336 0.046876 0.013674 0.011717
0 0.239258 0.224608 0.013674 0.015624
0 0.166014 0.377930 0.015623 0.017580
0 0.150391 0.369140 0.015623 0.019531
0 0.134768 0.372071 0.015623 0.013673
0 0.021485 0.556641 0.011720 0.011717
0 0.043947 0.401368 0.013674 0.017580
0 0.066404 0.391602 0.019531 0.013673
0 0.209961 0.440430 0.017577 0.017580
0 0.402341 0.493165 0.015623 0.009766
0 0.381838 0.486327 0.013674 0.015624
0 0.358399 0.478517 0.009766 0.015624
0 0.339845 0.475585 0.007811 0.009766
0 0.062501 0.479492 0.011720 0.017580
0 0.083009 0.484375 0.013674 0.011717
0 0.159179 0.495116 0.017577 0.017580
0 0.143557 0.484375 0.013674 0.015624
0 0.303709 0.586914 0.017577 0.017580
0 0.257812 0.564451 0.019531 0.019531
0 0.256835 0.545900 0.017577 0.017580
0 0.006837 0.636717 0.013673 0.019531
0 0.129883 0.572265 0.013674 0.015624
0 0.155271 0.542969 0.017577 0.015624
0 0.135740 0.532227 0.013674 0.013673
0 0.089843 0.638673 0.011720 0.011717
0 0.085935 0.658204 0.015623 0.015624
0 0.123048 0.664062 0.015623 0.015624
0 0.168945 0.706056 0.017577 0.017580
0 0.189453 0.700197 0.015623 0.017580
0 0.214842 0.696290 0.011720 0.013673
0 0.206053 0.727538 0.017577 0.017580
0 0.533202 0.857422 0.015623 0.011717
0 0.537110 0.875977 0.019531 0.021483
0 0.201173 0.885743 0.015623 0.017580
0 0.286132 0.951171 0.017577 0.015624
0 0.396484 0.959960 0.011720 0.013673
0 0.415038 0.959960 0.021485 0.017580
0 0.550779 0.934571 0.015623 0.013673
0 0.517579 0.989257 0.015623 0.017580
0 0.469728 0.954102 0.013674 0.013673
0 0.484374 0.969726 0.015623 0.021483
0 0.066404 0.810546 0.011720 0.011717
0 0.171876 0.843749 0.015623 0.011717
0 0.165037 0.862305 0.013674 0.013673
0 0.058593 0.376954 0.015623 0.011717
0 0.190430 0.415040 0.017577 0.021483
0 0.256835 0.688476 0.017577 0.017580
0 0.211916 0.675779 0.017577 0.015624
0 0.229493 0.664062 0.013674 0.015624
0 0.152345 0.575196 0.019531 0.017580
0 0.273435 0.692383 0.015623 0.013673
0 0.288086 0.682618 0.009766 0.013673
0 0.305663 0.694335 0.013674 0.017580
0 0.330079 0.695314 0.015623 0.019531
0 0.424804 0.765625 0.013674 0.011717
0 0.441404 0.779297 0.011720 0.015624
0 0.549807 0.956053 0.017577 0.017580
0 0.464843 0.975584 0.015623 0.017580
0 0.291017 0.967774 0.019531 0.017580
0 0.232424 0.934571 0.019531 0.013673
0 0.219727 0.918946 0.013674 0.009766
0 0.097655 0.892577 0.019531 0.019531
0 0.121094 0.883787 0.015623 0.017580
0 0.105466 0.863280 0.019531 0.015624
0 0.012696 0.826174 0.013674 0.011717
0 0.025393 0.839842 0.011720 0.015624
0 0.107420 0.673828 0.007811 0.007814
0 0.085935 0.674804 0.011720 0.013673
0 0.083986 0.693359 0.015623 0.011717
0 0.252932 0.717773 0.017577 0.017580
0 0.083986 0.995117 0.015623 0.009765
0 0.074221 0.981447 0.019531 0.013673
0 0.005862 0.715821 0.011720 0.013673
