0 0.812500 0.258788 0.015623 0.017580
0 0.450197 0.484375 0.013674 0.015624
0 0.283205 0.511720 0.015623 0.015624
0 0.840819 0.110353 0.017577 0.017580
0 0.283205 0.853515 0.015623 0.015624
0 0.794923 0.204101 0.019531 0.021483
0 0.803711 0.956054 0.021485 0.017580
0 0.884767 0.364257 0.019531 0.017580
0 0.394530 0.436523 0.015623 0.017580
0 0.384764 0.209960 0.023439 0.029297
0 0.520510 0.917967 0.017577 0.019531
0 0.427735 0.364257 0.019531 0.017580
0 0.583984 0.083983 0.019531 0.019531
0 0.023438 0.917967 0.015623 0.019531
0 0.803711 0.061525 0.017577 0.017580
0 0.036135 0.939454 0.021485 0.023438
0 0.344725 0.806639 0.021485 0.023438
0 0.042225 0.967964 0.024260 0.024262
