0 0.120117 0.147461 0.021485 0.021483
0 0.503905 0.949221 0.019531 0.019531
0 0.650389 0.704102 0.019531 0.021483
0 0.227538 0.846678 0.017577 0.017580
0 0.058593 0.145509 0.031251 0.037111
0 0.328125 0.872072 0.019531 0.021483
0 0.421873 0.906251 0.019531 0.019531
0 0.025393 0.789061 0.019531 0.015624
0 0.351565 0.680664 0.019531 0.021483
0 0.391604 0.705078 0.013674 0.015624
0 0.172853 0.557619 0.017577 0.021483
0 0.269532 0.065430 0.011720 0.009766
0 0.383787 0.768554 0.017577 0.017580
0 0.840820 0.144530 0.033205 0.039062
0 0.541014 0.125978 0.019531 0.017580
0 0.010742 0.956055 0.017577 0.017580
0 0.448243 0.561522 0.021485 0.021483
0 0.012696 0.978517 0.017577 0.011717
0 0.122071 0.909179 0.017577 0.017580
0 0.054690 0.821289 0.011720 0.013673
