0 0.269532 0.324217 0.019531 0.019531
0 0.046873 0.956055 0.023439 0.021483
0 0.175779 0.351562 0.019531 0.019531
0 0.407226 0.933593 0.013674 0.019531
0 0.083986 0.749023 0.015623 0.017580
0 0.680662 0.099609 0.017577 0.019531
0 0.838865 0.062498 0.017577 0.019531
0 0.045901 0.282227 0.017577 0.017580
0 0.122071 0.074219 0.017577 0.015624
0 0.878905 0.265624 0.019531 0.023438
0 0.347656 0.822264 0.023439 0.019531
0 0.302736 0.778319 0.023439 0.021483
0 0.848631 0.878906 0.029297 0.019531
0 0.767580 0.659181 0.019531 0.021483
0 0.215818 0.553712 0.033205 0.029297
0 0.511716 0.851561 0.019531 0.019531
0 0.255858 0.264648 0.019531 0.017580
0 0.418946 0.151368 0.017577 0.017580
0 0.616211 0.392580 0.017577 0.015624
0 0.338868 0.102540 0.017577 0.017580
0 0.425781 0.056640 0.019531 0.019531
0 0.537110 0.112306 0.015623 0.013673
0 0.355467 0.378907 0.019531 0.019531
0 0.128905 0.115233 0.019531 0.019531
0 0.205076 0.501953 0.023439 0.019531
0 0.574218 0.083985 0.019531 0.019531
0 0.096677 0.806640 0.017577 0.015624
0 0.536133 0.057616 0.013674 0.017580
0 0.300782 0.211913 0.019531 0.021483
0 0.331056 0.777344 0.021485 0.019531
0 0.735352 0.018553 0.017577 0.017580
0 0.715821 0.059571 0.017577 0.021483
0 0.941406 0.593750 0.023439 0.023438
0 0.461912 0.268555 0.017577 0.013673
0 0.544921 0.792968 0.019531 0.023438
0 0.213869 0.071288 0.017577 0.013673
0 0.384764 0.305665 0.019531 0.021483
0 0.155276 0.885741 0.021485 0.029297
0 0.191407 0.825196 0.019531 0.017580
0 0.082032 0.375976 0.015623 0.017580
0 0.637697 0.263672 0.013674 0.015624
0 0.097655 0.490235 0.019531 0.015624
0 0.476562 0.009767 0.019531 0.019531
0 0.664062 0.042967 0.019531 0.019531
0 0.903321 0.541015 0.021485 0.019531
0 0.055666 0.488280 0.021485 0.019531
0 0.226561 0.042967 0.015623 0.015624
0 0.859374 0.173827 0.019531 0.023438
0 0.460940 0.370117 0.019531 0.021483
0 0.303708 0.173827 0.017577 0.015624
0 0.861328 0.408204 0.019531 0.019531
0 0.064455 0.581053 0.015623 0.021483
0 0.099609 0.571287 0.039062 0.048828
0 0.034181 0.761720 0.021485 0.019531
0 0.104494 0.762695 0.013674 0.017580
0 0.232423 0.699219 0.015623 0.019531
0 0.224607 0.250975 0.019531 0.017580
0 0.193361 0.477539 0.015623 0.017580
0 0.260743 0.497070 0.017577 0.017580
0 0.280274 0.493163 0.021485 0.021483
0 0.074220 0.053712 0.015623 0.009766
0 0.138671 0.054688 0.011720 0.015624
0 0.615234 0.270506 0.019531 0.017580
0 0.856447 0.149413 0.021485 0.013673
0 0.593749 0.258789 0.015623 0.021483
0 0.554687 0.083009 0.011720 0.017580
0 0.144533 0.205079 0.015623 0.015624
0 0.124025 0.208986 0.017577 0.019531
0 0.416992 0.328124 0.013674 0.019531
0 0.395507 0.334962 0.013674 0.017580
