0 0.109375 0.047852 0.019531 0.017580
0 0.268556 0.177736 0.013674 0.019531
0 0.030274 0.041994 0.021485 0.021483
0 0.127929 0.325195 0.017577 0.017580
0 0.566408 0.595704 0.019531 0.035155
0 0.044920 0.090822 0.019531 0.021483
0 0.485352 0.436523 0.021485 0.021483
0 0.288087 0.100587 0.017577 0.017580
0 0.220705 0.251953 0.019531 0.023438
0 0.614258 0.447265 0.021485 0.019531
0 0.397462 0.642580 0.021485 0.019531
0 0.500975 0.499999 0.017577 0.019531
0 0.411131 0.792970 0.021485 0.023438
0 0.270510 0.403320 0.017577 0.021483
0 0.783204 0.594728 0.019531 0.021483
0 0.759765 0.431641 0.023439 0.019531
0 0.893557 0.760742 0.021485 0.017580
0 0.488283 0.136718 0.019531 0.019531
0 0.611327 0.971681 0.023439 0.021483
0 0.118164 0.275392 0.017577 0.019531
0 0.232419 0.412109 0.019531 0.019531
0 0.430662 0.137694 0.017577 0.017580
0 0.459959 0.062501 0.021485 0.023438
0 0.496221 0.021696 0.016823 0.016820
0 0.488460 0.041751 0.021997 0.018115
