0 0.480467 0.668945 0.019531 0.017580
0 0.255860 0.136718 0.019531 0.019531
0 0.542969 0.201174 0.019531 0.019531
0 0.732423 0.423830 0.015623 0.015624
0 0.986328 0.129884 0.015623 0.017580
0 0.260740 0.485351 0.021485 0.021483
0 0.901369 0.898439 0.021485 0.023438
0 0.421874 0.144532 0.011720 0.015624
0 0.310545 0.468751 0.015623 0.019531
0 0.744143 0.899415 0.015623 0.017580
0 0.276368 0.210939 0.017577 0.019531
0 0.342773 0.131835 0.017577 0.017580
0 0.858398 0.285157 0.021485 0.019531
0 0.708007 0.958984 0.021485 0.023438
0 0.357423 0.813477 0.019531 0.017580
0 0.493164 0.901367 0.017577 0.017580
0 0.631836 0.124025 0.017577 0.017580
0 0.942385 0.380861 0.017577 0.019531
0 0.170901 0.430664 0.017577 0.017580
0 0.167970 0.992187 0.015623 0.015626
0 0.514649 0.139649 0.017577 0.017580
0 0.549803 0.699217 0.017577 0.019531
0 0.976562 0.228515 0.015623 0.015624
0 0.414063 0.050779 0.019531 0.019531
0 0.588866 0.836915 0.017577 0.017580
0 0.145507 0.111328 0.017577 0.019531
0 0.106445 0.912108 0.017577 0.019531
0 0.855467 0.852539 0.023439 0.029297
0 0.394532 0.839842 0.019531 0.019531
0 0.772462 0.144532 0.017577 0.015624
0 0.688476 0.186525 0.017577 0.017580
0 0.221678 0.099611 0.017577 0.023438
0 0.897461 0.176756 0.017577 0.017580
0 0.636716 0.449220 0.015623 0.015624
0 0.772462 0.627931 0.033205 0.029297
0 0.234374 0.697266 0.023439 0.031248
0 0.235351 0.309571 0.021485 0.021483
0 0.184569 0.055662 0.021485 0.021483
0 0.884764 0.850587 0.019531 0.021483
0 0.307619 0.698242 0.017577 0.017580
0 0.295899 0.584962 0.017577 0.017580
0 0.032229 0.814452 0.017577 0.015624
0 0.025389 0.037111 0.019531 0.019531
0 0.781251 0.325195 0.019531 0.017580
0 0.508787 0.311522 0.017577 0.021483
0 0.651367 0.880860 0.017577 0.019531
0 0.354492 0.012697 0.021485 0.021483
0 0.611328 0.561524 0.019531 0.017580
0 0.911134 0.453127 0.017577 0.019531
0 0.826170 0.398436 0.019531 0.019531
0 0.698241 0.125977 0.017577 0.017580
0 0.352538 0.242187 0.017577 0.019531
0 0.786131 0.771483 0.017577 0.015624
0 0.470702 0.478516 0.019531 0.019531
0 0.980470 0.049804 0.015623 0.017580
0 0.344727 0.059569 0.021485 0.021483
0 0.778320 0.059569 0.017577 0.017580
0 0.481445 0.234373 0.017577 0.019531
0 0.463868 0.557617 0.017577 0.017580
0 0.343750 0.279298 0.015623 0.019531
0 0.833010 0.064452 0.017577 0.019531
0 0.214843 0.125001 0.019531 0.019531
0 0.316407 0.083007 0.019531 0.021483
0 0.454102 0.027345 0.021485 0.019531
0 0.060548 0.685549 0.015623 0.015624
0 0.532226 0.868163 0.017577 0.017580
0 0.653322 0.563475 0.017577 0.017580
0 0.006835 0.232422 0.013670 0.019531
0 0.020509 0.079100 0.021485 0.013673
0 0.165038 0.126952 0.013674 0.015624
0 0.241209 0.192384 0.013674 0.017580
0 0.244140 0.210939 0.015623 0.019531
0 0.423828 0.356447 0.011720 0.017580
0 0.442382 0.425782 0.029297 0.031248
0 0.749023 0.550782 0.013674 0.015624
0 0.760743 0.575196 0.017577 0.017580
0 0.818359 0.570313 0.023439 0.023438
0 0.813479 0.337892 0.017577 0.019531
0 0.860352 0.247070 0.017577 0.017580
0 0.570312 0.063476 0.011720 0.013673
0 0.590820 0.054686 0.013674 0.015624
0 0.860352 0.017580 0.017577 0.015624
0 0.957031 0.010741 0.019531 0.017580
0 0.603517 0.355467 0.023439 0.019531
0 0.701172 0.278319 0.015623 0.017580
0 0.159181 0.545899 0.017577 0.021483
0 0.298830 0.528320 0.019531 0.017580
0 0.411132 0.546875 0.029297 0.035155
0 0.154296 0.565431 0.011720 0.017580
0 0.158204 0.584962 0.023439 0.017580
0 0.246094 0.617186 0.019531 0.015624
0 0.278322 0.625000 0.013674 0.015624
0 0.635744 0.819335 0.013674 0.013673
0 0.656248 0.834959 0.011720 0.009766
0 0.802736 0.796877 0.042971 0.023438
0 0.658202 0.643555 0.035154 0.048828
0 0.839844 0.566406 0.015623 0.023438
0 0.623048 0.654296 0.019531 0.019531
0 0.204288 0.923947 0.030324 0.024262
0 0.168906 0.700542 0.020220 0.022238
0 0.152731 0.690431 0.020220 0.018195
0 0.257864 0.636614 0.019410 0.015525
0 0.239103 0.652140 0.018114 0.025880
0 0.448073 0.353242 0.021997 0.020704
0 0.455185 0.370712 0.018114 0.021995
0 0.682269 0.282723 0.016823 0.021995
0 0.953351 0.409527 0.018114 0.019410
0 0.973403 0.402412 0.016823 0.025879
0 0.787078 0.116454 0.021997 0.020704
0 0.680978 0.148154 0.019410 0.016820
