0 0.934572 0.388672 0.017577 0.015624
0 0.546876 0.865232 0.023439 0.019531
0 0.458986 0.160157 0.015623 0.019531
0 0.234373 0.028322 0.019531 0.017580
0 0.181642 0.024415 0.015623 0.017580
0 0.115232 0.510741 0.019531 0.021483
0 0.144534 0.319337 0.015623 0.013673
0 0.153322 0.713866 0.017577 0.021483
0 0.512694 0.148436 0.017577 0.015624
0 0.780272 0.155274 0.017577 0.017580
0 0.908202 0.719725 0.015623 0.017580
0 0.175779 0.989257 0.019531 0.017580
0 0.175779 0.078125 0.015623 0.015624
0 0.659177 0.626952 0.013674 0.015624
0 0.752930 0.105470 0.017577 0.019531
0 0.656251 0.146484 0.019531 0.019531
0 0.068358 0.318361 0.015623 0.019531
0 0.662108 0.186522 0.019531 0.017580
0 0.352537 0.078125 0.017577 0.015624
0 0.399415 0.108398 0.017577 0.017580
0 0.311525 0.037111 0.013674 0.019531
0 0.814454 0.264647 0.015623 0.017580
0 0.336914 0.039063 0.017577 0.015624
0 0.062501 0.101563 0.015623 0.015624
0 0.849608 0.304688 0.019531 0.019531
0 0.319337 0.817384 0.017577 0.017580
0 0.537110 0.336913 0.019531 0.017580
0 0.546876 0.614259 0.019531 0.017580
0 0.716799 0.644532 0.015623 0.015624
0 0.185545 0.312499 0.015623 0.015624
0 0.496094 0.069335 0.019531 0.021483
0 0.296874 0.404296 0.015623 0.015624
0 0.475586 0.048828 0.017577 0.019531
0 0.214842 0.404296 0.019531 0.015624
0 0.531248 0.954102 0.015623 0.021483
0 0.134768 0.855467 0.015623 0.019531
0 0.271486 0.007812 0.019531 0.015625
0 0.190430 0.170898 0.017577 0.017580
0 0.059570 0.362306 0.017577 0.017580
0 0.354491 0.457030 0.017577 0.015624
0 0.558596 0.963868 0.015623 0.017580
0 0.370119 0.759767 0.017577 0.015624
0 0.028319 0.007811 0.017577 0.015623
0 0.181642 0.440431 0.015623 0.017580
0 0.143557 0.430665 0.013674 0.013673
0 0.801758 0.310547 0.017577 0.015624
0 0.006837 0.380858 0.013673 0.015624
0 0.127929 0.600587 0.017577 0.021483
0 0.205076 0.268554 0.011720 0.017580
0 0.084963 0.180664 0.017577 0.013673
0 0.561522 0.457030 0.017577 0.015624
0 0.327148 0.261719 0.017577 0.015624
0 0.458009 0.078125 0.021485 0.019531
0 0.010742 0.464844 0.017577 0.015624
0 0.033204 0.362306 0.015623 0.017580
0 0.293943 0.216798 0.017577 0.015624
0 0.111329 0.019532 0.015623 0.007814
0 0.132814 0.084959 0.011720 0.017580
0 0.458986 0.095705 0.019531 0.011717
0 0.269532 0.035156 0.015623 0.019531
0 0.291994 0.087891 0.013674 0.015624
0 0.310548 0.095705 0.015623 0.015624
0 0.326171 0.424806 0.019531 0.017580
0 0.158202 0.406251 0.019531 0.019531
0 0.149414 0.371092 0.017577 0.019531
0 0.133791 0.623045 0.017577 0.019531
0 0.125975 0.210936 0.017577 0.019531
0 0.005859 0.126953 0.011719 0.019531
0 0.112306 0.056642 0.021485 0.019531
