0 0.876953 0.020507 0.019531 0.021483
0 0.622072 0.629883 0.033205 0.029297
0 0.459960 0.480468 0.021485 0.019531
0 0.952147 0.150391 0.017577 0.023438
0 0.713865 0.016600 0.021485 0.021483
0 0.264649 0.274416 0.017577 0.017580
0 0.548828 0.198243 0.019531 0.021483
0 0.671877 0.169922 0.023439 0.023438
0 0.561524 0.660155 0.017577 0.019531
0 0.441406 0.008790 0.023439 0.017580
0 0.278318 0.582031 0.021485 0.019531
0 0.713865 0.470703 0.017577 0.019531
0 0.200193 0.064452 0.021485 0.019531
0 0.600587 0.091797 0.017577 0.019531
0 0.839845 0.208984 0.019531 0.019531
0 0.992187 0.613283 0.015625 0.019531
0 0.627929 0.279299 0.017577 0.023438
0 0.247072 0.133791 0.017577 0.017580
0 0.392578 0.432616 0.019531 0.017580
0 0.708008 0.063477 0.013674 0.017580
0 0.903319 0.223633 0.021485 0.029297
0 0.736327 0.777342 0.019531 0.023438
0 0.806640 0.359375 0.019531 0.019531
0 0.961912 0.991211 0.021485 0.017577
0 0.729493 0.079101 0.017577 0.017580
0 0.648437 0.390627 0.019531 0.019531
0 0.371093 0.197267 0.019531 0.019531
0 0.378905 0.453123 0.023439 0.015624
0 0.335939 0.428709 0.019531 0.021483
0 0.983398 0.402344 0.029297 0.031248
