0 0.363280 0.093749 0.019531 0.019531
0 0.927733 0.693359 0.023439 0.015624
0 0.608396 0.038087 0.029297 0.021483
0 0.412108 0.024414 0.019531 0.017580
0 0.281252 0.220705 0.023439 0.023438
0 0.752930 0.024414 0.029297 0.029297
0 0.621093 0.107421 0.019531 0.019531
0 0.480467 0.265626 0.031251 0.023438
0 0.804689 0.114260 0.019531 0.021483
0 0.012697 0.291991 0.021485 0.021483
0 0.313475 0.777342 0.029297 0.023438
0 0.381834 0.148439 0.017577 0.019531
0 0.400393 0.164063 0.015623 0.015624
0 0.587321 0.244401 0.018195 0.020218
0 0.586313 0.268663 0.020220 0.020218
