0 0.348631 0.714843 0.021485 0.019531
0 0.439452 0.819337 0.023439 0.021483
0 0.831057 0.064454 0.029297 0.023438
0 0.900393 0.634767 0.031251 0.023438
0 0.382813 0.663084 0.023439 0.021483
0 0.730470 0.327148 0.023439 0.029297
0 0.506834 0.638670 0.017577 0.019531
0 0.550782 0.688478 0.023439 0.021483
0 0.619141 0.750978 0.031251 0.033204
0 0.008791 0.846678 0.017581 0.029297
0 0.635740 0.832030 0.033205 0.031248
0 0.629883 0.322265 0.029297 0.023438
0 0.957032 0.718750 0.019531 0.023438
0 0.720704 0.473632 0.019531 0.017580
0 0.605467 0.038085 0.019531 0.021483
0 0.136720 0.679688 0.023439 0.023438
0 0.422852 0.952148 0.037108 0.033204
0 0.804686 0.742188 0.023439 0.023438
0 0.736327 0.149413 0.011720 0.017580
0 0.833006 0.905272 0.021485 0.021483
0 0.392578 0.890623 0.023439 0.023438
0 0.649414 0.899413 0.029297 0.021483
0 0.864257 0.514649 0.033205 0.029297
0 0.866211 0.486328 0.017577 0.015624
0 0.782740 0.813999 0.022240 0.016175
0 0.782740 0.885771 0.018195 0.026282
