0 0.342774 0.486327 0.017577 0.019531
0 0.278318 0.317381 0.013674 0.017580
0 0.109377 0.011718 0.019531 0.019531
0 0.802732 0.782225 0.023439 0.029297
0 0.376956 0.807619 0.019531 0.017580
0 0.173828 0.104490 0.015623 0.017580
0 0.278318 0.404295 0.017577 0.019531
0 0.041990 0.203126 0.013674 0.015624
0 0.471680 0.313478 0.013674 0.017580
0 0.484377 0.625000 0.015623 0.015624
0 0.459960 0.771484 0.021485 0.019531
0 0.522462 0.441406 0.017577 0.015624
0 0.922850 0.911133 0.021485 0.021483
0 0.578124 0.187501 0.019531 0.019531
0 0.587890 0.922850 0.015623 0.013673
0 0.363282 0.088866 0.015623 0.017580
0 0.759767 0.970702 0.019531 0.019531
0 0.023436 0.580079 0.019531 0.015624
0 0.032225 0.931640 0.017577 0.015624
0 0.279295 0.613283 0.023439 0.023438
0 0.269529 0.021483 0.015623 0.015624
0 0.446287 0.512696 0.021485 0.021483
0 0.420898 0.543945 0.017577 0.017580
0 0.662111 0.499024 0.015623 0.017580
0 0.152343 0.224608 0.011720 0.011717
0 0.249998 0.141601 0.019531 0.017580
0 0.097657 0.298830 0.023439 0.019531
0 0.121092 0.307616 0.019531 0.029297
0 0.137697 0.291991 0.013674 0.017580
0 0.298826 0.656248 0.019531 0.019531
0 0.489257 0.857422 0.021485 0.019531
0 0.583010 0.895509 0.017577 0.017580
0 0.441406 0.534179 0.015623 0.017580
