0 0.583983 0.867189 0.019531 0.015624
0 0.743163 0.675781 0.021485 0.015624
0 0.202149 0.715819 0.017577 0.017580
0 0.006836 0.541015 0.013672 0.019531
0 0.628907 0.536132 0.019531 0.017580
0 0.516601 0.958986 0.017577 0.019531
0 0.843750 0.639650 0.019531 0.017580
0 0.482424 0.298827 0.019531 0.019531
0 0.009764 0.780275 0.019529 0.017580
0 0.680666 0.919920 0.017577 0.019531
0 0.532229 0.096678 0.017577 0.017580
0 0.666992 0.079102 0.017577 0.013673
0 0.053711 0.234375 0.021485 0.023438
0 0.588868 0.389649 0.021485 0.017580
0 0.460939 0.810547 0.019531 0.023438
0 0.328124 0.446290 0.019531 0.017580
0 0.358398 0.973635 0.017577 0.017580
0 0.753905 0.054688 0.019531 0.019531
0 0.833007 0.034181 0.013674 0.017580
0 0.081054 0.965821 0.029297 0.033204
0 0.762694 0.382814 0.021485 0.019531
0 0.616210 0.825196 0.021485 0.017580
0 0.514647 0.525391 0.017577 0.015624
0 0.888674 0.157227 0.019531 0.021483
0 0.054688 0.328124 0.023439 0.019531
0 0.013672 0.223634 0.019531 0.017580
0 0.062499 0.075195 0.019531 0.017580
0 0.765625 0.724609 0.019531 0.023438
0 0.799807 0.760744 0.021485 0.021483
