0 0.951170 0.861329 0.019531 0.019531
0 0.699219 0.757811 0.019531 0.019531
0 0.684568 0.449220 0.029297 0.023438
0 0.192382 0.151367 0.021485 0.021483
0 0.732424 0.872070 0.019531 0.021483
0 0.500000 0.520506 0.019531 0.021483
0 0.257815 0.454103 0.023439 0.021483
0 0.176759 0.362306 0.021485 0.021483
0 0.329100 0.514648 0.021485 0.021483
0 0.910158 0.971681 0.019531 0.021483
0 0.923827 0.723632 0.019531 0.021483
0 0.108400 0.980467 0.017577 0.011717
0 0.008790 0.293947 0.017577 0.017580
0 0.938478 0.187501 0.021485 0.011717
0 0.921873 0.192384 0.019531 0.013673
0 0.905273 0.184570 0.017577 0.013673
0 0.020510 0.442382 0.021485 0.017580
0 0.023436 0.461913 0.019531 0.021483
0 0.254048 0.596972 0.016175 0.026282
