0 0.458986 0.958985 0.015623 0.019531
0 0.234373 0.827150 0.019531 0.017580
0 0.181642 0.823243 0.015623 0.017580
0 0.362302 0.247071 0.017577 0.017580
0 0.615235 0.046877 0.019531 0.015624
0 0.512694 0.947264 0.017577 0.015624
0 0.780272 0.954102 0.017577 0.017580
0 0.853517 0.130860 0.019531 0.019531
0 0.498048 0.004883 0.015623 0.009766
0 0.577150 0.510741 0.017577 0.017580
0 0.906248 0.013673 0.023439 0.023438
0 0.458986 0.476561 0.015623 0.011717
0 0.308594 0.286133 0.015623 0.017580
0 0.175779 0.876953 0.015623 0.015624
0 0.752930 0.904298 0.017577 0.019531
0 0.656251 0.945312 0.019531 0.019531
0 0.662108 0.985350 0.019531 0.017580
0 0.352537 0.876953 0.017577 0.015624
0 0.032227 0.231447 0.017577 0.017580
0 0.399415 0.907226 0.017577 0.017580
0 0.708010 0.231447 0.017577 0.021483
0 0.150391 0.315430 0.019531 0.017580
0 0.311525 0.835939 0.013674 0.019531
0 0.425781 0.206053 0.019531 0.017580
0 0.336914 0.837891 0.017577 0.015624
0 0.064455 0.625976 0.019531 0.017580
0 0.692382 0.072266 0.017577 0.019531
0 0.062501 0.900391 0.015623 0.015624
0 0.673828 0.284181 0.015623 0.013673
0 0.214842 0.584962 0.019531 0.017580
0 0.422850 0.414061 0.013674 0.015624
0 0.279297 0.584962 0.015623 0.013673
0 0.138671 0.637697 0.015623 0.013673
0 0.489260 0.405275 0.017577 0.017580
0 0.352537 0.484375 0.017577 0.015624
0 0.028319 0.484375 0.017577 0.019531
0 0.303709 0.778322 0.017577 0.017580
0 0.382810 0.229491 0.011720 0.013673
0 0.451174 0.035156 0.015623 0.015624
0 0.355468 0.150391 0.015623 0.015624
0 0.496094 0.868163 0.019531 0.021483
0 0.106443 0.589845 0.013674 0.015624
0 0.519533 0.793946 0.019531 0.017580
0 0.398438 0.468751 0.019531 0.019531
0 0.301760 0.129884 0.013674 0.017580
0 0.377930 0.365233 0.017577 0.015624
0 0.475586 0.847657 0.017577 0.019531
0 0.226561 0.490234 0.011720 0.015624
0 0.457032 0.117187 0.019531 0.019531
0 0.640623 0.392578 0.015623 0.015624
0 0.271486 0.805663 0.019531 0.017580
0 0.392576 0.720704 0.015623 0.015624
0 0.105466 0.784180 0.019531 0.017580
0 0.190430 0.969726 0.017577 0.017580
0 0.213870 0.518555 0.017577 0.017580
0 0.245115 0.642580 0.013674 0.015624
0 0.516602 0.052735 0.017577 0.019531
0 0.500002 0.201170 0.019531 0.015624
0 0.229493 0.072266 0.013674 0.015624
0 0.028319 0.806639 0.017577 0.015624
0 0.317383 0.451172 0.017577 0.015624
0 0.139648 0.193360 0.017577 0.019531
0 0.062501 0.762694 0.019531 0.021483
0 0.101563 0.248046 0.003908 0.003907
0 0.420901 0.101563 0.013674 0.015624
0 0.176756 0.385744 0.017577 0.009766
0 0.145506 0.229491 0.013674 0.013673
0 0.204099 0.791991 0.013674 0.013673
0 0.040039 0.095704 0.017577 0.015624
0 0.331056 0.586914 0.017577 0.021483
0 0.335937 0.411134 0.015623 0.013673
0 0.385742 0.294923 0.017577 0.015624
0 0.084963 0.979492 0.017577 0.013673
0 0.458009 0.876953 0.021485 0.019531
0 0.357422 0.373047 0.019531 0.011717
0 0.250001 0.033204 0.019531 0.019531
0 0.436523 0.653321 0.017577 0.013673
0 0.318360 0.638673 0.015623 0.015624
0 0.370119 0.540038 0.021485 0.017580
0 0.087889 0.248046 0.015623 0.015624
0 0.061524 0.030273 0.017577 0.017580
0 0.164065 0.129884 0.019531 0.017580
0 0.802735 0.010742 0.011720 0.017580
0 0.051758 0.586914 0.013674 0.017580
0 0.218750 0.341795 0.019531 0.011717
0 0.111329 0.818360 0.015623 0.007814
0 0.091798 0.760742 0.019531 0.013673
0 0.256835 0.404295 0.013674 0.011717
0 0.068358 0.131835 0.015623 0.017580
0 0.169922 0.583983 0.015623 0.015624
0 0.368165 0.629883 0.013674 0.013673
0 0.171876 0.107422 0.019531 0.011717
0 0.132814 0.883788 0.011720 0.017580
0 0.458986 0.894533 0.019531 0.011717
0 0.095701 0.175781 0.007811 0.015624
0 0.044924 0.762694 0.015623 0.013673
0 0.124998 0.501955 0.015623 0.015624
0 0.533202 0.058594 0.015623 0.011717
0 0.537110 0.077149 0.019531 0.021483
0 0.201173 0.086915 0.015623 0.017580
0 0.286132 0.152342 0.017577 0.015624
0 0.396484 0.161132 0.011720 0.013673
0 0.415038 0.161132 0.021485 0.017580
0 0.550779 0.135742 0.015623 0.013673
0 0.517579 0.190429 0.015623 0.017580
0 0.469728 0.155274 0.013674 0.013673
0 0.484374 0.170898 0.015623 0.021483
0 0.408204 0.696290 0.019531 0.021483
0 0.429689 0.707032 0.015623 0.015624
0 0.435546 0.724611 0.023439 0.019531
0 0.066404 0.011718 0.011720 0.011717
0 0.171876 0.044921 0.015623 0.011717
0 0.165037 0.063477 0.013674 0.013673
0 0.549807 0.157225 0.017577 0.017580
0 0.464843 0.176756 0.015623 0.017580
0 0.291017 0.168946 0.019531 0.017580
0 0.232424 0.135742 0.019531 0.013673
0 0.247070 0.324219 0.017577 0.019531
0 0.219727 0.120118 0.013674 0.009766
0 0.097655 0.093749 0.019531 0.019531
0 0.121094 0.084959 0.015623 0.017580
0 0.105466 0.064452 0.019531 0.015624
0 0.012696 0.027345 0.013674 0.011717
0 0.025393 0.041014 0.011720 0.015624
0 0.083986 0.198243 0.015623 0.013673
0 0.074221 0.182619 0.019531 0.013673
0 0.166991 0.307616 0.009766 0.009766
0 0.181642 0.319337 0.015623 0.013673
0 0.275389 0.379882 0.019531 0.017580
0 0.381838 0.513672 0.021485 0.019531
0 0.450197 0.573241 0.017577 0.021483
0 0.430666 0.577148 0.013674 0.021483
0 0.423827 0.597655 0.019531 0.019531
0 0.360353 0.661131 0.017577 0.013673
0 0.352537 0.678711 0.017577 0.017580
0 0.314451 0.658204 0.019531 0.019531
0 0.294920 0.666014 0.011720 0.019531
0 0.299806 0.511720 0.017577 0.015624
0 0.294920 0.536134 0.019531 0.021483
0 0.173830 0.409178 0.019531 0.017580
0 0.160157 0.451172 0.019531 0.019531
0 0.134768 0.454103 0.015623 0.017580
0 0.019530 0.369140 0.015623 0.019531
0 0.037107 0.370116 0.015623 0.013673
0 0.047850 0.386720 0.017577 0.015624
0 0.148437 0.428709 0.015623 0.017580
0 0.085935 0.415041 0.015623 0.013673
0 0.075198 0.432616 0.021485 0.017580
0 0.055667 0.440430 0.009766 0.017580
0 0.073244 0.547852 0.013674 0.017580
0 0.092775 0.544920 0.021485 0.015624
0 0.118163 0.545900 0.017577 0.017580
0 0.145506 0.546876 0.013674 0.019531
0 0.166014 0.554686 0.019531 0.019531
0 0.132814 0.570314 0.019531 0.019531
0 0.185545 0.692383 0.011720 0.017580
0 0.198242 0.673828 0.013674 0.011717
0 0.211916 0.688476 0.013674 0.017580
0 0.229493 0.680662 0.017577 0.013673
0 0.243166 0.696290 0.017577 0.013673
0 0.070312 0.584962 0.015623 0.017580
0 0.287109 0.713866 0.015623 0.013673
0 0.291017 0.731446 0.019531 0.017580
0 0.324217 0.729494 0.015623 0.017580
0 0.342771 0.733397 0.017577 0.017580
0 0.256835 0.753908 0.017577 0.015624
0 0.228516 0.764649 0.011720 0.017580
0 0.250001 0.771484 0.023439 0.015624
0 0.269532 0.833984 0.015623 0.019531
0 0.291994 0.886719 0.013674 0.015624
0 0.310548 0.894533 0.015623 0.015624
0 0.013673 0.696290 0.015623 0.017580
0 0.021485 0.725587 0.015623 0.017580
0 0.005859 0.925781 0.011719 0.019531
0 0.112306 0.855471 0.021485 0.019531
0 0.008049 0.620433 0.011264 0.012587
