0 0.274414 0.794921 0.021485 0.023438
0 0.020509 0.739259 0.021485 0.021483
0 0.889649 0.302736 0.017577 0.019531
0 0.103514 0.881836 0.031251 0.029297
0 0.202146 0.377930 0.021485 0.029297
0 0.301756 0.958009 0.017577 0.021483
0 0.115233 0.952150 0.023439 0.021483
0 0.101565 0.371095 0.023439 0.023438
0 0.306642 0.115235 0.031251 0.023438
0 0.428709 0.772463 0.021485 0.017580
0 0.081056 0.087890 0.021485 0.023438
0 0.372069 0.687500 0.033205 0.031248
0 0.908203 0.719728 0.019531 0.017580
0 0.250974 0.865236 0.033205 0.023438
0 0.735349 0.395509 0.029297 0.029297
0 0.192381 0.524413 0.021485 0.021483
0 0.254882 0.938477 0.033205 0.033204
0 0.929688 0.888670 0.023439 0.023438
0 0.961916 0.630858 0.021485 0.019531
0 0.088868 0.800780 0.033205 0.035155
0 0.332030 0.566406 0.019531 0.023438
0 0.340818 0.541017 0.021485 0.023438
0 0.839844 0.178711 0.015623 0.017580
0 0.763674 0.244139 0.019531 0.023438
0 0.601562 0.670900 0.023439 0.033204
