0 0.842775 0.144532 0.017577 0.015624
0 0.701171 0.050779 0.011720 0.011717
0 0.850586 0.421875 0.021485 0.019531
0 0.624024 0.049804 0.013674 0.013673
0 0.815432 0.229491 0.017577 0.013673
0 0.145506 0.304688 0.017577 0.015624
0 0.904299 0.254884 0.015623 0.013673
0 0.088867 0.210939 0.013674 0.015624
0 0.703126 0.812501 0.019531 0.019531
0 0.297852 0.083983 0.013674 0.015624
0 0.790039 0.664062 0.017577 0.023438
0 0.637698 0.944336 0.013674 0.009766
0 0.055662 0.442382 0.009766 0.009766
0 0.010743 0.330078 0.013674 0.011717
0 0.352537 0.027345 0.017577 0.019531
