0 0.731445 0.736330 0.017577 0.015624
0 0.502929 0.620119 0.021485 0.017580
0 0.529299 0.559570 0.019531 0.017580
0 0.583007 0.346679 0.021485 0.017580
0 0.858397 0.467773 0.017577 0.017580
0 0.581053 0.251955 0.017577 0.019531
0 0.541991 0.242189 0.021485 0.019531
0 0.588865 0.092775 0.013674 0.017580
0 0.990235 0.830078 0.019531 0.019531
0 0.534180 0.799806 0.017577 0.017580
0 0.507814 0.012695 0.015623 0.017580
0 0.608401 0.981445 0.029297 0.021483
0 0.117186 0.966796 0.019531 0.019531
0 0.887694 0.992186 0.021485 0.015624
0 0.098632 0.982420 0.017577 0.015624
