0 0.739256 0.382813 0.021485 0.023438
0 0.612304 0.676759 0.029297 0.029297
0 0.061524 0.716797 0.021485 0.023438
0 0.820312 0.489258 0.019531 0.029297
0 0.067381 0.501955 0.021485 0.023438
0 0.790038 0.416992 0.021485 0.021483
0 0.924807 0.057618 0.017577 0.017580
0 0.818358 0.034180 0.019531 0.021483
0 0.468751 0.042969 0.023439 0.019531
0 0.333983 0.275391 0.015623 0.015624
0 0.062501 0.089842 0.023439 0.023438
0 0.118163 0.524413 0.029297 0.029297
0 0.620115 0.276367 0.017577 0.017580
0 0.613281 0.071290 0.015623 0.021483
0 0.680663 0.102539 0.021485 0.021483
0 0.604492 0.159180 0.037108 0.044921
0 0.209961 0.239256 0.021485 0.021483
0 0.143557 0.025390 0.037108 0.023438
0 0.555664 0.437499 0.029297 0.023438
0 0.250978 0.719728 0.021485 0.017580
