0 0.839845 0.340819 0.023439 0.021483
0 0.866211 0.263670 0.021485 0.015624
0 0.870119 0.202149 0.025388 0.025390
0 0.909181 0.199218 0.025388 0.023438
0 0.546873 0.227539 0.027343 0.025390
0 0.897462 0.785156 0.025388 0.027345
0 0.746093 0.091797 0.027343 0.023438
0 0.343751 0.060549 0.035154 0.027345
0 0.872068 0.061525 0.029297 0.021483
0 0.920896 0.035155 0.021485 0.023438
0 0.758790 0.706055 0.033205 0.033204
0 0.890627 0.733397 0.031251 0.025390
0 0.915039 0.741211 0.021485 0.033204
0 0.584959 0.470702 0.029297 0.046876
0 0.487303 0.048828 0.029297 0.019531
0 0.467772 0.073242 0.033205 0.029297
