0 0.197265 0.070311 0.031251 0.031248
0 0.374999 0.852539 0.031251 0.033204
0 0.527345 0.910157 0.031251 0.035155
0 0.891602 0.877929 0.037108 0.037111
0 0.222658 0.775391 0.031251 0.035155
0 0.632812 0.088866 0.031251 0.029297
0 0.165037 0.622069 0.029297 0.033204
0 0.383787 0.250002 0.033205 0.046876
0 0.845705 0.646483 0.035154 0.035155
0 0.857420 0.978516 0.035154 0.039062
0 0.671874 0.855471 0.031251 0.035155
0 0.683594 0.113280 0.023439 0.023438
0 0.616212 0.610352 0.064451 0.044921
0 0.767581 0.687501 0.023439 0.031248
0 0.750976 0.717773 0.017577 0.017580
0 0.541991 0.867188 0.021485 0.015624
