0 0.965823 0.432618 0.033205 0.033204
0 0.891601 0.299803 0.029297 0.029297
0 0.958006 0.160158 0.021485 0.023438
0 0.791992 0.705078 0.037108 0.039062
0 0.785157 0.269531 0.031251 0.031248
0 0.926755 0.666991 0.029297 0.033204
0 0.723633 0.250975 0.029297 0.033204
0 0.444335 0.395507 0.029297 0.033204
0 0.547853 0.264648 0.029297 0.029297
0 0.407226 0.217772 0.029297 0.029297
0 0.319336 0.069337 0.029297 0.029297
0 0.263674 0.132813 0.031251 0.031248
0 0.233400 0.657226 0.033205 0.037111
0 0.823242 0.443359 0.021485 0.023438
0 0.506836 0.801758 0.044920 0.041014
0 0.291994 0.155275 0.021485 0.029297
