0 0.639651 0.747070 0.029297 0.029297
0 0.224607 0.431641 0.023439 0.023438
0 0.251955 0.269533 0.031251 0.031248
0 0.829100 0.450196 0.029297 0.029297
0 0.717775 0.754884 0.044920 0.029297
0 0.447266 0.215819 0.023439 0.029297
0 0.615234 0.603517 0.031251 0.031248
0 0.586915 0.371096 0.029297 0.031248
0 0.435546 0.176756 0.023439 0.029297
0 0.067381 0.411134 0.029297 0.029297
0 0.498048 0.215819 0.031251 0.029297
0 0.586915 0.787108 0.029297 0.031248
0 0.618166 0.371096 0.021485 0.023438
0 0.040038 0.617186 0.029297 0.031248
0 0.113282 0.723632 0.031251 0.029297
0 0.150391 0.751953 0.023439 0.023438
0 0.109374 0.800780 0.039062 0.058593
0 0.075197 0.807619 0.021485 0.029297
