0 0.279296 0.125977 0.035154 0.048828
0 0.549806 0.787108 0.021485 0.019531
0 0.830076 0.120119 0.023439 0.029297
0 0.522463 0.598631 0.029297 0.029297
0 0.593748 0.037111 0.046874 0.058593
0 0.396483 0.455079 0.023439 0.023438
0 0.671873 0.237305 0.042971 0.041014
0 0.807618 0.156250 0.021485 0.023438
0 0.241211 0.629883 0.029297 0.029297
0 0.216794 0.276368 0.023439 0.029297
0 0.086916 0.285157 0.021485 0.023438
0 0.133790 0.089842 0.029297 0.023438
0 0.236331 0.028322 0.023439 0.021483
0 0.944336 0.604493 0.048828 0.033204
0 0.415037 0.341795 0.041016 0.031248
0 0.298827 0.177736 0.023439 0.019531
0 0.549806 0.122070 0.041016 0.029297
0 0.635742 0.204102 0.033205 0.037111
0 0.640627 0.226564 0.042971 0.042969
0 0.514647 0.257812 0.080079 0.066407
