0 0.685549 0.674804 0.019531 0.021483
0 0.939453 0.082032 0.023439 0.023438
0 0.646486 0.313478 0.023439 0.021483
0 0.701171 0.500975 0.019531 0.021483
0 0.367188 0.949219 0.023439 0.023438
0 0.644532 0.981447 0.023439 0.021483
0 0.543945 0.293947 0.029297 0.021483
0 0.992186 0.864256 0.015627 0.021483
0 0.700194 0.861329 0.021485 0.019531
0 0.225585 0.708983 0.017577 0.019531
0 0.262693 0.359375 0.021485 0.023438
0 0.689452 0.166015 0.019531 0.019531
0 0.968750 0.233398 0.023439 0.021483
0 0.112306 0.859374 0.021485 0.019531
0 0.813478 0.065428 0.029297 0.021483
0 0.631835 0.706056 0.021485 0.029297
0 0.834963 0.563476 0.021485 0.029297
0 0.517580 0.709959 0.019531 0.021483
0 0.466798 0.478517 0.019531 0.019531
0 0.208008 0.650390 0.021485 0.023438
0 0.255859 0.551758 0.019531 0.021483
0 0.333006 0.708007 0.021485 0.021483
0 0.127929 0.772459 0.021485 0.021483
0 0.342772 0.288084 0.029297 0.021483
0 0.957030 0.496093 0.023439 0.023438
0 0.989258 0.320312 0.021485 0.023438
0 0.916991 0.639649 0.021485 0.021483
0 0.916991 0.052735 0.021485 0.019531
0 0.981447 0.016600 0.017577 0.017580
0 0.882814 0.223633 0.023439 0.017580
0 0.832032 0.600586 0.023439 0.021483
0 0.879883 0.270509 0.021485 0.021483
0 0.403319 0.277343 0.021485 0.023438
0 0.244139 0.963868 0.019531 0.017580
0 0.224608 0.780273 0.019531 0.021483
0 0.608396 0.592772 0.029297 0.021483
0 0.232419 0.006836 0.019531 0.013673
0 0.888671 0.946288 0.023439 0.021483
0 0.417970 0.455079 0.023439 0.023438
0 0.059570 0.159181 0.021485 0.021483
0 0.046874 0.045897 0.019531 0.021483
0 0.677732 0.069335 0.015623 0.017580
0 0.284178 0.860353 0.021485 0.021483
0 0.895506 0.575197 0.021485 0.021483
0 0.792970 0.408202 0.023439 0.023438
0 0.801758 0.847657 0.021485 0.023438
0 0.772462 0.680662 0.021485 0.017580
0 0.743165 0.887695 0.021485 0.021483
0 0.456055 0.298830 0.021485 0.023438
0 0.535157 0.561524 0.023439 0.021483
0 0.806639 0.312498 0.023439 0.031248
0 0.187500 0.213867 0.023439 0.021483
0 0.248047 0.882812 0.019531 0.023438
0 0.524414 0.085939 0.021485 0.023438
0 0.450193 0.917967 0.021485 0.023438
0 0.174803 0.733397 0.029297 0.029297
0 0.200197 0.450196 0.021485 0.021483
0 0.540037 0.968750 0.021485 0.023438
0 0.447267 0.090822 0.023439 0.029297
0 0.557619 0.750977 0.021485 0.021483
0 0.324218 0.992187 0.019531 0.015626
0 0.396485 0.760742 0.023439 0.029297
0 0.594727 0.347657 0.021485 0.019531
0 0.135741 0.118163 0.017577 0.017580
0 0.019531 0.494141 0.023439 0.023438
0 0.992186 0.268553 0.015627 0.021483
0 0.012697 0.826170 0.021485 0.019531
0 0.666017 0.218750 0.023439 0.023438
0 0.019531 0.424806 0.019531 0.021483
0 0.423827 0.681642 0.019531 0.019531
0 0.161134 0.822267 0.021485 0.023438
0 0.295898 0.806639 0.021485 0.019531
0 0.677732 0.773439 0.023439 0.031248
0 0.197265 0.384764 0.023439 0.023438
0 0.469724 0.575197 0.021485 0.021483
0 0.057616 0.929688 0.021485 0.023438
0 0.804689 0.656248 0.023439 0.023438
0 0.478518 0.019532 0.023439 0.023438
0 0.547854 0.789063 0.021485 0.019531
0 0.321292 0.801756 0.033205 0.041014
0 0.833009 0.221681 0.021485 0.017580
0 0.567385 0.136718 0.017577 0.023438
0 0.195311 0.825194 0.023439 0.021483
0 0.549803 0.837891 0.021485 0.031248
0 0.384765 0.341795 0.031251 0.031248
0 0.451170 0.041014 0.031251 0.031248
0 0.009766 0.656248 0.019531 0.019531
0 0.332029 0.102539 0.019531 0.017580
0 0.575191 0.109726 0.030324 0.026282
0 0.505440 0.243160 0.024260 0.022238
0 0.494323 0.268432 0.026284 0.020218
0 0.308321 0.076367 0.026285 0.036393
0 0.770295 0.262368 0.024260 0.028306
0 0.765237 0.293704 0.022240 0.026282
0 0.750075 0.098605 0.024260 0.024262
0 0.727836 0.087484 0.024260 0.030326
0 0.709641 0.006845 0.040434 0.013690
0 0.711661 0.030877 0.032349 0.030326
0 0.419752 0.311652 0.027950 0.019668
0 0.415095 0.337527 0.026912 0.021737
0 0.526890 0.330799 0.018635 0.018631
0 0.499456 0.343739 0.023809 0.023810
0 0.624707 0.376347 0.023809 0.024843
0 0.614876 0.403779 0.022771 0.019668
0 0.848819 0.461230 0.020701 0.020704
0 0.879873 0.471580 0.028983 0.024843
0 0.959060 0.447773 0.019668 0.022774
0 0.985972 0.436387 0.021738 0.022774
0 0.639201 0.514538 0.032091 0.027949
0 0.659902 0.541970 0.023809 0.022774
0 0.579682 0.501598 0.026912 0.031055
0 0.552764 0.497459 0.020701 0.016562
0 0.334353 0.612360 0.026912 0.020704
0 0.369031 0.618572 0.030021 0.028985
0 0.338494 0.645484 0.026912 0.026912
0 0.203406 0.603559 0.027950 0.025880
0 0.017597 0.564744 0.022771 0.020704
0 0.046580 0.566297 0.031053 0.027949
0 0.032091 0.855102 0.020701 0.021737
0 0.050205 0.838540 0.021738 0.021737
0 0.407329 0.893918 0.025880 0.022774
0 0.439936 0.885120 0.022771 0.021737
0 0.676466 0.744340 0.021738 0.019668
0 0.830701 0.874250 0.019668 0.026912
0 0.899024 0.979837 0.032091 0.026912
0 0.549661 0.991470 0.020701 0.017061
