0 0.363279 0.129884 0.023439 0.021483
0 0.008791 0.558593 0.017581 0.023438
0 0.532225 0.357423 0.021485 0.019531
0 0.685548 0.187502 0.023439 0.023438
0 0.611326 0.227540 0.023439 0.029297
0 0.195310 0.065428 0.019531 0.021483
0 0.101563 0.824219 0.023439 0.023438
0 0.451174 0.381837 0.023439 0.021483
0 0.139648 0.468751 0.021485 0.019531
0 0.035158 0.334961 0.023439 0.029297
0 0.280274 0.197267 0.021485 0.023438
0 0.652343 0.735353 0.023439 0.021483
0 0.764649 0.040039 0.021485 0.021483
0 0.573241 0.488283 0.037108 0.031248
0 0.351564 0.520507 0.023439 0.021483
0 0.366210 0.186522 0.029297 0.029297
0 0.216795 0.500000 0.023439 0.023438
0 0.059569 0.826170 0.021485 0.023438
0 0.151368 0.324220 0.029297 0.031248
0 0.557618 0.581055 0.021485 0.021483
0 0.358399 0.655273 0.021485 0.021483
0 0.430666 0.091798 0.021485 0.023438
0 0.571287 0.202150 0.029297 0.029297
0 0.885744 0.285157 0.021485 0.023438
0 0.259766 0.005860 0.023439 0.011720
0 0.932618 0.089842 0.029297 0.023438
0 0.308594 0.598631 0.023439 0.021483
0 0.048827 0.780274 0.019531 0.021483
0 0.168945 0.581055 0.029297 0.029297
0 0.753906 0.531252 0.023439 0.023438
0 0.073243 0.621093 0.021485 0.019531
0 0.161133 0.959961 0.029297 0.029297
0 0.029296 0.502931 0.023439 0.029297
0 0.089843 0.147460 0.023439 0.021483
0 0.500002 0.815429 0.023439 0.029297
0 0.498048 0.344726 0.035154 0.033204
0 0.006836 0.048828 0.013673 0.023438
0 0.318359 0.973633 0.023439 0.029297
0 0.347656 0.982423 0.023439 0.023438
0 0.609377 0.883788 0.023439 0.021483
0 0.030273 0.207033 0.029297 0.023438
0 0.624023 0.324220 0.029297 0.023438
0 0.031872 0.075422 0.019668 0.026912
0 0.100196 0.181009 0.032091 0.026912
0 0.119864 0.212580 0.025880 0.023810
0 0.470260 0.745160 0.026912 0.020704
0 0.473363 0.772076 0.026912 0.020704
0 0.631738 0.440829 0.028983 0.024843
0 0.633809 0.466189 0.037265 0.025880
