0 0.111329 0.083008 0.017577 0.026365
0 0.400392 0.059570 0.017577 0.019337
0 0.567384 0.009229 0.019334 0.018459
0 0.656251 0.102539 0.017577 0.019337
0 0.278320 0.160156 0.026366 0.021095
0 0.255858 0.212891 0.021095 0.021095
0 0.707033 0.027345 0.021095 0.021095
0 0.766604 0.033204 0.015820 0.014064
0 0.966795 0.025390 0.021095 0.021095
0 0.843751 0.137694 0.021095 0.019337
0 0.046873 0.294923 0.017577 0.017580
0 0.133791 0.288084 0.019334 0.019337
0 0.185545 0.342775 0.021095 0.026365
0 0.236327 0.307616 0.021095 0.019337
0 0.422850 0.214843 0.019334 0.021095
0 0.471678 0.215819 0.019334 0.026365
0 0.469728 0.263671 0.019334 0.017580
0 0.558596 0.226564 0.021095 0.021095
0 0.602538 0.210936 0.026366 0.021095
0 0.584961 0.258788 0.019334 0.019337
0 0.580076 0.310547 0.021095 0.021095
0 0.383787 0.400392 0.026366 0.021095
0 0.707033 0.225584 0.021095 0.019337
0 0.785158 0.217774 0.028127 0.026365
0 0.852539 0.267578 0.019334 0.017580
0 0.058593 0.474610 0.021095 0.021095
0 0.061524 0.571290 0.019334 0.019337
0 0.126952 0.556641 0.021095 0.021095
0 0.292971 0.496093 0.021095 0.021095
0 0.202150 0.586914 0.019334 0.019337
0 0.669920 0.400392 0.021095 0.021095
0 0.548830 0.487307 0.021095 0.026365
0 0.617189 0.430665 0.021095 0.026365
0 0.487305 0.565431 0.026366 0.026365
0 0.508791 0.630859 0.026366 0.028123
0 0.110352 0.706056 0.019334 0.019337
0 0.150391 0.746094 0.021095 0.021095
0 0.141602 0.832032 0.019334 0.028123
0 0.278320 0.668945 0.019334 0.026365
0 0.396484 0.648438 0.021095 0.021095
0 0.142580 0.985303 0.017577 0.029393
0 0.238281 0.974609 0.017577 0.014064
0 0.365233 0.673828 0.017577 0.017580
0 0.096678 0.245119 0.015820 0.012306
0 0.083986 0.265626 0.014064 0.014064
0 0.008250 0.449220 0.016501 0.010548
0 0.009765 0.310547 0.014064 0.014064
0 0.092775 0.341795 0.015820 0.014064
0 0.211916 0.374999 0.015820 0.014064
0 0.207030 0.392578 0.014064 0.017580
0 0.150391 0.496093 0.017577 0.014064
0 0.295897 0.022463 0.015820 0.019337
0 0.503905 0.043945 0.017577 0.015822
0 0.525391 0.073242 0.010545 0.012306
0 0.035158 0.086915 0.017577 0.019337
0 0.064455 0.013673 0.017577 0.017580
0 0.036130 0.035156 0.012307 0.014064
0 0.223635 0.700194 0.019334 0.019337
0 0.423827 0.994677 0.021095 0.010646
0 0.717776 0.518555 0.019334 0.019337
0 0.505859 0.986426 0.035154 0.027147
0 0.559573 0.437499 0.029884 0.021095
0 0.933595 0.482424 0.017577 0.014064
0 0.592773 0.702149 0.019334 0.026365
0 0.425781 0.556641 0.014064 0.017580
0 0.968749 0.203126 0.017577 0.017580
0 0.266601 0.064452 0.012307 0.014064
0 0.336914 0.879884 0.015820 0.015822
0 0.652343 0.790039 0.021095 0.026365
0 0.947264 0.232422 0.017577 0.021095
0 0.140625 0.783205 0.021095 0.017580
0 0.394530 0.838867 0.014064 0.015822
0 0.293943 0.853515 0.019334 0.021095
0 0.587892 0.853515 0.021095 0.021095
0 0.789061 0.152342 0.014064 0.014064
0 0.741210 0.182619 0.015820 0.015822
0 0.964846 0.986231 0.031641 0.027538
0 0.671874 0.986134 0.021095 0.027732
0 0.800781 0.312498 0.017577 0.014064
0 0.890625 0.410158 0.017577 0.017580
0 0.873048 0.580079 0.017577 0.021095
0 0.872071 0.355468 0.015820 0.014064
0 0.759764 0.973633 0.017577 0.015822
0 0.755861 0.915040 0.017577 0.019337
0 0.340822 0.095704 0.029297 0.031248
0 0.353514 0.284181 0.023439 0.029297
0 0.360353 0.258788 0.029297 0.013673
0 0.424804 0.587890 0.021485 0.023438
0 0.274184 0.740516 0.044479 0.030326
0 0.273177 0.770842 0.038414 0.038413
0 0.254977 0.535307 0.026284 0.024262
0 0.235775 0.517112 0.024259 0.024262
0 0.313895 0.087040 0.015527 0.018115
0 0.161858 0.105800 0.019410 0.016820
0 0.154092 0.132329 0.019410 0.015525
0 0.759653 0.160794 0.021997 0.023290
0 0.470457 0.464465 0.018114 0.021995
0 0.443287 0.455405 0.023293 0.021995
