0 0.197265 0.869139 0.031251 0.031248
0 0.698245 0.280274 0.033205 0.037111
0 0.769530 0.250977 0.031251 0.033204
0 0.517579 0.614259 0.031251 0.033204
0 0.439455 0.787108 0.039062 0.039062
0 0.044924 0.451171 0.031251 0.031248
0 0.256835 0.494141 0.033205 0.031248
0 0.468751 0.370116 0.031251 0.029297
0 0.632812 0.887694 0.031251 0.029297
0 0.328125 0.333009 0.031251 0.033204
0 0.969726 0.545900 0.033205 0.033204
0 0.293943 0.647462 0.037108 0.044921
0 0.683594 0.912108 0.023439 0.023438
0 0.373045 0.115235 0.023439 0.039062
0 0.229493 0.361330 0.021485 0.023438
0 0.364256 0.221681 0.025388 0.021483
