0 0.182619 0.810545 0.019334 0.021095
0 0.117186 0.937502 0.021095 0.021095
0 0.205077 0.938477 0.021095 0.019337
0 0.206054 0.987061 0.026366 0.025878
0 0.150391 0.469727 0.014064 0.015822
0 0.172854 0.748045 0.019334 0.017580
0 0.804689 0.167970 0.021095 0.021095
0 0.614258 0.336916 0.019334 0.019337
0 0.732422 0.345702 0.021095 0.021095
0 0.829101 0.310546 0.026366 0.021095
0 0.862305 0.352540 0.019334 0.019337
0 0.941407 0.356447 0.021095 0.019337
0 0.993701 0.347657 0.012598 0.021095
0 0.793947 0.438478 0.019334 0.019337
0 0.829101 0.502930 0.019334 0.019337
0 0.879882 0.562499 0.026366 0.017580
0 0.695314 0.517579 0.014064 0.014064
0 0.429690 0.586913 0.017577 0.015822
0 0.607424 0.578124 0.021095 0.021095
0 0.645509 0.588869 0.019334 0.019337
0 0.848632 0.651365 0.019334 0.019337
0 0.642578 0.672852 0.021095 0.019337
0 0.721679 0.712890 0.019334 0.017580
0 0.773438 0.712890 0.017577 0.017580
0 0.306640 0.707031 0.017577 0.017580
0 0.334960 0.732421 0.019334 0.021095
0 0.766604 0.588869 0.029884 0.033397
0 0.504883 0.814452 0.019334 0.017580
0 0.505860 0.888670 0.021095 0.021095
0 0.745119 0.960936 0.015820 0.017580
0 0.639647 0.750976 0.026366 0.026366
0 0.592773 0.790039 0.026366 0.019337
0 0.700194 0.885743 0.019334 0.015822
0 0.880860 0.249022 0.021095 0.026366
0 0.965818 0.767576 0.026366 0.021095
0 0.936522 0.810545 0.026366 0.021095
0 0.978515 0.828125 0.021095 0.021095
0 0.836912 0.822266 0.029884 0.017580
0 0.890625 0.857422 0.017577 0.017580
0 0.837889 0.872070 0.021095 0.019337
0 0.906248 0.896484 0.017577 0.014064
0 0.956053 0.878904 0.026366 0.021095
0 0.895505 0.946288 0.019334 0.019337
0 0.819335 0.987305 0.026366 0.019337
0 0.932619 0.977540 0.019334 0.015822
0 0.969727 0.600586 0.019334 0.012306
0 0.742188 0.580079 0.017577 0.017580
0 0.144529 0.088866 0.028127 0.029881
0 0.847655 0.021483 0.014064 0.014064
0 0.791992 0.808594 0.015820 0.017580
0 0.019531 0.541017 0.017577 0.017580
0 0.373045 0.945312 0.019531 0.019531
0 0.406250 0.935546 0.019531 0.015624
0 0.511717 0.763673 0.023439 0.023438
0 0.831055 0.952150 0.021485 0.021483
0 0.638670 0.972657 0.019531 0.019531
0 0.853517 0.967774 0.015623 0.029297
0 0.694337 0.929688 0.021485 0.015624
0 0.680663 0.953126 0.021485 0.015624
0 0.667966 0.970701 0.019531 0.007814
0 0.653462 0.210620 0.029535 0.029657
0 0.617918 0.192471 0.026882 0.030907
0 0.371901 0.525981 0.020701 0.014234
0 0.347318 0.541510 0.018114 0.021995
0 0.379019 0.724599 0.021997 0.020704
0 0.411368 0.742069 0.016823 0.019410
0 0.057495 0.940364 0.034364 0.034244
0 0.600929 0.755009 0.015527 0.019410
0 0.629395 0.820998 0.015527 0.019410
0 0.591872 0.855933 0.015527 0.021995
