0 0.018555 0.349609 0.019334 0.017580
0 0.070314 0.356443 0.021095 0.026365
0 0.041017 0.236329 0.021095 0.021095
0 0.010157 0.119139 0.020314 0.021095
0 0.009180 0.916991 0.018360 0.026365
0 0.087891 0.934571 0.021095 0.026365
0 0.050783 0.993701 0.021095 0.012598
0 0.018555 0.702149 0.019334 0.019337
0 0.138673 0.021483 0.021095 0.021095
0 0.198243 0.014649 0.019334 0.019337
0 0.184569 0.071291 0.026365 0.026365
0 0.286133 0.119139 0.019334 0.021095
0 0.330076 0.095704 0.014064 0.014064
0 0.225586 0.177736 0.026365 0.021095
0 0.201169 0.207033 0.017577 0.017580
0 0.210940 0.273436 0.017577 0.014064
0 0.298830 0.296874 0.021095 0.021095
0 0.333984 0.403320 0.021095 0.026365
0 0.219728 0.439455 0.019334 0.021095
0 0.197266 0.495117 0.021095 0.026365
0 0.400389 0.351561 0.017577 0.017580
0 0.437502 0.315430 0.021095 0.026365
0 0.439451 0.275392 0.014064 0.017580
0 0.683595 0.006298 0.017577 0.012597
0 0.640625 0.213867 0.021095 0.026365
0 0.512695 0.158205 0.026365 0.028123
0 0.587889 0.117187 0.017577 0.017580
0 0.498044 0.046877 0.017577 0.021095
0 0.657225 0.448240 0.026365 0.026365
0 0.652344 0.384764 0.021095 0.021095
0 0.719726 0.358399 0.019334 0.019337
0 0.712892 0.549803 0.017577 0.019337
0 0.474610 0.424806 0.017577 0.019337
0 0.474610 0.495117 0.017577 0.019337
0 0.331053 0.541017 0.026365 0.021095
0 0.304687 0.579100 0.021095 0.026365
0 0.372069 0.644531 0.026365 0.021095
0 0.358401 0.729494 0.019334 0.019337
0 0.247071 0.942381 0.019334 0.019337
0 0.425782 0.604493 0.021095 0.019337
0 0.431640 0.648438 0.014064 0.014064
0 0.465822 0.657228 0.019334 0.019337
0 0.395509 0.950195 0.019334 0.019337
0 0.516604 0.932615 0.019334 0.026365
0 0.705081 0.962892 0.017577 0.021095
0 0.666013 0.648438 0.017577 0.021095
0 0.683595 0.707032 0.017577 0.017580
0 0.632813 0.734377 0.021095 0.028123
0 0.584963 0.771484 0.019334 0.021095
0 0.792971 0.705076 0.021095 0.021095
0 0.682618 0.779298 0.019334 0.021095
0 0.709961 0.883788 0.026365 0.026365
0 0.745115 0.860353 0.019334 0.026365
0 0.620117 0.822267 0.026365 0.021095
0 0.572266 0.860353 0.021095 0.026365
0 0.470702 0.828125 0.021095 0.021095
0 0.762697 0.078125 0.019334 0.017580
0 0.978516 0.083008 0.017577 0.026365
0 0.914060 0.294923 0.017577 0.017580
0 0.925780 0.474610 0.021095 0.021095
0 0.928711 0.571290 0.019334 0.019337
0 0.991796 0.556641 0.016409 0.021095
0 0.977539 0.706056 0.019334 0.019337
0 0.312499 0.248046 0.035154 0.035155
0 0.345704 0.232422 0.038672 0.017580
0 0.369143 0.243164 0.031641 0.026365
0 0.389646 0.203126 0.015820 0.014064
0 0.339841 0.270509 0.017577 0.012306
0 0.208986 0.869139 0.014064 0.010548
0 0.832033 0.944336 0.035154 0.043945
0 0.653322 0.825194 0.015820 0.015822
0 0.396486 0.757811 0.021095 0.014064
0 0.408205 0.775391 0.017577 0.017580
0 0.444336 0.767577 0.015820 0.014064
0 0.512695 0.838867 0.019334 0.008790
0 0.490233 0.856446 0.017577 0.012306
0 0.110353 0.746094 0.019334 0.021095
0 0.089845 0.728514 0.017577 0.014064
0 0.963865 0.245119 0.015820 0.012306
0 0.951174 0.265626 0.014064 0.014064
0 0.874021 0.449220 0.019334 0.010548
0 0.876952 0.310547 0.014064 0.014064
0 0.799805 0.284181 0.019334 0.019337
0 0.219728 0.291016 0.019334 0.017580
0 0.959962 0.341795 0.015820 0.014064
0 0.837890 0.337892 0.014064 0.010548
0 0.860352 0.273436 0.015820 0.014064
0 0.786131 0.098632 0.015820 0.012306
0 0.799805 0.616210 0.019334 0.012306
0 0.799805 0.638673 0.012307 0.017580
0 0.286133 0.609376 0.012307 0.017580
0 0.304687 0.617186 0.014064 0.017580
0 0.329104 0.630859 0.015820 0.014064
0 0.902346 0.086915 0.017577 0.019337
0 0.931643 0.013673 0.017577 0.017580
0 0.903318 0.035156 0.012307 0.014064
0 0.459959 0.875977 0.019334 0.019337
0 0.755857 0.805663 0.014064 0.012306
0 0.790039 0.991796 0.026365 0.016408
0 0.777343 0.774415 0.014064 0.012306
0 0.855467 0.754884 0.014064 0.019337
0 0.224609 0.914064 0.017577 0.014064
0 0.662216 0.610113 0.024260 0.024262
0 0.683443 0.589894 0.022240 0.016175
0 0.503061 0.564095 0.020701 0.019410
0 0.473947 0.569919 0.019410 0.020704
