0 0.448245 0.992188 0.021485 0.015624
0 0.816405 0.370116 0.023439 0.021483
0 0.318361 0.912108 0.023439 0.019531
0 0.897461 0.945312 0.029297 0.031248
0 0.561523 0.266601 0.029297 0.029297
0 0.540038 0.187501 0.021485 0.023438
0 0.112302 0.520506 0.029297 0.029297
0 0.617185 0.757811 0.042971 0.035155
0 0.520507 0.937502 0.029297 0.031248
0 0.725584 0.445313 0.029297 0.023438
0 0.146484 0.426757 0.023439 0.021483
0 0.281248 0.767576 0.023439 0.023438
0 0.356446 0.420899 0.029297 0.029297
0 0.601562 0.391602 0.035154 0.029297
0 0.112302 0.118163 0.029297 0.029297
0 0.052737 0.074218 0.042971 0.046876
0 0.214843 0.159180 0.023439 0.021483
0 0.285156 0.068359 0.031251 0.023438
0 0.303710 0.225588 0.048828 0.044921
0 0.180666 0.269533 0.033205 0.035155
0 0.665451 0.989106 0.024584 0.021788
0 0.056696 0.022238 0.030324 0.020218
