0 0.448245 0.197267 0.021485 0.023438
0 0.814451 0.756835 0.023439 0.029297
0 0.372069 0.967774 0.029297 0.029297
0 0.015624 0.874022 0.023439 0.021483
0 0.308596 0.730470 0.023439 0.023438
0 0.477541 0.253905 0.029297 0.031248
0 0.792971 0.814453 0.031251 0.031248
0 0.550781 0.498048 0.023439 0.023438
0 0.403320 0.239256 0.029297 0.033204
0 0.931643 0.657228 0.031251 0.033204
0 0.318361 0.113280 0.023439 0.019531
0 0.897461 0.146484 0.029297 0.031248
0 0.096679 0.543944 0.029297 0.029297
0 0.520507 0.138673 0.029297 0.031248
0 0.302733 0.669921 0.023439 0.023438
0 0.207032 0.245119 0.023439 0.029297
0 0.053709 0.436523 0.021485 0.021483
0 0.779297 0.210939 0.031251 0.031248
0 0.355469 0.463868 0.019531 0.017580
0 0.519530 0.226564 0.023439 0.031248
0 0.388548 0.691130 0.027170 0.021995
0 0.368495 0.716364 0.025880 0.023290
0 0.665451 0.194264 0.024584 0.029760
0 0.639572 0.209143 0.019410 0.025879
