0 0.363282 0.182619 0.027343 0.029297
0 0.265626 0.239256 0.027343 0.025390
0 0.281249 0.512696 0.027343 0.025390
0 0.211913 0.521486 0.025388 0.027345
0 0.129880 0.338868 0.025388 0.021483
0 0.133789 0.376954 0.025388 0.027345
0 0.125000 0.416992 0.039062 0.029297
0 0.061521 0.446289 0.021485 0.021483
0 0.010742 0.883787 0.021485 0.025390
0 0.211913 0.881836 0.025388 0.044921
0 0.405275 0.973633 0.025388 0.025390
0 0.702150 0.083983 0.025388 0.023438
0 0.817383 0.566407 0.021485 0.023438
0 0.154727 0.703808 0.050023 0.034631
0 0.417967 0.126953 0.031251 0.039062
0 0.368162 0.020507 0.029297 0.029297
0 0.403321 0.024414 0.037108 0.037111
0 0.506834 0.984374 0.029297 0.031252
0 0.546873 0.989257 0.031251 0.021486
