0 0.009229 0.366213 0.018457 0.019337
0 0.099612 0.450196 0.021095 0.026365
0 0.271483 0.402344 0.021095 0.028123
0 0.312500 0.393554 0.021095 0.026365
0 0.316408 0.308595 0.021095 0.028123
0 0.375001 0.249022 0.021095 0.026365
0 0.427732 0.405275 0.017577 0.019337
0 0.501954 0.398437 0.021095 0.021095
0 0.560547 0.283202 0.021095 0.021095
0 0.272461 0.509765 0.026365 0.028123
0 0.322265 0.491210 0.021095 0.026365
0 0.402344 0.580079 0.021095 0.028123
0 0.450195 0.649414 0.026365 0.026365
0 0.523439 0.651366 0.021095 0.026365
0 0.515623 0.515624 0.028127 0.028123
0 0.622072 0.589845 0.026365 0.021095
0 0.712893 0.596679 0.021095 0.026365
0 0.666991 0.391603 0.026365 0.026365
0 0.651368 0.352540 0.033397 0.026365
0 0.757813 0.333009 0.021095 0.019337
0 0.817383 0.349609 0.019334 0.017580
0 0.869142 0.356443 0.021095 0.026365
0 0.839845 0.236329 0.021095 0.021095
0 0.808595 0.119139 0.021095 0.021095
0 0.755858 0.153322 0.028127 0.026365
0 0.718750 0.133791 0.021095 0.019337
0 0.550782 0.124025 0.017577 0.015822
0 0.414064 0.124025 0.021095 0.019337
0 0.381836 0.087890 0.026365 0.021095
0 0.301757 0.151367 0.026365 0.026365
0 0.270506 0.191405 0.026365 0.021095
0 0.275392 0.021483 0.035154 0.031639
0 0.558593 0.909181 0.021095 0.026365
0 0.534182 0.827150 0.019334 0.019337
0 0.481446 0.740235 0.026365 0.021095
0 0.485354 0.824218 0.036916 0.035155
0 0.658203 0.749025 0.021095 0.019337
0 0.758790 0.844725 0.019334 0.026365
0 0.727539 0.913084 0.026365 0.026365
0 0.806640 0.916991 0.021095 0.026365
0 0.886719 0.934571 0.021095 0.026365
0 0.849611 0.993701 0.021095 0.012598
0 0.817383 0.702149 0.019334 0.019337
0 0.937501 0.021483 0.021095 0.021095
0 0.993702 0.014649 0.012595 0.019337
0 0.983398 0.071291 0.026365 0.026365
0 0.995605 0.207033 0.008791 0.017580
0 0.992773 0.495117 0.014453 0.026365
0 0.685545 0.486327 0.017577 0.017580
0 0.909181 0.746094 0.019334 0.021095
0 0.888673 0.728514 0.017577 0.014064
0 0.758440 0.472875 0.015527 0.020704
0 0.732561 0.472875 0.023293 0.025880
