0 0.133792 0.602538 0.029297 0.029297
0 0.027342 0.977540 0.035154 0.033204
0 0.507814 0.923829 0.031251 0.031248
0 0.677737 0.827149 0.042970 0.041014
0 0.743165 0.792970 0.037108 0.035155
0 0.537820 0.128536 0.036556 0.038481
0 0.502225 0.040995 0.030785 0.051949
0 0.460859 0.192988 0.040404 0.044253
0 0.491644 0.098715 0.051946 0.055795
0 0.749457 0.907753 0.040404 0.042328
0 0.160719 0.955852 0.025014 0.042328
0 0.242488 0.925067 0.042328 0.053870
0 0.203047 0.909674 0.051946 0.034631
0 0.566407 0.479492 0.031251 0.033204
0 0.933596 0.975584 0.035154 0.033204
0 0.843751 0.329102 0.050782 0.041014
