0 0.330078 0.007228 0.021095 0.014455
0 0.358398 0.047853 0.026365 0.026365
0 0.411134 0.094725 0.019334 0.019337
0 0.389648 0.183595 0.026365 0.021095
0 0.629884 0.157225 0.026365 0.019337
0 0.605468 0.245115 0.021095 0.026365
0 0.716797 0.063477 0.021095 0.019337
0 0.791014 0.068360 0.028127 0.021095
0 0.665038 0.007228 0.026365 0.014455
0 0.114259 0.052735 0.019334 0.017580
0 0.236331 0.015478 0.021095 0.030957
0 0.403322 0.399413 0.019334 0.015822
0 0.521486 0.429689 0.021095 0.021095
0 0.658204 0.430665 0.021095 0.026365
0 0.608399 0.557617 0.019334 0.019337
0 0.753905 0.347658 0.017577 0.017580
0 0.824218 0.313478 0.021095 0.026365
0 0.854492 0.295899 0.026365 0.026365
0 0.832030 0.413085 0.017577 0.019337
0 0.031249 0.058594 0.014064 0.021095
0 0.097659 0.485351 0.021095 0.026365
0 0.198240 0.430665 0.026365 0.026365
0 0.271485 0.410158 0.021095 0.021095
0 0.250976 0.621093 0.026365 0.021095
0 0.442384 0.625976 0.019334 0.019337
0 0.318358 0.700194 0.021095 0.026365
0 0.523435 0.663087 0.014064 0.015822
0 0.522463 0.744139 0.019334 0.021095
0 0.301758 0.780274 0.019334 0.019337
0 0.923828 0.541993 0.021095 0.026365
0 0.890623 0.603514 0.031641 0.035155
0 0.932617 0.647463 0.026365 0.026365
0 0.869143 0.658204 0.021095 0.021095
0 0.862304 0.715822 0.026365 0.026365
0 0.049803 0.973633 0.026365 0.026365
0 0.061522 0.912109 0.026365 0.028123
0 0.341798 0.937498 0.021095 0.021095
0 0.465819 0.974609 0.026365 0.021095
0 0.637696 0.933595 0.019334 0.021095
0 0.022460 0.028322 0.026365 0.029881
0 0.326170 0.310547 0.031641 0.017580
0 0.306639 0.328127 0.014064 0.017580
0 0.551760 0.120119 0.029884 0.015822
0 0.529297 0.120119 0.017577 0.019337
0 0.088865 0.944337 0.033397 0.036913
0 0.752928 0.209960 0.026365 0.019337
0 0.667731 0.261127 0.022240 0.022238
