0 0.141602 0.033204 0.019334 0.028123
0 0.017576 0.217774 0.017577 0.015822
0 0.120117 0.209960 0.012307 0.012306
0 0.142580 0.188477 0.017577 0.033397
0 0.238281 0.175781 0.017577 0.014064
0 0.154299 0.401368 0.021095 0.019337
0 0.209961 0.425782 0.019334 0.028123
0 0.264647 0.258788 0.015820 0.012306
0 0.248047 0.280275 0.010545 0.015822
0 0.544922 0.312499 0.021095 0.021095
0 0.423827 0.200195 0.021095 0.019337
0 0.505859 0.193360 0.035154 0.038671
0 0.347656 0.362306 0.017577 0.019337
0 0.384765 0.271485 0.014064 0.014064
0 0.554687 0.947264 0.017577 0.021095
0 0.336914 0.081056 0.015820 0.015822
0 0.427735 0.326171 0.017577 0.021095
0 0.536133 0.458986 0.019334 0.021095
0 0.562499 0.568359 0.017577 0.028123
0 0.296874 0.366209 0.017577 0.019337
0 0.394530 0.040039 0.014064 0.015822
0 0.226561 0.814453 0.021095 0.031639
0 0.468751 0.613279 0.021095 0.028123
0 0.293943 0.054687 0.019334 0.021095
0 0.612304 0.486327 0.019334 0.021095
0 0.869139 0.745118 0.031641 0.036913
0 0.402341 0.550783 0.017577 0.021095
0 0.587892 0.054687 0.021095 0.021095
0 0.325194 0.674804 0.019334 0.026365
0 0.332034 0.440431 0.021095 0.026365
0 0.964846 0.189453 0.031641 0.031639
0 0.671874 0.187502 0.021095 0.028123
0 0.423827 0.492186 0.021095 0.031639
0 0.127929 0.956054 0.019334 0.026365
0 0.355468 0.774415 0.028127 0.033397
0 0.288086 0.311523 0.026366 0.026365
0 0.889648 0.330078 0.026366 0.028123
0 0.759764 0.174805 0.017577 0.015822
0 0.755861 0.116212 0.017577 0.019337
0 0.846495 0.363718 0.040277 0.041207
0 0.966304 0.468432 0.041254 0.042901
0 0.453199 0.816112 0.030932 0.031958
0 0.493851 0.814643 0.033590 0.033948
0 0.196617 0.552222 0.031757 0.032805
0 0.113880 0.666671 0.035534 0.038565
0 0.115085 0.782415 0.048767 0.049135
0 0.138929 0.736826 0.045011 0.040422
0 0.135052 0.614718 0.033777 0.032091
0 0.253858 0.776431 0.034314 0.031309
