0 0.521486 0.029299 0.021095 0.021095
0 0.658204 0.030274 0.021095 0.026365
0 0.608399 0.157227 0.019334 0.019337
0 0.832030 0.012695 0.017577 0.019337
0 0.097659 0.084961 0.021095 0.026365
0 0.198240 0.030274 0.026365 0.026365
0 0.271485 0.010158 0.021095 0.020315
0 0.250976 0.220703 0.026365 0.021095
0 0.442384 0.225586 0.019334 0.019337
0 0.318358 0.299803 0.021095 0.026365
0 0.523435 0.262696 0.014064 0.015822
0 0.522463 0.343748 0.019334 0.021095
0 0.301758 0.379883 0.019334 0.019337
0 0.923828 0.141603 0.021095 0.026365
0 0.890623 0.203123 0.031641 0.035155
0 0.932617 0.247072 0.026365 0.026365
0 0.869143 0.257813 0.021095 0.021095
0 0.862304 0.315431 0.026365 0.026365
0 0.049803 0.573243 0.026365 0.026365
0 0.061522 0.511718 0.026365 0.028123
0 0.341798 0.537108 0.021095 0.021095
0 0.465819 0.574218 0.026365 0.021095
0 0.637696 0.533205 0.019334 0.021095
0 0.450196 0.810547 0.026365 0.028123
0 0.744140 0.604491 0.035154 0.033397
0 0.922851 0.626953 0.026365 0.028123
0 0.088865 0.543946 0.033397 0.036913
