0 0.896487 0.084961 0.021095 0.026365
0 0.991943 0.030274 0.016114 0.026365
0 0.006298 0.193358 0.012597 0.021095
0 0.132814 0.217772 0.021095 0.026365
0 0.128905 0.332031 0.021095 0.021095
0 0.434569 0.410155 0.019334 0.021095
0 0.399415 0.446290 0.019334 0.019337
0 0.352541 0.541991 0.026365 0.026365
0 0.346679 0.674805 0.026365 0.026365
0 0.215818 0.510742 0.026365 0.026365
0 0.796877 0.303710 0.021095 0.019337
0 0.763672 0.375976 0.021095 0.026365
0 0.696290 0.467773 0.026365 0.026365
0 0.154299 0.807616 0.028127 0.029881
0 0.009034 0.827147 0.018067 0.029881
0 0.040038 0.694336 0.033397 0.036913
0 0.848631 0.573243 0.026365 0.026365
0 0.860351 0.511718 0.026365 0.028123
0 0.444335 0.310548 0.036916 0.038671
0 0.763672 0.034181 0.021095 0.026365
0 0.887693 0.543946 0.033397 0.036913
