0 0.045901 0.530272 0.021485 0.021483
0 0.068358 0.593748 0.023439 0.023438
0 0.129882 0.572266 0.021485 0.023438
0 0.120117 0.770508 0.021485 0.025390
0 0.993164 0.909181 0.013672 0.025390
0 0.649416 0.821287 0.021485 0.021483
0 0.469728 0.872071 0.025388 0.021483
0 0.540041 0.941405 0.025388 0.023438
0 0.874024 0.993164 0.025388 0.013672
0 0.275389 0.614259 0.027343 0.025390
0 0.256835 0.582031 0.025388 0.019531
0 0.408203 0.538086 0.019531 0.037111
0 0.930664 0.714842 0.025388 0.023438
0 0.908201 0.722656 0.023439 0.023438
