0 0.855467 0.485351 0.031251 0.029297
0 0.889649 0.985352 0.033205 0.029297
0 0.810548 0.959960 0.035154 0.033204
0 0.918946 0.451171 0.029297 0.031248
0 0.753908 0.612303 0.031251 0.033204
0 0.236328 0.872070 0.031251 0.033204
0 0.719726 0.408202 0.033205 0.031248
0 0.619140 0.539061 0.031251 0.031248
0 0.862307 0.095704 0.041016 0.031248
0 0.203124 0.025390 0.023439 0.015624
0 0.190432 0.043945 0.021485 0.029297
0 0.586912 0.044921 0.029297 0.031248
0 0.425671 0.794553 0.040434 0.028306
0 0.987720 0.949219 0.016175 0.030326
