0 0.817381 0.276368 0.029297 0.029297
0 0.599608 0.719725 0.031251 0.033204
0 0.623047 0.464844 0.031251 0.031248
0 0.839843 0.352540 0.031251 0.033204
0 0.130861 0.575197 0.035154 0.037111
0 0.204100 0.520507 0.037108 0.037111
0 0.517580 0.018554 0.039062 0.037107
0 0.155272 0.810546 0.033205 0.035155
0 0.112306 0.901367 0.033205 0.037111
0 0.273436 0.883788 0.031251 0.029297
0 0.314452 0.977540 0.035154 0.037111
0 0.672852 0.991211 0.033205 0.017579
0 0.592773 0.804688 0.060547 0.062500
0 0.326719 0.270729 0.025474 0.025917
0 0.679144 0.226404 0.027834 0.026396
0 0.543586 0.160893 0.028487 0.026646
0 0.623133 0.240757 0.021116 0.017340
