0 0.928708 0.338868 0.025388 0.021483
0 0.932617 0.376954 0.025388 0.027345
0 0.923828 0.416992 0.039062 0.029297
0 0.860349 0.446289 0.021485 0.021483
0 0.674804 0.405275 0.029297 0.041014
0 0.581056 0.281250 0.025388 0.027345
0 0.573240 0.182619 0.025388 0.025390
0 0.255862 0.194336 0.027343 0.029297
0 0.449219 0.554686 0.035154 0.035155
0 0.507812 0.801756 0.027343 0.021483
0 0.562502 0.946288 0.027343 0.029297
0 0.606445 0.927736 0.029297 0.035155
0 0.621096 0.898436 0.046874 0.019531
0 0.634764 0.920898 0.042971 0.044921
0 0.807618 0.883787 0.025388 0.025390
0 0.189452 0.742187 0.027343 0.027345
0 0.145509 0.810546 0.025388 0.023438
0 0.461916 0.981447 0.025388 0.025390
0 0.953555 0.703808 0.050023 0.034631
0 0.149413 0.613283 0.044920 0.031248
