0 0.808595 0.917967 0.021095 0.021095
0 0.755858 0.952150 0.028127 0.026365
0 0.718750 0.932619 0.021095 0.019337
0 0.550782 0.922853 0.017577 0.015822
0 0.414064 0.922853 0.021095 0.019337
0 0.381836 0.886719 0.026365 0.021095
0 0.301757 0.950195 0.026365 0.026365
0 0.270506 0.989843 0.026365 0.020315
0 0.275392 0.820311 0.035154 0.031639
0 0.332031 0.766601 0.035154 0.033397
0 0.389647 0.793946 0.015820 0.015822
0 0.010158 0.614259 0.020315 0.019337
0 0.154297 0.565431 0.021095 0.026365
0 0.104492 0.583007 0.026365 0.026365
0 0.148439 0.372071 0.031641 0.033397
0 0.325197 0.543944 0.026365 0.026365
0 0.419921 0.548827 0.021095 0.021095
0 0.511719 0.581055 0.017577 0.019337
0 0.520508 0.647462 0.026365 0.026365
0 0.769532 0.676759 0.021095 0.019337
0 0.764647 0.714845 0.019334 0.021095
0 0.682619 0.741211 0.019334 0.015822
0 0.918947 0.620117 0.026365 0.026365
0 0.937501 0.820311 0.021095 0.021095
0 0.993702 0.813477 0.012595 0.019337
0 0.983398 0.870119 0.026365 0.026365
0 0.956055 0.404295 0.019334 0.017580
0 0.862303 0.317381 0.026365 0.026365
0 0.786132 0.188477 0.026365 0.026365
0 0.752927 0.143556 0.019334 0.019337
0 0.796875 0.069335 0.021095 0.026366
0 0.861331 0.140625 0.021095 0.021095
0 0.965821 0.181639 0.019334 0.017580
0 0.990038 0.116211 0.019923 0.026366
0 0.504885 0.302733 0.019334 0.017580
0 0.620118 0.033204 0.029884 0.028123
0 0.342774 0.005371 0.015820 0.010742
0 0.271483 0.289064 0.017577 0.021095
0 0.631837 0.526369 0.019334 0.026365
0 0.685545 0.466796 0.021095 0.017580
0 0.245118 0.688476 0.015820 0.026365
0 0.266603 0.669921 0.019334 0.014064
0 0.580078 0.303712 0.021095 0.019337
0 0.550782 0.308595 0.031641 0.028123
0 0.823240 0.695314 0.012307 0.017580
0 0.842771 0.716797 0.015820 0.017580
0 0.774412 0.328126 0.019334 0.010548
0 0.372070 0.707031 0.012307 0.014064
0 0.402344 0.700197 0.017577 0.015822
0 0.412110 0.676759 0.021095 0.019337
0 0.272461 0.445313 0.029297 0.023438
0 0.279295 0.416016 0.031251 0.023438
