0 0.062502 0.939453 0.021095 0.021095
0 0.166992 0.980467 0.019334 0.017580
0 0.195312 0.915039 0.028127 0.026366
0 0.381835 0.497072 0.026365 0.026365
0 0.480467 0.669921 0.021095 0.021095
0 0.025389 0.748045 0.017577 0.021095
0 0.098634 0.795897 0.019334 0.015822
0 0.237305 0.737304 0.019334 0.015822
0 0.364258 0.840822 0.026365 0.026366
0 0.376955 0.971681 0.021095 0.015822
0 0.743166 0.699217 0.019334 0.021095
0 0.670899 0.779297 0.019334 0.021095
0 0.750000 0.786132 0.014064 0.015822
0 0.592774 0.892577 0.019334 0.017580
0 0.714846 0.884767 0.014064 0.014064
0 0.656248 0.929688 0.017577 0.017580
0 0.584963 0.955077 0.019334 0.021095
0 0.655276 0.990233 0.019334 0.017580
0 0.981447 0.810545 0.019334 0.021095
0 0.916015 0.937502 0.021095 0.021095
0 0.949220 0.469727 0.014064 0.015822
0 0.971682 0.748045 0.019334 0.017580
0 0.943357 0.088866 0.028127 0.029881
0 0.818359 0.541017 0.017577 0.017580
0 0.856323 0.940364 0.034364 0.034244
