0 0.556639 0.378905 0.023439 0.023438
0 0.164062 0.771483 0.023439 0.023438
0 0.723631 0.428713 0.029297 0.029297
0 0.007812 0.898439 0.015625 0.023438
0 0.096680 0.193360 0.029297 0.023438
0 0.911130 0.520506 0.029297 0.029297
0 0.586913 0.907225 0.021485 0.021483
0 0.106446 0.937502 0.021485 0.023438
0 0.156251 0.993164 0.023439 0.013672
0 0.112303 0.587889 0.037108 0.019531
0 0.945312 0.426757 0.023439 0.021483
0 0.641603 0.545899 0.029297 0.029297
0 0.567382 0.853515 0.021485 0.023438
0 0.572267 0.513672 0.015623 0.019531
0 0.083007 0.541993 0.021485 0.021483
0 0.080081 0.856446 0.023439 0.029297
0 0.085938 0.614258 0.023439 0.021483
0 0.139651 0.250977 0.021485 0.021483
0 0.404298 0.401368 0.019531 0.021483
0 0.721681 0.868163 0.029297 0.029297
0 0.055664 0.385744 0.021485 0.021483
0 0.333008 0.531251 0.021485 0.023438
0 0.911130 0.118163 0.029297 0.029297
0 0.241210 0.430664 0.021485 0.021483
0 0.851565 0.074218 0.042971 0.046876
0 0.238284 0.478516 0.023439 0.023438
0 0.456057 0.870118 0.037108 0.029297
0 0.343751 0.057618 0.031251 0.029297
0 0.979494 0.269533 0.033205 0.035155
0 0.855524 0.022238 0.030324 0.020218
0 0.507416 0.375887 0.025880 0.024585
0 0.480894 0.395942 0.027170 0.033640
0 0.486068 0.427642 0.024584 0.016820
0 0.499007 0.459991 0.034936 0.027174
