0 0.201169 0.227539 0.035154 0.041014
0 0.446291 0.121094 0.025388 0.023438
0 0.515627 0.109377 0.027343 0.027345
0 0.566409 0.041994 0.023439 0.025390
0 0.534181 0.033204 0.025388 0.023438
0 0.722658 0.105470 0.023439 0.023438
0 0.711915 0.139649 0.025388 0.029297
0 0.707030 0.288084 0.027343 0.025390
0 0.623048 0.234374 0.023439 0.011717
0 0.634767 0.383788 0.027343 0.025390
0 0.471679 0.525389 0.025388 0.027345
0 0.428709 0.521486 0.025388 0.027345
0 0.409177 0.704100 0.021485 0.017580
0 0.451171 0.841798 0.023439 0.023438
0 0.404297 0.988281 0.023439 0.023438
0 0.035155 0.944336 0.027343 0.025390
0 0.941408 0.156249 0.023439 0.027345
0 0.958985 0.526369 0.019531 0.021483
0 0.780274 0.823242 0.029297 0.029297
0 0.888672 0.771483 0.023439 0.023438
0 0.875975 0.847656 0.021485 0.019531
0 0.933592 0.854491 0.023439 0.021483
0 0.320310 0.572265 0.039062 0.027345
0 0.808593 0.781249 0.023439 0.031248
