0 0.038085 0.478517 0.025388 0.027345
0 0.439455 0.125001 0.031251 0.031248
0 0.609377 0.028321 0.042970 0.041014
0 0.165037 0.742187 0.029297 0.031248
0 0.231447 0.935547 0.029297 0.035155
0 0.034181 0.986329 0.029297 0.027343
0 0.681098 0.108925 0.040404 0.042328
0 0.610871 0.455242 0.030785 0.069263
0 0.721502 0.595692 0.036556 0.038481
0 0.742668 0.473520 0.036556 0.036556
0 0.778263 0.503341 0.030785 0.030785
0 0.736897 0.912188 0.032709 0.040403
0 0.197214 0.954516 0.038480 0.040403
0 0.092360 0.157024 0.025014 0.042328
0 0.174129 0.126239 0.042328 0.053870
0 0.134687 0.110846 0.051946 0.034631
0 0.817380 0.885743 0.033205 0.033204
0 0.865236 0.176756 0.035154 0.033204
0 0.484374 0.396485 0.031251 0.031248
