0 0.065432 0.602538 0.029297 0.029297
0 0.439455 0.923829 0.031251 0.031248
0 0.609377 0.827149 0.042970 0.041014
0 0.674805 0.792970 0.037108 0.035155
0 0.469460 0.128536 0.036556 0.038481
0 0.433866 0.040995 0.030785 0.051949
0 0.392500 0.192988 0.040404 0.044253
0 0.423285 0.098715 0.051946 0.055795
0 0.681098 0.907753 0.040404 0.042328
0 0.092360 0.955852 0.025014 0.042328
0 0.174129 0.925067 0.042328 0.053870
0 0.134687 0.909674 0.051946 0.034631
0 0.498048 0.479492 0.031251 0.033204
0 0.865236 0.975584 0.035154 0.033204
0 0.775392 0.329102 0.050782 0.041014
