0 0.420898 0.808594 0.029297 0.031248
0 0.243164 0.958985 0.029297 0.023438
0 0.104492 0.169922 0.029297 0.031248
0 0.783201 0.760742 0.023439 0.029297
0 0.041013 0.694335 0.023439 0.029297
0 0.012696 0.745118 0.025393 0.029297
0 0.211913 0.863281 0.029297 0.031248
0 0.761721 0.842774 0.031251 0.033204
0 0.369139 0.674804 0.023439 0.029297
0 0.374024 0.258788 0.033205 0.033204
0 0.576170 0.344726 0.023439 0.029297
0 0.583010 0.737304 0.029297 0.029297
0 0.921873 0.495117 0.031251 0.033204
0 0.020510 0.262695 0.029297 0.029297
0 0.696288 0.322264 0.033205 0.031248
0 0.342774 0.867188 0.021485 0.015624
0 0.359374 0.885743 0.023439 0.021483
