0 0.212893 0.779297 0.031251 0.031248
0 0.837889 0.445313 0.031251 0.031248
0 0.848632 0.835939 0.033205 0.031248
0 0.642578 0.391602 0.023439 0.021483
0 0.304686 0.672852 0.023439 0.029297
0 0.744142 0.823242 0.042970 0.060549
0 0.879882 0.085938 0.044920 0.031248
0 0.358399 0.003907 0.017577 0.007814
0 0.430662 0.957033 0.041016 0.042969
0 0.047851 0.578124 0.037108 0.042969
0 0.680663 0.913088 0.029297 0.029297
0 0.685548 0.528320 0.023439 0.033204
0 0.478006 0.408396 0.032349 0.032349
0 0.460819 0.383124 0.022240 0.030326
0 0.440599 0.370993 0.018195 0.026282
