0 0.958007 0.495118 0.029297 0.033204
0 0.681640 0.584960 0.031251 0.033204
0 0.746096 0.292969 0.031251 0.031248
0 0.439455 0.112306 0.023439 0.029297
0 0.554688 0.121096 0.031251 0.031248
0 0.341795 0.383790 0.042971 0.048828
0 0.177734 0.351562 0.035154 0.035155
0 0.092775 0.577150 0.037108 0.037111
0 0.155272 0.635743 0.033205 0.033204
0 0.132815 0.748047 0.035154 0.039062
0 0.220705 0.812499 0.035154 0.039062
0 0.265624 0.356445 0.031251 0.033204
0 0.284178 0.488280 0.041016 0.046876
0 0.321292 0.502928 0.029297 0.033204
0 0.337892 0.452149 0.031251 0.048828
0 0.454101 0.264648 0.029297 0.037111
0 0.484213 0.897902 0.030324 0.026282
0 0.012130 0.401559 0.019531 0.019531
