0 0.772462 0.433596 0.029297 0.031248
0 0.744142 0.968750 0.031251 0.031248
0 0.608396 0.596679 0.033205 0.033204
0 0.665040 0.942384 0.033205 0.033204
0 0.949219 0.604493 0.023439 0.029297
0 0.574219 0.392578 0.031251 0.031248
0 0.709960 0.468751 0.029297 0.023438
0 0.094724 0.861329 0.033205 0.031248
0 0.474609 0.525389 0.031251 0.031248
0 0.441404 0.032228 0.031251 0.029297
0 0.909179 0.163087 0.033205 0.029297
0 0.508791 0.089845 0.033205 0.031248
0 0.716799 0.078124 0.035154 0.023438
0 0.841798 0.932619 0.035154 0.037111
0 0.278321 0.783204 0.044920 0.031248
0 0.916014 0.044921 0.023439 0.019531
