0 0.338865 0.873046 0.029297 0.031248
0 0.031248 0.918947 0.023439 0.029297
0 0.424806 0.400392 0.029297 0.023438
0 0.339842 0.545900 0.023439 0.029297
0 0.814452 0.075194 0.023439 0.021483
0 0.593752 0.527345 0.023439 0.023438
0 0.692385 0.383789 0.029297 0.029297
0 0.009766 0.955078 0.019533 0.023438
0 0.542970 0.048828 0.023439 0.031248
0 0.893553 0.456054 0.029297 0.029297
0 0.220702 0.377930 0.023439 0.021483
0 0.353516 0.179688 0.023439 0.023438
0 0.586913 0.491210 0.017577 0.017580
0 0.453126 0.120118 0.023439 0.029297
