0 0.751952 0.044921 0.027343 0.027345
0 0.052735 0.241212 0.031251 0.033204
0 0.123048 0.903319 0.023439 0.025390
0 0.256835 0.471679 0.025388 0.025390
0 0.518556 0.457030 0.029297 0.027345
0 0.361330 0.828125 0.027343 0.027345
0 0.547853 0.850588 0.025388 0.025390
0 0.723633 0.691408 0.029297 0.027345
0 0.760741 0.794922 0.021485 0.023438
0 0.944337 0.011718 0.025388 0.023437
0 0.818357 0.279299 0.039062 0.031248
0 0.985354 0.349609 0.025388 0.027345
0 0.988283 0.812501 0.023435 0.027345
0 0.388672 0.313478 0.023439 0.021483
0 0.375976 0.292967 0.029297 0.011717
0 0.539064 0.401368 0.015623 0.013673
