0 0.335937 0.583984 0.046874 0.050779
0 0.117187 0.110350 0.035154 0.033204
0 0.573242 0.676757 0.033205 0.033204
0 0.123049 0.485353 0.035154 0.037111
0 0.822266 0.087892 0.031251 0.031248
0 0.665040 0.123047 0.029297 0.031248
0 0.752930 0.640626 0.033205 0.035155
0 0.942384 0.635743 0.029297 0.033204
0 0.458009 0.709961 0.033205 0.037111
0 0.035154 0.242189 0.035154 0.035155
0 0.924802 0.962889 0.021485 0.023438
0 0.601562 0.952148 0.019531 0.017580
0 0.210939 0.668947 0.019531 0.029297
0 0.188477 0.643553 0.029297 0.021483
0 0.671465 0.800353 0.034187 0.033971
0 0.784444 0.545104 0.032349 0.028306
