0 0.209962 0.033204 0.019334 0.028123
0 0.033205 0.145508 0.035154 0.043945
0 0.085936 0.217774 0.017577 0.015822
0 0.188477 0.209960 0.012307 0.012306
0 0.210939 0.188477 0.017577 0.033397
0 0.306640 0.175781 0.017577 0.014064
0 0.222659 0.401368 0.021095 0.019337
0 0.278321 0.425782 0.019334 0.028123
0 0.333006 0.258788 0.015820 0.012306
0 0.316406 0.280275 0.010545 0.015822
0 0.613281 0.312499 0.021095 0.021095
0 0.492186 0.200195 0.021095 0.019337
0 0.574219 0.193360 0.035154 0.038671
0 0.416016 0.362306 0.017577 0.019337
0 0.453124 0.271485 0.014064 0.014064
0 0.623047 0.947264 0.017577 0.021095
0 0.405273 0.081056 0.015820 0.015822
0 0.496094 0.326171 0.017577 0.021095
0 0.604493 0.458986 0.019334 0.021095
0 0.630858 0.568359 0.017577 0.028123
0 0.365234 0.366209 0.017577 0.019337
0 0.462889 0.040039 0.014064 0.015822
0 0.294921 0.814453 0.021095 0.031639
0 0.537111 0.613279 0.021095 0.028123
0 0.362303 0.054687 0.019334 0.021095
0 0.680663 0.486327 0.019334 0.021095
0 0.937499 0.745118 0.031641 0.036913
0 0.470701 0.550783 0.017577 0.021095
0 0.656252 0.054687 0.021095 0.021095
0 0.393553 0.674804 0.019334 0.026365
0 0.400393 0.440431 0.021095 0.026365
0 0.740233 0.187502 0.021095 0.028123
0 0.492186 0.492186 0.021095 0.031639
0 0.196288 0.956054 0.019334 0.026365
0 0.423827 0.774415 0.028127 0.033397
0 0.356445 0.311523 0.026366 0.026365
0 0.008009 0.221681 0.016018 0.033397
0 0.958007 0.330078 0.026366 0.028123
0 0.828124 0.174805 0.017577 0.015822
0 0.824220 0.116212 0.017577 0.019337
0 0.914854 0.363718 0.040277 0.041207
0 0.521559 0.816112 0.030932 0.031958
0 0.562211 0.814643 0.033590 0.033948
0 0.264976 0.552222 0.031757 0.032805
0 0.182240 0.666671 0.035534 0.038565
0 0.183445 0.782415 0.048767 0.049135
0 0.207289 0.736826 0.045011 0.040422
0 0.203411 0.614718 0.033777 0.032091
0 0.322218 0.776431 0.034314 0.031309
