0 0.012695 0.297850 0.025391 0.029297
0 0.886717 0.203125 0.031251 0.031248
0 0.286132 0.425782 0.029297 0.031248
0 0.614258 0.356447 0.033205 0.033204
0 0.089844 0.788087 0.042970 0.041014
0 0.472655 0.643555 0.035154 0.041014
0 0.198242 0.434572 0.029297 0.029297
0 0.848632 0.037111 0.033205 0.031248
0 0.952150 0.831056 0.033205 0.033204
0 0.242190 0.395509 0.031251 0.033204
0 0.200196 0.738280 0.033205 0.031248
0 0.744142 0.027344 0.042970 0.054688
0 0.524414 0.741211 0.029297 0.029297
0 0.721679 0.553710 0.029297 0.029297
0 0.919922 0.317381 0.023439 0.029297
0 0.890625 0.329102 0.031251 0.029297
0 0.430662 0.158205 0.041016 0.042969
0 0.680663 0.114260 0.029297 0.029297
