0 0.009765 0.003906 0.011720 0.007812
0 0.680662 0.388673 0.013674 0.011717
0 0.491213 0.138671 0.013674 0.015624
0 0.099609 0.403321 0.015623 0.017580
0 0.135740 0.947265 0.013674 0.011717
0 0.288086 0.117189 0.013674 0.011717
0 0.908201 0.250975 0.011720 0.013673
0 0.108397 0.083009 0.013674 0.009766
0 0.539064 0.624022 0.015623 0.013673
0 0.184573 0.081054 0.009766 0.009766
0 0.048827 0.752930 0.011720 0.013673
0 0.484374 0.654298 0.015623 0.015624
0 0.128905 0.243165 0.011720 0.013673
0 0.024415 0.071288 0.013674 0.013673
0 0.174807 0.014650 0.013674 0.013673
0 0.322268 0.349610 0.011720 0.015624
0 0.800780 0.587891 0.011720 0.011717
0 0.749998 0.382814 0.011720 0.011717
0 0.760741 0.171875 0.013674 0.015624
0 0.807620 0.688478 0.013674 0.013673
0 0.234377 0.467773 0.015623 0.013673
0 0.183596 0.714843 0.011720 0.011717
0 0.714844 0.256838 0.015623 0.013673
0 0.854493 0.052733 0.017577 0.023438
0 0.617189 0.075195 0.011720 0.013673
0 0.625000 0.108399 0.011720 0.013673
0 0.110351 0.045898 0.013674 0.013673
