0 0.294920 0.429689 0.015623 0.011717
0 0.258789 0.494141 0.013674 0.011717
0 0.131837 0.116211 0.009766 0.009766
0 0.600584 0.364257 0.009766 0.009766
0 0.777346 0.281250 0.011720 0.007814
0 0.540041 0.486327 0.013674 0.015624
0 0.555664 0.963868 0.009766 0.009766
0 0.324217 0.969726 0.011720 0.009766
0 0.219727 0.029297 0.013674 0.011717
0 0.106443 0.064452 0.013674 0.011717
0 0.036135 0.796873 0.013674 0.011717
0 0.930664 0.177736 0.013674 0.011717
0 0.263674 0.244139 0.015623 0.015624
0 0.867190 0.263671 0.015623 0.015624
0 0.700193 0.079101 0.013674 0.009766
0 0.657228 0.074218 0.013674 0.011717
