0 0.791014 0.600586 0.011720 0.013673
0 0.795899 0.047852 0.013674 0.013673
0 0.324221 0.789063 0.011720 0.011717
0 0.788087 0.510741 0.013674 0.013673
0 0.753905 0.916991 0.015623 0.013673
0 0.250976 0.810546 0.013674 0.011717
0 0.709963 0.491210 0.013674 0.013673
0 0.512698 0.585938 0.013674 0.015624
0 0.043945 0.014649 0.009766 0.013673
0 0.510743 0.089842 0.013674 0.007814
0 0.645507 0.739260 0.013674 0.013673
0 0.845704 0.074218 0.011720 0.015624
0 0.401368 0.394530 0.013674 0.011717
0 0.445311 0.056642 0.015623 0.011717
0 0.899412 0.308595 0.013674 0.015624
0 0.374998 0.126953 0.011720 0.011717
0 0.651369 0.963868 0.013674 0.009766
0 0.823241 0.302733 0.013674 0.015624
0 0.929686 0.198243 0.015623 0.013673
0 0.316404 0.737304 0.015623 0.013673
0 0.660158 0.204101 0.015623 0.013673
0 0.781248 0.382813 0.015623 0.015624
0 0.424802 0.781249 0.013674 0.015624
0 0.621096 0.293947 0.015623 0.013673
0 0.394534 0.150391 0.011720 0.011717
0 0.029295 0.666994 0.015623 0.017580
0 0.146486 0.097656 0.015623 0.015624
0 0.180663 0.123046 0.013674 0.015624
0 0.399414 0.227540 0.013674 0.013673
0 0.470704 0.348633 0.015623 0.017580
0 0.319335 0.349609 0.013674 0.015624
0 0.377929 0.433592 0.013674 0.015624
0 0.258788 0.460937 0.013674 0.015624
0 0.378906 0.544920 0.015623 0.015624
0 0.582034 0.539062 0.015623 0.015624
0 0.018557 0.316405 0.017577 0.015624
0 0.156252 0.870119 0.015623 0.009766
0 0.190429 0.944336 0.013674 0.013673
0 0.172852 0.952147 0.013674 0.009766
0 0.539063 0.949219 0.015623 0.015624
0 0.288084 0.975585 0.013674 0.017580
