0 0.073241 0.740235 0.013674 0.015624
0 0.666991 0.923829 0.013674 0.011717
0 0.206056 0.830077 0.013674 0.011717
0 0.156251 0.701173 0.015623 0.015624
0 0.032225 0.770508 0.009766 0.017580
0 0.681642 0.872070 0.015623 0.017580
0 0.095703 0.924805 0.015623 0.017580
0 0.611329 0.996093 0.015623 0.007814
0 0.562501 0.819336 0.011720 0.017580
0 0.300780 0.923829 0.015623 0.007814
0 0.288083 0.912108 0.017577 0.011717
0 0.212890 0.595704 0.015623 0.019531
0 0.168948 0.624024 0.013674 0.017580
0 0.143554 0.657228 0.013674 0.009766
0 0.127931 0.669921 0.013674 0.015624
0 0.878908 0.381837 0.019531 0.017580
0 0.822263 0.439455 0.015623 0.015624
0 0.969729 0.392578 0.009766 0.015624
0 0.872068 0.535155 0.013674 0.023438
0 0.997069 0.368164 0.005862 0.009766
0 0.987306 0.375978 0.013674 0.013673
0 0.711916 0.576172 0.017577 0.019531
0 0.584959 0.820311 0.013674 0.015624
0 0.192382 0.583007 0.009766 0.009766
0 0.757094 0.479238 0.014079 0.017390
0 0.774068 0.473858 0.013249 0.023188
0 0.235798 0.568264 0.009938 0.018217
0 0.219649 0.562466 0.012423 0.011592
0 0.838666 0.717321 0.026502 0.011592
