0 0.426755 0.684569 0.013674 0.013673
0 0.244141 0.256836 0.011720 0.013673
0 0.015625 0.346678 0.011720 0.013673
0 0.937501 0.569334 0.015623 0.013673
0 0.791018 0.624024 0.011720 0.013673
0 0.909181 0.784180 0.013674 0.013673
0 0.702150 0.883788 0.013674 0.013673
0 0.954101 0.043945 0.013674 0.013673
0 0.515623 0.317381 0.015623 0.013673
0 0.791018 0.798829 0.011720 0.011717
0 0.508788 0.658204 0.013674 0.015624
0 0.933593 0.163088 0.011720 0.013673
0 0.766601 0.712890 0.017577 0.015624
0 0.189451 0.420899 0.015623 0.013673
0 0.328123 0.277343 0.015623 0.011717
0 0.332031 0.393554 0.015623 0.013673
