0 0.764650 0.437499 0.013674 0.011717
0 0.808593 0.402344 0.011720 0.011717
0 0.646486 0.436524 0.011720 0.009766
0 0.693360 0.538086 0.015623 0.013673
0 0.821289 0.328127 0.013674 0.015624
0 0.538088 0.192384 0.013674 0.013673
0 0.583985 0.262695 0.011720 0.013673
0 0.784181 0.711915 0.013674 0.013673
0 0.898437 0.803712 0.015623 0.017580
0 0.378908 0.737304 0.015623 0.013673
0 0.681640 0.662111 0.011720 0.011717
0 0.300783 0.953126 0.015623 0.011717
0 0.603516 0.116212 0.011720 0.013673
0 0.654298 0.307616 0.011720 0.009766
0 0.907225 0.483400 0.013674 0.009766
0 0.206054 0.475586 0.013674 0.013673
0 0.718748 0.355468 0.015623 0.015624
0 0.086913 0.203126 0.013674 0.011717
0 0.225585 0.097656 0.017577 0.015624
0 0.241213 0.873046 0.013674 0.011717
0 0.130861 0.431641 0.011720 0.011717
0 0.983401 0.481444 0.009766 0.009766
0 0.506837 0.859374 0.013674 0.015624
0 0.376954 0.453123 0.015623 0.015624
0 0.500975 0.545900 0.009766 0.009766
0 0.652344 0.994140 0.011720 0.011720
0 0.529295 0.339844 0.015623 0.015624
0 0.562499 0.752929 0.011720 0.013673
0 0.187500 0.037111 0.019531 0.015624
0 0.927733 0.643556 0.011720 0.013673
0 0.563477 0.443358 0.013674 0.011717
0 0.306641 0.542969 0.011720 0.011717
0 0.823244 0.471679 0.013674 0.013673
0 0.973635 0.415041 0.013674 0.013673
0 0.763673 0.643556 0.015623 0.013673
0 0.415039 0.247071 0.013674 0.013673
0 0.478518 0.470703 0.015623 0.015624
0 0.099610 0.845701 0.011720 0.015624
0 0.692383 0.823243 0.021485 0.009766
0 0.359377 0.324220 0.011720 0.011717
0 0.743165 0.522462 0.013674 0.013673
0 0.149415 0.521486 0.013674 0.011717
0 0.047851 0.539062 0.013674 0.011717
0 0.233396 0.386720 0.013674 0.015624
0 0.805667 0.205077 0.013674 0.011717
0 0.394531 0.181639 0.015623 0.015624
0 0.092775 0.378906 0.013674 0.015624
0 0.432616 0.351561 0.013674 0.011717
0 0.725588 0.629883 0.009766 0.013673
0 0.216797 0.707032 0.011720 0.007814
0 0.560545 0.067384 0.015623 0.013673
0 0.866209 0.040039 0.013674 0.013673
0 0.035154 0.683594 0.015623 0.015624
0 0.625978 0.168946 0.013674 0.013673
0 0.434570 0.512696 0.013674 0.013673
0 0.537111 0.930664 0.015623 0.013673
0 0.166992 0.173829 0.017577 0.015624
0 0.709960 0.175781 0.013674 0.015624
0 0.797850 0.175781 0.013674 0.015624
0 0.909179 0.446289 0.013674 0.013673
0 0.669921 0.378906 0.015623 0.015624
0 0.440427 0.276368 0.013674 0.013673
0 0.080079 0.463869 0.015623 0.017580
0 0.276367 0.590821 0.013674 0.017580
0 0.590819 0.777342 0.013674 0.015624
0 0.364257 0.230467 0.013674 0.011717
