0 0.151367 0.991212 0.013674 0.017577
0 0.709963 0.439455 0.013674 0.011717
0 0.069334 0.937498 0.013674 0.015624
0 0.468750 0.436524 0.011720 0.013673
0 0.091796 0.661131 0.011720 0.013673
0 0.132813 0.909181 0.011720 0.013673
0 0.346678 0.577148 0.013674 0.013673
0 0.416991 0.552734 0.013674 0.011717
0 0.838869 0.296874 0.013674 0.015624
0 0.349609 0.169922 0.011720 0.015624
0 0.750002 0.265626 0.011720 0.015624
0 0.098631 0.218750 0.017577 0.015624
0 0.187498 0.078125 0.011720 0.015624
0 0.204103 0.724608 0.017577 0.015624
0 0.483401 0.684570 0.013674 0.013673
0 0.775391 0.555666 0.015623 0.017580
0 0.680666 0.250978 0.013674 0.013673
0 0.260742 0.936523 0.013674 0.017580
0 0.304690 0.871095 0.011720 0.011717
0 0.388671 0.896485 0.011720 0.011717
0 0.464543 0.698838 0.016175 0.016175
