0 0.273436 0.184570 0.019531 0.013673
0 0.930665 0.116211 0.009766 0.009766
0 0.289064 0.793946 0.007811 0.009766
0 0.118164 0.187501 0.009766 0.011717
0 0.104490 0.280274 0.009766 0.009766
0 0.503906 0.628907 0.011720 0.011717
0 0.501952 0.978516 0.011720 0.011717
0 0.178711 0.512696 0.009766 0.009766
0 0.611327 0.980467 0.011720 0.011717
0 0.541991 0.530272 0.013674 0.009766
0 0.086913 0.709959 0.009766 0.009766
0 0.905271 0.064452 0.013674 0.011717
0 0.169923 0.059570 0.011720 0.009766
0 0.229493 0.129884 0.013674 0.013673
0 0.834963 0.796873 0.013674 0.011717
0 0.393554 0.994140 0.013674 0.011717
0 0.041993 0.287109 0.013674 0.011717
0 0.192385 0.229491 0.013674 0.009766
0 0.012697 0.855471 0.009766 0.011717
0 0.325195 0.690428 0.013674 0.009766
0 0.329103 0.703125 0.013674 0.015624
