0 0.195314 0.399413 0.011720 0.009766
0 0.025391 0.878905 0.011720 0.011717
0 0.391603 0.126953 0.013674 0.011717
0 0.405271 0.184571 0.013674 0.013673
0 0.558594 0.781249 0.015623 0.011717
0 0.054688 0.941405 0.011720 0.011717
0 0.534178 0.116212 0.009766 0.013673
0 0.285158 0.985350 0.015623 0.009766
0 0.306639 0.741211 0.011720 0.013673
0 0.428711 0.376954 0.013674 0.015624
0 0.197263 0.702149 0.007811 0.009766
0 0.271485 0.778322 0.011720 0.013673
0 0.226565 0.367189 0.015623 0.011717
0 0.793945 0.096680 0.013674 0.013673
0 0.077150 0.330078 0.013674 0.015624
0 0.065431 0.417968 0.013674 0.011717
0 0.701174 0.723632 0.015623 0.013673
0 0.212891 0.734373 0.011720 0.011717
0 0.484373 0.491210 0.011720 0.009766
0 0.057619 0.736329 0.013674 0.015624
0 0.271485 0.875002 0.015623 0.011717
0 0.377929 0.722656 0.013674 0.015624
0 0.025391 0.743163 0.011720 0.013673
0 0.144532 0.721680 0.011720 0.013673
0 0.218749 0.960937 0.011720 0.011717
0 0.162109 0.717773 0.011720 0.017580
0 0.183114 0.922041 0.016175 0.016175
