0 0.710939 0.748046 0.011720 0.015624
0 0.950198 0.914064 0.013674 0.011717
0 0.375979 0.926757 0.017577 0.013673
0 0.440429 0.644531 0.013674 0.015624
0 0.629883 0.602538 0.009766 0.013673
0 0.496091 0.510741 0.015623 0.013673
0 0.474611 0.155274 0.011720 0.013673
0 0.026367 0.386720 0.013674 0.015624
0 0.684568 0.664062 0.013674 0.015624
0 0.249998 0.128908 0.011720 0.015624
0 0.375979 0.273436 0.013674 0.015624
0 0.273438 0.975585 0.015623 0.013673
0 0.173828 0.783205 0.015623 0.015624
0 0.536131 0.506838 0.017577 0.013673
