0 0.764650 0.037109 0.013674 0.011717
0 0.808593 0.003906 0.011720 0.007812
0 0.646486 0.036133 0.011720 0.009766
0 0.693360 0.137696 0.015623 0.013673
0 0.784181 0.311524 0.013674 0.013673
0 0.898437 0.403321 0.015623 0.017580
0 0.378908 0.336914 0.015623 0.013673
0 0.681640 0.261720 0.011720 0.011717
0 0.934568 0.947265 0.013674 0.011717
0 0.300783 0.552736 0.015623 0.011717
0 0.369142 0.866210 0.015623 0.013673
0 0.907225 0.083009 0.013674 0.009766
0 0.206054 0.075195 0.013674 0.013673
0 0.250001 0.712892 0.015623 0.011717
0 0.497072 0.740233 0.009766 0.011717
0 0.462890 0.924803 0.019531 0.013673
0 0.241213 0.472656 0.013674 0.011717
0 0.130861 0.031250 0.011720 0.011717
0 0.983401 0.081054 0.009766 0.009766
0 0.847655 0.752930 0.011720 0.013673
0 0.506837 0.458983 0.013674 0.015624
0 0.376954 0.052733 0.015623 0.015624
0 0.500975 0.145509 0.009766 0.009766
0 0.652344 0.594725 0.011720 0.013673
0 0.562499 0.352538 0.011720 0.013673
0 0.450193 0.665040 0.013674 0.009766
0 0.927733 0.243165 0.011720 0.013673
0 0.563477 0.042967 0.013674 0.011717
0 0.306641 0.142578 0.011720 0.011717
0 0.823244 0.071288 0.013674 0.013673
0 0.973635 0.014650 0.013674 0.013673
0 0.763673 0.243165 0.015623 0.013673
0 0.478518 0.070312 0.015623 0.015624
0 0.099610 0.445311 0.011720 0.015624
0 0.334960 0.790040 0.013674 0.013673
0 0.745119 0.665040 0.017577 0.017580
0 0.692383 0.422852 0.021485 0.009766
0 0.743165 0.122071 0.013674 0.013673
0 0.149415 0.121096 0.013674 0.011717
0 0.316406 0.946289 0.015623 0.017580
0 0.047851 0.138671 0.013674 0.011717
0 0.387696 0.990234 0.013674 0.007814
0 0.186523 0.716799 0.013674 0.011717
0 0.254882 0.921876 0.013674 0.015624
0 0.561522 0.964845 0.017577 0.015624
0 0.725588 0.229493 0.009766 0.013673
0 0.216797 0.306641 0.011720 0.007814
0 0.982424 0.714843 0.011720 0.011717
0 0.035154 0.283203 0.015623 0.015624
0 0.434570 0.112306 0.013674 0.013673
0 0.537111 0.530273 0.015623 0.013673
0 0.909179 0.045898 0.013674 0.013673
0 0.080079 0.063478 0.015623 0.017580
0 0.276367 0.190430 0.013674 0.017580
0 0.590819 0.376952 0.013674 0.015624
