0 0.610350 0.367189 0.013674 0.011717
0 0.675783 0.496093 0.015623 0.015624
0 0.854494 0.553710 0.009766 0.005859
0 0.862306 0.202150 0.013674 0.013673
0 0.819335 0.274416 0.009766 0.013673
0 0.501952 0.179688 0.011720 0.011717
0 0.490232 0.561524 0.011720 0.013673
0 0.945311 0.927733 0.011720 0.011717
0 0.792970 0.404296 0.011720 0.011717
0 0.611327 0.181639 0.011720 0.011717
0 0.955076 0.532228 0.011720 0.013673
0 0.110352 0.515624 0.013674 0.007814
0 0.090821 0.908202 0.013674 0.011717
0 0.738280 0.451172 0.011720 0.011717
0 0.059570 0.728515 0.013674 0.011717
0 0.393554 0.195312 0.013674 0.011717
0 0.996092 0.588866 0.007811 0.009766
0 0.826170 0.594728 0.011720 0.013673
0 0.469724 0.368165 0.013674 0.013673
0 0.940430 0.486327 0.013674 0.011717
0 0.802735 0.962892 0.011720 0.015624
0 0.012697 0.056642 0.009766 0.011717
0 0.235351 0.288085 0.013674 0.013673
0 0.821289 0.613279 0.013674 0.011717
0 0.866933 0.522542 0.016175 0.019410
