0 0.635743 0.740235 0.013674 0.015624
0 0.867186 0.262695 0.015623 0.013673
0 0.792969 0.104494 0.015623 0.017580
0 0.270509 0.572265 0.009766 0.015624
0 0.299806 0.074218 0.013674 0.015624
0 0.054690 0.668945 0.011720 0.013673
0 0.298829 0.157225 0.011720 0.013673
0 0.731445 0.086914 0.021485 0.017580
0 0.444335 0.706056 0.013674 0.017580
0 0.854494 0.771483 0.009766 0.011717
0 0.983401 0.733397 0.013674 0.013673
0 0.573242 0.005860 0.017577 0.011719
0 0.676760 0.216798 0.017577 0.011717
0 0.527345 0.992188 0.011720 0.015624
0 0.195311 0.918946 0.011720 0.013673
0 0.542968 0.909181 0.011720 0.013673
0 0.547853 0.627931 0.013674 0.017580
0 0.591796 0.730470 0.011720 0.015624
0 0.579099 0.671876 0.013674 0.007814
0 0.730468 0.125001 0.015623 0.011717
0 0.786135 0.680662 0.013674 0.013673
0 0.636721 0.235353 0.023439 0.017580
0 0.323240 0.599610 0.013674 0.011717
0 0.646486 0.197267 0.011720 0.011717
0 0.593750 0.689452 0.015623 0.015624
0 0.367188 0.585938 0.015623 0.015624
0 0.897460 0.175780 0.017577 0.019531
0 0.173826 0.989257 0.011720 0.013673
0 0.257813 0.996094 0.015623 0.007812
0 0.863283 0.379881 0.011720 0.013673
0 0.708983 0.254884 0.007811 0.021483
