0 0.375977 0.123046 0.010743 0.012890
0 0.323241 0.895508 0.015041 0.015039
0 0.410154 0.809570 0.012894 0.010741
0 0.347658 0.685549 0.008591 0.008596
0 0.517576 0.240236 0.012894 0.012890
0 0.258791 0.257812 0.010743 0.012890
0 0.776366 0.657228 0.010743 0.015039
0 0.563477 0.423826 0.010743 0.008596
0 0.298830 0.842774 0.012894 0.010741
0 0.464845 0.625000 0.012894 0.012890
0 0.891603 0.860353 0.015041 0.010741
0 0.021486 0.499999 0.012894 0.012890
0 0.060548 0.630859 0.012894 0.012890
0 0.344727 0.185546 0.010743 0.012890
0 0.004249 0.142577 0.008498 0.012890
0 0.031252 0.604493 0.017187 0.019337
0 0.850587 0.854491 0.010743 0.010741
0 0.193358 0.424806 0.008591 0.015039
0 0.010743 0.416992 0.015041 0.015039
0 0.129884 0.621093 0.015041 0.012890
0 0.147461 0.744142 0.015041 0.017188
0 0.959962 0.462892 0.015041 0.012890
0 0.685549 0.716797 0.008591 0.012890
0 0.229494 0.427733 0.015041 0.012890
0 0.224609 0.270509 0.012894 0.015039
0 0.983397 0.225588 0.006445 0.015039
0 0.723635 0.578124 0.019334 0.017188
0 0.078125 0.695314 0.012894 0.017188
0 0.701638 0.507232 0.014155 0.016175
