0 0.012696 0.650390 0.013674 0.015624
0 0.556641 0.106446 0.011720 0.013673
0 0.311525 0.156250 0.013674 0.011717
0 0.498048 0.136718 0.015623 0.015624
0 0.313474 0.279299 0.013674 0.015624
0 0.293943 0.083984 0.013674 0.011717
0 0.774415 0.604493 0.013674 0.013673
0 0.384765 0.645507 0.011720 0.013673
0 0.612304 0.354492 0.013674 0.013673
0 0.509768 0.387696 0.011720 0.013673
0 0.168945 0.069335 0.021485 0.021483
0 0.867185 0.212891 0.011720 0.015624
0 0.132814 0.515624 0.015623 0.015624
0 0.676759 0.806639 0.013674 0.015624
0 0.643554 0.865232 0.017577 0.015624
0 0.766604 0.016601 0.017577 0.017580
0 0.684606 0.687717 0.020220 0.018195
