0 0.381836 0.098631 0.006445 0.006443
0 0.701173 0.901367 0.012894 0.010741
0 0.240233 0.987305 0.012894 0.015039
0 0.271483 0.260743 0.017187 0.015039
0 0.734373 0.120118 0.008591 0.010741
0 0.667968 0.087890 0.012894 0.012890
0 0.624026 0.967774 0.010743 0.010741
0 0.554690 0.923829 0.012894 0.008596
0 0.981443 0.641600 0.023632 0.015039
0 0.314454 0.040038 0.012894 0.010741
0 0.021482 0.519530 0.012894 0.012890
0 0.424806 0.693359 0.015041 0.012890
0 0.477537 0.449220 0.010743 0.012890
0 0.492188 0.899415 0.012894 0.010741
0 0.439452 0.050779 0.017187 0.012890
0 0.509765 0.166015 0.012894 0.012890
0 0.187502 0.287108 0.012894 0.008596
0 0.395510 0.459961 0.010743 0.010741
0 0.092772 0.897460 0.010743 0.010741
0 0.977540 0.095704 0.010743 0.012890
0 0.336916 0.420899 0.015041 0.015039
0 0.795898 0.327150 0.015041 0.015039
0 0.573244 0.767576 0.015041 0.012890
0 0.712893 0.045897 0.012894 0.010741
0 0.799806 0.941405 0.015041 0.012890
0 0.006201 0.942384 0.012402 0.015039
0 0.487303 0.690431 0.010743 0.015039
0 0.995753 0.011717 0.008495 0.012890
0 0.878908 0.008790 0.012894 0.015039
0 0.606444 0.843749 0.010743 0.012890
0 0.917970 0.238280 0.012894 0.012890
0 0.796875 0.018555 0.008591 0.010741
0 0.612306 0.029297 0.015041 0.012890
0 0.541016 0.119142 0.012894 0.012890
0 0.733396 0.716797 0.010743 0.017188
0 0.686522 0.640624 0.015041 0.012890
0 0.492188 0.543944 0.008591 0.006443
0 0.536131 0.530272 0.010743 0.010741
0 0.772463 0.507813 0.015041 0.012890
0 0.741213 0.434571 0.010743 0.010741
0 0.888673 0.570313 0.012894 0.012890
0 0.826172 0.352540 0.012894 0.015039
0 0.995801 0.216798 0.008399 0.012890
0 0.958986 0.203125 0.012894 0.012890
0 0.927735 0.110352 0.012894 0.015039
0 0.614260 0.313478 0.015041 0.015039
0 0.087892 0.252929 0.012894 0.010741
0 0.138674 0.156249 0.017187 0.017188
0 0.283203 0.117187 0.012894 0.012890
0 0.363282 0.007814 0.012894 0.012890
0 0.189451 0.042969 0.017187 0.021483
