0 0.722657 0.134766 0.011720 0.015624
0 0.334960 0.143556 0.005857 0.009766
0 0.502929 0.925781 0.013674 0.011717
0 0.410159 0.338867 0.011720 0.009766
0 0.067382 0.288084 0.013674 0.013673
0 0.293944 0.924805 0.005857 0.009766
0 0.850586 0.068359 0.009766 0.011717
0 0.428713 0.993164 0.009766 0.009766
0 0.931642 0.398436 0.015623 0.011717
0 0.624024 0.375978 0.013674 0.013673
0 0.461913 0.112304 0.009766 0.009766
0 0.539060 0.459961 0.007811 0.009766
0 0.712891 0.260743 0.011720 0.013673
0 0.224608 0.718748 0.015623 0.011717
0 0.602539 0.963867 0.013674 0.009766
0 0.107421 0.066407 0.007811 0.011717
0 0.725588 0.420899 0.013674 0.009766
0 0.534180 0.740235 0.009766 0.015624
0 0.674806 0.032228 0.009766 0.009766
0 0.816404 0.309571 0.011720 0.013673
0 0.530272 0.144532 0.009766 0.011717
0 0.570311 0.530272 0.011720 0.009766
0 0.177734 0.124025 0.011720 0.013673
0 0.306641 0.192384 0.011720 0.013673
0 0.409182 0.867187 0.013674 0.011717
0 0.754885 0.227539 0.009766 0.009766
0 0.288087 0.715821 0.009766 0.013673
0 0.976561 0.943360 0.011720 0.015624
0 0.406250 0.052735 0.011720 0.011717
0 0.960938 0.238280 0.011720 0.011717
0 0.687498 0.592772 0.007811 0.013673
0 0.133787 0.447264 0.009766 0.007814
0 0.779296 0.664062 0.015623 0.011717
0 0.274413 0.475585 0.013674 0.009766
0 0.158203 0.033204 0.011720 0.015624
0 0.233396 0.078124 0.013674 0.015624
0 0.077147 0.142576 0.009766 0.011717
0 0.506837 0.069335 0.013674 0.013673
0 0.791993 0.035155 0.013674 0.011717
0 0.773439 0.120118 0.011720 0.013673
0 0.934568 0.078124 0.009766 0.011717
0 0.191408 0.485351 0.007811 0.005859
0 0.335937 0.554689 0.007811 0.011717
0 0.292967 0.571289 0.011720 0.013673
0 0.487306 0.665038 0.013674 0.009766
0 0.374023 0.791014 0.013674 0.011717
0 0.885740 0.749025 0.009766 0.013673
0 0.358400 0.949219 0.009766 0.011717
0 0.590819 0.041993 0.009766 0.009766
0 0.593750 0.349609 0.015623 0.007814
0 0.937499 0.047852 0.007811 0.005859
0 0.793542 0.239579 0.014155 0.014151
