0 0.246095 0.121096 0.015623 0.015624
0 0.430664 0.304686 0.013674 0.015624
0 0.464846 0.787109 0.011720 0.011717
0 0.624998 0.933593 0.019531 0.015624
0 0.491211 0.960938 0.013674 0.019531
0 0.158205 0.853517 0.011720 0.015624
0 0.473634 0.344728 0.017577 0.021483
0 0.581055 0.543946 0.017577 0.021483
0 0.527342 0.713868 0.015623 0.013673
0 0.329100 0.384766 0.013674 0.011717
0 0.776367 0.227537 0.017577 0.017580
0 0.018556 0.860351 0.013674 0.013673
0 0.707031 0.398438 0.019531 0.015624
0 0.351562 0.167968 0.015623 0.015624
0 0.453126 0.806640 0.015623 0.015624
