0 0.567384 0.740235 0.013674 0.015624
0 0.798826 0.262695 0.015623 0.013673
0 0.724610 0.104494 0.015623 0.017580
0 0.202150 0.572265 0.009766 0.015624
0 0.231447 0.074218 0.013674 0.015624
0 0.230470 0.157225 0.011720 0.013673
0 0.663086 0.086914 0.021485 0.017580
0 0.375976 0.706056 0.013674 0.017580
0 0.973635 0.760742 0.013674 0.013673
0 0.786135 0.771483 0.009766 0.011717
0 0.915041 0.733397 0.013674 0.013673
0 0.504882 0.005860 0.017577 0.011719
0 0.608400 0.216798 0.017577 0.011717
0 0.458986 0.992188 0.011720 0.015624
0 0.126952 0.918946 0.011720 0.013673
0 0.974612 0.637697 0.011720 0.013673
0 0.474609 0.909181 0.011720 0.013673
0 0.479494 0.627931 0.013674 0.017580
0 0.977538 0.671876 0.013674 0.015624
0 0.523436 0.730470 0.011720 0.015624
0 0.510740 0.671876 0.013674 0.007814
0 0.662108 0.125001 0.015623 0.011717
0 0.717776 0.680662 0.013674 0.013673
0 0.981446 0.034180 0.009766 0.017580
0 0.568361 0.235353 0.023439 0.017580
0 0.254881 0.599610 0.013674 0.011717
0 0.578127 0.197267 0.011720 0.011717
0 0.962892 0.442382 0.015623 0.013673
0 0.525391 0.689452 0.015623 0.015624
0 0.298829 0.585938 0.015623 0.015624
0 0.829100 0.175780 0.017577 0.019531
0 0.105466 0.989257 0.011720 0.013673
0 0.189453 0.996094 0.015623 0.007812
0 0.794923 0.379881 0.011720 0.013673
0 0.640623 0.254884 0.007811 0.021483
