0 0.221682 0.857422 0.015041 0.017188
0 0.857420 0.047852 0.012894 0.015039
0 0.651367 0.398436 0.015041 0.012890
0 0.094724 0.411133 0.010743 0.015039
0 0.346680 0.248046 0.015041 0.012890
0 0.758788 0.337892 0.010743 0.017188
0 0.070313 0.695314 0.012894 0.012890
0 0.723634 0.889650 0.010743 0.010741
0 0.184569 0.204101 0.015041 0.010741
0 0.539060 0.733397 0.008591 0.010741
0 0.680663 0.078124 0.015041 0.017188
0 0.543945 0.704100 0.015041 0.010741
0 0.568362 0.630858 0.017187 0.012890
0 0.557619 0.553710 0.010743 0.015039
0 0.263670 0.552734 0.012894 0.012890
0 0.054685 0.316405 0.012894 0.012890
0 0.048828 0.799804 0.012894 0.010741
0 0.198242 0.769532 0.015041 0.012890
0 0.974607 0.297853 0.008591 0.006443
0 0.694337 0.748045 0.015041 0.012890
