0 0.025388 0.258787 0.011720 0.013673
0 0.864260 0.102538 0.013674 0.013673
0 0.735353 0.399412 0.013674 0.013673
0 0.688475 0.182618 0.009766 0.013673
0 0.427736 0.331053 0.015623 0.013673
0 0.880860 0.559572 0.015623 0.013673
0 0.496095 0.186525 0.011720 0.013673
0 0.806639 0.251953 0.011720 0.011717
0 0.808593 0.678710 0.015623 0.013673
0 0.249024 0.121094 0.013674 0.011717
0 0.430662 0.026366 0.013674 0.013673
0 0.246093 0.061525 0.011720 0.009766
0 0.777342 0.122070 0.015623 0.013673
0 0.928711 0.119142 0.013674 0.015624
0 0.598631 0.154297 0.013674 0.015624
0 0.106444 0.236329 0.017577 0.015624
0 0.241213 0.081056 0.013674 0.013673
0 0.405273 0.077149 0.013674 0.013673
0 0.277344 0.152342 0.011720 0.015624
0 0.262693 0.393554 0.017577 0.017580
0 0.350588 0.452147 0.017577 0.013673
0 0.470701 0.473634 0.015623 0.013673
0 0.923830 0.962891 0.011720 0.011717
0 0.913088 0.978515 0.013674 0.015624
