0 0.405275 0.496093 0.013674 0.015624
0 0.823240 0.479493 0.013674 0.013673
0 0.808595 0.256836 0.011720 0.013673
0 0.974609 0.364258 0.015623 0.013673
0 0.595701 0.549803 0.011720 0.009766
0 0.803709 0.350585 0.013674 0.013673
0 0.074218 0.759767 0.015623 0.015624
0 0.496091 0.567383 0.015623 0.013673
0 0.750978 0.979492 0.009766 0.009766
0 0.881834 0.537110 0.013674 0.015624
0 0.825194 0.763674 0.013674 0.015624
0 0.400390 0.737304 0.015623 0.013673
0 0.420898 0.309571 0.013674 0.017580
0 0.483400 0.709959 0.013674 0.013673
0 0.666991 0.125001 0.013674 0.011717
0 0.860353 0.271485 0.013674 0.007814
0 0.549805 0.872071 0.009766 0.009766
0 0.206056 0.031249 0.013674 0.011717
0 0.075195 0.545900 0.013674 0.013673
0 0.129880 0.817384 0.013674 0.017580
0 0.106446 0.624025 0.009766 0.013673
0 0.878908 0.378906 0.011720 0.015624
0 0.985352 0.958009 0.013674 0.013673
0 0.981443 0.215819 0.013674 0.013673
0 0.838868 0.206053 0.013674 0.013673
0 0.946289 0.570314 0.013674 0.015624
0 0.301757 0.702149 0.013674 0.013673
0 0.652346 0.501951 0.015623 0.015624
0 0.691408 0.899416 0.015623 0.013673
0 0.235352 0.967775 0.013674 0.013673
0 0.311523 0.262695 0.013674 0.013673
0 0.723631 0.615235 0.013674 0.015624
0 0.353516 0.607421 0.015623 0.015624
0 0.925781 0.496093 0.015623 0.015624
0 0.681642 0.073242 0.015623 0.017580
0 0.376956 0.589845 0.015623 0.011717
0 0.166016 0.761718 0.015623 0.015624
0 0.751955 0.569334 0.011720 0.013673
0 0.095703 0.125977 0.015623 0.017580
0 0.041013 0.493165 0.015623 0.013673
0 0.225587 0.305664 0.013674 0.013673
0 0.677734 0.414061 0.011720 0.015624
0 0.576170 0.458986 0.015623 0.015624
0 0.526365 0.491210 0.013674 0.013673
0 0.531251 0.230467 0.015623 0.015624
0 0.611329 0.201170 0.015623 0.015624
0 0.562501 0.020508 0.011720 0.017580
0 0.300780 0.125001 0.015623 0.007814
0 0.288083 0.113280 0.017577 0.011717
0 0.954101 0.885743 0.013674 0.017580
0 0.584959 0.021483 0.013674 0.015624
0 0.009767 0.452148 0.015623 0.017580
0 0.708949 0.991589 0.016175 0.016175
