0 0.278320 0.753908 0.013674 0.011717
0 0.908202 0.884767 0.015623 0.011717
0 0.710936 0.557617 0.011720 0.013673
0 0.583984 0.047852 0.011720 0.013673
0 0.946287 0.794922 0.009766 0.011717
0 0.695313 0.018556 0.015623 0.013673
0 0.854494 0.448240 0.017577 0.009766
0 0.956052 0.542969 0.013674 0.015624
0 0.536133 0.337892 0.017577 0.015624
0 0.639646 0.145508 0.013674 0.013673
0 0.671874 0.106446 0.011720 0.013673
0 0.402341 0.041014 0.015623 0.015624
0 0.063478 0.741211 0.013674 0.013673
0 0.849608 0.894533 0.015623 0.015624
0 0.766604 0.492189 0.013674 0.015624
0 0.841797 0.554686 0.011720 0.015624
0 0.906248 0.774415 0.015623 0.013673
0 0.961915 0.124025 0.013674 0.017580
0 0.679685 0.385744 0.015623 0.013673
0 0.920898 0.612303 0.013674 0.013673
0 0.368165 0.159181 0.013674 0.017580
