0 0.869139 0.589843 0.015623 0.011717
0 0.007811 0.174806 0.015622 0.017580
0 0.184568 0.594725 0.009766 0.013673
0 0.787112 0.538087 0.011720 0.013673
0 0.544922 0.619139 0.011720 0.011717
0 0.414061 0.381835 0.015623 0.013673
0 0.542968 0.694336 0.015623 0.013673
0 0.236327 0.777344 0.011720 0.011717
0 0.215819 0.570311 0.013674 0.015624
0 0.703125 0.576170 0.015623 0.011717
0 0.122071 0.083009 0.013674 0.013673
0 0.344725 0.917969 0.017577 0.015624
0 0.848631 0.508791 0.013674 0.013673
0 0.107420 0.207030 0.015623 0.015624
0 0.038085 0.639650 0.013674 0.013673
0 0.343748 0.349610 0.011720 0.011717
0 0.979492 0.536132 0.013674 0.013673
0 0.015627 0.813475 0.015623 0.013673
0 0.024416 0.908203 0.013674 0.015624
0 0.976561 0.671874 0.011720 0.015624
0 0.835940 0.638670 0.015623 0.015624
0 0.387696 0.243165 0.009766 0.013673
0 0.903321 0.606446 0.013674 0.013673
0 0.498048 0.413087 0.015623 0.013673
0 0.636720 0.525391 0.011720 0.015624
0 0.877928 0.833010 0.013674 0.013673
0 0.805666 0.259765 0.013674 0.011717
0 0.281252 0.707033 0.031251 0.031248
0 0.608400 0.916017 0.013674 0.015624
0 0.525391 0.352538 0.015623 0.017580
0 0.715822 0.181641 0.013674 0.015624
0 0.841797 0.911134 0.015623 0.013673
0 0.445312 0.255858 0.015623 0.015624
0 0.442381 0.494142 0.013674 0.015624
0 0.607423 0.138671 0.011720 0.015624
0 0.271486 0.448242 0.011720 0.009766
0 0.920898 0.323241 0.017577 0.013673
0 0.805666 0.924803 0.013674 0.013673
0 0.248047 0.855468 0.015623 0.015624
0 0.318993 0.443203 0.014104 0.018810
