0 0.226564 0.331054 0.011720 0.013673
0 0.959963 0.592772 0.013674 0.013673
0 0.280272 0.318361 0.013674 0.015624
0 0.595701 0.473634 0.015623 0.017580
0 0.329100 0.332033 0.013674 0.015624
0 0.875976 0.554686 0.013674 0.011717
0 0.018556 0.201170 0.013674 0.015624
0 0.761721 0.479492 0.015623 0.017580
0 0.294923 0.276367 0.015623 0.013673
0 0.298826 0.467775 0.015623 0.013673
0 0.251952 0.257812 0.015623 0.015624
0 0.055664 0.229491 0.013674 0.013673
0 0.352539 0.273436 0.013674 0.011717
0 0.359374 0.287108 0.015623 0.015624
0 0.246095 0.303712 0.015623 0.013673
0 0.931639 0.500975 0.015623 0.017580
