0 0.724609 0.587890 0.011720 0.015624
0 0.109373 0.651366 0.011720 0.013673
0 0.408202 0.329102 0.011720 0.013673
0 0.753905 0.118163 0.015623 0.013673
0 0.099608 0.355468 0.015623 0.011717
0 0.250976 0.011718 0.013674 0.011717
0 0.736328 0.493165 0.011720 0.013673
0 0.249022 0.408203 0.013674 0.015624
0 0.957033 0.859374 0.011720 0.015624
0 0.570314 0.218750 0.015623 0.015624
0 0.003906 0.988282 0.007812 0.011717
0 0.651369 0.165039 0.013674 0.009766
0 0.576171 0.630859 0.015623 0.015624
0 0.382814 0.373047 0.015623 0.015624
0 0.055665 0.453123 0.017577 0.023438
0 0.142578 0.367189 0.015623 0.015624
0 0.156252 0.071291 0.015623 0.009766
0 0.190429 0.145508 0.013674 0.013673
0 0.172852 0.153318 0.013674 0.009766
0 0.539063 0.150391 0.015623 0.015624
0 0.699220 0.408203 0.015623 0.015624
0 0.288084 0.176757 0.013674 0.017580
