0 0.179688 0.920898 0.011720 0.017580
0 0.112306 0.825194 0.009766 0.013673
0 0.854494 0.686525 0.013674 0.013673
0 0.479494 0.483400 0.013674 0.013673
0 0.216796 0.524413 0.015623 0.013673
0 0.354491 0.718749 0.013674 0.011717
0 0.157225 0.127929 0.009766 0.013673
0 0.153322 0.449220 0.013674 0.011717
0 0.678708 0.601562 0.013674 0.011717
0 0.103517 0.864256 0.015623 0.013673
0 0.493163 0.580079 0.009766 0.015624
0 0.092775 0.347657 0.013674 0.011717
0 0.591795 0.689452 0.015623 0.015624
0 0.857420 0.531252 0.011720 0.015624
0 0.104494 0.727539 0.013674 0.009766
0 0.710936 0.895509 0.011720 0.013673
0 0.735353 0.576172 0.013674 0.015624
0 0.137694 0.236329 0.013674 0.011717
0 0.356445 0.679687 0.013674 0.007814
0 0.714845 0.452147 0.015623 0.013673
0 0.520505 0.114256 0.013674 0.017580
0 0.782226 0.088866 0.009766 0.013673
0 0.968749 0.581055 0.011720 0.013673
0 0.901367 0.875002 0.009766 0.011717
0 0.098632 0.439455 0.013674 0.015624
0 0.271486 0.737304 0.011720 0.013673
0 0.444335 0.540038 0.013674 0.013673
0 0.362302 0.073242 0.013674 0.017580
0 0.900390 0.220701 0.011720 0.015624
0 0.444335 0.355468 0.013674 0.015624
0 0.295897 0.501955 0.013674 0.015624
0 0.330079 0.793946 0.015623 0.013673
0 0.647463 0.521486 0.013674 0.015624
0 0.130860 0.662111 0.015623 0.015624
0 0.844728 0.116211 0.013674 0.017580
0 0.608400 0.317381 0.013674 0.013673
0 0.947264 0.528320 0.011720 0.013673
0 0.767581 0.536134 0.015623 0.017580
0 0.202150 0.129884 0.013674 0.017580
0 0.373045 0.143556 0.015623 0.017580
0 0.488283 0.060545 0.015623 0.015624
0 0.525391 0.537110 0.015623 0.015624
0 0.917967 0.292967 0.015623 0.015624
0 0.659886 0.217322 0.015674 0.018810
