0 0.658202 0.546876 0.015623 0.015624
0 0.810548 0.818360 0.015623 0.015624
0 0.372069 0.873046 0.013674 0.015624
0 0.068360 0.859374 0.015623 0.015624
0 0.979493 0.825194 0.009766 0.013673
0 0.109376 0.083008 0.011720 0.009766
0 0.458010 0.520506 0.013674 0.009766
0 0.345704 0.106446 0.015623 0.013673
0 0.355469 0.542969 0.015623 0.015624
0 0.970705 0.864256 0.015623 0.013673
0 0.686521 0.323244 0.021485 0.021483
0 0.536135 0.947264 0.013674 0.011717
0 0.217774 0.800780 0.013674 0.015624
0 0.859375 0.496093 0.011720 0.015624
0 0.672853 0.116211 0.013674 0.013673
0 0.959962 0.347657 0.013674 0.011717
0 0.536135 0.701173 0.013674 0.015624
0 0.315430 0.988281 0.013674 0.015624
0 0.625002 0.602538 0.011720 0.013673
0 0.124022 0.680662 0.009766 0.013673
0 0.971682 0.727539 0.013674 0.009766
0 0.187501 0.321288 0.011720 0.009766
0 0.798828 0.746094 0.015623 0.015624
0 0.434571 0.027345 0.013674 0.015624
0 0.530272 0.622069 0.013674 0.013673
0 0.663087 0.504882 0.013674 0.013673
0 0.190432 0.924805 0.013674 0.013673
0 0.296876 0.510741 0.011720 0.013673
0 0.965820 0.439455 0.013674 0.015624
0 0.526369 0.372071 0.013674 0.013673
0 0.504884 0.012697 0.009766 0.013673
0 0.113279 0.727539 0.015623 0.013673
0 0.372069 0.430665 0.013674 0.017580
0 0.995118 0.662111 0.009764 0.015624
0 0.448245 0.814453 0.013674 0.015624
0 0.761720 0.663087 0.015623 0.013673
0 0.604494 0.200194 0.013674 0.013673
0 0.444336 0.946288 0.013674 0.017580
0 0.049806 0.419923 0.013674 0.015624
0 0.358401 0.931640 0.013674 0.015624
0 0.202146 0.900391 0.017577 0.015624
