0 0.233397 0.689452 0.017577 0.015624
0 0.413086 0.690428 0.017577 0.013673
0 0.392577 0.039063 0.015623 0.011717
0 0.846679 0.846681 0.013674 0.013673
0 0.627928 0.170898 0.013674 0.013673
0 0.428709 0.827150 0.013674 0.013673
0 0.138673 0.569334 0.015623 0.013673
0 0.671876 0.206053 0.015623 0.013673
0 0.732423 0.120118 0.015623 0.009766
0 0.297853 0.005860 0.013674 0.011719
0 0.110353 0.784180 0.013674 0.013673
0 0.416994 0.315430 0.013674 0.013673
0 0.155273 0.043945 0.013674 0.013673
0 0.302733 0.620117 0.011720 0.013673
0 0.698241 0.378906 0.013674 0.015624
0 0.854490 0.632814 0.013674 0.015624
0 0.134765 0.163088 0.011720 0.013673
0 0.215820 0.225584 0.013674 0.013673
0 0.374023 0.383789 0.021485 0.017580
0 0.482422 0.755859 0.015623 0.015624
0 0.394532 0.931640 0.015623 0.015624
0 0.994139 0.120118 0.011720 0.013673
0 0.225586 0.416016 0.013674 0.015624
0 0.972654 0.190429 0.011720 0.013673
