0 0.023439 0.444337 0.011720 0.013673
0 0.832032 0.818360 0.011720 0.011717
0 0.145506 0.679687 0.009766 0.011717
0 0.463867 0.945312 0.013674 0.015624
0 0.131838 0.080076 0.009766 0.011717
0 0.990235 0.728514 0.015623 0.011717
0 0.133787 0.726563 0.013674 0.011717
0 0.820312 0.744142 0.015623 0.015624
0 0.695314 0.116211 0.011720 0.013673
0 0.644532 0.601562 0.011720 0.011717
0 0.782227 0.663087 0.013674 0.013673
0 0.335937 0.986330 0.015623 0.015624
0 0.089844 0.856446 0.015623 0.017580
0 0.208985 0.320312 0.011720 0.011717
0 0.368165 0.106446 0.013674 0.013673
0 0.375977 0.541017 0.013674 0.015624
0 0.678709 0.547852 0.013674 0.013673
0 0.881837 0.495117 0.017577 0.013673
0 0.527345 0.011718 0.011720 0.011717
0 0.982424 0.348633 0.011720 0.013673
0 0.683594 0.503906 0.015623 0.015624
0 0.548826 0.371096 0.015623 0.015624
0 0.708983 0.322264 0.019531 0.019531
0 0.072267 0.417968 0.015623 0.015624
0 0.456055 0.025390 0.013674 0.015624
0 0.210939 0.922850 0.011720 0.013673
0 0.007811 0.353516 0.011720 0.015624
0 0.480467 0.520506 0.015623 0.013673
0 0.317383 0.508789 0.017577 0.017580
0 0.627927 0.200194 0.013674 0.013673
0 0.392577 0.871095 0.015623 0.011717
0 0.555665 0.944336 0.013674 0.017580
0 0.557619 0.700194 0.013674 0.013673
0 0.377931 0.930664 0.017577 0.013673
0 0.470701 0.813477 0.015623 0.017580
0 0.237305 0.799805 0.013674 0.017580
0 0.394531 0.428709 0.015623 0.017580
0 0.989258 0.864256 0.017577 0.017580
0 0.989258 0.440430 0.013674 0.013673
0 0.552734 0.621093 0.015623 0.015624
