0 0.139649 0.160158 0.009766 0.015624
0 0.413085 0.189455 0.013674 0.015624
0 0.698240 0.023436 0.013674 0.015624
0 0.365234 0.276369 0.011720 0.013673
0 0.136718 0.675781 0.011720 0.015624
0 0.405273 0.402345 0.013674 0.015624
0 0.559568 0.267579 0.013674 0.015624
0 0.878905 0.810547 0.015623 0.011717
0 0.504883 0.065430 0.013674 0.017580
0 0.462889 0.708009 0.011720 0.013673
0 0.281252 0.006836 0.011720 0.013672
0 0.264647 0.085937 0.021485 0.035155
0 0.273435 0.127930 0.019531 0.033204
0 0.333006 0.407228 0.013674 0.013673
0 0.454101 0.607422 0.013674 0.015624
0 0.277344 0.688478 0.019531 0.017580
0 0.192385 0.646484 0.013674 0.011717
