0 0.653321 0.645507 0.010743 0.010741
0 0.456055 0.764649 0.010743 0.010741
0 0.221682 0.058594 0.015041 0.017188
0 0.219728 0.767576 0.015041 0.012890
0 0.690429 0.593752 0.010743 0.012890
0 0.917968 0.599610 0.008591 0.012890
0 0.734376 0.931639 0.012894 0.012890
0 0.042971 0.539062 0.017187 0.012890
0 0.362303 0.729494 0.010743 0.015039
0 0.030274 0.713866 0.015041 0.015039
0 0.538088 0.574221 0.010743 0.012890
0 0.690429 0.439454 0.015041 0.012890
0 0.691406 0.895508 0.012894 0.010741
0 0.653321 0.562500 0.010743 0.008596
0 0.723634 0.090821 0.010743 0.010741
0 0.795901 0.848632 0.015041 0.010741
0 0.430662 0.601562 0.010743 0.008596
0 0.281252 0.950195 0.012894 0.010741
0 0.200197 0.887694 0.015041 0.010741
0 0.139649 0.579103 0.010743 0.015039
0 0.048828 0.003173 0.012894 0.006347
0 0.039062 0.335936 0.017187 0.017188
0 0.791016 0.540037 0.012894 0.010741
0 0.749022 0.624024 0.015041 0.015039
