0 0.771484 0.005860 0.011720 0.011720
0 0.858397 0.343751 0.017577 0.015624
0 0.139649 0.560548 0.009766 0.015624
0 0.413085 0.589845 0.013674 0.015624
0 0.698240 0.423827 0.013674 0.015624
0 0.365234 0.676759 0.011720 0.013673
0 0.405273 0.802736 0.013674 0.015624
0 0.559568 0.667970 0.013674 0.015624
0 0.699217 0.024415 0.015623 0.013673
0 0.208985 0.024415 0.019531 0.017580
0 0.504883 0.465820 0.013674 0.017580
0 0.388673 0.107422 0.015623 0.015624
0 0.666017 0.189453 0.019531 0.015624
0 0.834963 0.386720 0.013674 0.015624
0 0.335937 0.082032 0.011720 0.011717
0 0.051759 0.016601 0.013674 0.013673
0 0.078124 0.039063 0.015623 0.015624
0 0.274413 0.355468 0.017577 0.023438
0 0.313475 0.387696 0.009766 0.013673
0 0.281252 0.407227 0.011720 0.013673
0 0.264647 0.486327 0.021485 0.035155
0 0.273435 0.528321 0.019531 0.033204
0 0.549802 0.372072 0.017577 0.017580
0 0.591796 0.383789 0.011720 0.013673
0 0.988281 0.162108 0.015623 0.015624
0 0.324217 0.058594 0.015623 0.011717
0 0.320314 0.077149 0.011720 0.017580
0 0.333006 0.807619 0.013674 0.013673
0 0.604493 0.087891 0.017577 0.019531
0 0.637698 0.161132 0.013674 0.017580
0 0.619138 0.166991 0.011720 0.017580
