0 0.625978 0.110353 0.013674 0.013673
0 0.658201 0.917967 0.015623 0.011717
0 0.336914 0.510741 0.013674 0.013673
0 0.112306 0.911133 0.013674 0.009766
0 0.620115 0.759766 0.013674 0.015624
0 0.231447 0.024414 0.013674 0.017580
0 0.097655 0.580079 0.011720 0.015624
0 0.098632 0.433592 0.013674 0.011717
0 0.211916 0.556641 0.013674 0.011717
0 0.535157 0.521486 0.011720 0.011717
0 0.884768 0.087890 0.011720 0.015624
0 0.531248 0.401368 0.011720 0.009766
0 0.731445 0.619142 0.013674 0.015624
0 0.107421 0.860353 0.015623 0.013673
0 0.782227 0.282226 0.013674 0.013673
0 0.883791 0.498048 0.013674 0.015624
0 0.247070 0.504882 0.009766 0.013673
0 0.616212 0.486327 0.017577 0.015624
0 0.660155 0.263671 0.015623 0.015624
0 0.318360 0.944336 0.015623 0.017580
0 0.712891 0.156249 0.011720 0.015624
0 0.842774 0.577148 0.013674 0.013673
0 0.387023 0.295728 0.020220 0.018195
