0 0.557619 0.110353 0.013674 0.013673
0 0.589841 0.917967 0.015623 0.011717
0 0.268555 0.510741 0.013674 0.013673
0 0.043947 0.911133 0.013674 0.009766
0 0.551756 0.759766 0.013674 0.015624
0 0.163088 0.024414 0.013674 0.017580
0 0.029296 0.580079 0.011720 0.015624
0 0.030273 0.433592 0.013674 0.011717
0 0.143557 0.556641 0.013674 0.011717
0 0.466797 0.521486 0.011720 0.011717
0 0.816408 0.087890 0.011720 0.015624
0 0.462889 0.401368 0.011720 0.009766
0 0.663086 0.619142 0.013674 0.015624
0 0.039062 0.860353 0.015623 0.013673
0 0.713868 0.282226 0.013674 0.013673
0 0.815431 0.498048 0.013674 0.015624
0 0.178711 0.504882 0.009766 0.013673
0 0.547853 0.486327 0.017577 0.015624
0 0.591795 0.263671 0.015623 0.015624
0 0.250001 0.944336 0.015623 0.017580
0 0.644532 0.156249 0.011720 0.015624
0 0.774415 0.577148 0.013674 0.013673
0 0.318663 0.295728 0.020220 0.018195
0 0.981805 0.178465 0.016175 0.018195
0 0.976748 0.195650 0.014155 0.012131
