0 0.151367 0.590822 0.013674 0.017580
0 0.118162 0.638670 0.013674 0.015624
0 0.123047 0.911134 0.011720 0.013673
0 0.609376 0.623046 0.015623 0.011717
0 0.158201 0.832030 0.011720 0.011717
0 0.709963 0.039064 0.013674 0.011717
0 0.069334 0.537108 0.013674 0.015624
0 0.324221 0.699219 0.011720 0.011717
0 0.468750 0.036133 0.011720 0.013673
0 0.957033 0.853517 0.011720 0.015624
0 0.403322 0.811523 0.013674 0.013673
0 0.279296 0.887696 0.011720 0.013673
0 0.091796 0.260741 0.011720 0.013673
0 0.132813 0.508791 0.011720 0.013673
0 0.346678 0.176758 0.013674 0.013673
0 0.416991 0.152344 0.013674 0.011717
0 0.320312 0.976562 0.011720 0.011717
0 0.085939 0.923827 0.015623 0.011717
0 0.258788 0.669922 0.013674 0.015624
0 0.204103 0.324217 0.017577 0.015624
0 0.817384 0.860351 0.013674 0.013673
0 0.483401 0.284179 0.013674 0.013673
0 0.188475 0.606446 0.013674 0.017580
0 0.775391 0.155275 0.015623 0.017580
0 0.260742 0.536132 0.013674 0.017580
0 0.304690 0.470704 0.011720 0.011717
0 0.388671 0.496094 0.011720 0.011717
0 0.464543 0.298448 0.016175 0.016175
