0 0.703125 0.005860 0.011720 0.011720
0 0.790038 0.343751 0.017577 0.015624
0 0.071289 0.560548 0.009766 0.015624
0 0.344725 0.589845 0.013674 0.015624
0 0.629881 0.423827 0.013674 0.015624
0 0.296874 0.676759 0.011720 0.013673
0 0.952149 0.230467 0.013674 0.011717
0 0.336914 0.802736 0.013674 0.015624
0 0.491209 0.667970 0.013674 0.015624
0 0.630858 0.024415 0.015623 0.013673
0 0.961915 0.644532 0.013674 0.015624
0 0.140625 0.024415 0.019531 0.017580
0 0.436523 0.465820 0.013674 0.017580
0 0.320314 0.107422 0.015623 0.015624
0 0.597658 0.189453 0.019531 0.015624
0 0.766604 0.386720 0.013674 0.015624
0 0.267578 0.082032 0.011720 0.011717
0 0.009765 0.039063 0.015623 0.015624
0 0.206053 0.355468 0.017577 0.023438
0 0.245115 0.387696 0.009766 0.013673
0 0.212893 0.407227 0.011720 0.013673
0 0.196288 0.486327 0.021485 0.035155
0 0.205076 0.528321 0.019531 0.033204
0 0.481443 0.372072 0.017577 0.017580
0 0.523436 0.383789 0.011720 0.013673
0 0.919921 0.162108 0.015623 0.015624
0 0.255858 0.058594 0.015623 0.011717
0 0.251955 0.077149 0.011720 0.017580
0 0.264647 0.807619 0.013674 0.013673
0 0.536133 0.087891 0.017577 0.019531
0 0.569338 0.161132 0.013674 0.017580
0 0.550779 0.166991 0.011720 0.017580
