0 0.603514 0.595704 0.012894 0.012890
0 0.272462 0.677735 0.010743 0.012890
0 0.768556 0.198243 0.015041 0.015039
0 0.394534 0.283202 0.012894 0.012890
0 0.707032 0.232422 0.017187 0.017188
0 0.092773 0.748046 0.015041 0.012890
0 0.648438 0.437499 0.012894 0.008596
0 0.355466 0.293947 0.008591 0.015039
0 0.291016 0.155274 0.017187 0.015039
0 0.994824 0.829101 0.010352 0.010741
0 0.611330 0.039063 0.017187 0.012890
0 0.431642 0.499024 0.012894 0.010741
0 0.739260 0.784180 0.015041 0.015039
0 0.698243 0.007177 0.015041 0.014354
0 0.065431 0.265626 0.015041 0.012890
0 0.143555 0.163088 0.023632 0.023632
0 0.190429 0.941405 0.015041 0.012890
0 0.736328 0.991797 0.012894 0.016406
0 0.565631 0.698060 0.016175 0.018195
