0 0.746092 0.430662 0.011720 0.013673
0 0.249025 0.644533 0.013674 0.015624
0 0.928711 0.005860 0.013674 0.011721
0 0.553712 0.723633 0.013674 0.013673
0 0.639648 0.492187 0.013674 0.015624
0 0.708007 0.983400 0.013674 0.013673
0 0.541992 0.646484 0.013674 0.011717
0 0.030275 0.887696 0.013674 0.013673
0 0.181638 0.860351 0.011720 0.009766
0 0.930665 0.090819 0.013674 0.013673
0 0.527346 0.794923 0.015623 0.011717
0 0.053709 0.784178 0.013674 0.013673
0 0.081056 0.500977 0.013674 0.013673
0 0.844724 0.141603 0.013674 0.017580
0 0.170901 0.294920 0.013674 0.011717
0 0.206055 0.946289 0.017577 0.017580
0 0.667967 0.168944 0.015623 0.017580
0 0.246094 0.045898 0.015623 0.017580
0 0.931643 0.512694 0.011720 0.009766
0 0.333007 0.341797 0.021485 0.031248
0 0.040040 0.407228 0.013674 0.013673
0 0.679687 0.840820 0.015623 0.013673
0 0.522461 0.826171 0.013674 0.015624
