0 0.326171 0.321290 0.012894 0.015039
0 0.105466 0.211913 0.012894 0.015039
0 0.495117 0.310548 0.010743 0.017188
0 0.181642 0.004199 0.012894 0.008399
0 0.420901 0.331055 0.010743 0.015039
0 0.815431 0.313476 0.015041 0.010741
0 0.672851 0.371093 0.015041 0.012890
0 0.137694 0.464842 0.010743 0.012890
0 0.398438 0.573243 0.012894 0.010741
0 0.313474 0.291993 0.010743 0.010741
0 0.600584 0.080078 0.010743 0.012890
0 0.262697 0.441408 0.015041 0.017188
0 0.104494 0.416014 0.015041 0.012890
0 0.171876 0.321290 0.017187 0.015039
0 0.010742 0.081054 0.006445 0.010741
0 0.062501 0.135744 0.012894 0.015039
0 0.332034 0.549805 0.017187 0.015039
0 0.021485 0.448242 0.012894 0.015039
0 0.138671 0.331055 0.017187 0.015039
0 0.273435 0.304686 0.017187 0.017188
0 0.257812 0.308593 0.012894 0.012890
0 0.075198 0.237307 0.015041 0.015039
0 0.069335 0.255858 0.015041 0.017188
0 0.386719 0.366210 0.012894 0.015039
0 0.166014 0.529298 0.012894 0.017188
0 0.002051 0.277345 0.004102 0.004298
