0 0.271482 0.991213 0.011720 0.013673
0 0.250002 0.577148 0.015623 0.017580
0 0.715818 0.896484 0.013674 0.011717
0 0.462891 0.462889 0.015623 0.015624
0 0.312499 0.473634 0.011720 0.013673
0 0.249025 0.939454 0.013674 0.015624
0 0.355469 0.995118 0.011720 0.009763
0 0.460936 0.193360 0.011720 0.015624
0 0.371092 0.793946 0.011720 0.013673
0 0.367189 0.251953 0.015623 0.015624
0 0.510741 0.860353 0.013674 0.013673
0 0.436525 0.421875 0.013674 0.015624
0 0.638671 0.689452 0.015623 0.015624
0 0.522461 0.708007 0.013674 0.017580
0 0.443359 0.994142 0.015623 0.011717
0 0.850587 0.815429 0.013674 0.013673
0 0.876952 0.837891 0.015623 0.015624
0 0.080079 0.381837 0.019531 0.017580
0 0.023435 0.439455 0.015623 0.015624
0 0.170901 0.392578 0.009766 0.015624
0 0.073240 0.535155 0.013674 0.023438
0 0.404297 0.211915 0.019531 0.017580
0 0.243163 0.347657 0.009766 0.015624
0 0.229494 0.353516 0.009766 0.011717
0 0.215820 0.359375 0.009766 0.011717
0 0.201169 0.368164 0.011720 0.009766
0 0.188478 0.375978 0.013674 0.013673
0 0.206055 0.888670 0.013674 0.015624
0 0.994140 0.094725 0.011721 0.013673
0 0.039838 0.717321 0.026502 0.011592
