0 0.939453 0.944338 0.011720 0.013673
0 0.284178 0.750978 0.013674 0.009766
0 0.192385 0.863282 0.013674 0.011717
0 0.308595 0.467773 0.015623 0.013673
0 0.261721 0.856444 0.011720 0.009766
0 0.561522 0.303710 0.017577 0.021483
0 0.972658 0.391600 0.011720 0.009766
0 0.131838 0.333007 0.013674 0.013673
0 0.140626 0.233400 0.011720 0.009766
0 0.771485 0.607422 0.015623 0.015624
0 0.436524 0.912110 0.017577 0.015624
0 0.268556 0.374024 0.013674 0.013673
0 0.071290 0.895506 0.013674 0.013673
0 0.867186 0.452149 0.015623 0.013673
0 0.104490 0.197265 0.013674 0.011717
0 0.758788 0.757813 0.013674 0.011717
0 0.413085 0.824220 0.013674 0.011717
0 0.477541 0.607422 0.017577 0.015624
0 0.399416 0.260741 0.013674 0.013673
0 0.950196 0.824220 0.017577 0.011717
0 0.752930 0.787109 0.013674 0.011717
0 0.783635 0.684199 0.017790 0.021027
0 0.912222 0.800653 0.019410 0.021027
0 0.193281 0.700373 0.017790 0.017792
