0 0.891602 0.598635 0.009766 0.013673
0 0.886716 0.101563 0.011720 0.015624
0 0.703125 0.803712 0.011720 0.013673
0 0.821289 0.068359 0.013674 0.011717
0 0.696290 0.751953 0.013674 0.015624
0 0.756838 0.556641 0.013674 0.015624
0 0.630858 0.823243 0.015623 0.013673
0 0.417969 0.027345 0.015623 0.015624
0 0.393553 0.332030 0.017577 0.015624
0 0.635743 0.472654 0.013674 0.015624
0 0.140625 0.823243 0.019531 0.017580
0 0.777346 0.406251 0.011720 0.011717
0 0.709959 0.002929 0.013674 0.005859
0 0.320314 0.906250 0.015623 0.015624
0 0.597658 0.988281 0.019531 0.015624
0 0.300783 0.789063 0.015623 0.011717
0 0.519533 0.112304 0.011720 0.013673
0 0.267578 0.880860 0.011720 0.011717
0 0.755861 0.444337 0.011720 0.013673
0 0.009765 0.837891 0.015623 0.015624
0 0.919921 0.960936 0.015623 0.015624
0 0.804689 0.793946 0.015623 0.017580
0 0.406250 0.682618 0.015623 0.013673
0 0.255858 0.857422 0.015623 0.011717
0 0.251955 0.875977 0.011720 0.017580
0 0.536133 0.886719 0.017577 0.019531
0 0.569338 0.959961 0.013674 0.017580
0 0.961915 0.549803 0.013674 0.017580
0 0.846682 0.358399 0.009766 0.009766
0 0.770507 0.161132 0.013674 0.013673
0 0.749999 0.136718 0.011720 0.007814
0 0.775392 0.239257 0.015623 0.017580
0 0.553710 0.136718 0.013674 0.015624
0 0.289063 0.218750 0.015623 0.015624
0 0.127929 0.094725 0.013674 0.013673
0 0.550779 0.965819 0.011720 0.017580
0 0.693704 0.362446 0.014155 0.010107
