0 0.712891 0.362305 0.011720 0.013673
0 0.295898 0.217774 0.013674 0.013673
0 0.729491 0.704100 0.013674 0.013673
0 0.972658 0.546875 0.007811 0.015624
0 0.401365 0.582031 0.013674 0.011717
0 0.635743 0.264650 0.013674 0.013673
0 0.224608 0.651365 0.011720 0.017580
0 0.889648 0.584962 0.009766 0.013673
0 0.193357 0.185546 0.015623 0.019531
0 0.506837 0.458009 0.013674 0.013673
0 0.824220 0.537110 0.011720 0.011717
0 0.795901 0.147459 0.013674 0.013673
0 0.308595 0.092773 0.011720 0.013673
0 0.530271 0.361330 0.009766 0.015624
0 0.575196 0.251953 0.013674 0.011717
0 0.372068 0.606444 0.009766 0.013673
0 0.531248 0.929688 0.007811 0.011717
0 0.684571 0.423830 0.013674 0.011717
0 0.050782 0.950195 0.015623 0.017580
0 0.129883 0.550782 0.017577 0.019531
0 0.421873 0.788087 0.015623 0.017580
0 0.433593 0.867187 0.015623 0.019531
0 0.793947 0.925781 0.013674 0.015624
0 0.094724 0.977540 0.013674 0.013673
0 0.208008 0.919922 0.013674 0.011717
0 0.280275 0.994140 0.017577 0.011719
0 0.731445 0.629883 0.017577 0.017580
0 0.992189 0.934570 0.015622 0.017580
0 0.184568 0.321288 0.009766 0.013673
0 0.041993 0.220705 0.013674 0.015624
0 0.904299 0.191408 0.015623 0.019531
0 0.993165 0.268553 0.013671 0.017580
0 0.199002 0.822859 0.016175 0.016175
0 0.600929 0.392221 0.016175 0.021027
