0 0.688476 0.147461 0.010743 0.015039
0 0.972654 0.211913 0.012894 0.015039
0 0.400389 0.318358 0.012894 0.012890
0 0.726561 0.239258 0.012894 0.010741
0 0.412109 0.108399 0.008591 0.015039
0 0.749023 0.273438 0.015041 0.012890
0 0.335938 0.114257 0.012894 0.010741
0 0.058594 0.074219 0.012894 0.017188
0 0.636716 0.320314 0.012894 0.017188
0 0.179689 0.543946 0.008591 0.015039
0 0.712892 0.033202 0.012894 0.008596
0 0.280271 0.272462 0.010743 0.019337
0 0.321287 0.066405 0.010743 0.008596
0 0.971682 0.416014 0.015041 0.012890
0 0.424805 0.174806 0.010743 0.015039
0 0.552735 0.209961 0.012894 0.015039
0 0.877929 0.081054 0.006445 0.010741
0 0.203124 0.190430 0.012894 0.010741
0 0.377932 0.170899 0.010743 0.015039
0 0.323241 0.508791 0.015041 0.015039
0 0.929688 0.135744 0.012894 0.015039
0 0.249025 0.104492 0.015041 0.006443
0 0.854490 0.077147 0.010743 0.010741
0 0.121096 0.032226 0.012894 0.010741
0 0.762697 0.095702 0.015041 0.012890
0 0.888672 0.448242 0.012894 0.015039
0 0.942385 0.237307 0.015041 0.015039
0 0.936523 0.255858 0.015041 0.017188
0 0.841798 0.287110 0.012894 0.012890
0 0.821290 0.085937 0.015041 0.012890
0 0.675779 0.053712 0.012894 0.019337
0 0.291991 0.749999 0.015041 0.012890
0 0.238283 0.133789 0.012894 0.010741
0 0.206055 0.173827 0.015041 0.012890
0 0.869141 0.277345 0.004298 0.004298
