0 0.777346 0.466796 0.012894 0.012890
0 0.544922 0.312498 0.012894 0.008596
0 0.509768 0.915040 0.012894 0.015039
0 0.728513 0.501955 0.004298 0.012890
0 0.738279 0.643556 0.008591 0.015039
0 0.097655 0.991797 0.012894 0.016406
0 0.191407 0.247071 0.008591 0.010741
0 0.785158 0.358399 0.012894 0.010741
0 0.255858 0.163088 0.012894 0.015039
0 0.653320 0.906250 0.015041 0.017188
0 0.591795 0.520506 0.008591 0.010741
0 0.870116 0.398437 0.015041 0.012890
0 0.478517 0.078125 0.017187 0.012890
0 0.781249 0.778322 0.008591 0.015039
0 0.916013 0.884767 0.012894 0.017188
0 0.818358 0.387696 0.008591 0.010741
0 0.101563 0.266602 0.012894 0.010741
0 0.024416 0.061525 0.015041 0.010741
0 0.714845 0.493165 0.012894 0.015039
0 0.523436 0.970702 0.017187 0.012890
0 0.492186 0.355468 0.017187 0.017188
