0 0.874021 0.174806 0.017577 0.017580
0 0.376955 0.110350 0.011720 0.009766
0 0.540038 0.597657 0.013674 0.015624
0 0.811525 0.539063 0.013674 0.015624
0 0.319338 0.258789 0.013674 0.013673
0 0.250974 0.407228 0.017577 0.013673
0 0.396486 0.564453 0.015623 0.015624
0 0.733400 0.937500 0.013674 0.015624
0 0.865233 0.308593 0.011720 0.011717
0 0.652344 0.713868 0.015623 0.009766
0 0.989259 0.083009 0.013674 0.013673
0 0.974608 0.207030 0.015623 0.015624
0 0.905272 0.639650 0.013674 0.013673
0 0.882815 0.813475 0.015623 0.013673
0 0.891603 0.908203 0.013674 0.015624
0 0.111330 0.162109 0.011720 0.011717
0 0.652344 0.209961 0.015623 0.017580
0 0.201169 0.192382 0.011720 0.013673
0 0.328127 0.683595 0.015623 0.015624
0 0.523438 0.988283 0.011720 0.015624
0 0.442382 0.124999 0.013674 0.015624
0 0.009766 0.196289 0.015623 0.013673
0 0.290042 0.128906 0.013674 0.015624
0 0.721680 0.209961 0.017577 0.017580
0 0.794920 0.990234 0.011720 0.011717
0 0.438474 0.972655 0.013674 0.011717
0 0.430663 0.987303 0.009766 0.009766
