0 0.323243 0.824218 0.013674 0.011717
0 0.992187 0.402344 0.015625 0.019531
0 0.398436 0.563475 0.015623 0.013673
0 0.071287 0.014649 0.009766 0.009766
0 0.624026 0.061525 0.013674 0.013673
0 0.917970 0.014649 0.015623 0.013673
0 0.748047 0.659179 0.015623 0.017580
0 0.956055 0.169922 0.013674 0.015624
0 0.008790 0.250002 0.013674 0.015624
0 0.067384 0.760742 0.013674 0.013673
0 0.046876 0.873046 0.011720 0.015624
0 0.246095 0.887694 0.011720 0.013673
0 0.121092 0.754884 0.015623 0.013673
0 0.541016 0.468751 0.015623 0.015624
0 0.130857 0.995117 0.015623 0.009765
0 0.424806 0.816408 0.013674 0.015624
0 0.056641 0.716797 0.015623 0.015624
0 0.292969 0.362306 0.015623 0.017580
0 0.483400 0.068359 0.013674 0.015624
0 0.224610 0.911132 0.015623 0.013673
