0 0.845706 0.466796 0.012894 0.012890
0 0.613281 0.312498 0.012894 0.008596
0 0.578127 0.915040 0.012894 0.015039
0 0.796873 0.501955 0.004298 0.012890
0 0.806638 0.643556 0.008591 0.015039
0 0.166014 0.991797 0.012894 0.016406
0 0.259767 0.247071 0.008591 0.010741
0 0.853517 0.358399 0.012894 0.010741
0 0.324217 0.163088 0.012894 0.015039
0 0.721679 0.906250 0.015041 0.017188
0 0.660155 0.520506 0.008591 0.010741
0 0.938476 0.398437 0.015041 0.012890
0 0.546876 0.078125 0.017187 0.012890
0 0.849609 0.778322 0.008591 0.015039
0 0.984373 0.884767 0.012894 0.017188
0 0.886717 0.387696 0.008591 0.010741
0 0.169923 0.266602 0.012894 0.010741
0 0.092775 0.061525 0.015041 0.010741
0 0.783204 0.493165 0.012894 0.015039
0 0.051759 0.055663 0.010743 0.010741
0 0.591796 0.970702 0.017187 0.012890
0 0.560545 0.355468 0.017187 0.017188
