0 0.764649 0.480468 0.009766 0.007814
0 0.802734 0.333009 0.011720 0.009766
0 0.131837 0.915039 0.009766 0.009766
0 0.996093 0.621093 0.007814 0.011717
0 0.583007 0.675779 0.013674 0.011717
0 0.836916 0.230471 0.009766 0.011717
0 0.320313 0.258788 0.011720 0.009766
0 0.177733 0.144532 0.011720 0.015624
0 0.061524 0.279298 0.009766 0.011717
0 0.528321 0.596679 0.013674 0.017580
0 0.219727 0.828125 0.013674 0.011717
0 0.506836 0.525389 0.009766 0.007814
0 0.147459 0.207032 0.013674 0.015624
0 0.029296 0.292967 0.011720 0.011717
0 0.273440 0.646483 0.011720 0.011717
0 0.106443 0.863280 0.013674 0.011717
0 0.493162 0.735352 0.009766 0.013673
0 0.368164 0.442382 0.009766 0.009766
0 0.930664 0.976564 0.013674 0.011717
0 0.251955 0.069335 0.031251 0.033204
0 0.700193 0.877929 0.013674 0.009766
0 0.788088 0.243163 0.009766 0.009766
0 0.034181 0.448244 0.013674 0.013673
0 0.154299 0.707031 0.011720 0.011717
0 0.657228 0.873046 0.013674 0.011717
0 0.472654 0.606445 0.011720 0.009766
