0 0.286132 0.147461 0.013674 0.013673
0 0.821289 0.038085 0.013674 0.013673
0 0.688474 0.472656 0.009766 0.011717
0 0.464844 0.089843 0.011720 0.011717
0 0.129883 0.005860 0.013674 0.011721
0 0.293944 0.748047 0.013674 0.015624
0 0.350588 0.903320 0.013674 0.013673
0 0.861328 0.139647 0.011720 0.017580
0 0.844728 0.940431 0.013674 0.017580
0 0.930664 0.787109 0.013674 0.015624
0 0.536134 0.391600 0.009766 0.013673
0 0.696291 0.055664 0.013674 0.013673
0 0.467775 0.226561 0.013674 0.015624
0 0.869140 0.297852 0.011720 0.017580
0 0.708983 0.813475 0.011720 0.009766
0 0.131837 0.090819 0.013674 0.013673
0 0.396485 0.789061 0.011720 0.011717
0 0.349611 0.985352 0.015623 0.013673
0 0.683594 0.515625 0.011720 0.011717
0 0.045896 0.141603 0.013674 0.017580
0 0.591796 0.195313 0.015623 0.015624
0 0.633789 0.750978 0.013674 0.013673
0 0.954104 0.200196 0.013674 0.013673
0 0.624024 0.836913 0.013674 0.013673
0 0.375976 0.412111 0.013674 0.011717
0 0.790038 0.353517 0.013674 0.015624
0 0.631835 0.713868 0.013674 0.013673
0 0.357422 0.362303 0.015623 0.013673
0 0.780273 0.921876 0.017577 0.015624
0 0.906248 0.011719 0.015623 0.015624
0 0.132814 0.512694 0.011720 0.009766
0 0.756838 0.770509 0.013674 0.013673
0 0.872071 0.370117 0.013674 0.013673
0 0.278321 0.518556 0.013674 0.017580
0 0.411130 0.522459 0.017577 0.013673
0 0.387696 0.525391 0.017577 0.015624
0 0.415039 0.558594 0.013674 0.015624
0 0.352537 0.541991 0.013674 0.013673
0 0.970704 0.832030 0.015623 0.015624
0 0.668209 0.910477 0.015527 0.010350
