0 0.271482 0.192384 0.011720 0.013673
0 0.468748 0.350585 0.011720 0.013673
0 0.621094 0.438475 0.011720 0.009766
0 0.412109 0.666994 0.011720 0.013673
0 0.024412 0.479493 0.013674 0.013673
0 0.715818 0.097656 0.013674 0.011717
0 0.471679 0.496093 0.013674 0.015624
0 0.009766 0.256836 0.011720 0.013673
0 0.175781 0.364258 0.015623 0.013673
0 0.374023 0.653321 0.013674 0.013673
0 0.549803 0.827150 0.013674 0.013673
0 0.938477 0.560548 0.009766 0.015624
0 0.392577 0.544921 0.011720 0.011717
0 0.457033 0.425782 0.015623 0.011717
0 0.005859 0.350585 0.011718 0.013673
0 0.339841 0.561524 0.011720 0.013673
0 0.580077 0.666014 0.011720 0.015624
0 0.245117 0.802736 0.005857 0.011717
0 0.083006 0.537110 0.013674 0.015624
0 0.026366 0.763674 0.013674 0.015624
0 0.434571 0.735353 0.013674 0.013673
0 0.249025 0.140625 0.013674 0.015624
0 0.355469 0.197267 0.011720 0.011717
0 0.061525 0.271485 0.013674 0.007814
0 0.331053 0.685545 0.013674 0.011717
0 0.737303 0.536135 0.013674 0.013673
0 0.229494 0.287109 0.009766 0.011717
0 0.631836 0.502931 0.013674 0.013673
0 0.708984 0.340820 0.011720 0.013673
0 0.080079 0.378906 0.011720 0.015624
0 0.186524 0.958009 0.013674 0.013673
0 0.316407 0.402344 0.011720 0.011717
0 0.182615 0.215819 0.013674 0.013673
0 0.040040 0.206053 0.013674 0.013673
0 0.147461 0.570314 0.013674 0.015624
0 0.341795 0.846681 0.019531 0.013673
0 0.765623 0.305664 0.011720 0.013673
0 0.292968 0.458986 0.015623 0.011717
0 0.126953 0.496093 0.015623 0.015624
0 0.555666 0.504882 0.013674 0.013673
0 0.684572 0.891602 0.013674 0.013673
0 0.451171 0.228516 0.011720 0.011717
0 0.771485 0.772460 0.015623 0.013673
0 0.510741 0.061525 0.013674 0.013673
0 0.365235 0.379882 0.015623 0.013673
0 0.557615 0.466796 0.013674 0.011717
0 0.412109 0.460937 0.015623 0.015624
0 0.443359 0.197267 0.015623 0.015624
0 0.300779 0.332030 0.015623 0.015624
0 0.208986 0.468751 0.015623 0.015624
0 0.211912 0.777342 0.013674 0.015624
0 0.850587 0.016601 0.013674 0.013673
0 0.876952 0.039063 0.015623 0.015624
0 0.155273 0.885743 0.013674 0.017580
0 0.206055 0.089842 0.013674 0.015624
