0 0.036132 0.098631 0.009766 0.013673
0 0.318361 0.203125 0.011720 0.015624
0 0.229494 0.173829 0.009766 0.011717
0 0.992185 0.185546 0.015623 0.019531
0 0.659179 0.608400 0.013674 0.013673
0 0.513672 0.578124 0.011720 0.015624
0 0.769531 0.222656 0.011720 0.015624
0 0.559569 0.978515 0.013674 0.011717
0 0.551758 0.993165 0.021485 0.013671
0 0.441405 0.699217 0.019531 0.019531
0 0.367189 0.418947 0.015623 0.017580
0 0.436525 0.270508 0.013674 0.017580
0 0.408205 0.139649 0.015623 0.017580
0 0.496095 0.121094 0.015623 0.015624
0 0.560546 0.135742 0.015623 0.017580
0 0.058594 0.352540 0.015623 0.017580
0 0.126953 0.207032 0.015623 0.015624
0 0.102537 0.494141 0.013674 0.011717
0 0.849610 0.950195 0.015623 0.017580
0 0.769531 0.726562 0.015623 0.015624
0 0.928711 0.550782 0.017577 0.019531
0 0.893552 0.977540 0.013674 0.013673
0 0.983397 0.321288 0.009766 0.013673
0 0.840821 0.220705 0.013674 0.015624
0 0.994871 0.822859 0.010258 0.016175
0 0.059728 0.046907 0.017790 0.016175
