0 0.625978 0.909181 0.013674 0.013673
0 0.633789 0.499023 0.013674 0.017580
0 0.880860 0.694335 0.015623 0.013673
0 0.865237 0.344726 0.015623 0.021483
0 0.231447 0.823242 0.013674 0.017580
0 0.884768 0.886719 0.011720 0.015624
0 0.550779 0.735352 0.011720 0.009766
0 0.379885 0.607420 0.013674 0.011717
0 0.534180 0.416016 0.013674 0.011717
0 0.733399 0.679686 0.013674 0.011717
0 0.775392 0.354492 0.015623 0.029297
0 0.716799 0.509765 0.015623 0.011717
0 0.712891 0.955078 0.011720 0.015624
0 0.617189 0.397461 0.007811 0.017580
0 0.831055 0.172853 0.013674 0.017580
