0 0.644529 0.349609 0.011720 0.015624
0 0.955078 0.929688 0.015623 0.015624
0 0.317385 0.091797 0.013674 0.011717
0 0.421875 0.499999 0.019531 0.015624
0 0.993164 0.626951 0.013671 0.015624
0 0.708985 0.881836 0.011720 0.013673
0 0.824217 0.483399 0.011720 0.013673
0 0.801760 0.767576 0.013674 0.011717
0 0.779298 0.874022 0.015623 0.013673
0 0.707031 0.717773 0.011720 0.013673
0 0.586913 0.913088 0.013674 0.013673
0 0.633791 0.012697 0.013674 0.013673
0 0.504885 0.014648 0.013674 0.013673
0 0.654295 0.250001 0.015623 0.015624
0 0.363282 0.200194 0.015623 0.013673
0 0.913085 0.275391 0.017577 0.015624
0 0.984375 0.024414 0.015623 0.013673
0 0.078126 0.225588 0.023439 0.021483
0 0.390624 0.062500 0.011720 0.011717
0 0.480469 0.024414 0.011720 0.013673
0 0.928712 0.841798 0.013674 0.015624
0 0.781252 0.391602 0.011720 0.013673
0 0.213867 0.698242 0.013674 0.017580
0 0.375979 0.083007 0.017577 0.017580
0 0.088869 0.961916 0.017577 0.017580
0 0.071287 0.965819 0.013674 0.013673
0 0.619141 0.213867 0.015623 0.017580
