0 0.869139 0.990233 0.015623 0.011717
0 0.007811 0.575197 0.015622 0.017580
0 0.184568 0.994140 0.009766 0.011720
0 0.787112 0.938478 0.011720 0.013673
0 0.414061 0.782225 0.015623 0.013673
0 0.179688 0.122070 0.011720 0.017580
0 0.112306 0.026366 0.009766 0.013673
0 0.193361 0.360351 0.015623 0.013673
0 0.103517 0.065428 0.015623 0.013673
0 0.215819 0.970702 0.013674 0.015624
0 0.703125 0.976561 0.015623 0.011717
0 0.122071 0.483400 0.013674 0.013673
0 0.664063 0.353516 0.011720 0.011717
0 0.848631 0.909181 0.013674 0.013673
0 0.107420 0.607421 0.015623 0.015624
0 0.710936 0.096680 0.011720 0.013673
0 0.343748 0.750001 0.011720 0.011717
0 0.979492 0.936523 0.013674 0.013673
0 0.235350 0.221681 0.013674 0.013673
0 0.387696 0.643556 0.009766 0.013673
0 0.811523 0.216798 0.017577 0.015624
0 0.901367 0.076174 0.009766 0.011717
0 0.498048 0.813477 0.015623 0.013673
0 0.400392 0.343751 0.011720 0.015624
0 0.636720 0.925781 0.011720 0.015624
0 0.805666 0.660156 0.013674 0.011717
0 0.027342 0.334961 0.011720 0.013673
0 0.525391 0.752929 0.015623 0.017580
0 0.715822 0.582031 0.013674 0.015624
0 0.445312 0.656249 0.015623 0.015624
0 0.442381 0.894533 0.013674 0.015624
0 0.607423 0.539062 0.011720 0.015624
0 0.271486 0.848633 0.011720 0.009766
0 0.920898 0.723632 0.017577 0.013673
0 0.020507 0.297850 0.013674 0.009766
0 0.318993 0.843594 0.014104 0.018810
