0 0.712889 0.367188 0.008591 0.017188
0 0.056642 0.839842 0.017187 0.017188
0 0.082031 0.267577 0.008591 0.008596
0 0.164063 0.100587 0.008591 0.010741
0 0.334963 0.440430 0.010743 0.010741
0 0.212891 0.167970 0.012894 0.012890
0 0.584960 0.991212 0.010743 0.010741
0 0.311524 0.771483 0.010743 0.008596
0 0.665038 0.974608 0.015041 0.012890
0 0.820310 0.519530 0.012894 0.012890
0 0.127927 0.995801 0.010743 0.008399
0 0.383791 0.765625 0.015041 0.012890
0 0.356443 0.122070 0.010743 0.010741
0 0.673827 0.892577 0.008591 0.008596
0 0.416014 0.062500 0.012894 0.012890
0 0.986330 0.287108 0.012894 0.008596
0 0.711912 0.840822 0.015041 0.010741
0 0.609376 0.773439 0.012894 0.017188
0 0.891600 0.897460 0.010743 0.010741
0 0.750974 0.310546 0.010743 0.012890
0 0.607422 0.562499 0.012894 0.012890
0 0.661135 0.095704 0.015041 0.012890
0 0.306639 0.136718 0.012894 0.012890
0 0.079099 0.199218 0.010743 0.012890
0 0.661135 0.309571 0.015041 0.010741
0 0.803710 0.942384 0.015041 0.015039
0 0.500978 0.877929 0.015041 0.010741
0 0.069334 0.041014 0.010743 0.012890
0 0.183594 0.729494 0.012894 0.015039
0 0.142578 0.686524 0.012894 0.015039
0 0.393557 0.722655 0.015041 0.012890
0 0.632810 0.562499 0.012894 0.012890
0 0.420899 0.218749 0.015041 0.012890
0 0.455076 0.213867 0.012894 0.010741
0 0.694335 0.172853 0.015041 0.015039
0 0.628907 0.041014 0.017187 0.012890
0 0.694335 0.940429 0.010743 0.010741
0 0.886720 0.252929 0.012894 0.010741
0 0.937502 0.156249 0.017187 0.017188
0 0.988279 0.042969 0.017187 0.021483
0 0.009521 0.978515 0.019043 0.025781
