0 0.737307 0.212891 0.013674 0.015624
0 0.770507 0.917967 0.017577 0.019531
0 0.930664 0.920898 0.017577 0.017580
0 0.188476 0.973633 0.017577 0.017580
0 0.944338 0.304688 0.017577 0.019531
0 0.393553 0.330078 0.017577 0.015624
0 0.352537 0.722656 0.017577 0.019531
0 0.870116 0.425782 0.013674 0.015624
0 0.353514 0.769532 0.019531 0.011717
0 0.435546 0.250977 0.015623 0.013673
0 0.333983 0.848632 0.019531 0.017580
0 0.157225 0.154298 0.021485 0.019531
0 0.175779 0.288084 0.015623 0.017580
0 0.113283 0.567382 0.015623 0.013673
0 0.338868 0.811525 0.017577 0.013673
0 0.967772 0.816408 0.017577 0.015624
0 0.814454 0.798829 0.015623 0.015624
0 0.111329 0.736328 0.015623 0.015624
0 0.336914 0.880860 0.017577 0.019531
0 0.111329 0.320312 0.015623 0.015624
0 0.601561 0.104494 0.015623 0.017580
0 0.506837 0.290040 0.009766 0.017580
0 0.862305 0.862305 0.017577 0.017580
0 0.708010 0.881836 0.013674 0.013673
0 0.560545 0.246095 0.015623 0.015624
0 0.831054 0.923829 0.013674 0.015624
0 0.948241 0.114260 0.017577 0.017580
0 0.558596 0.578124 0.015623 0.019531
0 0.214842 0.221681 0.015623 0.013673
0 0.664063 0.350585 0.015623 0.017580
0 0.318360 0.325195 0.011720 0.013673
0 0.032227 0.845705 0.013674 0.015624
0 0.782226 0.189453 0.013674 0.019531
0 0.750976 0.385744 0.017577 0.017580
0 0.328125 0.756835 0.019531 0.017580
0 0.758787 0.089842 0.013674 0.015624
0 0.430666 0.477541 0.017577 0.017580
0 0.032227 0.473634 0.017577 0.017580
0 0.668943 0.318361 0.017577 0.019531
0 0.660154 0.295898 0.019531 0.013673
0 0.394530 0.915039 0.019531 0.021483
0 0.479494 0.599610 0.021485 0.019531
0 0.356445 0.696290 0.017577 0.017580
0 0.357422 0.541993 0.015623 0.017580
0 0.129883 0.834960 0.017577 0.017580
0 0.427735 0.648438 0.023439 0.015624
0 0.804689 0.712890 0.015623 0.019531
0 0.421873 0.674804 0.019531 0.021483
0 0.898436 0.214843 0.011720 0.003907
0 0.416992 0.549803 0.021485 0.013673
0 0.505859 0.440430 0.023439 0.017580
0 0.900390 0.189453 0.015623 0.011717
0 0.596681 0.939453 0.017577 0.015624
0 0.424804 0.932619 0.013674 0.017580
0 0.007811 0.912108 0.015622 0.011717
0 0.617189 0.957033 0.019531 0.019531
0 0.625000 0.976564 0.019531 0.015624
0 0.457032 0.944336 0.015623 0.021483
0 0.843751 0.307615 0.019531 0.021483
0 0.726564 0.306640 0.015623 0.019531
0 0.548830 0.047852 0.015623 0.017580
0 0.531248 0.050780 0.019531 0.019531
0 0.204484 0.194009 0.018002 0.019387
0 0.329107 0.277783 0.012464 0.015233
0 0.345722 0.286091 0.018002 0.018001
0 0.453731 0.346328 0.020771 0.019387
0 0.345034 0.863516 0.019384 0.015233
