0 0.634767 0.335937 0.023439 0.019531
0 0.469725 0.672852 0.013674 0.013673
0 0.589843 0.288084 0.015623 0.013673
0 0.182615 0.154298 0.013674 0.015624
0 0.175781 0.397461 0.011720 0.013673
0 0.037109 0.637697 0.015623 0.013673
0 0.933592 0.572265 0.011720 0.015624
0 0.257814 0.218750 0.015623 0.015624
0 0.377932 0.804687 0.017577 0.023438
0 0.503907 0.372071 0.011720 0.017580
0 0.015624 0.233398 0.011720 0.013673
0 0.113279 0.454103 0.011720 0.013673
0 0.353515 0.051759 0.015623 0.017580
0 0.359373 0.356443 0.015623 0.013673
0 0.477541 0.803712 0.013674 0.013673
0 0.526369 0.846681 0.017577 0.013673
0 0.347658 0.570314 0.011720 0.015624
0 0.715818 0.778322 0.013674 0.017580
0 0.363281 0.267578 0.015623 0.015624
0 0.200197 0.502931 0.017577 0.013673
0 0.006836 0.311523 0.013672 0.013673
0 0.083006 0.755859 0.013674 0.019531
0 0.067383 0.145508 0.013674 0.013673
0 0.379881 0.891602 0.013674 0.013673
0 0.417971 0.814453 0.011720 0.015624
0 0.557615 0.788087 0.013674 0.009766
0 0.148438 0.580079 0.011720 0.015624
0 0.891603 0.762694 0.013674 0.009766
0 0.208009 0.457030 0.017577 0.015624
0 0.404297 0.902343 0.011720 0.011717
0 0.449217 0.669921 0.007811 0.011717
0 0.596677 0.399413 0.017577 0.013673
0 0.577146 0.392578 0.009766 0.019531
0 0.837541 0.657908 0.019410 0.018115
0 0.823958 0.637849 0.020701 0.011645
