0 0.521483 0.270509 0.015623 0.017580
0 0.917968 0.566407 0.015623 0.019531
0 0.721680 0.654297 0.017577 0.015624
0 0.765627 0.534179 0.015623 0.017580
0 0.936522 0.847656 0.017577 0.015624
0 0.920899 0.772459 0.017577 0.017580
0 0.455078 0.694335 0.015623 0.013673
0 0.804689 0.491210 0.015623 0.017580
0 0.218751 0.215822 0.023439 0.021483
0 0.470701 0.800780 0.019531 0.019531
0 0.100587 0.725587 0.013674 0.009766
0 0.170900 0.810546 0.017577 0.015624
0 0.673829 0.846681 0.015623 0.017580
0 0.834963 0.573241 0.017577 0.017580
0 0.728514 0.298829 0.015623 0.015624
0 0.475586 0.567382 0.017577 0.013673
0 0.900391 0.985350 0.019531 0.017580
0 0.816404 0.199218 0.015623 0.015624
0 0.458986 0.936522 0.019531 0.021483
0 0.403319 0.235353 0.017577 0.017580
0 0.875003 0.490234 0.015623 0.015624
0 0.061525 0.319336 0.013674 0.017580
0 0.876952 0.231446 0.019531 0.017580
0 0.363280 0.357423 0.011720 0.015624
0 0.178711 0.394530 0.017577 0.015624
0 0.583008 0.235353 0.013674 0.017580
0 0.336914 0.300781 0.017577 0.015624
0 0.571288 0.783204 0.017577 0.019531
0 0.809570 0.910157 0.017577 0.015624
0 0.840821 0.734377 0.017577 0.015624
0 0.221682 0.928712 0.013674 0.017580
0 0.285155 0.509765 0.015623 0.015624
0 0.586916 0.267577 0.017577 0.015624
0 0.261721 0.618166 0.011720 0.013673
0 0.130861 0.582031 0.015623 0.015624
0 0.344726 0.711914 0.013674 0.013673
0 0.321292 0.834960 0.017577 0.013673
0 0.950196 0.522462 0.017577 0.017580
0 0.910157 0.709963 0.015623 0.017580
0 0.719725 0.705080 0.021485 0.019531
0 0.284178 0.640624 0.013674 0.015624
0 0.990235 0.494141 0.011720 0.015624
0 0.662109 0.245119 0.015623 0.013673
0 0.731445 0.504882 0.009766 0.017580
0 0.512695 0.509765 0.009766 0.003907
0 0.742188 0.404295 0.011720 0.011717
0 0.947265 0.280274 0.015623 0.017580
0 0.502929 0.447264 0.021485 0.019531
0 0.590819 0.331054 0.013674 0.013673
0 0.986327 0.761718 0.015623 0.015624
0 0.429690 0.550782 0.015623 0.011717
0 0.271487 0.390626 0.015623 0.011717
0 0.861329 0.509765 0.015623 0.011717
0 0.674806 0.548827 0.009766 0.015624
0 0.643555 0.785156 0.017577 0.015624
0 0.399416 0.303712 0.017577 0.013673
0 0.504883 0.487306 0.013674 0.009766
0 0.707029 0.551758 0.019531 0.017580
0 0.620116 0.370116 0.017577 0.013673
0 0.613281 0.388671 0.019531 0.019531
0 0.239259 0.281250 0.017577 0.011717
0 0.311521 0.269533 0.021485 0.019531
0 0.540037 0.599610 0.013674 0.011717
0 0.554688 0.616210 0.015623 0.017580
0 0.534180 0.619141 0.013674 0.019531
0 0.178711 0.739259 0.017577 0.021483
0 0.848632 0.650390 0.013674 0.019531
0 0.643555 0.763673 0.017577 0.011717
0 0.820312 0.828125 0.019531 0.019531
0 0.803712 0.829101 0.021485 0.017580
0 0.785158 0.836915 0.019531 0.017580
0 0.391600 0.389647 0.021485 0.021483
0 0.384765 0.414061 0.019531 0.019531
0 0.680471 0.005273 0.014064 0.010546
0 0.341536 0.516049 0.012919 0.015339
0 0.272504 0.600423 0.015339 0.012917
0 0.237381 0.301681 0.014534 0.012917
0 0.216386 0.303697 0.017764 0.015339
0 0.532894 0.809950 0.019379 0.016957
0 0.478416 0.369869 0.020771 0.019387
0 0.471496 0.388561 0.018002 0.020769
0 0.831521 0.641270 0.015233 0.019387
0 0.331639 0.532569 0.018002 0.020769
