0 0.745116 0.829101 0.021485 0.017580
0 0.510742 0.078125 0.017577 0.015624
0 0.478514 0.784181 0.019531 0.017580
0 0.512696 0.444338 0.017577 0.017580
0 0.397459 0.753908 0.017577 0.019531
0 0.553713 0.128905 0.029297 0.023438
0 0.516600 0.396485 0.017577 0.015624
0 0.399413 0.858398 0.017577 0.017580
0 0.260741 0.120119 0.017577 0.017580
0 0.066407 0.098632 0.019531 0.017580
0 0.113280 0.328127 0.019531 0.019531
0 0.083007 0.164064 0.013674 0.011717
0 0.330077 0.005860 0.015623 0.011720
0 0.380859 0.573241 0.019531 0.017580
0 0.708008 0.324220 0.017577 0.019531
0 0.381836 0.261719 0.017577 0.019531
0 0.265626 0.993164 0.015623 0.013672
0 0.202148 0.770508 0.017577 0.017580
0 0.560547 0.304688 0.015623 0.015624
0 0.495119 0.206053 0.017577 0.017580
0 0.441406 0.165039 0.015623 0.013673
0 0.718750 0.046877 0.015623 0.015624
0 0.410155 0.506834 0.015623 0.017580
0 0.298826 0.249998 0.019531 0.015624
0 0.290038 0.500975 0.013674 0.017580
0 0.495119 0.271485 0.017577 0.019531
0 0.467772 0.346678 0.013674 0.013673
0 0.330077 0.702149 0.015623 0.017580
0 0.188479 0.730470 0.017577 0.019531
0 0.375001 0.619142 0.015623 0.019531
0 0.167971 0.032225 0.015623 0.013673
0 0.363282 0.107422 0.015623 0.015624
0 0.694334 0.627928 0.017577 0.017580
0 0.390624 0.824219 0.015623 0.015624
0 0.433595 0.381837 0.015623 0.013673
0 0.609375 0.731446 0.019531 0.017580
0 0.195313 0.569334 0.015623 0.017580
0 0.059572 0.513672 0.017577 0.019531
0 0.260741 0.051760 0.017577 0.017580
0 0.502931 0.130860 0.017577 0.015624
0 0.854491 0.106446 0.021485 0.017580
0 0.027344 0.439455 0.015623 0.011717
0 0.200193 0.983399 0.017577 0.017580
0 0.388670 0.452148 0.015623 0.017580
0 0.684568 0.185546 0.017577 0.015624
0 0.313477 0.409178 0.017577 0.017580
0 0.846680 0.026366 0.017577 0.017580
0 0.418944 0.938478 0.013674 0.013673
0 0.753904 0.489258 0.015623 0.017580
0 0.045898 0.646483 0.017577 0.015624
0 0.569336 0.976561 0.013674 0.019531
0 0.345705 0.666014 0.015623 0.019531
0 0.675780 0.221681 0.015623 0.013673
0 0.698242 0.397461 0.017577 0.017580
0 0.090818 0.055663 0.017577 0.017580
0 0.726562 0.742187 0.015623 0.015624
0 0.196290 0.041014 0.013674 0.015624
0 0.424806 0.803712 0.013674 0.013673
0 0.672854 0.371092 0.013674 0.019531
0 0.094726 0.914064 0.017577 0.015624
0 0.765624 0.726563 0.019531 0.019531
0 0.603518 0.934571 0.015623 0.013673
0 0.375979 0.127929 0.017577 0.017580
0 0.332031 0.607421 0.015623 0.015624
0 0.186525 0.061525 0.013674 0.013673
0 0.649414 0.404296 0.021485 0.019531
0 0.492188 0.326171 0.019531 0.019531
0 0.560547 0.811522 0.019531 0.021483
0 0.557616 0.830077 0.017577 0.019531
