0 0.496095 0.666991 0.015623 0.013673
0 0.160158 0.387697 0.015623 0.017580
0 0.709961 0.889648 0.013674 0.013673
0 0.166015 0.178709 0.011720 0.009766
0 0.013670 0.868165 0.011720 0.013673
0 0.536135 0.524415 0.013674 0.013673
0 0.305664 0.341797 0.013674 0.011717
0 0.110353 0.454101 0.013674 0.009766
0 0.569335 0.477539 0.013674 0.013673
0 0.360350 0.428711 0.009766 0.009766
0 0.425782 0.200196 0.011720 0.013673
0 0.076171 0.507811 0.011720 0.007814
0 0.188478 0.448242 0.013674 0.013673
0 0.743166 0.308593 0.005857 0.003907
0 0.891603 0.894530 0.013674 0.011717
0 0.599608 0.763671 0.015623 0.015624
0 0.355469 0.363283 0.011720 0.015624
0 0.372069 0.485353 0.009766 0.013673
0 0.055688 0.524886 0.024260 0.020218
