0 0.857420 0.479493 0.019531 0.017580
0 0.739257 0.860353 0.017577 0.017580
0 0.438478 0.104490 0.013674 0.017580
0 0.095702 0.084959 0.015623 0.017580
0 0.025388 0.128908 0.023439 0.019531
0 0.759765 0.750977 0.015623 0.017580
0 0.854494 0.887695 0.017577 0.017580
0 0.591796 0.192384 0.015623 0.017580
0 0.680663 0.006836 0.013674 0.013673
0 0.776365 0.048828 0.013674 0.011717
0 0.717771 0.306640 0.017577 0.019531
0 0.414062 0.645507 0.015623 0.017580
0 0.638670 0.136718 0.015623 0.015624
0 0.801758 0.534179 0.017577 0.017580
0 0.172854 0.654297 0.017577 0.019531
0 0.638670 0.275392 0.015623 0.015624
0 0.169923 0.066408 0.015623 0.015624
0 0.663086 0.237305 0.013674 0.013673
0 0.781250 0.170898 0.015623 0.013673
0 0.214842 0.445313 0.011720 0.015624
0 0.509763 0.007814 0.015623 0.015624
0 0.818358 0.934571 0.019531 0.017580
0 0.688475 0.804687 0.017577 0.011717
0 0.680663 0.825194 0.017577 0.013673
0 0.499026 0.198243 0.013674 0.013673
0 0.473632 0.321288 0.017577 0.017580
0 0.832209 0.323631 0.016615 0.015233
