0 0.276365 0.009766 0.017577 0.019531
0 0.330078 0.004883 0.019531 0.009766
0 0.135744 0.202150 0.017577 0.017580
0 0.865235 0.127929 0.019531 0.017580
0 0.036134 0.139649 0.017577 0.017580
0 0.363283 0.274416 0.015623 0.017580
0 0.757814 0.289064 0.019531 0.019531
0 0.516601 0.531252 0.017577 0.019531
0 0.474607 0.291991 0.015623 0.017580
0 0.575194 0.253905 0.013674 0.015624
0 0.467773 0.185546 0.017577 0.015624
0 0.250976 0.237305 0.017577 0.017580
0 0.758791 0.660155 0.017577 0.019531
0 0.031249 0.234374 0.015623 0.015624
0 0.485350 0.452147 0.017577 0.017580
0 0.322267 0.548827 0.023439 0.015624
0 0.108396 0.074218 0.017577 0.019531
0 0.284181 0.084959 0.017577 0.013673
0 0.469727 0.233398 0.017577 0.017580
0 0.500978 0.085939 0.017577 0.015624
0 0.701174 0.064452 0.019531 0.019531
0 0.813476 0.006836 0.017577 0.013671
0 0.658204 0.915040 0.015623 0.017580
0 0.307616 0.074218 0.013674 0.019531
0 0.220703 0.240232 0.011720 0.011717
0 0.368163 0.542969 0.013674 0.019531
0 0.578125 0.753908 0.019531 0.019531
0 0.596679 0.755859 0.017577 0.019531
0 0.352540 0.095704 0.017577 0.015624
0 0.355466 0.071291 0.019531 0.017580
0 0.333986 0.071291 0.019531 0.017580
0 0.262696 0.300781 0.017577 0.019531
0 0.389846 0.570781 0.020002 0.017500
0 0.766096 0.450158 0.017501 0.016251
0 0.793044 0.006381 0.018002 0.012762
