0 0.212888 0.226563 0.015623 0.015624
0 0.362303 0.538086 0.013674 0.013673
0 0.368165 0.216798 0.013674 0.015624
0 0.816404 0.143556 0.019531 0.021483
0 0.627927 0.100587 0.017577 0.017580
0 0.531249 0.767576 0.015623 0.019531
0 0.489260 0.862304 0.013674 0.029297
0 0.463867 0.179687 0.013674 0.015624
0 0.730468 0.450195 0.015623 0.017580
0 0.084959 0.965819 0.017577 0.013673
0 0.095702 0.357423 0.015623 0.015624
0 0.472655 0.723631 0.019531 0.017580
0 0.918945 0.712890 0.017577 0.019531
0 0.895506 0.757811 0.017577 0.015624
0 0.575196 0.958009 0.013674 0.013673
0 0.424805 0.613283 0.013674 0.015624
0 0.443359 0.535158 0.015623 0.015624
0 0.748045 0.968750 0.019531 0.015624
0 0.663086 0.810545 0.013674 0.015624
0 0.687498 0.032228 0.019531 0.017580
0 0.436524 0.091797 0.017577 0.015624
0 0.820312 0.618165 0.023439 0.017580
0 0.331057 0.449220 0.013674 0.015624
0 0.425782 0.563475 0.015623 0.017580
0 0.176757 0.538086 0.017577 0.021483
0 0.594727 0.416992 0.013674 0.013673
0 0.053713 0.006835 0.013674 0.013671
0 0.437501 0.399412 0.015623 0.017580
0 0.277344 0.173829 0.019531 0.015624
0 0.181643 0.885743 0.019531 0.017580
0 0.286133 0.548827 0.013674 0.015624
0 0.185546 0.958984 0.015623 0.015624
0 0.804689 0.588869 0.015623 0.017580
0 0.150392 0.977540 0.015623 0.017580
0 0.529295 0.605469 0.015623 0.019531
0 0.474609 0.336916 0.015623 0.017580
0 0.983401 0.972657 0.013674 0.015624
0 0.703126 0.225588 0.015623 0.021483
0 0.528267 0.783052 0.018002 0.012461
0 0.542113 0.809365 0.023541 0.012461
0 0.535192 0.828057 0.023541 0.016615
0 0.340640 0.596117 0.030466 0.026309
0 0.300480 0.588500 0.024923 0.024926
0 0.321945 0.920138 0.020771 0.018001
0 0.292866 0.913217 0.023541 0.018001
