0 0.010742 0.227540 0.017577 0.017580
0 0.838866 0.119139 0.017577 0.019531
0 0.229493 0.731446 0.017577 0.017580
0 0.995117 0.122070 0.009765 0.017580
0 0.661132 0.402344 0.017577 0.015624
0 0.042970 0.937498 0.019531 0.019531
0 0.955076 0.258788 0.015623 0.017580
0 0.256836 0.174805 0.017577 0.017580
0 0.902345 0.270509 0.019531 0.021483
0 0.949218 0.810546 0.015623 0.015624
0 0.179688 0.697266 0.019531 0.015624
0 0.248047 0.691408 0.019531 0.019531
0 0.059570 0.027345 0.013674 0.015624
0 0.402342 0.049804 0.019531 0.017580
0 0.543945 0.513672 0.013674 0.015624
0 0.260744 0.790039 0.017577 0.013673
0 0.142580 0.992187 0.011720 0.015626
0 0.040039 0.252929 0.017577 0.017580
0 0.368165 0.563476 0.013674 0.013673
0 0.873048 0.498048 0.007811 0.015624
0 0.090821 0.872070 0.017577 0.017580
0 0.936522 0.227540 0.017577 0.017580
0 0.889648 0.560548 0.017577 0.015624
0 0.192385 0.544920 0.017577 0.019531
0 0.731445 0.334961 0.013674 0.017580
0 0.407227 0.012697 0.017577 0.013673
0 0.882814 0.003906 0.015623 0.007812
0 0.405273 0.082032 0.017577 0.019531
0 0.507814 0.272460 0.015623 0.017580
0 0.759765 0.463868 0.019531 0.017580
0 0.043947 0.579100 0.017577 0.017580
0 0.930664 0.063477 0.017577 0.017580
0 0.776370 0.083008 0.013674 0.013673
0 0.850586 0.497072 0.017577 0.017580
0 0.188477 0.926757 0.017577 0.017580
0 0.899414 0.125001 0.013674 0.015624
0 0.911133 0.345702 0.013674 0.015624
0 0.100587 0.046877 0.013674 0.015624
0 0.978515 0.333009 0.011720 0.021483
0 0.389650 0.820311 0.017577 0.011717
0 0.929687 0.334961 0.015623 0.017580
0 0.194334 0.945312 0.017577 0.015624
0 0.656252 0.496093 0.011720 0.015624
0 0.050782 0.104490 0.011720 0.017580
0 0.591796 0.588865 0.015623 0.017580
0 0.299806 0.421875 0.013674 0.015624
0 0.531248 0.659180 0.019531 0.017580
0 0.514648 0.641600 0.013674 0.013673
0 0.524414 0.410158 0.021485 0.011717
0 0.520506 0.431641 0.017577 0.019531
0 0.462889 0.116211 0.019531 0.021483
0 0.198242 0.036131 0.017577 0.017580
0 0.959961 0.333009 0.013674 0.017580
0 0.665040 0.140625 0.017577 0.015624
0 0.493163 0.133791 0.013674 0.017580
0 0.991212 0.535155 0.017577 0.019531
0 0.979492 0.354492 0.017577 0.017580
0 0.995116 0.801756 0.009768 0.013673
0 0.075193 0.113280 0.017577 0.011717
0 0.090821 0.404295 0.013674 0.015624
0 0.095701 0.473634 0.015623 0.021483
0 0.124026 0.469727 0.013674 0.017580
0 0.685548 0.158205 0.019531 0.019531
0 0.693360 0.177736 0.019531 0.015624
0 0.525391 0.145508 0.015623 0.021483
0 0.413393 0.064688 0.019384 0.015233
