0 0.459963 0.021483 0.017577 0.019531
0 0.965818 0.590821 0.017577 0.021483
0 0.869139 0.667970 0.015623 0.019531
0 0.774415 0.611328 0.017577 0.019531
0 0.456055 0.503907 0.017577 0.019531
0 0.708982 0.826170 0.019531 0.019531
0 0.870116 0.827150 0.017577 0.017580
0 0.950195 0.857422 0.017577 0.019531
0 0.698245 0.994140 0.013674 0.011720
0 0.653320 0.992187 0.017577 0.015625
0 0.832031 0.956054 0.023439 0.017580
0 0.475586 0.548827 0.021485 0.011717
0 0.039062 0.538086 0.015623 0.017580
0 0.541991 0.963868 0.013674 0.009766
0 0.802735 0.969726 0.015623 0.013673
