0 0.569336 0.893553 0.013674 0.013673
0 0.404298 0.204101 0.015623 0.013673
0 0.147462 0.127929 0.017577 0.013673
0 0.345705 0.324219 0.015623 0.015624
0 0.981443 0.154298 0.013674 0.015624
0 0.111326 0.606445 0.011720 0.013673
0 0.974609 0.397461 0.011720 0.013673
0 0.835937 0.637697 0.015623 0.013673
0 0.814452 0.233398 0.011720 0.013673
0 0.912107 0.454103 0.011720 0.013673
0 0.236330 0.365233 0.011720 0.011717
0 0.667968 0.480468 0.015623 0.015624
0 0.620118 0.672852 0.013674 0.013673
0 0.745116 0.928712 0.009766 0.009766
0 0.361328 0.493165 0.015623 0.017580
0 0.374024 0.257812 0.021485 0.019531
0 0.222656 0.018556 0.015623 0.013673
0 0.557616 0.859374 0.013674 0.015624
0 0.163085 0.898436 0.013674 0.015624
0 0.148439 0.336912 0.015623 0.009766
0 0.169920 0.974609 0.011720 0.011717
0 0.995119 0.502931 0.009763 0.013673
0 0.805663 0.311523 0.013674 0.013673
0 0.881834 0.755859 0.013674 0.019531
0 0.004884 0.431641 0.009767 0.019531
0 0.238284 0.924805 0.019531 0.017580
0 0.866211 0.145508 0.013674 0.013673
0 0.238284 0.616210 0.015623 0.017580
0 0.285157 0.662111 0.011720 0.015624
0 0.947267 0.580079 0.011720 0.015624
0 0.057618 0.099608 0.021485 0.019531
0 0.311523 0.663087 0.013674 0.013673
0 0.539062 0.671876 0.031251 0.023438
0 0.192382 0.654297 0.017577 0.011717
0 0.184570 0.671876 0.013674 0.015624
0 0.509765 0.686525 0.015623 0.017580
0 0.496091 0.672852 0.011720 0.009766
0 0.044921 0.902343 0.015623 0.011717
0 0.041990 0.918947 0.013674 0.021483
0 0.054687 0.967774 0.015623 0.013673
