0 0.966798 0.125001 0.015623 0.015624
0 0.805663 0.749025 0.017577 0.017580
0 0.418944 0.989257 0.017577 0.017580
0 0.811526 0.358398 0.013674 0.013673
0 0.431641 0.378905 0.019531 0.015624
0 0.772463 0.420899 0.017577 0.017580
0 0.087892 0.538086 0.015623 0.017580
0 0.260741 0.179687 0.017577 0.019531
0 0.185548 0.774414 0.015623 0.017580
0 0.183593 0.450195 0.011720 0.013673
0 0.698242 0.560548 0.017577 0.015624
0 0.799806 0.202149 0.013674 0.017580
0 0.224610 0.849608 0.019531 0.015624
0 0.666014 0.471678 0.015623 0.017580
0 0.629883 0.935546 0.017577 0.015624
0 0.234375 0.723631 0.015623 0.013673
0 0.080081 0.227539 0.015623 0.013673
0 0.519531 0.982422 0.019531 0.019531
0 0.258787 0.925781 0.017577 0.015624
0 0.621095 0.571289 0.015623 0.013673
0 0.908204 0.982422 0.011720 0.015624
0 0.930667 0.441406 0.017577 0.015624
0 0.774412 0.114259 0.017577 0.017580
0 0.136720 0.582031 0.015623 0.015624
0 0.759767 0.635741 0.015623 0.017580
0 0.511719 0.560548 0.019531 0.023438
0 0.705077 0.239256 0.015623 0.017580
0 0.812498 0.459961 0.015623 0.013673
0 0.043944 0.598634 0.017577 0.017580
0 0.392578 0.029297 0.015623 0.015624
0 0.778321 0.557617 0.017577 0.017580
0 0.482423 0.996093 0.015623 0.007814
0 0.547850 0.250001 0.017577 0.019531
0 0.994140 0.833984 0.011720 0.015624
0 0.637695 0.614258 0.021485 0.017580
0 0.574221 0.259767 0.015623 0.019531
0 0.514651 0.906250 0.017577 0.015624
0 0.653323 0.940429 0.017577 0.017580
0 0.863280 0.807618 0.015623 0.017580
0 0.866211 0.788087 0.017577 0.013673
0 0.875976 0.834959 0.017577 0.013673
0 0.868165 0.851563 0.017577 0.015624
0 0.761721 0.585938 0.019531 0.023438
0 0.669922 0.614258 0.023439 0.021483
0 0.626800 0.005809 0.024892 0.011615
