0 0.231445 0.728514 0.013674 0.015624
0 0.749025 0.343750 0.017577 0.019531
0 0.643553 0.449220 0.017577 0.015624
0 0.390625 0.845705 0.015623 0.015624
0 0.554686 0.458009 0.015623 0.017580
0 0.258788 0.436523 0.017577 0.017580
0 0.185549 0.752928 0.019531 0.017580
0 0.834961 0.723631 0.017577 0.017580
0 0.316404 0.965819 0.015623 0.017580
0 0.563474 0.338867 0.021485 0.021483
0 0.603514 0.413085 0.015623 0.017580
0 0.864258 0.837891 0.017577 0.015624
0 0.785156 0.086914 0.019531 0.017580
0 0.044923 0.102538 0.019531 0.017580
0 0.565428 0.823242 0.017577 0.017580
0 0.206057 0.103514 0.013674 0.015624
0 0.049803 0.642579 0.017577 0.015624
0 0.751951 0.581055 0.015623 0.017580
0 0.035157 0.270508 0.015623 0.013673
0 0.290039 0.848632 0.017577 0.017580
0 0.810545 0.829101 0.011720 0.013673
0 0.285158 0.132811 0.015623 0.015624
0 0.591799 0.103514 0.015623 0.015624
0 0.955079 0.310546 0.015623 0.015624
0 0.393557 0.654296 0.013674 0.011717
0 0.172852 0.845705 0.013674 0.015624
0 0.525389 0.768556 0.019531 0.017580
0 0.787110 0.191408 0.019531 0.015624
0 0.807618 0.270508 0.017577 0.017580
0 0.973633 0.818359 0.021485 0.015624
0 0.715820 0.737304 0.017577 0.017580
0 0.963868 0.724611 0.017577 0.015624
0 0.010741 0.784180 0.017577 0.017580
0 0.865235 0.121094 0.019531 0.015624
0 0.783202 0.795897 0.019531 0.017580
0 0.856446 0.500975 0.017577 0.017580
0 0.112304 0.890625 0.013674 0.011717
0 0.719728 0.037111 0.021485 0.019531
0 0.585937 0.728514 0.011720 0.015624
0 0.474607 0.781249 0.019531 0.019531
0 0.954102 0.394529 0.017577 0.019531
0 0.374998 0.503906 0.015623 0.019531
0 0.391603 0.398436 0.017577 0.015624
0 0.331055 0.419923 0.013674 0.015624
0 0.481447 0.246094 0.017577 0.015624
0 0.517578 0.672852 0.019531 0.017580
0 0.138670 0.247070 0.019531 0.017580
0 0.994139 0.065432 0.011721 0.013673
0 0.371094 0.351564 0.015623 0.019531
0 0.170898 0.235353 0.021485 0.029297
0 0.940428 0.533203 0.017577 0.019531
0 0.772459 0.488282 0.013674 0.015624
0 0.198240 0.924805 0.017577 0.013673
0 0.346678 0.731445 0.017577 0.013673
0 0.992187 0.265626 0.015623 0.019531
0 0.579102 0.061525 0.017577 0.017580
0 0.344729 0.764649 0.017577 0.017580
0 0.655273 0.657228 0.013674 0.013673
0 0.850584 0.899415 0.017577 0.017580
0 0.948245 0.146483 0.021485 0.019531
0 0.945313 0.166015 0.019531 0.019531
0 0.780276 0.156249 0.017577 0.015624
0 0.047854 0.400392 0.017577 0.015624
0 0.535155 0.547851 0.015623 0.017580
0 0.207029 0.631834 0.019531 0.017580
0 0.068362 0.438478 0.031251 0.017580
0 0.587891 0.313478 0.019531 0.013673
0 0.654296 0.327150 0.015623 0.017580
0 0.539063 0.429689 0.015623 0.015624
0 0.615233 0.340819 0.015623 0.017580
0 0.687501 0.666017 0.019531 0.019531
0 0.143555 0.492189 0.021485 0.019531
0 0.814843 0.136718 0.012499 0.020313
0 0.154035 0.460629 0.020184 0.013726
0 0.133040 0.457402 0.015339 0.013726
0 0.119716 0.475570 0.016149 0.017762
0 0.455198 0.761395 0.015339 0.016148
0 0.449953 0.784810 0.019379 0.012917
0 0.107201 0.838099 0.020184 0.014534
0 0.116891 0.860706 0.015339 0.014534
0 0.969841 0.540626 0.020002 0.013748
0 0.987342 0.555623 0.015000 0.016251
0 0.965467 0.563126 0.018751 0.018749
