0 0.300783 0.045897 0.015623 0.013673
0 0.746095 0.359375 0.019531 0.019531
0 0.184568 0.440430 0.013674 0.013673
0 0.708010 0.011718 0.017577 0.015624
0 0.822266 0.266602 0.011720 0.013673
0 0.149414 0.995117 0.013674 0.009765
0 0.297852 0.117187 0.013674 0.011717
0 0.625977 0.329102 0.013674 0.013673
0 0.666017 0.083008 0.015623 0.013673
0 0.977538 0.804687 0.009766 0.015624
0 0.929687 0.788087 0.011720 0.009766
0 0.261720 0.880860 0.011720 0.007814
0 0.071289 0.037111 0.029297 0.019531
0 0.443358 0.027345 0.011720 0.015624
0 0.037639 0.006643 0.012940 0.013286
0 0.040064 0.027034 0.014555 0.021027
0 0.017424 0.020564 0.014555 0.014557
0 0.057859 0.014094 0.017790 0.017792
