0 0.895510 0.409178 0.017577 0.021483
0 0.858396 0.401368 0.017577 0.021483
0 0.795900 0.412110 0.021485 0.023438
0 0.934572 0.844726 0.021485 0.021483
0 0.935549 0.742187 0.019531 0.019531
0 0.495116 0.270509 0.021485 0.021483
0 0.467774 0.311523 0.021485 0.017580
0 0.331056 0.011718 0.021485 0.019531
0 0.293943 0.303713 0.017577 0.017580
0 0.270509 0.327147 0.017577 0.017580
0 0.258789 0.397461 0.017577 0.017580
0 0.442380 0.477537 0.017577 0.017580
0 0.556641 0.477537 0.019531 0.021483
0 0.699216 0.487303 0.023439 0.021483
0 0.724610 0.572266 0.015623 0.019531
0 0.774415 0.576173 0.021485 0.019531
0 0.169922 0.023439 0.015623 0.015624
0 0.139648 0.082032 0.017577 0.019531
0 0.091797 0.039063 0.019531 0.019531
0 0.005859 0.479493 0.011719 0.017580
0 0.129882 0.589845 0.017577 0.019531
0 0.041992 0.896485 0.017577 0.015624
0 0.587892 0.747070 0.015623 0.017580
0 0.514648 0.762694 0.017577 0.017580
0 0.323245 0.884767 0.017577 0.019531
0 0.841796 0.660156 0.019531 0.019531
0 0.855470 0.683594 0.019531 0.019531
0 0.829100 0.700194 0.017577 0.017580
0 0.368164 0.773439 0.017577 0.015624
0 0.469728 0.916016 0.017577 0.015624
0 0.034181 0.048828 0.017577 0.019531
0 0.017576 0.135743 0.015623 0.017580
0 0.011719 0.054687 0.019531 0.019531
0 0.416015 0.804688 0.015623 0.015624
0 0.760548 0.693359 0.012499 0.023438
0 0.785547 0.690235 0.021875 0.020313
