0 0.657225 0.041014 0.017577 0.019531
0 0.542969 0.122070 0.015623 0.017580
0 0.467776 0.992188 0.029297 0.015624
0 0.748046 0.828125 0.019531 0.015624
0 0.165038 0.181639 0.017577 0.015624
0 0.493164 0.015625 0.017577 0.015624
0 0.809571 0.227540 0.017577 0.017580
0 0.663087 0.201170 0.017577 0.015624
0 0.841798 0.937498 0.019531 0.019531
0 0.249025 0.017580 0.013674 0.015624
0 0.742189 0.237305 0.019531 0.013673
0 0.539061 0.171874 0.019531 0.015624
0 0.392577 0.250978 0.019531 0.017580
0 0.143553 0.305664 0.013674 0.017580
0 0.731446 0.175781 0.017577 0.015624
0 0.739257 0.032228 0.017577 0.017580
0 0.004883 0.209960 0.009766 0.017580
0 0.474610 0.790039 0.015623 0.013673
0 0.104491 0.111329 0.013674 0.015624
0 0.495118 0.315430 0.017577 0.013673
0 0.978516 0.697266 0.019531 0.015624
0 0.858398 0.027345 0.013674 0.015624
0 0.277345 0.164063 0.015623 0.015624
0 0.692384 0.667969 0.017577 0.015624
0 0.941408 0.992187 0.011720 0.015626
0 0.838867 0.252929 0.017577 0.017580
0 0.889649 0.872070 0.017577 0.017580
0 0.279299 0.404295 0.015623 0.019531
0 0.660156 0.930664 0.015623 0.017580
0 0.723635 0.452147 0.017577 0.017580
0 0.991212 0.544920 0.017575 0.019531
0 0.295899 0.036131 0.017577 0.013673
0 0.631836 0.377930 0.017577 0.017580
0 0.842775 0.579100 0.017577 0.017580
0 0.584963 0.003906 0.013674 0.007812
0 0.757811 0.313478 0.015623 0.017580
0 0.987305 0.926757 0.017577 0.017580
0 0.080079 0.091797 0.015623 0.015624
0 0.280271 0.526369 0.013674 0.017580
0 0.093748 0.072266 0.015623 0.015624
0 0.291991 0.271485 0.017577 0.019531
0 0.899415 0.046877 0.013674 0.015624
0 0.042966 0.397461 0.015623 0.013673
0 0.992187 0.945312 0.015626 0.015624
0 0.849610 0.104490 0.011720 0.017580
0 0.994141 0.036131 0.011718 0.017580
0 0.367189 0.572265 0.015623 0.015624
0 0.642579 0.293947 0.019531 0.013673
0 0.516604 0.810546 0.017577 0.019531
0 0.372069 0.756835 0.013674 0.013673
0 0.340818 0.736328 0.013674 0.011717
0 0.360350 0.737304 0.017577 0.013673
0 0.362304 0.072266 0.017577 0.015624
0 0.373046 0.083008 0.019531 0.013673
0 0.355469 0.089842 0.015623 0.015624
0 0.528318 0.020507 0.017577 0.017580
0 0.650390 0.107422 0.011720 0.011717
0 0.667967 0.118163 0.015623 0.017580
0 0.874021 0.113280 0.017577 0.011717
0 0.889649 0.404295 0.013674 0.015624
0 0.894529 0.473634 0.015623 0.021483
0 0.922854 0.469727 0.013674 0.017580
0 0.463868 0.234374 0.017577 0.015624
0 0.463868 0.256836 0.017577 0.009766
0 0.624025 0.298830 0.013674 0.015624
0 0.605471 0.306640 0.011720 0.019531
0 0.150838 0.005688 0.020771 0.011376
0 0.336389 0.282780 0.015233 0.024926
0 0.352315 0.278626 0.016615 0.016615
