0 0.438478 0.903319 0.013674 0.017580
0 0.095702 0.883787 0.015623 0.017580
0 0.025388 0.927736 0.023439 0.019531
0 0.854494 0.286133 0.017577 0.017580
0 0.521483 0.299805 0.015623 0.013673
0 0.591796 0.991211 0.015623 0.017577
0 0.680663 0.803711 0.013674 0.017580
0 0.776365 0.847656 0.013674 0.011717
0 0.132815 0.298829 0.015623 0.015624
0 0.995118 0.457030 0.009765 0.015624
0 0.489260 0.063476 0.013674 0.029297
0 0.116210 0.595703 0.013674 0.015624
0 0.084959 0.166991 0.017577 0.013673
0 0.638670 0.935546 0.015623 0.015624
0 0.575196 0.159180 0.013674 0.013673
0 0.748045 0.169922 0.019531 0.015624
0 0.816404 0.779297 0.019531 0.019531
0 0.166992 0.614259 0.013674 0.013673
0 0.906248 0.557617 0.019531 0.017580
0 0.336914 0.432616 0.017577 0.017580
0 0.663086 0.011717 0.013674 0.015624
0 0.169923 0.865236 0.015623 0.015624
0 0.781250 0.969726 0.015623 0.013673
0 0.722657 0.299805 0.015623 0.013673
0 0.339846 0.666993 0.019531 0.017580
0 0.643555 0.765625 0.021485 0.019531
0 0.637698 0.220705 0.013674 0.015624
0 0.509763 0.806642 0.015623 0.015624
0 0.210939 0.638673 0.011720 0.015624
0 0.971681 0.437499 0.013674 0.011717
0 0.289064 0.207032 0.035154 0.039062
0 0.381834 0.266602 0.017577 0.017580
0 0.657229 0.539062 0.029297 0.035155
0 0.181643 0.086914 0.019531 0.017580
0 0.185546 0.160156 0.015623 0.015624
0 0.150392 0.178712 0.015623 0.017580
0 0.708983 0.205077 0.015623 0.015624
0 0.983401 0.173829 0.013674 0.015624
0 0.499026 0.995117 0.013674 0.009765
0 0.542113 0.010537 0.023541 0.012461
0 0.535192 0.029229 0.023541 0.016615
0 0.321945 0.121310 0.020771 0.018001
0 0.292866 0.114389 0.023541 0.018001
0 0.465264 0.405871 0.019384 0.022155
0 0.483955 0.409330 0.012464 0.015233
0 0.499188 0.421795 0.018002 0.012461
