0 0.657225 0.839842 0.017577 0.019531
0 0.542969 0.920898 0.015623 0.017580
0 0.770508 0.788087 0.017577 0.017580
0 0.810548 0.758790 0.011720 0.013673
0 0.338869 0.537110 0.017577 0.015624
0 0.165038 0.980467 0.017577 0.015624
0 0.493164 0.814453 0.017577 0.015624
0 0.219728 0.574221 0.013674 0.015624
0 0.156250 0.570314 0.015623 0.015624
0 0.552735 0.770508 0.015623 0.009766
0 0.663087 0.996093 0.017577 0.007814
0 0.249025 0.816408 0.013674 0.015624
0 0.539061 0.970702 0.019531 0.015624
0 0.695315 0.496092 0.015623 0.015624
0 0.625979 0.757811 0.017577 0.015624
0 0.731446 0.974609 0.017577 0.015624
0 0.739257 0.831056 0.017577 0.017580
0 0.104491 0.779297 0.017577 0.015624
0 0.104491 0.910157 0.013674 0.015624
0 0.548826 0.564451 0.015623 0.015624
0 0.858398 0.826174 0.013674 0.015624
0 0.277345 0.962892 0.015623 0.015624
0 0.980470 0.567382 0.015623 0.013673
0 0.038086 0.486327 0.029297 0.023438
0 0.030275 0.019531 0.013674 0.015624
0 0.411132 0.597655 0.013674 0.015624
0 0.091799 0.658204 0.015623 0.015624
0 0.480467 0.513672 0.011720 0.015624
0 0.561523 0.671876 0.009766 0.011717
0 0.978516 0.736328 0.015623 0.015624
0 0.978516 0.320312 0.015623 0.015624
0 0.295899 0.834960 0.017577 0.013673
0 0.331053 0.053711 0.017577 0.017580
0 0.221678 0.502930 0.017577 0.017580
0 0.864256 0.632814 0.017577 0.015624
0 0.584963 0.798829 0.013674 0.015624
0 0.275391 0.680662 0.011720 0.013673
0 0.080079 0.890626 0.015623 0.015624
0 0.696287 0.754884 0.013674 0.017580
0 0.093748 0.871094 0.015623 0.015624
0 0.899415 0.845705 0.013674 0.015624
0 0.766600 0.545900 0.017577 0.017580
0 0.182615 0.626952 0.017577 0.019531
0 0.637694 0.464844 0.017577 0.019531
0 0.849610 0.903319 0.011720 0.017580
0 0.833982 0.454103 0.015623 0.017580
0 0.899415 0.473634 0.017577 0.017580
0 0.128907 0.537110 0.019531 0.015624
0 0.367189 0.201170 0.015623 0.019531
0 0.994141 0.834960 0.011718 0.017580
0 0.333984 0.787108 0.019531 0.011717
0 0.456056 0.037111 0.013674 0.015624
0 0.261717 0.036131 0.019531 0.017580
0 0.348635 0.074218 0.017577 0.015624
0 0.399412 0.499999 0.013674 0.011717
0 0.058594 0.551758 0.019531 0.013673
0 0.322264 0.709963 0.019531 0.009766
0 0.295899 0.636717 0.017577 0.011717
0 0.405274 0.534179 0.017577 0.017580
0 0.362304 0.871094 0.017577 0.015624
0 0.373046 0.881836 0.019531 0.013673
0 0.355469 0.888670 0.015623 0.015624
0 0.528318 0.819335 0.017577 0.017580
0 0.650390 0.906250 0.011720 0.011717
0 0.667967 0.916991 0.015623 0.017580
0 0.874021 0.912108 0.017577 0.011717
0 0.681641 0.773439 0.015623 0.011717
0 0.499999 0.249022 0.019531 0.013673
0 0.482422 0.257812 0.015623 0.015624
0 0.496095 0.268553 0.015623 0.021483
0 0.441405 0.636717 0.015623 0.011717
0 0.432617 0.656248 0.017577 0.015624
0 0.161915 0.782510 0.020771 0.019387
0 0.150838 0.800511 0.020771 0.019387
0 0.206920 0.657889 0.022153 0.019387
0 0.202764 0.680043 0.022153 0.019387
0 0.035494 0.569266 0.018833 0.017724
0 0.056539 0.569266 0.018833 0.017724
0 0.289728 0.655671 0.022153 0.019941
0 0.324618 0.752047 0.019384 0.019387
