0 0.745116 0.428711 0.021485 0.017580
0 0.478514 0.383790 0.019531 0.017580
0 0.360351 0.609374 0.017577 0.019531
0 0.006835 0.666015 0.013671 0.015624
0 0.512696 0.043947 0.017577 0.017580
0 0.932616 0.901369 0.017577 0.017580
0 0.132811 0.939451 0.019531 0.019531
0 0.397459 0.353517 0.017577 0.019531
0 0.148439 0.814454 0.015623 0.015624
0 0.399413 0.458007 0.017577 0.017580
0 0.778321 0.701171 0.017577 0.019531
0 0.854491 0.954103 0.017577 0.017580
0 0.386721 0.754881 0.015623 0.017580
0 0.470703 0.767578 0.015623 0.015624
0 0.380859 0.172851 0.019531 0.017580
0 0.265626 0.593750 0.015623 0.015624
0 0.202148 0.370117 0.017577 0.017580
0 0.410155 0.106443 0.015623 0.017580
0 0.256838 0.715819 0.013674 0.013673
0 0.290038 0.100585 0.013674 0.017580
0 0.268552 0.922851 0.013674 0.017580
0 0.167971 0.725585 0.015623 0.013673
0 0.330077 0.301758 0.015623 0.017580
0 0.188479 0.330079 0.017577 0.019531
0 0.375001 0.218751 0.015623 0.019531
0 0.694334 0.227537 0.017577 0.017580
0 0.390624 0.423828 0.015623 0.015624
0 0.569336 0.659181 0.017577 0.017580
0 0.576170 0.990234 0.019531 0.015624
0 0.609375 0.331055 0.019531 0.017580
0 0.195313 0.168944 0.015623 0.017580
0 0.007813 0.922851 0.015623 0.017580
0 0.201170 0.991210 0.015623 0.009766
0 0.059572 0.113282 0.017577 0.019531
0 0.300780 0.931641 0.015623 0.015624
0 0.027344 0.039064 0.015623 0.011717
0 0.200193 0.583008 0.017577 0.017580
0 0.388670 0.051757 0.015623 0.017580
0 0.553713 0.799806 0.017577 0.017580
0 0.313477 0.008789 0.017577 0.017578
0 0.418944 0.538087 0.013674 0.013673
0 0.753904 0.088868 0.015623 0.017580
0 0.045898 0.246093 0.017577 0.015624
0 0.569336 0.576170 0.013674 0.019531
0 0.894530 0.807616 0.015623 0.017580
0 0.345705 0.265624 0.015623 0.019531
0 0.152343 0.696288 0.011720 0.013673
0 0.448241 0.988283 0.017577 0.015624
0 0.228518 0.607422 0.015623 0.015624
0 0.365236 0.846678 0.015623 0.017580
0 0.726562 0.341797 0.015623 0.015624
0 0.424806 0.403321 0.013674 0.013673
0 0.094726 0.513673 0.017577 0.015624
0 0.765624 0.326172 0.019531 0.019531
0 0.603518 0.534180 0.015623 0.013673
0 0.332031 0.207030 0.015623 0.015624
0 0.174805 0.605471 0.021485 0.019531
0 0.215821 0.680664 0.017577 0.017580
0 0.583010 0.806640 0.017577 0.015624
0 0.598632 0.819337 0.013674 0.017580
0 0.582032 0.825196 0.015623 0.017580
0 0.649414 0.006835 0.021485 0.013671
0 0.560547 0.411131 0.019531 0.021483
0 0.557616 0.429687 0.017577 0.019531
