0 0.167969 0.050781 0.019531 0.019531
0 0.550780 0.137696 0.019531 0.017580
0 0.743165 0.148437 0.017577 0.019531
0 0.801758 0.079102 0.017577 0.017580
0 0.928711 0.189455 0.017577 0.019531
0 0.481444 0.260741 0.017577 0.017580
0 0.576173 0.224610 0.015623 0.015624
0 0.324218 0.271486 0.019531 0.019531
0 0.350588 0.282227 0.017577 0.017580
0 0.207031 0.400390 0.019531 0.019531
0 0.586916 0.379883 0.017577 0.017580
0 0.547854 0.444335 0.017577 0.017580
0 0.442382 0.493163 0.017577 0.017580
0 0.587893 0.481446 0.015623 0.017580
0 0.707029 0.462890 0.015623 0.015624
0 0.840821 0.496094 0.017577 0.015624
0 0.930665 0.663084 0.029297 0.021483
0 0.534180 0.657226 0.017577 0.017580
0 0.582031 0.769530 0.019531 0.019531
0 0.770507 0.856444 0.017577 0.017580
0 0.288087 0.928710 0.021485 0.021483
0 0.033205 0.949221 0.019531 0.019531
0 0.008788 0.746095 0.017577 0.015624
0 0.404296 0.958007 0.019531 0.017580
0 0.427736 0.960938 0.015623 0.015624
0 0.915037 0.634767 0.017577 0.015624
0 0.390623 0.218751 0.019531 0.019531
0 0.036131 0.202147 0.017577 0.021483
0 0.597658 0.908203 0.015623 0.023438
0 0.025388 0.332031 0.023439 0.031248
0 0.554688 0.577150 0.015623 0.017580
0 0.539060 0.603515 0.015623 0.015624
0 0.637698 0.648436 0.017577 0.023438
0 0.685549 0.994141 0.011720 0.003907
0 0.408205 0.043947 0.015623 0.021483
0 0.399416 0.029299 0.017577 0.015624
0 0.473632 0.582032 0.017577 0.019531
0 0.446290 0.636719 0.021485 0.023438
0 0.641601 0.809572 0.017577 0.013673
0 0.637698 0.828127 0.013674 0.015624
0 0.650390 0.854492 0.015623 0.009766
0 0.641601 0.872072 0.013674 0.017580
0 0.288087 0.584960 0.021485 0.017580
0 0.396267 0.592614 0.020220 0.014151
0 0.412442 0.635071 0.032349 0.026282
