0 0.770507 0.119139 0.017577 0.019531
0 0.161134 0.731446 0.017577 0.017580
0 0.930664 0.122070 0.017577 0.017580
0 0.592773 0.402344 0.017577 0.015624
0 0.886716 0.258788 0.015623 0.017580
0 0.188476 0.174805 0.017577 0.017580
0 0.833985 0.270509 0.019531 0.021483
0 0.880859 0.810546 0.015623 0.015624
0 0.111329 0.697266 0.019531 0.015624
0 0.179688 0.691408 0.019531 0.019531
0 0.333983 0.049804 0.019531 0.017580
0 0.475586 0.513672 0.013674 0.015624
0 0.192384 0.790039 0.017577 0.013673
0 0.074221 0.992187 0.011720 0.015626
0 0.299806 0.563476 0.013674 0.013673
0 0.804689 0.498048 0.007811 0.015624
0 0.022462 0.872070 0.017577 0.017580
0 0.868162 0.227540 0.017577 0.017580
0 0.821289 0.560548 0.017577 0.015624
0 0.124026 0.544920 0.017577 0.019531
0 0.663086 0.334961 0.013674 0.017580
0 0.338868 0.012697 0.017577 0.013673
0 0.967772 0.017580 0.017577 0.015624
0 0.814454 0.003906 0.015623 0.007812
0 0.336914 0.082032 0.017577 0.019531
0 0.439455 0.272460 0.015623 0.017580
0 0.691405 0.463868 0.019531 0.017580
0 0.862305 0.063477 0.017577 0.017580
0 0.708010 0.083008 0.013674 0.013673
0 0.782226 0.497072 0.017577 0.017580
0 0.120117 0.926757 0.017577 0.017580
0 0.831054 0.125001 0.013674 0.015624
0 0.842774 0.345702 0.013674 0.015624
0 0.032227 0.046877 0.013674 0.015624
0 0.910156 0.333009 0.011720 0.021483
0 0.321291 0.820311 0.017577 0.011717
0 0.861328 0.334961 0.015623 0.017580
0 0.125975 0.945312 0.017577 0.015624
0 0.587892 0.496093 0.011720 0.015624
0 0.523436 0.588865 0.015623 0.017580
0 0.231447 0.421875 0.013674 0.015624
0 0.462889 0.659180 0.019531 0.017580
0 0.446289 0.641600 0.013674 0.013673
0 0.456055 0.410158 0.021485 0.011717
0 0.452146 0.431641 0.017577 0.019531
0 0.394530 0.116211 0.019531 0.021483
0 0.129883 0.036131 0.017577 0.017580
0 0.891602 0.333009 0.013674 0.017580
0 0.596681 0.140625 0.017577 0.015624
0 0.424804 0.133791 0.013674 0.017580
0 0.922853 0.535155 0.017577 0.019531
0 0.911133 0.354492 0.017577 0.017580
0 0.950195 0.831053 0.017577 0.013673
0 0.927733 0.801756 0.011720 0.013673
0 0.007811 0.113280 0.015622 0.011717
0 0.022462 0.404295 0.013674 0.015624
0 0.027342 0.473634 0.015623 0.021483
0 0.055667 0.469727 0.013674 0.017580
0 0.617189 0.158205 0.019531 0.019531
0 0.625000 0.177736 0.019531 0.015624
0 0.457032 0.145508 0.015623 0.021483
0 0.947264 0.812501 0.019531 0.019531
0 0.345034 0.064688 0.019384 0.015233
