0 0.786133 0.775392 0.013674 0.015624
0 0.597656 0.773437 0.015623 0.011717
0 0.018557 0.958007 0.013674 0.013673
0 0.026368 0.076171 0.017577 0.011717
0 0.958982 0.923827 0.015623 0.015624
0 0.754882 0.893555 0.029297 0.021483
0 0.012695 0.282227 0.013674 0.009766
0 0.944336 0.279296 0.013674 0.011717
0 0.541994 0.076171 0.017577 0.015624
0 0.485350 0.869141 0.013674 0.015624
0 0.859377 0.199220 0.015623 0.015624
0 0.371094 0.457032 0.011720 0.015624
0 0.358398 0.946289 0.013674 0.013673
0 0.670901 0.380859 0.013674 0.011717
0 0.859377 0.618163 0.015623 0.009766
0 0.930663 0.851561 0.013674 0.015624
0 0.320312 0.372069 0.015623 0.013673
0 0.758791 0.713868 0.021485 0.021483
0 0.275393 0.737306 0.007811 0.009766
0 0.489258 0.386717 0.013674 0.015624
0 0.633787 0.606446 0.013674 0.017580
0 0.062499 0.369142 0.015623 0.015624
0 0.061522 0.300783 0.013674 0.015624
0 0.457030 0.374024 0.015623 0.017580
0 0.359375 0.922851 0.015623 0.017580
0 0.384768 0.896486 0.019531 0.023438
0 0.860349 0.678712 0.013674 0.009766
0 0.848635 0.695312 0.013674 0.015624
0 0.810545 0.497070 0.015623 0.013673
0 0.818351 0.720998 0.019531 0.019531
0 0.309215 0.428035 0.023176 0.015195
0 0.293856 0.416485 0.014403 0.013293
