0 0.591795 0.634766 0.019531 0.019531
0 0.058592 0.479493 0.019531 0.017580
0 0.763672 0.042970 0.015623 0.011717
0 0.203127 0.017580 0.015623 0.015624
0 0.985354 0.812501 0.013674 0.015624
0 0.055666 0.887695 0.017577 0.017580
0 0.687502 0.307616 0.019531 0.017580
0 0.923829 0.699218 0.019531 0.019531
0 0.755861 0.145508 0.015623 0.017580
0 0.895510 0.236329 0.017577 0.015624
0 0.673828 0.022463 0.015623 0.013673
0 0.005859 0.534179 0.011719 0.017580
0 0.222658 0.140625 0.019531 0.019531
0 0.734375 0.970702 0.011720 0.011717
0 0.424803 0.865236 0.021485 0.019531
0 0.019530 0.934571 0.019531 0.017580
0 0.238281 0.424806 0.019531 0.017580
0 0.587892 0.233398 0.019531 0.017580
0 0.423826 0.391603 0.015623 0.013673
0 0.695313 0.182619 0.015623 0.017580
0 0.862305 0.067384 0.017577 0.017580
0 0.785157 0.004883 0.015623 0.009766
0 0.033381 0.323631 0.016615 0.015233
