0 0.537108 0.816408 0.031251 0.023438
0 0.855468 0.226563 0.015623 0.015624
0 0.906250 0.417968 0.015623 0.011717
0 0.829103 0.818359 0.013674 0.015624
0 0.407224 0.040038 0.017577 0.017580
0 0.707031 0.168946 0.019531 0.029297
0 0.951170 0.721680 0.015623 0.017580
0 0.792967 0.129884 0.015623 0.017580
0 0.920896 0.380861 0.009766 0.015624
0 0.607421 0.855470 0.015623 0.015624
0 0.458983 0.157225 0.023439 0.021483
0 0.651368 0.311522 0.017577 0.017580
0 0.711916 0.752928 0.013674 0.021483
0 0.521485 0.750001 0.019531 0.019531
0 0.732267 0.853674 0.015233 0.018001
0 0.713576 0.860596 0.022153 0.020769
