0 0.022463 0.225586 0.021485 0.033204
0 0.171873 0.283203 0.015623 0.015624
0 0.108399 0.186523 0.017577 0.017580
0 0.282225 0.023436 0.017577 0.019531
0 0.497073 0.007813 0.017577 0.015626
0 0.597654 0.427735 0.015623 0.015624
0 0.622071 0.778319 0.017577 0.021483
0 0.238283 0.439452 0.015623 0.015624
0 0.221678 0.475587 0.017577 0.017580
0 0.263671 0.777344 0.019531 0.019531
0 0.143553 0.874023 0.017577 0.017580
0 0.443359 0.910155 0.019531 0.015624
0 0.460936 0.930665 0.019531 0.017580
0 0.569335 0.893555 0.017577 0.017580
0 0.743166 0.143554 0.009766 0.009766
0 0.906249 0.137696 0.015623 0.017580
0 0.341795 0.580077 0.011720 0.011717
0 0.388674 0.897462 0.015623 0.021483
0 0.372069 0.892579 0.013674 0.015624
0 0.043943 0.911134 0.021485 0.017580
0 0.026366 0.916017 0.013674 0.015624
0 0.027343 0.806249 0.020311 0.018749
