0 0.968750 0.023439 0.015623 0.015624
0 0.938476 0.082032 0.017577 0.019531
0 0.890625 0.039063 0.019531 0.019531
0 0.791993 0.125977 0.017577 0.017580
0 0.636721 0.254881 0.019531 0.017580
0 0.170900 0.092773 0.017577 0.017580
0 0.184569 0.128905 0.017577 0.019531
0 0.359377 0.165039 0.015623 0.017580
0 0.308595 0.246095 0.019531 0.019531
0 0.355469 0.240233 0.019531 0.019531
0 0.167969 0.451172 0.019531 0.019531
0 0.510740 0.260743 0.017577 0.017580
0 0.608396 0.350585 0.017577 0.017580
0 0.503906 0.362306 0.019531 0.017580
0 0.550780 0.538086 0.019531 0.017580
0 0.743165 0.548827 0.017577 0.019531
0 0.801758 0.479493 0.017577 0.017580
0 0.928711 0.589845 0.017577 0.019531
0 0.481444 0.661131 0.017577 0.017580
0 0.576173 0.625000 0.015623 0.015624
0 0.324218 0.671877 0.019531 0.019531
0 0.350588 0.682618 0.017577 0.017580
0 0.207031 0.800781 0.019531 0.019531
0 0.586916 0.780274 0.017577 0.017580
0 0.547854 0.844726 0.017577 0.017580
0 0.442382 0.893553 0.017577 0.017580
0 0.587893 0.881836 0.015623 0.017580
0 0.707029 0.863281 0.015623 0.015624
0 0.840821 0.896485 0.017577 0.015624
0 0.390623 0.619142 0.019531 0.019531
0 0.036131 0.602538 0.017577 0.021483
0 0.450193 0.341795 0.029297 0.023438
0 0.239259 0.312499 0.021485 0.023438
0 0.025388 0.732422 0.023439 0.031248
0 0.554688 0.977540 0.015623 0.017580
0 0.833009 0.048828 0.017577 0.019531
0 0.816404 0.135743 0.015623 0.017580
0 0.792970 0.036132 0.019531 0.017580
0 0.810547 0.054687 0.019531 0.019531
0 0.524414 0.290040 0.017577 0.017580
0 0.520506 0.307616 0.017577 0.017580
0 0.408205 0.444338 0.015623 0.021483
0 0.399416 0.429689 0.017577 0.015624
0 0.473632 0.982423 0.017577 0.019531
0 0.288087 0.985350 0.021485 0.017580
0 0.396267 0.992965 0.020220 0.014071
