0 0.922851 0.416016 0.013674 0.015624
0 0.797853 0.137694 0.017577 0.017580
0 0.897463 0.355467 0.013674 0.015624
0 0.986330 0.405275 0.015623 0.017580
0 0.435545 0.444337 0.015623 0.017580
0 0.348632 0.797853 0.013674 0.013673
0 0.976564 0.604493 0.019531 0.017580
0 0.083985 0.285157 0.015623 0.015624
0 0.211914 0.527344 0.017577 0.019531
0 0.441407 0.340819 0.015623 0.017580
0 0.953125 0.793946 0.019531 0.017580
0 0.680666 0.811525 0.013674 0.013673
0 0.603514 0.316405 0.015623 0.015624
0 0.495115 0.983398 0.009766 0.009766
0 0.717774 0.640624 0.017577 0.015624
0 0.788087 0.630859 0.021485 0.023438
0 0.323244 0.084959 0.017577 0.013673
0 0.278319 0.340819 0.013674 0.017580
0 0.546874 0.587889 0.019531 0.019531
0 0.583983 0.990233 0.015623 0.015624
0 0.592771 0.815428 0.017577 0.017580
0 0.294924 0.295898 0.015623 0.017580
0 0.770505 0.065428 0.017577 0.017580
0 0.768556 0.523437 0.013674 0.015624
0 0.866212 0.391602 0.017577 0.013673
0 0.590822 0.108397 0.021485 0.021483
0 0.708009 0.865236 0.013674 0.015624
0 0.198240 0.137694 0.013674 0.017580
0 0.789064 0.884767 0.015623 0.015624
0 0.628907 0.805663 0.015623 0.013673
0 0.061522 0.361330 0.013674 0.015624
0 0.990233 0.513672 0.015623 0.015624
0 0.196291 0.161132 0.017577 0.017580
0 0.342775 0.601562 0.017577 0.019531
0 0.547852 0.751952 0.017577 0.019531
0 0.473635 0.280274 0.013674 0.017580
0 0.732420 0.320312 0.015623 0.019531
0 0.026368 0.459961 0.017577 0.013673
0 0.995116 0.540037 0.009767 0.021483
0 0.571291 0.778322 0.021485 0.013673
0 0.873046 0.974609 0.019531 0.015624
0 0.864258 0.990233 0.021485 0.015624
0 0.104685 0.299608 0.020311 0.021874
0 0.185938 0.389453 0.014064 0.023438
0 0.298437 0.554298 0.023439 0.018749
0 0.498436 0.625391 0.017187 0.020313
