0 0.890626 0.623048 0.019531 0.019531
0 0.350584 0.802736 0.017577 0.015624
0 0.041994 0.830077 0.017577 0.015624
0 0.257814 0.325195 0.015623 0.017580
0 0.777343 0.647462 0.015623 0.017580
0 0.533204 0.841798 0.019531 0.019531
0 0.854490 0.684569 0.017577 0.017580
0 0.308596 0.873046 0.015623 0.015624
0 0.280271 0.195311 0.017577 0.019531
0 0.389646 0.310547 0.017577 0.019531
0 0.311522 0.994140 0.017577 0.011721
0 0.552735 0.964843 0.019531 0.019531
0 0.212889 0.829101 0.015623 0.017580
0 0.533204 0.482424 0.015623 0.015624
0 0.503907 0.462892 0.011720 0.015624
0 0.109376 0.183594 0.011720 0.015624
0 0.794920 0.600586 0.015623 0.021483
0 0.938477 0.622069 0.013674 0.017580
0 0.242186 0.956053 0.015623 0.013673
0 0.054686 0.322264 0.015623 0.015624
0 0.777343 0.263670 0.015623 0.015624
0 0.174804 0.790039 0.021485 0.029297
0 0.989258 0.017580 0.021484 0.023438
0 0.170901 0.245119 0.013674 0.013673
0 0.621094 0.307615 0.019531 0.017580
0 0.196289 0.035155 0.013674 0.015624
0 0.169924 0.960936 0.015623 0.019531
0 0.675779 0.416992 0.015623 0.021483
0 0.892580 0.266602 0.019531 0.017580
0 0.995118 0.817384 0.009764 0.013673
0 0.064452 0.008790 0.015623 0.017580
0 0.031252 0.445313 0.019531 0.023438
0 0.439451 0.583986 0.019531 0.019531
0 0.242186 0.227539 0.015623 0.017580
0 0.077148 0.036131 0.017577 0.013673
0 0.761720 0.628907 0.015623 0.019531
0 0.069337 0.052735 0.017577 0.015624
0 0.518553 0.194336 0.013674 0.009766
0 0.210479 0.576047 0.026553 0.021574
0 0.185587 0.567747 0.016595 0.028211
0 0.213800 0.605917 0.023232 0.018255
0 0.014662 0.436648 0.013274 0.018255
