0 0.763672 0.841798 0.015623 0.011717
0 0.203127 0.816408 0.015623 0.015624
0 0.816408 0.190429 0.015623 0.017580
0 0.604492 0.594728 0.013674 0.013673
0 0.931641 0.592772 0.015623 0.017580
0 0.431643 0.606445 0.015623 0.009766
0 0.521482 0.658204 0.015623 0.015624
0 0.765626 0.101563 0.015623 0.015624
0 0.055666 0.286133 0.017577 0.017580
0 0.559572 0.597655 0.017577 0.019531
0 0.445312 0.239256 0.015623 0.017580
0 0.755861 0.944336 0.015623 0.017580
0 0.722656 0.733397 0.015623 0.021483
0 0.764649 0.016600 0.017577 0.017580
0 0.200196 0.457030 0.017577 0.015624
0 0.673828 0.821291 0.015623 0.013673
0 0.833985 0.740235 0.015623 0.019531
0 0.684570 0.607420 0.017577 0.015624
0 0.463866 0.572265 0.017577 0.019531
0 0.853516 0.095704 0.023439 0.019531
0 0.687502 0.090821 0.011720 0.013673
0 0.222658 0.939453 0.019531 0.019531
0 0.753906 0.497072 0.019531 0.017580
0 0.017576 0.779297 0.019531 0.019531
0 0.107420 0.557617 0.019531 0.017580
0 0.820311 0.680662 0.019531 0.017580
0 0.286131 0.283202 0.017577 0.015624
0 0.342776 0.392578 0.013674 0.015624
0 0.557618 0.241212 0.017577 0.017580
0 0.925783 0.629883 0.015623 0.017580
0 0.665039 0.793946 0.017577 0.013673
0 0.172853 0.437499 0.013674 0.011717
0 0.678713 0.258788 0.013674 0.017580
0 0.270509 0.748045 0.017577 0.015624
0 0.695313 0.981447 0.015623 0.017580
0 0.184573 0.173829 0.013674 0.015624
0 0.865236 0.601562 0.015623 0.019531
0 0.862305 0.866212 0.017577 0.017580
0 0.785157 0.799804 0.015623 0.017580
0 0.862305 0.265626 0.013674 0.019531
0 0.690428 0.512696 0.017577 0.021483
0 0.667971 0.515623 0.015623 0.019531
0 0.444335 0.624024 0.017577 0.013673
