0 0.364260 0.383788 0.017577 0.017580
0 0.017580 0.190429 0.015623 0.017580
0 0.354494 0.256836 0.017577 0.017580
0 0.132813 0.592772 0.015623 0.017580
0 0.661135 0.054687 0.017577 0.015624
0 0.873046 0.375978 0.015623 0.017580
0 0.421876 0.736328 0.011720 0.015624
0 0.719728 0.994142 0.013674 0.011717
0 0.035157 0.740235 0.015623 0.019531
0 0.411134 0.374023 0.013674 0.017580
0 0.408202 0.123046 0.015623 0.015624
0 0.054688 0.095704 0.023439 0.019531
0 0.336912 0.730470 0.013674 0.015624
0 0.407225 0.343750 0.017577 0.015624
0 0.794922 0.994140 0.011720 0.011721
0 0.232422 0.849608 0.015623 0.011717
0 0.703123 0.638673 0.015623 0.011717
0 0.021483 0.680662 0.019531 0.017580
0 0.598633 0.586914 0.017577 0.017580
0 0.359375 0.509765 0.015623 0.019531
0 0.666015 0.093749 0.019531 0.015624
0 0.978513 0.757811 0.015623 0.011717
0 0.672850 0.944336 0.017577 0.017580
0 0.414065 0.717773 0.019531 0.013673
0 0.655273 0.880860 0.017577 0.019531
0 0.614256 0.201170 0.017577 0.019531
0 0.126955 0.629883 0.015623 0.017580
0 0.676758 0.134766 0.017577 0.011717
0 0.720706 0.823242 0.015623 0.017580
0 0.327147 0.909181 0.013674 0.013673
0 0.624999 0.855470 0.015623 0.011717
0 0.579102 0.460937 0.017577 0.015624
0 0.779299 0.753908 0.015623 0.015624
0 0.813476 0.329102 0.017577 0.017580
0 0.500978 0.879884 0.017577 0.021483
0 0.252930 0.221681 0.013674 0.017580
0 0.066408 0.601562 0.015623 0.019531
0 0.063477 0.866212 0.017577 0.017580
0 0.063477 0.265626 0.013674 0.019531
0 0.975587 0.456054 0.009766 0.013673
0 0.963868 0.445313 0.013674 0.011717
0 0.949217 0.434572 0.015623 0.013673
0 0.933594 0.423826 0.011720 0.011717
0 0.916017 0.416992 0.011720 0.017580
0 0.896486 0.391602 0.011720 0.009766
0 0.741209 0.258788 0.017577 0.009766
0 0.728517 0.242188 0.015623 0.007814
0 0.718751 0.227539 0.011720 0.005859
0 0.698243 0.189453 0.013674 0.007814
0 0.689455 0.171873 0.015623 0.011717
0 0.670901 0.117187 0.013674 0.011717
0 0.585937 0.104494 0.019531 0.013673
0 0.592771 0.125001 0.017577 0.019531
0 0.263673 0.155273 0.019531 0.017580
0 0.256834 0.173829 0.013674 0.015624
0 0.957033 0.780273 0.019531 0.021483
0 0.552798 0.684888 0.016615 0.020769
0 0.567337 0.700812 0.018002 0.016615
0 0.555567 0.708429 0.016615 0.012461
0 0.559029 0.727121 0.020771 0.016615
