0 0.744143 0.070311 0.015623 0.015624
0 0.160158 0.788088 0.015623 0.017580
0 0.166015 0.579100 0.011720 0.009766
0 0.708007 0.116212 0.013674 0.013673
0 0.536135 0.924805 0.013674 0.013673
0 0.305664 0.742187 0.013674 0.011717
0 0.110353 0.854491 0.013674 0.009766
0 0.569335 0.877929 0.013674 0.013673
0 0.690430 0.228516 0.013674 0.011717
0 0.360350 0.829101 0.009766 0.009766
0 0.425782 0.600587 0.011720 0.013673
0 0.076171 0.908202 0.011720 0.007814
0 0.473633 0.211916 0.013674 0.017580
0 0.188478 0.848633 0.013674 0.013673
0 0.743166 0.708983 0.005857 0.003907
0 0.355469 0.763674 0.011720 0.015624
0 0.372069 0.885743 0.009766 0.013673
0 0.189283 0.020819 0.016823 0.023290
0 0.055688 0.925276 0.024260 0.020218
