0 0.995118 0.080076 0.009765 0.019531
0 0.941407 0.303712 0.019531 0.017580
0 0.729491 0.446289 0.017577 0.017580
0 0.669921 0.396485 0.019531 0.019531
0 0.650390 0.522462 0.019531 0.017580
0 0.546877 0.427733 0.019531 0.019531
0 0.303709 0.059569 0.017577 0.017580
0 0.788084 0.812501 0.017577 0.015624
0 0.765627 0.884767 0.019531 0.019531
0 0.268556 0.640624 0.033205 0.023438
0 0.481444 0.976564 0.017577 0.019531
0 0.593750 0.986330 0.019531 0.019531
0 0.005859 0.768556 0.011717 0.017580
0 0.885740 0.644531 0.013674 0.015624
0 0.869140 0.639648 0.007811 0.017580
0 0.856443 0.780273 0.017577 0.021483
0 0.840821 0.770508 0.013674 0.013673
0 0.048828 0.702149 0.019531 0.013673
0 0.036131 0.715821 0.013674 0.017580
