0 0.581054 0.906250 0.013674 0.015624
0 0.754885 0.098632 0.013674 0.013673
0 0.418947 0.869139 0.017577 0.015624
0 0.352537 0.724608 0.017577 0.011717
0 0.019531 0.541993 0.015623 0.017580
0 0.522460 0.193360 0.013674 0.015624
0 0.401365 0.744139 0.013674 0.015624
0 0.213865 0.561524 0.017577 0.013673
0 0.407227 0.812501 0.017577 0.015624
0 0.100587 0.904299 0.021485 0.015624
0 0.616213 0.860350 0.017577 0.013673
0 0.121095 0.887695 0.015623 0.017580
0 0.207031 0.770508 0.019531 0.017580
0 0.236328 0.832033 0.019531 0.015624
0 0.738280 0.211916 0.015623 0.017580
0 0.791016 0.054687 0.019531 0.019531
0 0.156249 0.836915 0.015623 0.013673
0 0.237305 0.004882 0.013674 0.009764
