0 0.167970 0.125001 0.015623 0.015624
0 0.007812 0.749025 0.015624 0.017580
0 0.454102 0.737304 0.017577 0.013673
0 0.012698 0.358398 0.013674 0.013673
0 0.748046 0.736328 0.019531 0.019531
0 0.356446 0.641600 0.029297 0.021483
0 0.666990 0.054686 0.017577 0.015624
0 0.280271 0.992187 0.017577 0.015626
0 0.003907 0.202149 0.007815 0.017580
0 0.430663 0.784180 0.017577 0.017580
0 0.548826 0.462892 0.015623 0.019531
0 0.355469 0.166015 0.015623 0.015624
0 0.926757 0.062500 0.021485 0.019531
0 0.340818 0.613283 0.017577 0.015624
0 0.109376 0.982422 0.011720 0.015624
0 0.131838 0.441406 0.017577 0.015624
0 0.814451 0.323243 0.015623 0.017580
0 0.666990 0.175780 0.005857 0.007814
0 0.013670 0.459961 0.015623 0.013673
0 0.989258 0.816408 0.021484 0.023438
0 0.267579 0.473634 0.015623 0.017580
0 0.741212 0.339843 0.013674 0.015624
0 0.227540 0.054686 0.017577 0.015624
0 0.196289 0.833984 0.013674 0.015624
0 0.782228 0.053711 0.017577 0.017580
0 0.951174 0.148439 0.015623 0.015624
0 0.064452 0.807618 0.015623 0.017580
0 0.067383 0.788087 0.017577 0.013673
0 0.077148 0.834959 0.017577 0.013673
0 0.592774 0.352540 0.017577 0.017580
0 0.639648 0.382812 0.017577 0.015624
0 0.698241 0.493165 0.013674 0.013673
0 0.069337 0.851563 0.017577 0.015624
0 0.518553 0.993164 0.013674 0.009766
0 0.988282 0.271484 0.011720 0.023438
