0 0.585938 0.981447 0.023439 0.021483
0 0.818358 0.787108 0.019531 0.015624
0 0.229493 0.428709 0.013674 0.013673
0 0.506837 0.196287 0.017577 0.013673
0 0.066404 0.572265 0.011720 0.015624
0 0.351565 0.004883 0.015623 0.009766
0 0.198242 0.154298 0.013674 0.015624
0 0.761718 0.801756 0.015623 0.013673
0 0.744141 0.569334 0.011720 0.013673
0 0.885744 0.767577 0.017577 0.015624
0 0.849608 0.822267 0.023439 0.023438
0 0.442381 0.640624 0.013674 0.015624
0 0.024416 0.762694 0.013674 0.009766
0 0.830077 0.615235 0.015623 0.019531
0 0.212893 0.703125 0.015623 0.015624
0 0.540042 0.520506 0.009766 0.005859
0 0.887106 0.996518 0.012940 0.006965
0 0.879340 0.980741 0.015527 0.016820
0 0.852818 0.987856 0.021997 0.015525
