0 0.802732 0.344726 0.015623 0.013673
0 0.499023 0.677735 0.021485 0.019531
0 0.840822 0.031249 0.017577 0.015624
0 0.255861 0.017580 0.015623 0.019531
0 0.992186 0.262695 0.015623 0.017580
0 0.966798 0.302733 0.019531 0.015624
0 0.151366 0.447265 0.017577 0.019531
0 0.740236 0.668945 0.015623 0.017580
0 0.500977 0.089842 0.017577 0.015624
0 0.281249 0.374999 0.019531 0.015624
0 0.317385 0.394530 0.017577 0.023438
0 0.356447 0.150391 0.021485 0.023438
0 0.236330 0.159181 0.019531 0.021483
0 0.541993 0.466796 0.013674 0.015624
0 0.424806 0.107422 0.017577 0.019531
0 0.920896 0.215819 0.017577 0.017580
0 0.055664 0.565431 0.017577 0.017580
0 0.968752 0.162108 0.015623 0.019531
0 0.310546 0.224608 0.015623 0.015624
0 0.767578 0.127929 0.015623 0.017580
0 0.074218 0.175781 0.019531 0.015624
0 0.065430 0.191405 0.021485 0.015624
0 0.324220 0.938478 0.019531 0.021483
