0 0.677068 0.536434 0.019268 0.017504
0 0.373536 0.699286 0.019521 0.019896
0 0.804283 0.565719 0.016721 0.019539
0 0.334995 0.179030 0.020584 0.019869
0 0.408583 0.961608 0.018321 0.017469
0 0.815046 0.018859 0.025642 0.019459
0 0.316795 0.305052 0.023768 0.018757
0 0.214669 0.847155 0.020513 0.019653
0 0.337814 0.545603 0.019997 0.023981
0 0.674506 0.064509 0.020670 0.016805
0 0.442968 0.682150 0.021576 0.022200
0 0.411317 0.889995 0.020746 0.019903
0 0.398397 0.189115 0.020129 0.022618
0 0.161305 0.694141 0.020113 0.018851
0 0.571859 0.498989 0.017020 0.014937
0 0.760027 0.683608 0.019956 0.020442
0 0.914934 0.538822 0.018326 0.019451
0 0.414552 0.306681 0.019020 0.021247
0 0.477843 0.091562 0.020209 0.018722
0 0.257250 0.377785 0.018817 0.018616
0 0.527937 0.662445 0.019632 0.021126
0 0.237086 0.331748 0.025221 0.020135
0 0.484561 0.883043 0.017466 0.016995
0 0.121150 0.484561 0.020255 0.020913
0 0.719238 0.185663 0.018797 0.019527
0 0.719694 0.765974 0.018240 0.018779
0 0.917607 0.613237 0.016362 0.016585
0 0.566159 0.372044 0.020098 0.019045
0 0.690094 0.701021 0.015744 0.019398
0 0.496169 0.244845 0.022093 0.025356
0 0.682054 0.603388 0.018119 0.020864
0 0.372467 0.146214 0.021303 0.019793
0 0.279084 0.327389 0.020863 0.019300
0 0.059407 0.773803 0.018220 0.015579
0 0.134712 0.250708 0.018554 0.017955
0 0.140453 0.173358 0.020584 0.018191
0 0.773382 0.532474 0.020979 0.019060
0 0.795789 0.815891 0.019020 0.016338
0 0.874024 0.531073 0.018762 0.020017
0 0.397628 0.254284 0.020868 0.015658
0 0.844434 0.225181 0.017354 0.021038
0 0.507246 0.982798 0.018190 0.017898
0 0.847375 0.334892 0.017273 0.018411
0 0.596655 0.290108 0.019076 0.017477
0 0.172326 0.066833 0.019870 0.017868
0 0.883972 0.604595 0.019587 0.020066
0 0.493091 0.933371 0.018311 0.018088
0 0.692554 0.366695 0.019622 0.021004
0 0.566204 0.330613 0.018195 0.017356
0 0.417235 0.058373 0.020625 0.018643
0 0.915122 0.367625 0.018402 0.019421
0 0.712445 0.143776 0.024401 0.019170
0 0.033128 0.356067 0.017982 0.017511
0 0.802785 0.900193 0.022032 0.024182
0 0.045298 0.993533 0.017790 0.012934
0 0.290733 0.625254 0.017866 0.024683
0 0.318769 0.465436 0.021723 0.022086
0 0.804552 0.610211 0.015122 0.017245
0 0.378593 0.768461 0.022153 0.018157
0 0.656281 0.965769 0.023510 0.019854
0 0.275181 0.749374 0.018605 0.017196
0 0.176837 0.413419 0.022655 0.022755
0 0.553791 0.974848 0.024295 0.017462
0 0.119484 0.832370 0.018605 0.015632
0 0.456879 0.190520 0.021708 0.025690
0 0.689694 0.489505 0.019835 0.017261
0 0.242442 0.543667 0.019136 0.020598
0 0.886250 0.704142 0.018493 0.024452
0 0.377575 0.068985 0.020458 0.020165
0 0.792316 0.658135 0.023293 0.018312
0 0.212361 0.064486 0.012069 0.014299
0 0.241500 0.068408 0.018640 0.019094
0 0.292875 0.976674 0.019860 0.018168
0 0.278285 0.461673 0.022032 0.017910
0 0.450000 0.244196 0.020260 0.026324
0 0.752291 0.148264 0.023369 0.020617
0 0.948889 0.168217 0.024710 0.020568
0 0.193042 0.121800 0.017116 0.017397
0 0.120416 0.322708 0.021435 0.027095
0 0.503753 0.742767 0.017714 0.020249
0 0.636816 0.305307 0.019840 0.020184
0 0.257883 0.090696 0.020442 0.021145
0 0.732938 0.375036 0.019961 0.018487
0 0.526291 0.387247 0.016792 0.023525
0 0.849274 0.959512 0.020098 0.021946
0 0.843811 0.504624 0.017050 0.021061
0 0.766239 0.218203 0.020544 0.021346
0 0.947370 0.819050 0.027788 0.019626
0 0.655005 0.170267 0.022827 0.022789
0 0.007596 0.015134 0.015191 0.015412
0 0.054507 0.402055 0.022508 0.026783
0 0.651983 0.246539 0.017936 0.022679
0 0.157326 0.601114 0.025814 0.024247
0 0.120228 0.145671 0.021845 0.017211
0 0.131776 0.448882 0.017045 0.015275
0 0.804132 0.214478 0.020847 0.021980
0 0.599338 0.023150 0.023804 0.022705
0 0.688398 0.288680 0.020650 0.019641
0 0.408188 0.764364 0.019425 0.020294
0 0.556595 0.938219 0.020230 0.019250
0 0.850059 0.373237 0.017886 0.015624
0 0.380178 0.409026 0.025231 0.021718
0 0.276604 0.544574 0.025257 0.022386
0 0.344705 0.114297 0.017304 0.016330
0 0.828695 0.678786 0.031550 0.030405
0 0.934820 0.570670 0.026725 0.018882
0 0.016979 0.720639 0.021035 0.024179
0 0.734406 0.360415 0.019551 0.016721
0 0.512557 0.465474 0.027373 0.022212
0 0.885719 0.964592 0.015390 0.017564
0 0.909669 0.994275 0.024599 0.011449
0 0.957794 0.424384 0.016580 0.019675
0 0.610516 0.212921 0.017926 0.015567
0 0.688529 0.333404 0.020331 0.016778
0 0.719967 0.342303 0.018417 0.018384
0 0.616272 0.252804 0.024629 0.018290
0 0.131477 0.570758 0.018271 0.014705
0 0.454515 0.214797 0.018949 0.011334
0 0.973599 0.546006 0.025044 0.025151
0 0.877269 0.386275 0.013638 0.021954
0 0.616799 0.908752 0.018752 0.017500
0 0.586171 0.901249 0.009998 0.015001
0 0.524297 0.901249 0.013750 0.015001
0 0.544921 0.792499 0.015000 0.022500
0 0.161594 0.015339 0.018569 0.014534
0 0.152309 0.033910 0.020994 0.019379
0 0.129295 0.027858 0.016954 0.015339
0 0.294414 0.019379 0.024224 0.022607
0 0.304103 0.044408 0.024224 0.020993
0 0.327112 0.078724 0.016954 0.020184
0 0.514840 0.067015 0.016149 0.019379
0 0.539869 0.068629 0.027454 0.019379
0 0.525740 0.088008 0.015339 0.019379
0 0.527754 0.114654 0.014534 0.020993
0 0.553998 0.120304 0.021799 0.024224
0 0.606076 0.162290 0.014534 0.020993
0 0.626666 0.159062 0.016954 0.022607
0 0.963762 0.273310 0.016149 0.026646
0 0.941153 0.272099 0.012920 0.017762
0 0.912489 0.261198 0.015339 0.018571
0 0.897150 0.246262 0.016954 0.020993
0 0.157154 0.084374 0.016149 0.018571
0 0.128895 0.083163 0.017764 0.016148
0 0.059453 0.127974 0.019379 0.018571
0 0.039269 0.139281 0.016149 0.018571
0 0.217307 0.212754 0.018569 0.020184
0 0.250815 0.204678 0.020994 0.023415
0 0.251215 0.226882 0.028259 0.022607
0 0.489406 0.137663 0.029874 0.020184
0 0.497881 0.156234 0.019379 0.018571
0 0.979102 0.734346 0.014534 0.020184
0 0.974257 0.693165 0.017764 0.018571
0 0.084487 0.681862 0.016149 0.012112
0 0.082872 0.704066 0.012919 0.019379
0 0.054613 0.709317 0.019379 0.023415
0 0.271805 0.863937 0.019379 0.019379
0 0.303698 0.872009 0.018569 0.020993
0 0.454687 0.932566 0.020184 0.020993
0 0.571358 0.848191 0.012920 0.015339
0 0.589122 0.838904 0.016149 0.016148
0 0.600427 0.814684 0.019379 0.019379
0 0.626666 0.829621 0.028259 0.025029
0 0.607286 0.844960 0.015339 0.016957
0 0.702158 0.747669 0.020994 0.020993
0 0.686008 0.788038 0.019379 0.024224
0 0.665419 0.794094 0.018569 0.021802
0 0.652904 0.775121 0.012920 0.014534
0 0.717097 0.635437 0.015339 0.022607
0 0.661384 0.641087 0.018569 0.022607
0 0.635950 0.631401 0.019379 0.020993
0 0.652904 0.686304 0.011305 0.017762
0 0.634740 0.695185 0.015339 0.017762
0 0.617381 0.701644 0.012920 0.017762
0 0.600022 0.713353 0.020184 0.020184
0 0.813583 0.932968 0.014534 0.020184
0 0.798239 0.957192 0.014534 0.016957
0 0.784109 0.974954 0.018569 0.008881
0 0.765945 0.930952 0.017764 0.012917
0 0.776440 0.952347 0.017764 0.020184
0 0.148674 0.549852 0.018569 0.020993
0 0.120011 0.540565 0.022609 0.020184
0 0.112746 0.567614 0.016149 0.019379
0 0.072372 0.633015 0.019379 0.020993
0 0.410279 0.448115 0.015339 0.016148
0 0.392920 0.443676 0.014534 0.021802
0 0.491826 0.443676 0.015339 0.020184
0 0.710637 0.414205 0.016954 0.025838
0 0.732436 0.415819 0.020184 0.024224
0 0.723557 0.444887 0.016954 0.017762
0 0.730416 0.469916 0.017764 0.016148
0 0.750606 0.467896 0.020994 0.015339
0 0.764330 0.444079 0.016149 0.019379
0 0.775635 0.424297 0.017764 0.013726
0 0.811158 0.422683 0.019379 0.021802
0 0.859201 0.450537 0.020184 0.019379
0 0.871311 0.470725 0.020184 0.014534
0 0.904415 0.445290 0.025029 0.015339
0 0.910874 0.411782 0.018569 0.014534
0 0.996009 0.405726 0.007981 0.016957
0 0.923794 0.330233 0.021799 0.017762
0 0.899170 0.338309 0.014534 0.020993
0 0.822058 0.313683 0.015339 0.016957
0 0.805509 0.331847 0.019379 0.016148
0 0.802279 0.349206 0.016149 0.015339
0 0.661384 0.303993 0.013724 0.021802
0 0.676324 0.317719 0.017764 0.015339
0 0.675514 0.498579 0.016149 0.015339
0 0.591542 0.538951 0.014534 0.013726
0 0.605671 0.517958 0.013724 0.015339
0 0.761905 0.622517 0.016149 0.012917
0 0.766350 0.640685 0.020184 0.016957
0 0.777250 0.610002 0.019379 0.016957
0 0.209637 0.543390 0.020994 0.017762
0 0.201562 0.521994 0.017764 0.013726
0 0.227801 0.496157 0.021799 0.016957
0 0.245971 0.479606 0.019379 0.014534
0 0.229416 0.467494 0.016954 0.017762
0 0.497076 0.289459 0.017764 0.021802
0 0.476082 0.286227 0.017764 0.025029
0 0.853552 0.268466 0.020184 0.015339
0 0.839017 0.251106 0.015339 0.022607
0 0.822463 0.241014 0.017764 0.016957
0 0.796629 0.232938 0.017764 0.015339
0 0.775635 0.231325 0.019379 0.023415
