0 0.045901 0.783205 0.021485 0.019531
0 0.131837 0.236330 0.017577 0.019531
0 0.820311 0.958985 0.015623 0.019531
0 0.089843 0.775391 0.015623 0.019531
0 0.424803 0.320313 0.017577 0.019531
0 0.531248 0.101563 0.015623 0.015624
0 0.836916 0.050780 0.017577 0.015624
0 0.619143 0.349609 0.015623 0.015624
0 0.222658 0.028322 0.015623 0.013673
0 0.597657 0.434572 0.019531 0.017580
0 0.023438 0.314454 0.015623 0.015624
0 0.250000 0.405275 0.011720 0.013673
0 0.657228 0.576173 0.009766 0.007814
0 0.683593 0.178712 0.015623 0.017580
0 0.954103 0.262695 0.017577 0.017580
0 0.734375 0.952147 0.019531 0.013673
0 0.318359 0.152343 0.015623 0.015624
0 0.747072 0.663087 0.017577 0.013673
0 0.904298 0.759767 0.019531 0.015624
0 0.250977 0.568359 0.017577 0.015624
0 0.663085 0.874022 0.017577 0.017580
0 0.192419 0.689452 0.020002 0.017500
0 0.593562 0.791801 0.018569 0.016957
0 0.575798 0.803913 0.018569 0.018571
0 0.391305 0.537061 0.016149 0.014534
0 0.369906 0.539081 0.015339 0.015339
0 0.344173 0.156466 0.023212 0.023214
0 0.887663 0.083798 0.020184 0.019178
0 0.297745 0.003294 0.023212 0.006588
0 0.327011 0.005313 0.023212 0.010626
0 0.882869 0.540239 0.022710 0.017663
0 0.904946 0.538348 0.018924 0.018924
