0 0.650389 0.102539 0.019531 0.017580
0 0.120117 0.752928 0.021485 0.021483
0 0.109375 0.005859 0.019531 0.011718
0 0.687502 0.801756 0.019531 0.021483
0 0.537110 0.543945 0.019531 0.021483
0 0.702148 0.426758 0.029297 0.033204
0 0.007812 0.267578 0.015625 0.031248
0 0.784181 0.244139 0.017577 0.019531
0 0.748044 0.163088 0.019531 0.021483
0 0.877928 0.115236 0.013674 0.019531
0 0.482420 0.905274 0.015623 0.021483
0 0.895510 0.699218 0.017577 0.019531
0 0.940430 0.066408 0.017577 0.019531
0 0.145506 0.136718 0.021485 0.035155
0 0.145506 0.860353 0.021485 0.033204
0 0.201173 0.173829 0.015623 0.015624
0 0.484374 0.205077 0.015623 0.015624
0 0.188476 0.952147 0.044920 0.041014
0 0.723689 0.634215 0.023308 0.023309
