0 0.709959 0.873046 0.021485 0.023438
0 0.774415 0.311523 0.017577 0.017580
0 0.340822 0.829101 0.017577 0.017580
0 0.566407 0.571290 0.019531 0.021483
0 0.033204 0.500000 0.019531 0.019531
0 0.576173 0.279299 0.019531 0.019531
0 0.619143 0.499024 0.015623 0.017580
0 0.274412 0.116212 0.017577 0.017580
0 0.967772 0.856447 0.017577 0.017580
0 0.391604 0.329102 0.017577 0.017580
0 0.119140 0.244140 0.015623 0.019531
0 0.795900 0.593748 0.013674 0.015624
0 0.712890 0.697266 0.015623 0.019531
0 0.636720 0.234374 0.019531 0.019531
0 0.876951 0.225584 0.015623 0.017580
0 0.600584 0.979492 0.017577 0.017580
0 0.321291 0.151367 0.017577 0.017580
0 0.181642 0.733397 0.015623 0.017580
0 0.995115 0.662111 0.009766 0.007814
0 0.584961 0.317381 0.017577 0.017580
0 0.922853 0.163088 0.017577 0.017580
0 0.972657 0.368165 0.019531 0.017580
0 0.989257 0.311523 0.013674 0.017580
0 0.973635 0.251954 0.017577 0.015624
0 0.827146 0.669921 0.021485 0.019531
0 0.861328 0.948244 0.011720 0.013673
0 0.096678 0.941405 0.017577 0.019531
0 0.524414 0.241212 0.013674 0.017580
0 0.055667 0.416992 0.017577 0.017580
0 0.845705 0.970702 0.019531 0.015624
0 0.322268 0.612304 0.015623 0.013673
0 0.876951 0.813477 0.019531 0.013673
0 0.089843 0.641600 0.015623 0.013673
0 0.010742 0.873046 0.017577 0.019531
0 0.834963 0.642580 0.017577 0.019531
0 0.340822 0.604493 0.017577 0.017580
0 0.613752 0.295079 0.020002 0.013748
0 0.606249 0.315703 0.015000 0.019998
0 0.840627 0.843830 0.018752 0.021251
0 0.812500 0.848830 0.015000 0.018749
0 0.833748 0.870077 0.017501 0.018749
0 0.028749 0.856952 0.020002 0.017500
