0 0.778319 0.873046 0.021485 0.023438
0 0.842774 0.311523 0.017577 0.017580
0 0.409181 0.829101 0.017577 0.017580
0 0.634766 0.571290 0.019531 0.021483
0 0.101564 0.500000 0.019531 0.019531
0 0.644532 0.279299 0.019531 0.019531
0 0.687502 0.499024 0.015623 0.017580
0 0.342772 0.116212 0.017577 0.017580
0 0.459963 0.329102 0.017577 0.017580
0 0.187500 0.244140 0.015623 0.019531
0 0.864260 0.593748 0.013674 0.015624
0 0.781250 0.697266 0.015623 0.019531
0 0.705079 0.234374 0.019531 0.019531
0 0.945310 0.225584 0.015623 0.017580
0 0.668943 0.979492 0.017577 0.017580
0 0.389650 0.151367 0.017577 0.017580
0 0.250001 0.733397 0.015623 0.017580
0 0.653320 0.317381 0.017577 0.017580
0 0.991212 0.163088 0.017577 0.017580
0 0.895505 0.669921 0.021485 0.019531
0 0.929687 0.948244 0.011720 0.013673
0 0.165037 0.941405 0.017577 0.019531
0 0.033205 0.167971 0.015623 0.019531
0 0.592773 0.241212 0.013674 0.017580
0 0.124026 0.416992 0.017577 0.017580
0 0.914065 0.970702 0.019531 0.015624
0 0.390627 0.612304 0.015623 0.013673
0 0.945310 0.813477 0.019531 0.013673
0 0.158203 0.641600 0.015623 0.013673
0 0.079101 0.873046 0.017577 0.019531
0 0.903322 0.642580 0.017577 0.019531
0 0.409181 0.604493 0.017577 0.017580
0 0.682111 0.295079 0.020002 0.013748
0 0.674608 0.315703 0.015000 0.019998
0 0.908987 0.843830 0.018752 0.021251
0 0.880860 0.848830 0.015000 0.018749
0 0.902107 0.870077 0.017501 0.018749
0 0.097109 0.856952 0.020002 0.017500
