0 0.723254 0.057223 0.022103 0.021650
0 0.446204 0.856328 0.019961 0.018571
0 0.186411 0.994601 0.020194 0.010798
0 0.307319 0.842971 0.022255 0.019391
0 0.050600 0.212162 0.022629 0.021809
0 0.726479 0.147250 0.019794 0.020795
0 0.221626 0.028955 0.022432 0.024137
0 0.131195 0.258727 0.020468 0.019117
0 0.783295 0.483490 0.027008 0.026984
0 0.498196 0.139797 0.019121 0.018874
0 0.247703 0.937281 0.019951 0.018119
0 0.960133 0.694141 0.020113 0.018851
0 0.443303 0.463329 0.024447 0.021745
0 0.919978 0.484561 0.020255 0.020913
0 0.117708 0.593884 0.019865 0.019808
0 0.858236 0.773803 0.018220 0.015579
0 0.933540 0.250708 0.018554 0.017955
0 0.939281 0.173358 0.020584 0.018191
0 0.482289 0.422550 0.024988 0.019930
0 0.053992 0.010384 0.026183 0.020256
0 0.564018 0.463310 0.021181 0.019774
0 0.971155 0.066833 0.019870 0.017868
0 0.520491 0.700448 0.027712 0.020822
0 0.724206 0.817441 0.019718 0.018016
0 0.831956 0.356067 0.017982 0.017511
0 0.844126 0.993533 0.017790 0.012934
0 0.677281 0.045319 0.016868 0.017929
0 0.431153 0.195676 0.019703 0.020959
0 0.482178 0.736620 0.025191 0.016084
0 0.975665 0.413419 0.022655 0.022755
0 0.617200 0.216019 0.020842 0.018795
0 0.661350 0.285263 0.020128 0.023749
0 0.918312 0.832370 0.018605 0.015632
0 0.991656 0.121800 0.016688 0.017397
0 0.115668 0.523190 0.021495 0.021969
0 0.919244 0.322708 0.021435 0.027095
0 0.623513 0.182797 0.023181 0.018529
0 0.804740 0.015134 0.018559 0.015412
0 0.853335 0.402055 0.022508 0.026783
0 0.707171 0.365639 0.031053 0.026491
0 0.956154 0.601114 0.025814 0.024247
0 0.919056 0.145671 0.021845 0.017211
0 0.930604 0.448882 0.017045 0.015275
0 0.560262 0.662479 0.026740 0.021198
0 0.463659 0.707400 0.020209 0.030683
0 0.498023 0.919125 0.015456 0.021160
0 0.815807 0.720639 0.021035 0.024179
0 0.624753 0.718889 0.023976 0.025891
0 0.930305 0.570758 0.018271 0.014705
0 0.613124 0.033750 0.013750 0.017500
0 0.630625 0.040000 0.013750 0.019998
0 0.341876 0.043751 0.018752 0.022500
0 0.323124 0.052499 0.013750 0.017500
0 0.440625 0.095624 0.021252 0.018749
0 0.160000 0.681873 0.024999 0.033750
0 0.139998 0.688127 0.012499 0.013748
0 0.960422 0.015339 0.018569 0.014534
0 0.951137 0.033910 0.020994 0.019379
0 0.928123 0.027858 0.016954 0.015339
0 0.955982 0.084374 0.016149 0.018571
0 0.927723 0.083163 0.017764 0.016148
0 0.858281 0.127974 0.019379 0.018571
0 0.838097 0.139281 0.016149 0.018571
0 0.641495 0.203064 0.020184 0.016957
0 0.317312 0.153409 0.022609 0.017762
0 0.788444 0.215579 0.023414 0.017762
0 0.775119 0.235767 0.027454 0.020993
0 0.679038 0.469108 0.020994 0.020993
0 0.589012 0.464263 0.018569 0.019379
0 0.658044 0.461840 0.019379 0.020993
0 0.411784 0.152600 0.020994 0.017762
0 0.548233 0.688727 0.016149 0.016148
0 0.563983 0.705683 0.018569 0.019379
0 0.497770 0.869587 0.016954 0.011303
0 0.539354 0.850208 0.016149 0.016148
0 0.559138 0.836482 0.021799 0.016148
0 0.553078 0.729099 0.022609 0.022607
0 0.798533 0.646338 0.017764 0.018571
0 0.776329 0.645932 0.018569 0.017762
0 0.765835 0.665714 0.018569 0.021802
0 0.792884 0.746860 0.016149 0.025838
0 0.771085 0.745649 0.017764 0.012112
0 0.766240 0.768256 0.025839 0.018571
0 0.883315 0.681862 0.016149 0.012112
0 0.881700 0.704066 0.012919 0.019379
0 0.853441 0.709317 0.019379 0.023415
0 0.947503 0.549852 0.018569 0.020993
0 0.918839 0.540565 0.022609 0.020184
0 0.911574 0.567614 0.016149 0.019379
0 0.871201 0.633015 0.019379 0.020993
0 0.449732 0.934988 0.019379 0.022607
0 0.465882 0.950327 0.024224 0.032296
0 0.744436 0.785615 0.014534 0.016148
