0 0.686526 0.161132 0.017577 0.021483
0 0.685549 0.555665 0.015623 0.021483
0 0.699217 0.400392 0.019531 0.019531
0 0.807616 0.326171 0.013674 0.015624
0 0.518557 0.506838 0.017577 0.017580
0 0.926756 0.592772 0.033205 0.029297
0 0.640624 0.588865 0.023439 0.021483
0 0.797850 0.077149 0.017577 0.017580
0 0.567385 0.402344 0.017577 0.019531
0 0.465821 0.031249 0.033205 0.023438
0 0.410159 0.939454 0.023439 0.031248
0 0.397462 0.750977 0.021485 0.017580
0 0.188477 0.922850 0.017577 0.021483
0 0.969727 0.104490 0.017577 0.017580
0 0.631835 0.840822 0.021485 0.021483
0 0.077147 0.287109 0.021485 0.019531
0 0.700194 0.219726 0.021485 0.021483
0 0.870117 0.632814 0.021485 0.023438
0 0.902345 0.218750 0.019531 0.019531
0 0.471678 0.176756 0.017577 0.017580
0 0.966796 0.586914 0.015623 0.017580
0 0.551757 0.609376 0.021485 0.019531
0 0.514730 0.137026 0.020184 0.017663
0 0.078671 0.555544 0.021369 0.029137
0 0.091297 0.578853 0.027196 0.017481
0 0.093236 0.603134 0.027196 0.023309
