0 0.691408 0.218750 0.019531 0.031248
0 0.136720 0.816405 0.019531 0.019531
0 0.401367 0.897460 0.060548 0.044921
0 0.162108 0.225584 0.019531 0.021483
0 0.358397 0.139650 0.021485 0.021483
0 0.492188 0.166991 0.019531 0.021483
0 0.411133 0.517579 0.033205 0.035155
0 0.473634 0.136718 0.021485 0.019531
0 0.202148 0.522462 0.017577 0.021483
0 0.725585 0.006836 0.029297 0.013671
0 0.328123 0.828126 0.023439 0.031248
0 0.083007 0.465820 0.021485 0.021483
0 0.277346 0.228516 0.019531 0.023438
0 0.481446 0.251954 0.037108 0.023438
0 0.227541 0.303713 0.021485 0.021483
0 0.258787 0.717773 0.017577 0.017580
0 0.097657 0.227540 0.019531 0.021483
0 0.123046 0.252929 0.019531 0.017580
0 0.192382 0.287109 0.021485 0.019531
0 0.109377 0.721680 0.015623 0.021483
0 0.147462 0.733397 0.021485 0.021483
0 0.057618 0.495117 0.017577 0.021483
0 0.048830 0.316406 0.031251 0.023438
0 0.358397 0.387696 0.033205 0.033204
0 0.351562 0.249022 0.031251 0.017580
0 0.286134 0.134767 0.017577 0.031248
0 0.274415 0.207033 0.017577 0.011717
0 0.324220 0.404296 0.015623 0.015624
0 0.296877 0.414061 0.019531 0.031248
0 0.226564 0.445313 0.023439 0.019531
0 0.251952 0.453123 0.019531 0.023438
0 0.214844 0.468751 0.023439 0.031248
0 0.153320 0.482420 0.029297 0.035155
0 0.010744 0.138670 0.017577 0.019531
0 0.115083 0.218029 0.017157 0.027250
0 0.129718 0.276064 0.028259 0.024224
0 0.021224 0.502646 0.017157 0.019178
0 0.040902 0.485488 0.014129 0.021194
0 0.073201 0.799873 0.018169 0.020184
0 0.055031 0.803408 0.012110 0.015138
0 0.139307 0.948836 0.031539 0.026810
0 0.379011 0.029802 0.026239 0.020184
0 0.397175 0.053518 0.020184 0.017158
0 0.387086 0.071181 0.016149 0.018168
0 0.236704 0.474891 0.020184 0.028260
0 0.209954 0.549575 0.021197 0.018168
0 0.210460 0.568754 0.022204 0.018168
0 0.186742 0.567744 0.021197 0.020184
0 0.162017 0.545034 0.020184 0.017158
