0 0.635590 0.368563 0.020048 0.019850
0 0.591556 0.808780 0.021627 0.022618
0 0.604455 0.110470 0.021202 0.024205
0 0.876965 0.879018 0.020007 0.023104
0 0.794881 0.614148 0.020574 0.020879
0 0.204553 0.052742 0.018417 0.018593
0 0.251422 0.690701 0.021247 0.019991
0 0.597530 0.291881 0.022969 0.023222
0 0.394063 0.886073 0.019536 0.019015
0 0.674657 0.531874 0.020574 0.021498
0 0.277210 0.568597 0.019815 0.016851
0 0.547821 0.225660 0.022483 0.020158
0 0.006908 0.565719 0.013816 0.019539
0 0.827874 0.011072 0.022073 0.018753
0 0.241155 0.107474 0.019420 0.019877
0 0.311909 0.216388 0.020144 0.019903
0 0.016218 0.018859 0.025642 0.019459
0 0.545609 0.143951 0.028228 0.025492
0 0.530305 0.804064 0.024477 0.017917
0 0.630775 0.169367 0.030248 0.029494
0 0.566856 0.741864 0.020812 0.022405
0 0.669645 0.217891 0.018205 0.020845
0 0.116106 0.538822 0.018326 0.019451
0 0.725505 0.404941 0.022953 0.023324
0 0.443478 0.221646 0.020432 0.016862
0 0.784625 0.860341 0.021819 0.021316
0 0.367702 0.655572 0.019126 0.016152
0 0.118779 0.613237 0.016362 0.016585
0 0.466912 0.054288 0.024260 0.020788
0 0.941147 0.324310 0.024826 0.024368
0 0.872611 0.307729 0.022969 0.024794
0 0.312369 0.735994 0.018549 0.016923
0 0.355542 0.614623 0.018974 0.020393
0 0.471625 0.730234 0.018326 0.014272
0 0.312784 0.993970 0.018863 0.012061
0 0.679380 0.820228 0.018696 0.019649
0 0.075196 0.531073 0.018762 0.020017
0 0.603772 0.959356 0.019065 0.020982
0 0.045606 0.225181 0.017354 0.021038
0 0.048547 0.334892 0.017273 0.018411
0 0.724032 0.992218 0.020635 0.015563
0 0.366219 0.483783 0.018777 0.022842
0 0.578054 0.589070 0.019592 0.019539
0 0.085144 0.604595 0.019587 0.020066
0 0.910281 0.226503 0.017881 0.020180
0 0.610237 0.045323 0.026290 0.028473
0 0.330093 0.651817 0.020341 0.019250
0 0.116294 0.367625 0.018402 0.019421
0 0.007486 0.900193 0.014973 0.024182
0 0.552666 0.657091 0.018630 0.020344
0 0.528148 0.184771 0.021247 0.017097
0 0.006642 0.610211 0.013284 0.017245
0 0.414257 0.128114 0.018751 0.021509
0 0.232422 0.463048 0.020655 0.019710
0 0.578925 0.916247 0.016575 0.016930
0 0.327795 0.902639 0.019729 0.025997
0 0.369090 0.012674 0.021460 0.017181
0 0.428295 0.859480 0.022523 0.019125
0 0.087422 0.704142 0.018493 0.024452
0 0.623824 0.224756 0.028153 0.022595
0 0.150060 0.168217 0.024710 0.020568
0 0.466533 0.384373 0.025262 0.020792
0 0.578039 0.443338 0.019658 0.021756
0 0.530492 0.543413 0.024832 0.022348
0 0.940048 0.449091 0.027221 0.024391
0 0.050446 0.959512 0.020098 0.021946
0 0.245737 0.799341 0.019673 0.024228
0 0.044983 0.504624 0.017050 0.021061
0 0.148542 0.819050 0.027788 0.019626
0 0.963948 0.052112 0.023166 0.020203
0 0.713937 0.010392 0.022655 0.019626
0 0.626786 0.263435 0.026563 0.022956
0 0.007864 0.214478 0.015727 0.021980
0 0.420246 0.684277 0.019506 0.024737
0 0.545690 0.691643 0.025206 0.017200
0 0.484115 0.010255 0.021065 0.019740
0 0.051230 0.373237 0.017886 0.015624
0 0.467216 0.783823 0.023682 0.025447
0 0.252475 0.485715 0.022893 0.019991
0 0.029867 0.678786 0.031550 0.030405
0 0.307879 0.462000 0.025824 0.016159
0 0.135992 0.570670 0.026725 0.018882
0 0.950862 0.230569 0.018205 0.026521
0 0.688012 0.010331 0.025100 0.019535
0 0.086891 0.964592 0.015390 0.017564
0 0.110841 0.994275 0.024599 0.011449
0 0.158965 0.424384 0.016580 0.019675
0 0.306461 0.085312 0.028294 0.027284
0 0.304993 0.411767 0.031590 0.021851
0 0.174771 0.546006 0.025044 0.025151
0 0.078441 0.386275 0.013638 0.021954
0 0.848853 0.306199 0.028583 0.021369
0 0.988593 0.069376 0.017501 0.016251
0 0.784220 0.203471 0.022609 0.019379
0 0.796334 0.226077 0.022609 0.025838
0 0.652210 0.265641 0.016954 0.017762
0 0.453183 0.167943 0.016149 0.012917
0 0.433804 0.189741 0.016149 0.017762
0 0.333277 0.288650 0.020184 0.018571
0 0.326823 0.307627 0.016954 0.017762
0 0.299369 0.298746 0.020184 0.027451
0 0.248096 0.259987 0.020994 0.022607
0 0.223877 0.254337 0.017764 0.024224
0 0.164934 0.273310 0.016149 0.026646
0 0.142325 0.272099 0.012920 0.017762
0 0.113661 0.261198 0.015339 0.018571
0 0.098322 0.246262 0.016954 0.020993
0 0.441878 0.384331 0.017764 0.017762
0 0.657055 0.287036 0.016954 0.018571
0 0.180273 0.734346 0.014534 0.020184
0 0.514140 0.714564 0.021799 0.025838
0 0.293314 0.601121 0.014534 0.018571
0 0.281200 0.620903 0.020994 0.017762
0 0.175429 0.693165 0.017764 0.018571
0 0.014755 0.932968 0.014534 0.020184
0 0.279185 0.951136 0.028259 0.024224
0 0.283624 0.972938 0.024224 0.020993
0 0.443898 0.978994 0.023414 0.018571
0 0.462872 0.989698 0.022609 0.020604
0 0.480632 0.958806 0.020994 0.018571
0 0.462872 0.941447 0.017764 0.027451
0 0.341352 0.795305 0.020184 0.019379
0 0.479422 0.621305 0.020184 0.020184
0 0.464082 0.603544 0.023414 0.025029
0 0.012330 0.422683 0.019379 0.021802
0 0.060373 0.450537 0.020184 0.019379
0 0.072483 0.470725 0.020184 0.014534
0 0.105586 0.445290 0.025029 0.015339
0 0.112046 0.411782 0.018569 0.014534
0 0.200458 0.405726 0.014534 0.016957
0 0.244061 0.372622 0.024224 0.016957
0 0.236791 0.393212 0.017764 0.014534
0 0.275145 0.473550 0.018569 0.015339
0 0.286854 0.438831 0.019379 0.018571
0 0.282010 0.419855 0.016149 0.016148
0 0.414424 0.464263 0.019379 0.017762
0 0.390200 0.464263 0.016149 0.020993
0 0.404735 0.485662 0.017764 0.015339
0 0.124966 0.330233 0.021799 0.017762
0 0.100342 0.338309 0.014534 0.020993
0 0.023230 0.313683 0.015339 0.016957
0 0.008185 0.331847 0.016370 0.016148
0 0.005763 0.349206 0.011525 0.015339
0 0.054724 0.268466 0.020184 0.015339
0 0.040189 0.251106 0.015339 0.022607
0 0.023635 0.241014 0.017764 0.016957
