0 0.963868 0.091798 0.021485 0.019531
0 0.750974 0.241212 0.013674 0.017580
0 0.639650 0.747070 0.021485 0.017580
0 0.021483 0.958985 0.015623 0.019531
0 0.916994 0.300781 0.021485 0.019531
0 0.473635 0.802736 0.021485 0.019531
0 0.038088 0.050780 0.017577 0.015624
0 0.365232 0.909181 0.015623 0.017580
0 0.477538 0.628907 0.013674 0.015624
0 0.758791 0.587890 0.017577 0.015624
0 0.735351 0.187502 0.013674 0.015624
0 0.400391 0.166991 0.011720 0.017580
0 0.838869 0.972657 0.017577 0.023438
0 0.382814 0.432617 0.019531 0.017580
0 0.598633 0.581055 0.029297 0.033204
0 0.557617 0.527345 0.013674 0.019531
0 0.829104 0.007811 0.013674 0.011717
0 0.916994 0.206053 0.021485 0.017580
0 0.683592 0.096680 0.015623 0.017580
0 0.639650 0.158205 0.013674 0.015624
0 0.729494 0.787108 0.017577 0.015624
0 0.155275 0.262695 0.017577 0.017580
0 0.798830 0.628907 0.015623 0.015624
0 0.330078 0.502931 0.015623 0.013673
0 0.290039 0.178712 0.013674 0.013673
0 0.839841 0.337892 0.015623 0.019531
0 0.672850 0.964843 0.013674 0.015624
0 0.350586 0.248047 0.013674 0.019531
0 0.105470 0.759767 0.019531 0.015624
0 0.991210 0.760742 0.013674 0.017580
0 0.608399 0.899416 0.017577 0.017580
0 0.778322 0.854491 0.017577 0.017580
0 0.869143 0.971678 0.015623 0.013673
0 0.730471 0.300781 0.015623 0.019531
0 0.843750 0.610352 0.015623 0.013673
0 0.939451 0.529296 0.015623 0.015624
0 0.590468 0.607577 0.021252 0.018749
0 0.537342 0.242579 0.017501 0.023749
0 0.337343 0.212576 0.027499 0.021251
0 0.785455 0.777285 0.021905 0.022371
0 0.628128 0.874432 0.019789 0.018498
0 0.770900 0.747393 0.012110 0.012112
0 0.792699 0.751026 0.013724 0.020993
0 0.572678 0.787359 0.024224 0.020993
0 0.602957 0.771210 0.016954 0.019379
0 0.596497 0.801893 0.018569 0.022607
0 0.088835 0.083798 0.020184 0.019178
0 0.383543 0.232161 0.020184 0.019178
0 0.370421 0.248814 0.016149 0.018168
0 0.084040 0.540239 0.022710 0.017663
0 0.106118 0.538348 0.018924 0.018924
