0 0.165039 0.091798 0.021485 0.019531
0 0.383790 0.115236 0.021485 0.023438
0 0.962889 0.260743 0.015623 0.013673
0 0.955078 0.886719 0.015623 0.019531
0 0.900393 0.655273 0.015623 0.017580
0 0.458983 0.304688 0.015623 0.019531
0 0.588867 0.076174 0.021485 0.019531
0 0.428710 0.449220 0.013674 0.015624
0 0.267580 0.777342 0.015623 0.015624
0 0.587890 0.989257 0.015623 0.017580
0 0.907227 0.125001 0.013674 0.019531
0 0.118166 0.300781 0.021485 0.019531
0 0.478514 0.173829 0.015623 0.019531
0 0.907227 0.355468 0.017577 0.011717
0 0.204102 0.716797 0.013674 0.015624
0 0.498046 0.250978 0.019531 0.021483
0 0.660157 0.314454 0.019531 0.019531
0 0.812498 0.509765 0.015623 0.015624
0 0.429687 0.259764 0.015623 0.015624
0 0.040041 0.972657 0.017577 0.023438
0 0.840822 0.050780 0.017577 0.015624
0 0.790040 0.619142 0.017577 0.019531
0 0.335939 0.766601 0.019531 0.021483
0 0.970701 0.601562 0.015623 0.015624
0 0.030276 0.007811 0.013674 0.011717
0 0.118166 0.206053 0.021485 0.017580
0 0.429687 0.875978 0.015623 0.017580
0 0.816406 0.224609 0.015623 0.015624
0 0.003907 0.628907 0.007813 0.015624
0 0.420898 0.621093 0.013674 0.011717
0 0.521485 0.679687 0.019531 0.015624
0 0.041013 0.337892 0.015623 0.019531
0 0.462892 0.842774 0.015623 0.013673
0 0.928712 0.305664 0.017577 0.017580
0 0.368162 0.311523 0.013674 0.017580
0 0.714842 0.160157 0.011720 0.011717
0 0.791018 0.518555 0.015623 0.017580
0 0.915039 0.924805 0.013674 0.017580
0 0.192382 0.760742 0.013674 0.017580
0 0.070315 0.971678 0.015623 0.013673
0 0.218752 0.382813 0.019531 0.019531
0 0.692385 0.494141 0.017577 0.019531
0 0.882811 0.614259 0.015623 0.017580
0 0.044921 0.610352 0.015623 0.013673
0 0.140623 0.529296 0.015623 0.015624
0 0.750001 0.093749 0.015623 0.015624
0 0.591798 0.333009 0.015623 0.013673
0 0.927735 0.051760 0.015623 0.013673
0 0.490234 0.027600 0.017481 0.023787
0 0.571163 0.108352 0.024801 0.025599
0 0.734368 0.299153 0.024801 0.024801
0 0.759767 0.297850 0.019531 0.021483
0 0.527565 0.475153 0.017602 0.015199
0 0.603265 0.726453 0.020999 0.023001
0 0.360437 0.836209 0.023414 0.015339
0 0.363667 0.860429 0.029874 0.020184
0 0.905445 0.582278 0.026644 0.022607
0 0.912710 0.558456 0.023414 0.018571
