0 0.330080 0.853517 0.015623 0.015624
0 0.222654 0.373049 0.023439 0.019531
0 0.492186 0.248048 0.019531 0.019531
0 0.466798 0.968752 0.015623 0.015624
0 0.443748 0.992968 0.028127 0.014064
0 0.025626 0.847187 0.018752 0.016251
0 0.585377 0.603356 0.025839 0.020993
0 0.232536 0.336101 0.027454 0.019379
0 0.232941 0.355883 0.023414 0.013726
0 0.011305 0.856482 0.016149 0.015339
0 0.023414 0.877475 0.020994 0.020184
0 0.009285 0.894834 0.015339 0.019379
0 0.038353 0.905735 0.020184 0.018571
0 0.039968 0.925517 0.016954 0.012917
0 0.055308 0.938434 0.013724 0.017762
0 0.073477 0.923899 0.024224 0.020993
0 0.038759 0.958215 0.016149 0.018571
0 0.019779 0.959427 0.013724 0.019379
