0 0.619141 0.574221 0.019531 0.019531
0 0.795898 0.129884 0.033205 0.029297
0 0.350585 0.611327 0.017577 0.019531
0 0.023436 0.552734 0.019531 0.019531
0 0.624026 0.126953 0.017577 0.019531
0 0.009765 0.215822 0.019530 0.033204
0 0.793944 0.813477 0.021485 0.029297
0 0.244141 0.831056 0.015623 0.017580
0 0.797852 0.682618 0.017577 0.021483
0 0.346682 0.815428 0.021485 0.033204
0 0.858399 0.379881 0.017577 0.017580
0 0.642580 0.691407 0.015623 0.019531
0 0.175782 0.587889 0.015623 0.019531
0 0.947267 0.319336 0.015623 0.017580
0 0.368162 0.050780 0.017577 0.019531
0 0.936524 0.036131 0.017577 0.017580
0 0.206056 0.569338 0.021485 0.029297
0 0.830080 0.091797 0.023439 0.023438
0 0.567382 0.536134 0.017577 0.021483
0 0.167971 0.457030 0.015623 0.011717
0 0.562501 0.808594 0.011720 0.011717
0 0.681642 0.064452 0.015623 0.015624
0 0.136720 0.487306 0.019531 0.021483
0 0.031820 0.961745 0.015339 0.023415
0 0.039084 0.985156 0.025029 0.020184
0 0.475497 0.834576 0.027454 0.020993
0 0.464998 0.856374 0.019379 0.016148
0 0.487607 0.857183 0.022609 0.020993
0 0.282525 0.419562 0.022609 0.020993
0 0.278485 0.475274 0.024224 0.019379
0 0.260721 0.492231 0.014534 0.027451
0 0.741137 0.519682 0.022609 0.020993
0 0.724987 0.508379 0.019379 0.017762
0 0.804919 0.383230 0.020994 0.016148
0 0.687039 0.335591 0.030684 0.030683
0 0.526360 0.345280 0.019379 0.020993
0 0.505371 0.344472 0.019379 0.019379
0 0.569153 0.231435 0.024224 0.025838
0 0.887276 0.057436 0.017764 0.016957
0 0.903830 0.078428 0.028259 0.023415
0 0.756476 0.209633 0.019531 0.019531
0 0.750016 0.232244 0.019531 0.019531
