0 0.085940 0.229491 0.019531 0.021483
0 0.326171 0.187502 0.019531 0.019531
0 0.117186 0.982423 0.019531 0.019531
0 0.111328 0.190429 0.019531 0.017580
0 0.091797 0.377930 0.019531 0.017580
0 0.841796 0.426758 0.019531 0.021483
0 0.413084 0.020508 0.017577 0.017580
0 0.816408 0.240233 0.019531 0.019531
0 0.487305 0.147460 0.021485 0.021483
0 0.814454 0.516603 0.019531 0.021483
0 0.376953 0.574217 0.019531 0.019531
0 0.291017 0.151367 0.019531 0.021483
0 0.273440 0.824219 0.019531 0.019531
0 0.443358 0.736329 0.019531 0.019531
0 0.246092 0.059570 0.019531 0.021483
0 0.658205 0.162108 0.019531 0.019531
0 0.496094 0.740236 0.019531 0.019531
0 0.296874 0.425782 0.019531 0.019531
0 0.189453 0.618162 0.019531 0.021483
0 0.392581 0.691408 0.019531 0.019531
0 0.394530 0.751953 0.019531 0.019531
0 0.858396 0.244140 0.017577 0.019531
0 0.005859 0.514648 0.011719 0.017580
0 0.131837 0.750001 0.017577 0.019531
0 0.994140 0.549803 0.011720 0.021483
0 0.140625 0.333985 0.019531 0.019531
0 0.655274 0.666014 0.017577 0.019531
0 0.231446 0.830077 0.021485 0.019531
0 0.117186 0.816405 0.019531 0.019531
0 0.867190 0.299806 0.019531 0.021483
0 0.128905 0.583983 0.019531 0.019531
0 0.503905 0.108398 0.019531 0.021483
0 0.309571 0.804688 0.017577 0.019531
0 0.370118 0.647463 0.021485 0.021483
0 0.561521 0.872071 0.017577 0.021483
0 0.471682 0.589845 0.017577 0.019531
0 0.563475 0.064453 0.017577 0.019531
0 0.745118 0.009766 0.021485 0.019531
0 0.746095 0.647463 0.019531 0.021483
0 0.138671 0.669921 0.019531 0.019531
0 0.686525 0.865232 0.017577 0.019531
0 0.112305 0.642580 0.017577 0.019531
0 0.017576 0.076174 0.023439 0.031248
0 0.032227 0.068360 0.021485 0.019531
0 0.115237 0.103515 0.019531 0.019531
0 0.160156 0.249998 0.019531 0.019531
0 0.132814 0.048828 0.019531 0.019531
0 0.823242 0.017576 0.021485 0.031248
0 0.805665 0.019532 0.017577 0.019531
0 0.799803 0.035156 0.021485 0.023438
0 0.596680 0.035156 0.029297 0.042969
0 0.471682 0.046877 0.021485 0.019531
0 0.220704 0.186522 0.042971 0.033204
0 0.208007 0.216798 0.017577 0.019531
0 0.236327 0.207033 0.035154 0.050779
0 0.379884 0.241212 0.021485 0.021483
0 0.381838 0.257812 0.021485 0.031248
0 0.404295 0.271485 0.023439 0.023438
0 0.389649 0.283202 0.029297 0.019531
0 0.416992 0.204102 0.017577 0.037111
0 0.431643 0.189453 0.019531 0.023438
0 0.442380 0.203126 0.021485 0.031248
0 0.436523 0.166991 0.021485 0.021483
0 0.450197 0.144532 0.021485 0.023438
0 0.607423 0.208009 0.023439 0.021483
0 0.667971 0.324220 0.019531 0.019531
0 0.710936 0.325195 0.019531 0.021483
0 0.713867 0.415041 0.021485 0.033204
0 0.708987 0.455079 0.019531 0.019531
0 0.716798 0.488283 0.019531 0.019531
0 0.600584 0.382813 0.017577 0.019531
0 0.569338 0.367189 0.029297 0.023438
0 0.531248 0.359375 0.019531 0.019531
0 0.544921 0.376954 0.019531 0.015624
0 0.029296 0.856447 0.019531 0.021483
0 0.032227 0.886719 0.029297 0.019531
0 0.054689 0.898436 0.019531 0.019531
0 0.006836 0.411134 0.013673 0.017580
0 0.144533 0.412110 0.035154 0.031248
0 0.122071 0.434572 0.021485 0.021483
0 0.167968 0.498048 0.019531 0.015624
0 0.130860 0.527345 0.019531 0.019531
0 0.156248 0.584962 0.019531 0.021483
0 0.166014 0.565431 0.019531 0.013673
0 0.208007 0.564452 0.017577 0.015624
0 0.239258 0.566407 0.021485 0.019531
0 0.255858 0.588866 0.019531 0.017580
0 0.292971 0.521486 0.019531 0.015624
0 0.318359 0.500000 0.019531 0.019531
0 0.327148 0.579100 0.017577 0.017580
0 0.344725 0.610352 0.017577 0.017580
0 0.332033 0.678711 0.019531 0.021483
0 0.248046 0.703125 0.019531 0.019531
0 0.217772 0.714842 0.021485 0.019531
0 0.246092 0.722656 0.031251 0.035155
0 0.977537 0.056642 0.017577 0.019531
0 0.991211 0.171874 0.017577 0.019531
0 0.910155 0.322264 0.019531 0.019531
0 0.849608 0.371092 0.019531 0.019531
0 0.969726 0.448241 0.029297 0.029297
0 0.942383 0.494141 0.021485 0.023438
0 0.469728 0.369140 0.017577 0.019531
0 0.359376 0.394530 0.019531 0.019531
0 0.390626 0.406251 0.019531 0.019531
0 0.386718 0.440431 0.019531 0.017580
0 0.560549 0.487303 0.019531 0.021483
0 0.612303 0.498048 0.017577 0.019531
0 0.666993 0.563476 0.021485 0.017580
0 0.599612 0.528321 0.031251 0.037111
0 0.514648 0.566407 0.021485 0.019531
0 0.528321 0.616211 0.021485 0.021483
0 0.453123 0.694335 0.019531 0.021483
0 0.607423 0.662111 0.019531 0.023438
0 0.622069 0.657228 0.021485 0.021483
0 0.707033 0.643556 0.019531 0.017580
0 0.717775 0.682618 0.017577 0.017580
0 0.601561 0.697266 0.019531 0.019531
0 0.612303 0.717773 0.021485 0.021483
0 0.654297 0.743163 0.019531 0.017580
0 0.618166 0.746094 0.013674 0.015624
0 0.592772 0.779298 0.033205 0.031248
0 0.631834 0.799805 0.017577 0.017580
0 0.564452 0.828126 0.019531 0.019531
0 0.471682 0.787108 0.017577 0.019531
0 0.494139 0.789063 0.015623 0.019531
0 0.762695 0.710939 0.021485 0.019531
0 0.941406 0.664063 0.019531 0.019531
0 0.149414 0.302733 0.021485 0.019531
0 0.039061 0.640625 0.019531 0.019531
0 0.254881 0.875978 0.017577 0.021483
0 0.174807 0.915040 0.017577 0.017580
0 0.271486 0.959961 0.015623 0.017580
0 0.315428 0.965819 0.017577 0.017580
0 0.382810 0.908202 0.019531 0.015624
0 0.389649 0.942381 0.017577 0.017580
0 0.490236 0.943361 0.015623 0.019531
0 0.504882 0.964843 0.017577 0.019531
0 0.524413 0.890626 0.021485 0.019531
0 0.411135 0.805663 0.017577 0.021483
0 0.225584 0.969726 0.013674 0.017580
0 0.418946 0.555666 0.017577 0.017580
0 0.798826 0.710939 0.019531 0.015624
0 0.837888 0.722656 0.019531 0.023438
0 0.793946 0.728515 0.021485 0.023438
0 0.819334 0.742187 0.013674 0.019531
0 0.897459 0.747070 0.021485 0.017580
0 0.911133 0.756836 0.017577 0.029297
0 0.939452 0.771484 0.015623 0.019531
0 0.960937 0.769532 0.019531 0.019531
0 0.227538 0.375975 0.037108 0.029297
0 0.571287 0.991212 0.021485 0.017577
0 0.684570 0.775391 0.017577 0.019531
0 0.685548 0.832033 0.023439 0.019531
0 0.728518 0.851564 0.019531 0.019531
0 0.724610 0.878905 0.019531 0.019531
0 0.706056 0.913085 0.021485 0.017580
0 0.728518 0.914064 0.035154 0.019531
0 0.763672 0.937498 0.023439 0.023438
0 0.771483 0.921874 0.019531 0.011717
0 0.810546 0.919923 0.023439 0.019531
0 0.720701 0.945312 0.019531 0.019531
0 0.748049 0.963868 0.023439 0.017580
0 0.727541 0.963868 0.029297 0.029297
0 0.687502 0.986329 0.019531 0.027343
0 0.672851 0.992187 0.017577 0.015625
0 0.846682 0.875002 0.017577 0.023438
0 0.846682 0.833984 0.017577 0.015624
0 0.802734 0.848633 0.015623 0.017580
0 0.911133 0.865232 0.021485 0.019531
0 0.872070 0.895509 0.029297 0.029297
0 0.910155 0.909181 0.023439 0.017580
0 0.901367 0.941405 0.017577 0.019531
0 0.989258 0.908202 0.021483 0.031248
0 0.683791 0.102471 0.016149 0.020184
0 0.699434 0.120635 0.017157 0.022204
0 0.613139 0.283635 0.018169 0.017158
0 0.683791 0.795837 0.020184 0.018168
0 0.657547 0.802398 0.016149 0.017158
0 0.676222 0.814510 0.017157 0.013122
0 0.772101 0.733265 0.017157 0.018168
0 0.547539 0.618208 0.016149 0.020184
0 0.056527 0.627795 0.017157 0.021194
0 0.410279 0.947230 0.020184 0.022204
0 0.127680 0.947230 0.018169 0.018168
0 0.226591 0.990771 0.016149 0.018458
0 0.243748 0.981542 0.012110 0.018168
0 0.855364 0.948741 0.018169 0.019178
0 0.872020 0.968929 0.021197 0.017158
0 0.921475 0.825107 0.023212 0.018168
0 0.900278 0.836714 0.015137 0.023214
0 0.835686 0.751934 0.013122 0.017158
0 0.854863 0.763036 0.017157 0.019178
0 0.819537 0.808959 0.015137 0.016148
0 0.802886 0.826622 0.016149 0.017158
0 0.535930 0.565724 0.017157 0.020184
0 0.523315 0.584397 0.012110 0.015138
0 0.299765 0.539483 0.019177 0.014128
0 0.160986 0.515764 0.018169 0.013122
0 0.149884 0.531407 0.014129 0.014128
0 0.486414 0.635017 0.034693 0.014193
0 0.499820 0.653940 0.033119 0.020499
