0 0.337892 0.818359 0.015623 0.015624
0 0.589843 0.565431 0.015623 0.013673
0 0.494141 0.212891 0.015623 0.019531
0 0.461913 0.958984 0.021485 0.019531
0 0.031252 0.825194 0.015623 0.021483
0 0.015624 0.829101 0.019531 0.021483
0 0.020337 0.865201 0.018402 0.021600
0 0.045897 0.930663 0.017577 0.013673
0 0.030275 0.928712 0.017577 0.017580
0 0.007970 0.913999 0.015940 0.019998
0 0.079568 0.890982 0.014534 0.015339
0 0.066649 0.911573 0.016149 0.017762
0 0.048884 0.899058 0.019379 0.018571
0 0.045254 0.876854 0.016954 0.014534
0 0.004660 0.849403 0.009321 0.019379
0 0.031525 0.846578 0.013724 0.010495
0 0.475202 0.936602 0.020994 0.022607
0 0.223394 0.341620 0.024862 0.020887
