0 0.231447 0.759766 0.017577 0.023438
0 0.984377 0.807618 0.019531 0.021483
0 0.864259 0.283202 0.017577 0.015624
0 0.666994 0.204101 0.017577 0.017580
0 0.033204 0.593752 0.019531 0.023438
0 0.458986 0.995116 0.015623 0.009767
0 0.514648 0.796873 0.017577 0.019531
0 0.381838 0.532227 0.013674 0.017580
0 0.814454 0.517579 0.019531 0.019531
0 0.701171 0.514648 0.019531 0.021483
0 0.982423 0.431640 0.019531 0.019531
0 0.497071 0.870119 0.017577 0.021483
0 0.114260 0.458985 0.017577 0.019531
0 0.751953 0.199218 0.015623 0.019531
0 0.147460 0.512696 0.017577 0.017580
0 0.565430 0.978516 0.017577 0.015624
0 0.110352 0.666993 0.021485 0.029297
0 0.637697 0.015624 0.021485 0.019531
0 0.427735 0.519530 0.019531 0.019531
0 0.240235 0.513672 0.015623 0.015624
0 0.402341 0.797853 0.015623 0.017580
0 0.412107 0.949219 0.019531 0.019531
0 0.883790 0.486327 0.017577 0.019531
0 0.370119 0.675779 0.017577 0.019531
0 0.012696 0.712890 0.017577 0.019531
0 0.373045 0.987305 0.015623 0.013673
0 0.564453 0.293947 0.031251 0.029297
0 0.166014 0.364257 0.015623 0.013673
0 0.401369 0.068359 0.013674 0.015624
0 0.409181 0.492189 0.017577 0.015624
0 0.269532 0.265626 0.011720 0.015624
