0 0.572264 0.679687 0.015623 0.015624
0 0.262697 0.911133 0.017577 0.017580
0 0.740233 0.788087 0.015623 0.021483
0 0.106443 0.858398 0.009766 0.017580
0 0.675782 0.916991 0.019531 0.013673
0 0.262697 0.393554 0.017577 0.017580
0 0.862305 0.840822 0.013674 0.017580
0 0.192384 0.524413 0.013674 0.013673
0 0.074221 0.723632 0.015623 0.013673
0 0.708010 0.178712 0.021485 0.021483
0 0.085935 0.182619 0.015623 0.017580
0 0.345702 0.758791 0.015623 0.017580
0 0.074221 0.798829 0.019531 0.019531
0 0.321291 0.411134 0.017577 0.017580
0 0.702148 0.750001 0.029297 0.015624
0 0.812500 0.703125 0.019531 0.015624
0 0.420901 0.989257 0.017577 0.017580
0 0.829100 0.166991 0.021485 0.021483
0 0.339845 0.300781 0.019531 0.019531
0 0.927733 0.926757 0.015623 0.013673
0 0.088866 0.898436 0.013674 0.015624
0 0.154299 0.552734 0.019531 0.015624
0 0.579104 0.802736 0.013674 0.015624
0 0.663086 0.333985 0.021485 0.023438
0 0.014650 0.771484 0.017577 0.011717
0 0.978515 0.967774 0.015623 0.021483
0 0.402341 0.052735 0.011720 0.019531
0 0.748044 0.125977 0.007811 0.009766
0 0.165037 0.813477 0.009766 0.013673
0 0.197265 0.793946 0.015623 0.017580
0 0.040039 0.922850 0.017577 0.017580
0 0.462889 0.991211 0.011720 0.017577
0 0.854494 0.310547 0.021485 0.023438
0 0.460940 0.143556 0.015623 0.017580
0 0.850585 0.931640 0.017577 0.015624
0 0.489260 0.289064 0.017577 0.019531
0 0.151368 0.405275 0.017577 0.009766
0 0.020507 0.112304 0.013674 0.013673
0 0.760741 0.289064 0.013674 0.015624
0 0.209961 0.958985 0.013674 0.015624
0 0.481251 0.257030 0.019531 0.019531
0 0.492631 0.417182 0.021374 0.021262
0 0.983501 0.447485 0.021440 0.022709
0 0.989475 0.586883 0.019567 0.024209
0 0.640623 0.784180 0.042970 0.037111
0 0.167548 0.683582 0.015198 0.015199
0 0.119140 0.617186 0.035154 0.015624
0 0.045952 0.539179 0.018402 0.016000
0 0.024750 0.541180 0.015997 0.016801
0 0.132748 0.385182 0.017602 0.019998
0 0.350350 0.564782 0.014398 0.016000
0 0.329548 0.560381 0.014398 0.018400
0 0.331952 0.578781 0.017602 0.016801
0 0.515149 0.414380 0.017602 0.012799
0 0.810349 0.576780 0.011198 0.019201
0 0.788084 0.579100 0.013674 0.017580
0 0.839149 0.597180 0.015997 0.008801
0 0.833985 0.617186 0.011720 0.019531
0 0.762695 0.737304 0.017577 0.009766
0 0.770750 0.753183 0.013598 0.011998
0 0.604350 0.777980 0.018402 0.016801
0 0.603515 0.754884 0.015623 0.013673
0 0.408204 0.768556 0.011720 0.017580
0 0.428348 0.765579 0.021602 0.024000
0 0.053550 0.899180 0.014398 0.014402
0 0.556748 0.627282 0.015997 0.016999
0 0.527750 0.623280 0.013998 0.016999
0 0.298231 0.308842 0.020599 0.024205
0 0.828928 0.581359 0.017157 0.014128
0 0.400494 0.785232 0.014129 0.014128
0 0.841544 0.741329 0.014129 0.019178
0 0.288967 0.852851 0.019177 0.012112
0 0.303603 0.871019 0.018169 0.020184
0 0.828928 0.987085 0.019177 0.018168
0 0.847599 0.990011 0.012109 0.019979
0 0.593264 0.918958 0.012109 0.021194
0 0.614961 0.928549 0.021197 0.026240
0 0.036348 0.944697 0.021799 0.013726
0 0.047248 0.960036 0.019379 0.013726
0 0.019799 0.962861 0.017764 0.020993
0 0.630483 0.699442 0.018924 0.020184
