0 0.020510 0.195312 0.021485 0.019531
0 0.584959 0.189453 0.029297 0.023438
0 0.358397 0.938478 0.021485 0.021483
0 0.492188 0.965819 0.019531 0.021483
0 0.505857 0.060545 0.019531 0.019531
0 0.754881 0.194336 0.033205 0.029297
0 0.473634 0.935547 0.021485 0.019531
0 0.725585 0.800780 0.029297 0.023438
0 0.528319 0.007812 0.021485 0.015625
0 0.041990 0.321288 0.041016 0.044921
0 0.286134 0.933595 0.017577 0.031248
0 0.010744 0.937498 0.017577 0.019531
0 0.341351 0.149643 0.028385 0.022079
0 0.057304 0.384362 0.022078 0.018924
0 0.024251 0.572277 0.033306 0.028260
0 0.379011 0.828630 0.026239 0.020184
0 0.397175 0.852346 0.020184 0.017158
0 0.387086 0.870009 0.016149 0.018168
0 0.264867 0.709219 0.036273 0.031541
