0 0.591556 0.010630 0.021627 0.021261
0 0.398862 0.256210 0.019187 0.019383
0 0.597342 0.402541 0.021814 0.020682
0 0.876965 0.080190 0.020007 0.023104
0 0.280886 0.715620 0.019860 0.019922
0 0.074781 0.727743 0.019025 0.016323
0 0.393248 0.732721 0.020225 0.019964
0 0.394063 0.087245 0.019536 0.019015
0 0.449224 0.285256 0.021166 0.017879
0 0.478647 0.492770 0.020204 0.020127
0 0.092105 0.838176 0.020999 0.020541
0 0.605787 0.330290 0.019430 0.018301
0 0.522848 0.252215 0.017754 0.016634
0 0.530305 0.007097 0.024477 0.014195
0 0.050663 0.516235 0.017881 0.020883
0 0.665018 0.331631 0.023819 0.019804
0 0.993445 0.446832 0.013111 0.022143
0 0.559597 0.961901 0.020660 0.019292
0 0.229653 0.485370 0.024057 0.019436
0 0.360822 0.644140 0.019081 0.021168
0 0.784625 0.061513 0.021819 0.021316
0 0.683046 0.437419 0.018579 0.021103
0 0.091098 0.436937 0.020690 0.022531
0 0.271601 0.992539 0.020807 0.014921
0 0.782736 0.934066 0.025323 0.025614
0 0.420408 0.674697 0.020118 0.023328
0 0.312784 0.199659 0.018863 0.021095
0 0.050091 0.281713 0.020093 0.018905
0 0.679380 0.021399 0.018696 0.019649
0 0.603772 0.160528 0.019065 0.020982
0 0.396792 0.610784 0.019622 0.018502
0 0.757778 0.236667 0.020726 0.025967
0 0.724032 0.198026 0.020635 0.024835
0 0.568567 0.457600 0.021870 0.021688
0 0.673234 0.381104 0.019875 0.026665
0 0.151367 0.634933 0.022310 0.020807
0 0.741978 0.300781 0.027631 0.024695
0 0.882432 0.285195 0.019749 0.020347
0 0.007486 0.101365 0.014973 0.024182
0 0.368558 0.482682 0.019258 0.018848
0 0.578925 0.117419 0.016575 0.016930
0 0.327795 0.103811 0.019729 0.025997
0 0.428295 0.060651 0.022523 0.019125
0 0.174887 0.243722 0.025338 0.018536
0 0.157659 0.512240 0.019693 0.027918
0 0.718357 0.751781 0.022741 0.024581
0 0.250825 0.556911 0.022589 0.019622
0 0.048188 0.357279 0.024022 0.024505
0 0.279347 0.237286 0.019450 0.024657
0 0.050446 0.160684 0.020098 0.021946
0 0.245737 0.006313 0.019673 0.012627
0 0.953413 0.472582 0.020528 0.028199
0 0.148542 0.020222 0.027788 0.019626
0 0.513928 0.434890 0.019187 0.024744
0 0.035197 0.416859 0.020007 0.020047
0 0.709234 0.719967 0.029064 0.029597
0 0.092272 0.280229 0.020199 0.019372
0 0.346430 0.776116 0.027596 0.025659
0 0.102250 0.342262 0.021227 0.020188
0 0.289416 0.571202 0.021030 0.022538
0 0.086891 0.165764 0.015390 0.017564
0 0.110841 0.200388 0.024599 0.021331
0 0.043034 0.322203 0.018736 0.017678
0 0.014755 0.134140 0.014534 0.020184
0 0.279185 0.152308 0.028259 0.024224
0 0.283624 0.174110 0.024224 0.020993
0 0.443898 0.180166 0.023414 0.018571
0 0.462872 0.191469 0.022609 0.021802
0 0.480632 0.159978 0.020994 0.018571
0 0.462872 0.142618 0.017764 0.027451
0 0.641710 0.426830 0.021799 0.024224
0 0.236391 0.589928 0.020184 0.020993
0 0.263035 0.600020 0.023414 0.018571
0 0.033729 0.439344 0.021799 0.015339
0 0.124966 0.426021 0.016954 0.014534
0 0.127791 0.443787 0.020994 0.016148
0 0.315918 0.464779 0.017764 0.019379
0 0.101703 0.233781 0.025231 0.023970
