0 0.299806 0.759766 0.017577 0.023438
0 0.932619 0.283202 0.017577 0.015624
0 0.735353 0.204101 0.017577 0.017580
0 0.101564 0.593752 0.019531 0.023438
0 0.527345 0.995116 0.015623 0.009767
0 0.583007 0.796873 0.017577 0.019531
0 0.014651 0.791015 0.017577 0.015624
0 0.450198 0.532227 0.013674 0.017580
0 0.882814 0.517579 0.019531 0.019531
0 0.769530 0.514648 0.019531 0.021483
0 0.565430 0.870119 0.017577 0.021483
0 0.182619 0.458985 0.017577 0.019531
0 0.820312 0.199218 0.015623 0.019531
0 0.215819 0.512696 0.017577 0.017580
0 0.633789 0.978516 0.017577 0.015624
0 0.178711 0.666993 0.021485 0.029297
0 0.706056 0.015624 0.021485 0.019531
0 0.496094 0.519530 0.019531 0.019531
0 0.308595 0.513672 0.015623 0.015624
0 0.470701 0.797853 0.015623 0.017580
0 0.480466 0.949219 0.019531 0.019531
0 0.952150 0.486327 0.017577 0.019531
0 0.438478 0.675779 0.017577 0.019531
0 0.081055 0.712890 0.017577 0.019531
0 0.441404 0.987305 0.015623 0.013673
0 0.632812 0.293947 0.031251 0.029297
0 0.234373 0.364257 0.015623 0.013673
0 0.040039 0.180663 0.021485 0.021483
0 0.469729 0.068359 0.013674 0.015624
0 0.477540 0.492189 0.017577 0.015624
0 0.337891 0.265626 0.011720 0.015624
