0 0.718748 0.102539 0.019531 0.017580
0 0.007811 0.837891 0.015623 0.015624
0 0.188477 0.752928 0.021485 0.021483
0 0.177734 0.005859 0.019531 0.011718
0 0.755861 0.801756 0.019531 0.021483
0 0.605470 0.543945 0.019531 0.021483
0 0.770507 0.426758 0.029297 0.033204
0 0.069336 0.267578 0.029297 0.031248
0 0.852540 0.244139 0.017577 0.019531
0 0.816404 0.163088 0.019531 0.021483
0 0.946287 0.115236 0.013674 0.019531
0 0.550779 0.905274 0.015623 0.021483
0 0.963869 0.699218 0.017577 0.019531
0 0.213865 0.136718 0.021485 0.035155
0 0.213865 0.860353 0.021485 0.033204
0 0.269532 0.173829 0.015623 0.015624
0 0.552734 0.205077 0.015623 0.015624
0 0.256836 0.952147 0.044920 0.041014
0 0.792048 0.634215 0.023308 0.023309
