0 0.412109 0.252929 0.019531 0.017580
0 0.848633 0.006835 0.017577 0.013671
0 0.976562 0.800780 0.019531 0.019531
0 0.845702 0.075194 0.015623 0.017580
0 0.497073 0.914064 0.033205 0.023438
0 0.659179 0.563475 0.017577 0.017580
0 0.826170 0.120118 0.015623 0.013673
0 0.527346 0.530272 0.019531 0.017580
0 0.945311 0.094728 0.019531 0.021483
0 0.821290 0.208008 0.017577 0.017580
0 0.972654 0.210939 0.015623 0.019531
0 0.963865 0.016600 0.017577 0.017580
0 0.415040 0.132811 0.017577 0.015624
0 0.329104 0.697266 0.017577 0.015624
0 0.811525 0.548827 0.017577 0.019531
0 0.732423 0.093749 0.015623 0.015624
0 0.219728 0.379881 0.017577 0.017580
0 0.059571 0.379881 0.017577 0.017580
0 0.666990 0.132811 0.017577 0.019531
0 0.878907 0.256836 0.019531 0.017580
0 0.788085 0.477541 0.017577 0.017580
0 0.743166 0.165039 0.033205 0.021483
0 0.990235 0.089842 0.019530 0.019531
0 0.931643 0.049804 0.019531 0.013673
0 0.950197 0.276367 0.017577 0.017580
0 0.148438 0.319336 0.015623 0.017580
0 0.137696 0.036131 0.017577 0.017580
0 0.990236 0.055662 0.015623 0.013673
0 0.031252 0.091797 0.023439 0.023438
0 0.831056 0.693359 0.017577 0.019531
0 0.483399 0.117187 0.013674 0.019531
0 0.715818 0.458010 0.013674 0.013673
0 0.407228 0.715821 0.017577 0.017580
0 0.751954 0.481444 0.015623 0.013673
0 0.681094 0.418754 0.020994 0.029069
0 0.799496 0.195672 0.018428 0.018681
0 0.482467 0.196716 0.027454 0.020993
0 0.480852 0.221745 0.020994 0.022607
0 0.008294 0.383230 0.016588 0.016148
0 0.088448 0.057436 0.017764 0.016957
0 0.105002 0.078428 0.028259 0.023415
0 0.525260 0.118398 0.019531 0.019531
0 0.985087 0.294011 0.021799 0.018571
0 0.987912 0.319040 0.019379 0.025029
0 0.878102 0.149077 0.016149 0.017762
0 0.914840 0.158364 0.021799 0.016957
0 0.903941 0.194696 0.012920 0.015339
0 0.889406 0.177337 0.012920 0.011303
0 0.891831 0.046539 0.012920 0.016148
