0 0.831054 0.396485 0.013674 0.019531
0 0.895510 0.362306 0.017577 0.017580
0 0.531248 0.900391 0.015623 0.015624
0 0.836916 0.849608 0.017577 0.015624
0 0.222658 0.827150 0.015623 0.013673
0 0.964846 0.405275 0.015623 0.017580
0 0.803711 0.320312 0.021485 0.019531
0 0.934572 0.123046 0.017577 0.015624
0 0.565430 0.362306 0.017577 0.017580
0 0.683593 0.977540 0.015623 0.017580
0 0.018553 0.083008 0.009766 0.017580
0 0.252932 0.211915 0.013674 0.013673
0 0.318359 0.951171 0.015623 0.015624
0 0.007812 0.464844 0.015624 0.031248
0 0.388672 0.057618 0.019531 0.029297
0 0.721679 0.181639 0.013674 0.015624
0 0.469298 0.136096 0.026249 0.032501
0 0.283205 0.788087 0.019531 0.013673
0 0.078569 0.397924 0.026036 0.022626
0 0.971837 0.086615 0.022609 0.022607
0 0.489507 0.682789 0.015137 0.017158
0 0.473864 0.669165 0.014129 0.020184
0 0.347702 0.622737 0.014129 0.016148
0 0.326510 0.628793 0.018169 0.022204
0 0.060567 0.390608 0.015137 0.022204
0 0.042397 0.382027 0.017157 0.021194
0 0.344173 0.955294 0.023212 0.023214
0 0.887663 0.882626 0.020184 0.019178
0 0.297745 0.800875 0.023212 0.009082
0 0.327011 0.802390 0.023212 0.014128
