0 0.523437 0.319337 0.015623 0.013673
0 0.007811 0.633790 0.015623 0.021483
0 0.692383 0.383789 0.017577 0.017580
0 0.073244 0.705077 0.017577 0.011717
0 0.148437 0.542969 0.015623 0.019531
0 0.331057 0.112305 0.017577 0.017580
0 0.676760 0.498048 0.017577 0.019531
0 0.174803 0.059570 0.009766 0.017580
0 0.744142 0.118163 0.019531 0.013673
0 0.489260 0.465820 0.017577 0.017580
0 0.088867 0.759767 0.009766 0.015624
0 0.891602 0.433592 0.017577 0.015624
0 0.930664 0.041994 0.013674 0.017580
0 0.539065 0.248047 0.015623 0.015624
0 0.936522 0.499024 0.017577 0.017580
0 0.786135 0.660156 0.017577 0.015624
0 0.618166 0.443358 0.017577 0.019531
0 0.172854 0.693359 0.013674 0.015624
0 0.384765 0.594728 0.015623 0.017580
0 0.142580 0.004883 0.019531 0.009766
0 0.141603 0.322264 0.013674 0.015624
0 0.771484 0.524414 0.011720 0.017580
0 0.064456 0.358399 0.015623 0.013673
0 0.333983 0.617186 0.015623 0.015624
0 0.661132 0.995118 0.013674 0.009765
0 0.765627 0.234374 0.019531 0.015624
0 0.341794 0.275392 0.015623 0.019531
0 0.489260 0.190429 0.017577 0.017580
0 0.093752 0.508789 0.015623 0.013673
0 0.457032 0.983399 0.015623 0.013673
0 0.994140 0.127929 0.011719 0.013673
0 0.384765 0.275392 0.015623 0.019531
0 0.157226 0.099608 0.013674 0.015624
0 0.122072 0.691408 0.017577 0.015624
0 0.343749 0.514648 0.015623 0.013673
0 0.422850 0.597655 0.017577 0.011717
0 0.286132 0.237305 0.013674 0.013673
0 0.647463 0.005860 0.013674 0.011720
0 0.523437 0.954102 0.015623 0.013673
0 0.517580 0.375975 0.019531 0.017580
0 0.291018 0.668945 0.015623 0.013673
0 0.250001 0.952147 0.015623 0.017580
0 0.051759 0.195312 0.021485 0.019531
0 0.225585 0.571290 0.017577 0.017580
0 0.584962 0.271485 0.017577 0.019531
0 0.204099 0.310547 0.017577 0.019531
0 0.233396 0.014649 0.009766 0.013673
0 0.070313 0.647463 0.015623 0.013673
0 0.034182 0.349609 0.017577 0.015624
0 0.583007 0.890626 0.017577 0.015624
0 0.108398 0.124022 0.017577 0.017580
0 0.531248 0.193360 0.011720 0.019531
0 0.242190 0.319337 0.019531 0.021483
0 0.644532 0.396485 0.019531 0.023438
0 0.045896 0.598631 0.013674 0.009766
0 0.234373 0.439455 0.015623 0.015624
0 0.928710 0.614259 0.013674 0.017580
0 0.783204 0.913085 0.011720 0.013673
0 0.051759 0.528321 0.017577 0.017580
0 0.918945 0.132811 0.017577 0.015624
0 0.714845 0.551759 0.019531 0.021483
0 0.919922 0.660156 0.015623 0.015624
0 0.394531 0.630859 0.015623 0.011717
0 0.359376 0.770508 0.011720 0.013673
0 0.526368 0.785156 0.017577 0.019531
0 0.269532 0.735353 0.011720 0.013673
0 0.358399 0.984375 0.017577 0.015624
0 0.490232 0.871095 0.015623 0.019531
0 0.597658 0.981443 0.015623 0.009766
0 0.331057 0.694335 0.013674 0.013673
0 0.365234 0.817384 0.015623 0.017580
0 0.386719 0.863281 0.019531 0.015624
0 0.393553 0.436524 0.013674 0.013673
0 0.186523 0.916991 0.013674 0.009766
0 0.638670 0.874022 0.011720 0.013673
0 0.062501 0.862305 0.011720 0.013673
0 0.241213 0.824219 0.017577 0.015624
0 0.701171 0.701173 0.015623 0.019531
0 0.242190 0.779298 0.015623 0.015624
0 0.287109 0.449220 0.015623 0.019531
0 0.278321 0.160157 0.013674 0.015624
0 0.619138 0.612304 0.015623 0.017580
0 0.203127 0.841798 0.015623 0.015624
0 0.271486 0.480469 0.019531 0.015624
0 0.068359 0.898436 0.011720 0.015624
0 0.152346 0.741211 0.011720 0.017580
0 0.170900 0.742187 0.021485 0.019531
0 0.776577 0.744868 0.028132 0.028940
0 0.727117 0.705357 0.018240 0.021433
0 0.307142 0.752982 0.021728 0.017044
0 0.341794 0.756836 0.011720 0.017580
0 0.841372 0.458507 0.022670 0.026297
0 0.293301 0.702293 0.016701 0.017306
0 0.522470 0.671793 0.024320 0.015495
0 0.531628 0.714379 0.016337 0.016870
0 0.843174 0.932114 0.017567 0.027026
0 0.170900 0.896485 0.013674 0.011717
0 0.382310 0.405955 0.023201 0.019201
0 0.274711 0.335952 0.017602 0.021600
0 0.217910 0.329953 0.017602 0.017599
0 0.059509 0.394352 0.024001 0.016801
0 0.055662 0.217774 0.013674 0.017580
0 0.058310 0.237153 0.020002 0.014402
0 0.076712 0.223154 0.016802 0.013600
0 0.121910 0.100352 0.014398 0.014402
0 0.007754 0.533951 0.015509 0.022402
0 0.021110 0.565553 0.022402 0.027998
0 0.965611 0.420451 0.019000 0.029001
0 0.202004 0.570568 0.017764 0.023415
0 0.171877 0.607421 0.019531 0.019531
0 0.279915 0.649293 0.018569 0.019379
0 0.477733 0.662612 0.023414 0.018571
0 0.451089 0.681991 0.018569 0.016957
0 0.476523 0.681183 0.020994 0.021802
0 0.439384 0.663019 0.017764 0.024224
0 0.498322 0.690872 0.017764 0.018571
0 0.516086 0.703793 0.019379 0.020184
0 0.620647 0.718730 0.016954 0.019379
0 0.640831 0.716710 0.021799 0.015339
0 0.910511 0.633547 0.016954 0.013726
0 0.357326 0.054023 0.019177 0.012112
0 0.371962 0.072191 0.018169 0.020184
0 0.897287 0.188257 0.019177 0.018168
0 0.915958 0.194818 0.012109 0.027250
0 0.661623 0.120130 0.012109 0.021194
0 0.683321 0.129721 0.021197 0.026240
0 0.213303 0.521722 0.020994 0.016148
0 0.200789 0.539483 0.018569 0.014534
0 0.191104 0.518893 0.012109 0.015339
0 0.390936 0.365484 0.020994 0.026646
0 0.104707 0.145869 0.021799 0.013726
0 0.115607 0.161208 0.019379 0.013726
0 0.088158 0.164033 0.017764 0.020993
0 0.848743 0.430885 0.014534 0.020184
0 0.859643 0.408681 0.018569 0.016148
0 0.891536 0.569357 0.019379 0.020993
0 0.130141 0.648484 0.019379 0.020993
0 0.281935 0.613363 0.014534 0.021802
0 0.365502 0.726802 0.018569 0.022607
0 0.363887 0.747393 0.016954 0.012112
0 0.479753 0.775653 0.017764 0.013726
0 0.480158 0.798259 0.021799 0.021802
0 0.403451 0.832576 0.010495 0.019379
0 0.382057 0.778075 0.019379 0.013726
0 0.364292 0.787359 0.009690 0.012917
0 0.352183 0.947632 0.016149 0.013726
0 0.370347 0.935520 0.013724 0.016957
0 0.870542 0.909682 0.019379 0.015339
0 0.890726 0.908878 0.020994 0.018571
0 0.882652 0.933098 0.022609 0.020184
0 0.288395 0.967816 0.019379 0.020184
0 0.267806 0.990829 0.016954 0.014534
0 0.408700 0.918970 0.020994 0.014534
0 0.400626 0.895957 0.020994 0.012112
0 0.408700 0.861641 0.019379 0.020993
0 0.454319 0.875366 0.015339 0.012917
0 0.589563 0.857202 0.016149 0.020184
0 0.589963 0.814814 0.015339 0.012917
0 0.596423 0.776055 0.013724 0.020993
0 0.579874 0.785342 0.016149 0.013726
0 0.498322 0.761927 0.016149 0.012112
0 0.571394 0.692490 0.016954 0.013726
0 0.592388 0.708638 0.016954 0.016957
0 0.944419 0.825711 0.018569 0.021802
0 0.921815 0.828942 0.016954 0.018571
0 0.808370 0.733265 0.022609 0.016148
0 0.805950 0.754660 0.017764 0.021802
0 0.722383 0.821272 0.021799 0.019379
0 0.712288 0.842668 0.017764 0.016957
0 0.675955 0.849532 0.014534 0.019379
0 0.761947 0.864872 0.016954 0.017762
0 0.783341 0.860836 0.019379 0.020993
0 0.765981 0.884251 0.016954 0.014534
0 0.731668 0.927851 0.014534 0.019379
0 0.754277 0.924217 0.020994 0.021802
0 0.709869 0.910089 0.016149 0.017762
0 0.539500 0.900802 0.019379 0.013726
0 0.552015 0.917352 0.015339 0.011303
0 0.552825 0.841859 0.016954 0.016957
0 0.524566 0.822483 0.023414 0.018571
0 0.302525 0.607307 0.015339 0.024224
0 0.554845 0.975892 0.019379 0.018571
0 0.443014 0.889901 0.015339 0.014534
0 0.430905 0.914527 0.016954 0.018571
0 0.407890 0.803913 0.019379 0.016957
0 0.160825 0.591964 0.029069 0.014534
0 0.088963 0.899993 0.012920 0.016957
