0 0.305664 0.942382 0.017577 0.017580
0 0.109375 0.625002 0.019531 0.019531
0 0.426759 0.293945 0.017577 0.021483
0 0.660155 0.382814 0.019531 0.019531
0 0.918945 0.930665 0.017577 0.017580
0 0.439455 0.563477 0.019531 0.017580
0 0.916014 0.582032 0.019531 0.019531
0 0.497072 0.971679 0.021485 0.021483
0 0.462890 0.811523 0.019531 0.017580
0 0.638670 0.304686 0.019531 0.019531
0 0.315429 0.255858 0.021485 0.019531
0 0.851563 0.810547 0.019531 0.019531
0 0.625001 0.813475 0.019531 0.017580
0 0.615235 0.315431 0.019531 0.021483
0 0.947265 0.695312 0.019531 0.019531
0 0.813478 0.816406 0.021485 0.019531
0 0.112306 0.694336 0.021485 0.021483
0 0.780273 0.581053 0.029297 0.029297
0 0.441404 0.958007 0.019531 0.021483
0 0.916991 0.639650 0.017577 0.017580
0 0.988281 0.217772 0.019531 0.021483
0 0.475586 0.836913 0.021485 0.021483
0 0.858397 0.872072 0.017577 0.017580
0 0.869140 0.733399 0.019531 0.017580
0 0.802735 0.114257 0.015623 0.017580
0 0.930665 0.349610 0.017577 0.019531
0 0.128906 0.360352 0.019531 0.017580
0 0.916014 0.416014 0.019531 0.019531
0 0.045897 0.314451 0.021485 0.019531
0 0.927733 0.183592 0.019531 0.019531
0 0.673829 0.146485 0.019531 0.019531
0 0.624024 0.286134 0.021485 0.021483
0 0.937499 0.269531 0.019531 0.019531
0 0.911134 0.242189 0.017577 0.019531
0 0.559568 0.562501 0.017577 0.019531
0 0.589842 0.566404 0.019531 0.019531
0 0.654298 0.562501 0.015623 0.019531
0 0.673829 0.571287 0.019531 0.021483
0 0.706057 0.462890 0.029297 0.023438
0 0.828124 0.456056 0.019531 0.021483
0 0.831055 0.486328 0.029297 0.019531
0 0.853517 0.498046 0.019531 0.019531
0 0.724611 0.248048 0.019531 0.019531
0 0.717771 0.157227 0.021485 0.021483
0 0.695314 0.085937 0.019531 0.019531
0 0.765627 0.093750 0.019531 0.019531
0 0.803712 0.010743 0.017577 0.017580
0 0.495118 0.240234 0.017577 0.019531
0 0.409182 0.252931 0.017577 0.017580
0 0.943361 0.013672 0.035154 0.027343
0 0.920899 0.034181 0.021485 0.021483
0 0.966796 0.097657 0.019531 0.015624
0 0.929688 0.126954 0.019531 0.019531
0 0.955076 0.184572 0.019531 0.021483
0 0.964842 0.165041 0.019531 0.013673
0 0.612304 0.134764 0.017577 0.015624
0 0.784181 0.315431 0.021485 0.017580
0 0.775393 0.335938 0.023439 0.023438
0 0.837889 0.240234 0.019531 0.019531
0 0.973635 0.514649 0.017577 0.017580
0 0.943361 0.652343 0.019531 0.015624
0 0.909179 0.665040 0.013674 0.017580
0 0.957030 0.792968 0.019531 0.019531
0 0.797850 0.747071 0.017577 0.017580
0 0.516603 0.801758 0.017577 0.017580
0 0.549803 0.826171 0.017577 0.019531
0 0.551757 0.767578 0.021485 0.019531
0 0.546877 0.788085 0.019531 0.017580
0 0.720703 0.918944 0.019531 0.021483
0 0.538088 0.951172 0.017577 0.019531
0 0.744142 0.885741 0.019531 0.021483
0 0.765627 0.867189 0.019531 0.023438
0 0.767576 0.845703 0.015623 0.011717
0 0.790039 0.844727 0.017577 0.017580
0 0.879883 0.780275 0.017577 0.013673
0 0.880860 0.802733 0.015623 0.019531
0 0.476563 0.524415 0.019531 0.021483
0 0.629785 0.141614 0.016149 0.023214
0 0.340124 0.146664 0.018169 0.017158
0 0.319940 0.154736 0.018169 0.017158
0 0.222041 0.130011 0.014129 0.022204
0 0.051470 0.111843 0.016149 0.016148
0 0.439536 0.198639 0.021197 0.022204
0 0.154923 0.779979 0.019177 0.024224
0 0.136252 0.790071 0.018169 0.024224
0 0.855355 0.227404 0.017157 0.021194
0 0.560652 0.803193 0.019177 0.012112
0 0.559639 0.939949 0.023212 0.021194
0 0.761997 0.762316 0.014129 0.019178
0 0.774613 0.746672 0.013122 0.016148
0 0.926508 0.546839 0.018169 0.018168
0 0.929536 0.669463 0.014129 0.017158
0 0.959815 0.115374 0.018169 0.013122
0 0.948713 0.131017 0.014129 0.014128
0 0.628778 0.088124 0.018169 0.015138
0 0.623730 0.060873 0.018169 0.019178
0 0.612628 0.079546 0.012109 0.014128
