0 0.363283 0.041014 0.023439 0.023438
0 0.273439 0.252929 0.019531 0.017580
0 0.509766 0.455078 0.019531 0.019531
0 0.415037 0.982423 0.017577 0.015624
0 0.174806 0.472658 0.017577 0.019531
0 0.749025 0.440430 0.017577 0.017580
0 0.245119 0.335936 0.021485 0.023438
0 0.822264 0.552734 0.019531 0.019531
0 0.632810 0.322264 0.019531 0.015624
0 0.325198 0.443358 0.017577 0.019531
0 0.598633 0.455078 0.017577 0.019531
0 0.802733 0.215822 0.031251 0.033204
0 0.640627 0.203125 0.019531 0.019531
0 0.429688 0.293947 0.031251 0.021483
0 0.791014 0.702149 0.019531 0.021483
0 0.633787 0.096680 0.021485 0.021483
0 0.468750 0.294922 0.023439 0.023438
0 0.236331 0.841798 0.023439 0.031248
0 0.505858 0.224608 0.019531 0.015624
0 0.726563 0.748045 0.019531 0.015624
0 0.234376 0.552734 0.015623 0.015624
0 0.568360 0.134766 0.011720 0.015624
0 0.547852 0.559568 0.013674 0.013673
0 0.974610 0.587889 0.015623 0.019531
0 0.377929 0.174805 0.017577 0.017580
0 0.077150 0.108397 0.017577 0.017580
0 0.724609 0.976564 0.023439 0.023438
0 0.966799 0.457030 0.015623 0.011717
0 0.540040 0.617186 0.021485 0.019531
0 0.935548 0.487306 0.019531 0.021483
0 0.568238 0.166842 0.016954 0.020993
0 0.591247 0.173301 0.019379 0.022607
0 0.166954 0.226188 0.023414 0.018571
0 0.173414 0.245161 0.021799 0.017762
0 0.614666 0.250408 0.017764 0.025029
0 0.588827 0.262520 0.022609 0.029874
0 0.518580 0.608901 0.017764 0.025029
0 0.624351 0.632317 0.025839 0.021802
0 0.489516 0.640393 0.019379 0.016957
0 0.446723 0.662597 0.020994 0.017762
0 0.468117 0.654521 0.015339 0.016148
0 0.763230 0.636353 0.019379 0.016957
0 0.759191 0.656134 0.019379 0.020993
0 0.787854 0.640795 0.018569 0.024224
0 0.798349 0.939943 0.016954 0.015339
0 0.793509 0.966183 0.021799 0.030683
0 0.830648 0.961745 0.015339 0.023415
0 0.837913 0.985156 0.025029 0.020184
0 0.012447 0.875932 0.018924 0.031541
0 0.479827 0.671478 0.020994 0.020993
