0 0.084927 0.612907 0.022391 0.022200
0 0.050118 0.991362 0.026933 0.017276
0 0.556823 0.755145 0.022326 0.022386
0 0.370432 0.636022 0.019840 0.020465
0 0.529147 0.886195 0.020478 0.019026
0 0.873609 0.727743 0.019025 0.016323
0 0.215246 0.646669 0.020706 0.019493
0 0.890933 0.838176 0.020999 0.020541
0 0.694144 0.763016 0.021151 0.019892
0 0.652915 0.209709 0.019683 0.019284
0 0.408583 0.162780 0.018321 0.017469
0 0.731429 0.318691 0.019835 0.021395
0 0.214669 0.048327 0.020513 0.019653
0 0.411317 0.091167 0.020746 0.019903
0 0.849492 0.516235 0.017881 0.020883
0 0.532169 0.296267 0.019718 0.019713
0 0.484561 0.084215 0.017466 0.016995
0 0.889926 0.436937 0.020690 0.022531
0 0.758377 0.603240 0.018681 0.017238
0 0.239278 0.500121 0.021632 0.027394
0 0.085510 0.203406 0.019374 0.020298
0 0.848919 0.281713 0.020093 0.018905
0 0.795789 0.017063 0.019020 0.016338
0 0.507246 0.183970 0.018190 0.017898
0 0.300747 0.248065 0.024983 0.021160
0 0.950195 0.634933 0.022310 0.020807
0 0.493091 0.134542 0.018311 0.018088
0 0.694113 0.855839 0.020949 0.026825
0 0.802785 0.101365 0.022032 0.024182
0 0.045298 0.199374 0.017790 0.022272
0 0.656281 0.166941 0.023510 0.019854
0 0.437844 0.239044 0.020645 0.021749
0 0.553791 0.176020 0.024295 0.017462
0 0.119484 0.033542 0.018605 0.015632
0 0.292875 0.177846 0.019860 0.018168
0 0.692625 0.277256 0.018584 0.023529
0 0.973715 0.243722 0.025338 0.018536
0 0.278350 0.536806 0.022690 0.022060
0 0.956487 0.512240 0.019693 0.027918
0 0.790498 0.442818 0.025637 0.019941
0 0.439961 0.339972 0.017531 0.023556
0 0.654671 0.393299 0.020949 0.028480
0 0.616146 0.296339 0.023014 0.021206
0 0.223012 0.217516 0.026679 0.018730
0 0.847016 0.357279 0.024022 0.024505
0 0.849274 0.160684 0.020098 0.021946
0 0.947370 0.020222 0.027788 0.019626
0 0.474568 0.246330 0.024867 0.016619
0 0.595167 0.670718 0.021101 0.018924
0 0.834026 0.416859 0.020007 0.020047
0 0.631885 0.565332 0.026087 0.021490
0 0.472664 0.281227 0.028294 0.020913
0 0.891100 0.280229 0.020199 0.019372
0 0.901078 0.342262 0.021227 0.020188
0 0.556595 0.139391 0.020230 0.019250
0 0.505424 0.359466 0.019146 0.023609
0 0.355326 0.270869 0.017359 0.017082
0 0.885719 0.165764 0.015390 0.017564
0 0.909669 0.200388 0.024599 0.021331
0 0.380755 0.775125 0.025788 0.023655
0 0.841862 0.322203 0.018736 0.017678
0 0.616799 0.109924 0.018752 0.017500
0 0.586171 0.102421 0.009998 0.015001
0 0.524297 0.102421 0.013750 0.015001
0 0.271805 0.065109 0.019379 0.019379
0 0.303698 0.073181 0.018569 0.020993
0 0.386055 0.204788 0.021799 0.017762
0 0.454687 0.133738 0.020184 0.020993
0 0.571358 0.049363 0.012920 0.015339
0 0.589122 0.040076 0.016149 0.016148
0 0.600427 0.015856 0.019379 0.019379
0 0.626666 0.030793 0.028259 0.025029
0 0.607286 0.046132 0.015339 0.016957
0 0.813583 0.134140 0.014534 0.020184
0 0.798239 0.158364 0.014534 0.016957
0 0.784109 0.176126 0.018569 0.008881
0 0.765945 0.132124 0.017764 0.012917
0 0.776440 0.153519 0.017764 0.020184
0 0.681163 0.248392 0.016149 0.022607
0 0.784919 0.306928 0.021799 0.025029
0 0.613341 0.342456 0.020994 0.023415
0 0.588717 0.335591 0.015339 0.024224
0 0.541079 0.381210 0.016954 0.016957
0 0.546729 0.402606 0.018569 0.020993
0 0.448228 0.265345 0.018569 0.016148
0 0.381210 0.294011 0.021799 0.018571
0 0.040479 0.302486 0.018569 0.014534
0 0.041289 0.277863 0.018569 0.015339
0 0.700543 0.549962 0.017764 0.020184
0 0.704583 0.574183 0.019379 0.018571
0 0.760290 0.431675 0.020994 0.022607
0 0.832557 0.439344 0.021799 0.015339
0 0.923794 0.426021 0.016954 0.014534
0 0.926619 0.443787 0.020994 0.016148
0 0.308948 0.565302 0.017764 0.018571
0 0.345282 0.561668 0.022609 0.020993
0 0.900532 0.233781 0.025231 0.023970
