0 0.213869 0.945314 0.021485 0.019531
0 0.271486 0.843751 0.019531 0.019531
0 0.438477 0.779295 0.017577 0.019531
0 0.408203 0.862306 0.019531 0.017580
0 0.120117 0.930665 0.017577 0.017580
0 0.117186 0.582032 0.019531 0.019531
0 0.841796 0.026367 0.019531 0.021483
0 0.380861 0.867189 0.023439 0.019531
0 0.052735 0.810547 0.019531 0.019531
0 0.814454 0.116213 0.019531 0.021483
0 0.376953 0.173827 0.019531 0.019531
0 0.273440 0.423828 0.019531 0.019531
0 0.148436 0.695312 0.019531 0.019531
0 0.288086 0.727540 0.017577 0.017580
0 0.336913 0.645509 0.021485 0.021483
0 0.014650 0.816406 0.021485 0.019531
0 0.443358 0.335938 0.019531 0.019531
0 0.300782 0.970703 0.019531 0.019531
0 0.118163 0.639650 0.017577 0.017580
0 0.496094 0.339845 0.019531 0.019531
0 0.296874 0.025392 0.019531 0.019531
0 0.189453 0.217772 0.019531 0.021483
0 0.757815 0.776368 0.019531 0.021483
0 0.392581 0.291017 0.019531 0.019531
0 0.059569 0.872072 0.017577 0.017580
0 0.916018 0.710936 0.019531 0.019531
0 0.394530 0.351562 0.019531 0.019531
0 0.070312 0.733399 0.019531 0.017580
0 0.879882 0.699219 0.017577 0.019531
0 0.005859 0.114257 0.011719 0.017580
0 0.131837 0.349610 0.017577 0.019531
0 0.994140 0.149413 0.011720 0.021483
0 0.655274 0.265624 0.017577 0.019531
0 0.231446 0.429687 0.021485 0.019531
0 0.117186 0.416014 0.019531 0.019531
0 0.128905 0.183592 0.019531 0.019531
0 0.498048 0.837892 0.019531 0.019531
0 0.309571 0.404297 0.017577 0.019531
0 0.370118 0.247072 0.021485 0.021483
0 0.561521 0.471680 0.017577 0.021483
0 0.371095 0.798826 0.019531 0.019531
0 0.408203 0.988283 0.019531 0.015624
0 0.541990 0.894530 0.017577 0.015624
0 0.713867 0.730467 0.017577 0.019531
0 0.471682 0.189455 0.017577 0.019531
0 0.800780 0.666015 0.019531 0.019531
0 0.268554 0.650391 0.021485 0.019531
0 0.746095 0.247072 0.019531 0.021483
0 0.138671 0.269531 0.019531 0.019531
0 0.686525 0.464842 0.017577 0.019531
0 0.112305 0.242189 0.017577 0.019531
0 0.713867 0.015626 0.021485 0.031252
0 0.708987 0.054688 0.019531 0.019531
0 0.716798 0.087892 0.019531 0.019531
0 0.029296 0.456056 0.019531 0.021483
0 0.032227 0.486328 0.029297 0.019531
0 0.054689 0.498046 0.019531 0.019531
0 0.006836 0.010743 0.013673 0.017580
0 0.144533 0.013672 0.035154 0.027343
0 0.122071 0.034181 0.021485 0.021483
0 0.167968 0.097657 0.019531 0.015624
0 0.130860 0.126954 0.019531 0.019531
0 0.156248 0.184572 0.019531 0.021483
0 0.166014 0.165041 0.019531 0.013673
0 0.208007 0.164061 0.017577 0.015624
0 0.239258 0.166016 0.021485 0.019531
0 0.255858 0.188475 0.019531 0.017580
0 0.292971 0.121096 0.019531 0.015624
0 0.318359 0.099609 0.019531 0.019531
0 0.327148 0.178709 0.017577 0.017580
0 0.344725 0.209961 0.017577 0.017580
0 0.332033 0.278320 0.019531 0.021483
0 0.248046 0.302734 0.019531 0.019531
0 0.217772 0.314451 0.021485 0.019531
0 0.246092 0.322265 0.031251 0.035155
0 0.969726 0.047850 0.029297 0.029297
0 0.942383 0.093750 0.021485 0.023438
0 0.390626 0.007813 0.019531 0.015626
0 0.386718 0.040040 0.019531 0.017580
0 0.560549 0.086912 0.019531 0.021483
0 0.612303 0.097657 0.017577 0.019531
0 0.666993 0.163085 0.021485 0.017580
0 0.599612 0.127930 0.031251 0.037111
0 0.514648 0.166016 0.021485 0.019531
0 0.528321 0.215820 0.021485 0.021483
0 0.453123 0.293945 0.019531 0.021483
0 0.607423 0.261720 0.019531 0.023438
0 0.622069 0.256838 0.021485 0.021483
0 0.707033 0.243165 0.019531 0.017580
0 0.717775 0.282227 0.017577 0.017580
0 0.601561 0.296876 0.019531 0.019531
0 0.612303 0.317383 0.021485 0.021483
0 0.654297 0.342772 0.019531 0.017580
0 0.618166 0.345704 0.013674 0.015624
0 0.592772 0.378907 0.033205 0.031248
0 0.631834 0.399414 0.017577 0.017580
0 0.564452 0.427735 0.019531 0.019531
0 0.471682 0.386717 0.017577 0.019531
0 0.494139 0.388673 0.015623 0.019531
0 0.762695 0.310548 0.021485 0.019531
0 0.941406 0.263672 0.019531 0.019531
0 0.039061 0.240234 0.019531 0.019531
0 0.254881 0.475587 0.017577 0.021483
0 0.174807 0.514649 0.017577 0.017580
0 0.271486 0.559570 0.015623 0.017580
0 0.315428 0.565429 0.017577 0.017580
0 0.382810 0.507811 0.019531 0.015624
0 0.389649 0.541991 0.017577 0.017580
0 0.490236 0.542970 0.015623 0.019531
0 0.504882 0.564453 0.017577 0.019531
0 0.524413 0.490235 0.021485 0.019531
0 0.411135 0.405273 0.017577 0.021483
0 0.225584 0.569336 0.013674 0.017580
0 0.202150 0.623046 0.017577 0.019531
0 0.208007 0.640626 0.017577 0.019531
0 0.240235 0.641602 0.019531 0.017580
0 0.144533 0.652343 0.019531 0.015624
0 0.110351 0.665040 0.013674 0.017580
0 0.158202 0.792968 0.019531 0.019531
0 0.418946 0.155275 0.017577 0.017580
0 0.798826 0.310548 0.019531 0.015624
0 0.837888 0.322265 0.019531 0.023438
0 0.793946 0.328124 0.021485 0.023438
0 0.819334 0.341797 0.013674 0.019531
0 0.897459 0.346679 0.021485 0.017580
0 0.911133 0.356445 0.017577 0.029297
0 0.939452 0.371093 0.015623 0.019531
0 0.960937 0.369142 0.019531 0.019531
0 0.081055 0.780275 0.017577 0.013673
0 0.082032 0.802733 0.015623 0.019531
0 0.571287 0.596681 0.021485 0.029297
0 0.602538 0.615236 0.029297 0.023438
0 0.589846 0.637695 0.019531 0.021483
0 0.684570 0.375000 0.017577 0.019531
0 0.685548 0.431642 0.023439 0.019531
0 0.728518 0.451173 0.019531 0.019531
0 0.724610 0.478514 0.019531 0.019531
0 0.706056 0.512694 0.021485 0.017580
0 0.728518 0.513673 0.035154 0.019531
0 0.763672 0.537108 0.023439 0.023438
0 0.771483 0.521484 0.019531 0.011717
0 0.810546 0.519532 0.023439 0.019531
0 0.720701 0.544922 0.019531 0.019531
0 0.748049 0.563477 0.023439 0.017580
0 0.727541 0.563477 0.029297 0.029297
0 0.687502 0.587891 0.019531 0.031248
0 0.672851 0.594725 0.017577 0.021483
0 0.675782 0.631836 0.019531 0.017580
0 0.679685 0.703126 0.019531 0.019531
0 0.632811 0.729492 0.019531 0.017580
0 0.658205 0.738281 0.019531 0.019531
0 0.524413 0.762695 0.017577 0.017580
0 0.598634 0.810547 0.017577 0.019531
0 0.616211 0.802733 0.017577 0.019531
0 0.632811 0.795899 0.023439 0.029297
0 0.652343 0.786133 0.015623 0.017580
0 0.684570 0.801758 0.021485 0.017580
0 0.703124 0.847658 0.019531 0.019531
0 0.718752 0.866210 0.019531 0.017580
0 0.795900 0.914062 0.017577 0.019531
0 0.652343 0.875975 0.019531 0.017580
0 0.662108 0.888672 0.023439 0.019531
0 0.681639 0.883789 0.019531 0.017580
0 0.800780 0.709961 0.019531 0.013673
0 0.794923 0.754881 0.023439 0.021483
0 0.767580 0.737306 0.019531 0.021483
0 0.761718 0.715819 0.015623 0.021483
0 0.774415 0.708009 0.017577 0.017580
0 0.773438 0.630860 0.019531 0.019531
0 0.842774 0.602539 0.017577 0.013673
0 0.846682 0.474611 0.017577 0.023438
0 0.846682 0.433594 0.017577 0.015624
0 0.802734 0.448242 0.015623 0.017580
0 0.596680 0.914062 0.017577 0.023438
0 0.573241 0.945314 0.021485 0.023438
0 0.583984 0.938475 0.023439 0.021483
0 0.481448 0.980469 0.017577 0.019531
0 0.271486 0.960938 0.019531 0.019531
0 0.911133 0.464842 0.021485 0.019531
0 0.872070 0.495118 0.029297 0.029297
0 0.910155 0.508791 0.023439 0.017580
0 0.901367 0.541015 0.017577 0.019531
0 0.871093 0.625977 0.019531 0.021483
0 0.913087 0.632812 0.021485 0.019531
0 0.937498 0.667967 0.019531 0.019531
0 0.978514 0.647460 0.019531 0.017580
0 0.989258 0.507811 0.021483 0.031248
0 0.938475 0.916017 0.017577 0.019531
0 0.878905 0.805665 0.031251 0.021483
0 0.800780 0.985352 0.031251 0.029297
0 0.980514 0.828423 0.020184 0.020184
0 0.683791 0.395446 0.020184 0.018168
0 0.657547 0.402007 0.016149 0.017158
0 0.676222 0.414119 0.017157 0.013122
0 0.772101 0.332874 0.017157 0.018168
0 0.547539 0.217817 0.016149 0.020184
0 0.056527 0.227404 0.017157 0.021194
0 0.410279 0.546839 0.020184 0.022204
0 0.127680 0.546839 0.018169 0.018168
0 0.226591 0.591244 0.016149 0.020184
0 0.243748 0.581152 0.012110 0.018168
0 0.130708 0.669463 0.014129 0.017158
0 0.618692 0.930867 0.017157 0.027250
0 0.855364 0.548350 0.018169 0.019178
0 0.872020 0.568538 0.021197 0.017158
0 0.921475 0.424716 0.023212 0.018168
0 0.900278 0.436324 0.015137 0.023214
0 0.835686 0.351543 0.013122 0.017158
0 0.854863 0.362645 0.017157 0.019178
0 0.819537 0.408568 0.015137 0.016148
0 0.802886 0.426231 0.016149 0.017158
0 0.535930 0.165333 0.017157 0.020184
0 0.523315 0.184006 0.012110 0.015138
0 0.299765 0.139093 0.019177 0.014128
0 0.160986 0.115374 0.018169 0.013122
0 0.149884 0.131017 0.014129 0.014128
0 0.828619 0.779474 0.031539 0.044154
0 0.486414 0.234626 0.034693 0.014193
0 0.499820 0.253550 0.033119 0.020499
