0 0.198243 0.986327 0.017577 0.019531
0 0.550781 0.233400 0.015623 0.017580
0 0.900392 0.099609 0.019531 0.019531
0 0.666013 0.672850 0.019531 0.021483
0 0.348635 0.948241 0.017577 0.021483
0 0.151370 0.177734 0.017577 0.019531
0 0.491210 0.354493 0.017577 0.017580
0 0.815428 0.731447 0.017577 0.021483
0 0.551758 0.071288 0.017577 0.017580
0 0.389646 0.441408 0.017577 0.019531
0 0.343750 0.448242 0.023439 0.021483
0 0.764651 0.931641 0.017577 0.019531
0 0.993164 0.778319 0.013672 0.017580
0 0.963865 0.541015 0.017577 0.019531
0 0.021486 0.684571 0.019531 0.017580
0 0.834959 0.991210 0.013674 0.013673
0 0.922854 0.016602 0.017577 0.017580
0 0.957031 0.241210 0.015623 0.013673
0 0.877929 0.472656 0.017577 0.019531
0 0.967774 0.902344 0.017577 0.019531
0 0.689453 0.203123 0.019531 0.015624
0 0.669921 0.203123 0.015623 0.015624
0 0.680436 0.222563 0.015000 0.019998
0 0.895937 0.456561 0.020002 0.017500
