0 0.938476 0.676759 0.021485 0.029297
0 0.894534 0.743162 0.015623 0.017580
0 0.135741 0.930663 0.017577 0.017580
0 0.227539 0.961916 0.017577 0.017580
0 0.293944 0.943360 0.017577 0.015624
0 0.074216 0.773439 0.023439 0.035155
0 0.351560 0.754883 0.019531 0.017580
0 0.335937 0.674803 0.015623 0.017580
0 0.139649 0.547851 0.017577 0.017580
0 0.333006 0.623048 0.017577 0.019531
0 0.381834 0.595703 0.017577 0.019531
0 0.391600 0.693359 0.017577 0.019531
0 0.503906 0.792970 0.019531 0.019531
0 0.633790 0.741211 0.017577 0.017580
0 0.575196 0.876953 0.017577 0.015624
0 0.044920 0.195311 0.019531 0.015624
0 0.133787 0.358398 0.017577 0.017580
0 0.174803 0.378905 0.017577 0.015624
0 0.321292 0.291991 0.017577 0.017580
0 0.372068 0.247070 0.017577 0.017580
0 0.309572 0.008790 0.017577 0.017580
0 0.134764 0.121094 0.019531 0.019531
0 0.202151 0.126952 0.017577 0.019531
0 0.227539 0.148439 0.017577 0.019531
0 0.250978 0.206056 0.017577 0.017580
0 0.499998 0.108397 0.015623 0.017580
0 0.508791 0.040038 0.021485 0.017580
0 0.607424 0.040038 0.019531 0.017580
0 0.716799 0.017580 0.015623 0.019531
0 0.724611 0.039062 0.011720 0.015624
0 0.742188 0.081056 0.019531 0.017580
0 0.772462 0.064452 0.017577 0.015624
0 0.822266 0.023438 0.015623 0.015624
0 0.860352 0.043945 0.017577 0.017580
0 0.862306 0.204101 0.017577 0.017580
0 0.907225 0.237305 0.017577 0.017580
0 0.962893 0.217774 0.015623 0.017580
0 0.690429 0.162108 0.029297 0.023438
0 0.715822 0.165039 0.013674 0.017580
0 0.723634 0.148439 0.013674 0.011717
0 0.846678 0.126952 0.017577 0.015624
0 0.851563 0.091797 0.019531 0.015624
0 0.878906 0.094728 0.011720 0.017580
0 0.880860 0.078124 0.015623 0.011717
0 0.916991 0.073242 0.013674 0.013673
0 0.990235 0.122070 0.015623 0.013673
0 0.940430 0.136718 0.013674 0.015624
0 0.970704 0.149415 0.015623 0.017580
0 0.978515 0.178711 0.015623 0.021483
0 0.850586 0.283201 0.017577 0.015624
0 0.890625 0.292967 0.015623 0.015624
0 0.863283 0.312502 0.015623 0.015624
0 0.739257 0.334960 0.021485 0.017580
0 0.732422 0.387695 0.015623 0.017580
0 0.766599 0.383788 0.017577 0.017580
0 0.796873 0.372071 0.015623 0.013673
0 0.836912 0.352540 0.017577 0.013673
0 0.872071 0.391602 0.017577 0.017580
0 0.907225 0.391602 0.017577 0.017580
0 0.775393 0.426757 0.019531 0.017580
0 0.846678 0.438478 0.029297 0.021483
0 0.961916 0.513672 0.017577 0.015624
0 0.960938 0.541993 0.015623 0.017580
0 0.664063 0.563475 0.035154 0.037111
0 0.584962 0.328126 0.037108 0.023438
0 0.352537 0.455078 0.017577 0.011717
0 0.296875 0.429689 0.039062 0.019531
0 0.453124 0.462892 0.019531 0.015624
0 0.516603 0.439454 0.017577 0.019531
0 0.092775 0.461913 0.017577 0.013673
0 0.235351 0.457030 0.017577 0.015624
0 0.696291 0.921874 0.013674 0.015624
0 0.689452 0.950195 0.015623 0.017580
0 0.739257 0.724611 0.013674 0.019531
0 0.705080 0.631834 0.015623 0.029297
0 0.723634 0.512696 0.017577 0.013673
0 0.755862 0.204101 0.019531 0.017580
0 0.692383 0.055662 0.017577 0.037111
0 0.890625 0.487306 0.019531 0.017580
0 0.729000 0.900000 0.013998 0.018001
0 0.802401 0.106001 0.015998 0.013600
0 0.788798 0.096000 0.015998 0.014402
0 0.791598 0.124401 0.021602 0.013600
0 0.936001 0.034798 0.019202 0.015199
0 0.934801 0.061202 0.015198 0.018400
0 0.960802 0.044401 0.015998 0.013600
0 0.964001 0.059600 0.014398 0.013600
0 0.980799 0.074400 0.014398 0.014402
0 0.990401 0.091998 0.019199 0.019201
0 0.942400 0.159602 0.022402 0.016801
0 0.947599 0.179998 0.013598 0.016000
0 0.561598 0.357601 0.017602 0.016000
0 0.563998 0.374801 0.014398 0.013600
0 0.555199 0.390801 0.012798 0.015199
