0 0.374023 0.491210 0.017577 0.013673
0 0.878907 0.982423 0.015623 0.015624
0 0.616213 0.842774 0.021485 0.013673
0 0.871095 0.049804 0.015623 0.017580
0 0.179689 0.685549 0.011720 0.015624
0 0.330076 0.144532 0.015623 0.015624
0 0.332030 0.282226 0.015623 0.017580
0 0.295899 0.023438 0.017577 0.011717
0 0.512695 0.016600 0.013674 0.017580
0 0.532226 0.788087 0.021485 0.017580
0 0.908203 0.643555 0.015623 0.013673
0 0.476564 0.604493 0.015623 0.013673
0 0.891603 0.683593 0.013674 0.015624
0 0.265625 0.918946 0.011720 0.013673
0 0.598631 0.034180 0.017577 0.021483
0 0.851564 0.633790 0.015623 0.013673
0 0.467776 0.050780 0.029297 0.019531
0 0.528490 0.024334 0.016149 0.015339
0 0.871920 0.614149 0.016402 0.017663
0 0.900306 0.621089 0.012616 0.018924
0 0.837860 0.739047 0.013876 0.020184
0 0.489661 0.009849 0.018924 0.017663
0 0.994940 0.518270 0.010121 0.020184
0 0.931845 0.612258 0.015137 0.013878
