0 0.900389 0.945312 0.015623 0.015624
0 0.922851 0.791991 0.029297 0.021483
0 0.192383 0.340820 0.017577 0.013673
0 0.095704 0.810546 0.019531 0.023438
0 0.159178 0.403320 0.013674 0.013673
0 0.713866 0.433592 0.013674 0.011717
0 0.400391 0.403320 0.011720 0.013673
0 0.881835 0.057618 0.013674 0.021483
0 0.993165 0.221681 0.013670 0.021483
0 0.041991 0.071291 0.021485 0.017580
0 0.005859 0.571290 0.011718 0.017580
0 0.083985 0.639649 0.019531 0.017580
0 0.284181 0.250978 0.021485 0.021483
0 0.248045 0.711915 0.015623 0.017580
0 0.894111 0.175314 0.017091 0.024862
0 0.547968 0.842577 0.023748 0.021251
0 0.420469 0.815702 0.018751 0.022500
0 0.440471 0.833202 0.013750 0.022500
