0 0.581053 0.510742 0.013674 0.017580
0 0.415038 0.776368 0.017577 0.017580
0 0.473632 0.173827 0.017577 0.015624
0 0.612304 0.945314 0.017577 0.015624
0 0.308594 0.300783 0.011720 0.015624
0 0.031250 0.199220 0.015623 0.015624
0 0.031250 0.038085 0.015623 0.013673
0 0.670897 0.674805 0.017577 0.013673
0 0.615235 0.252931 0.019531 0.017580
0 0.222658 0.752930 0.015623 0.017580
0 0.696290 0.537108 0.013674 0.015624
0 0.392576 0.215820 0.015623 0.017580
0 0.428712 0.196289 0.013674 0.013673
0 0.140625 0.434569 0.015623 0.009766
0 0.300783 0.597657 0.015623 0.015624
0 0.576173 0.580077 0.015623 0.011717
0 0.627932 0.446290 0.013674 0.017580
0 0.511717 0.040040 0.011720 0.013673
0 0.066404 0.669922 0.011720 0.015624
0 0.551756 0.461914 0.017577 0.017580
0 0.178711 0.037109 0.013674 0.011717
0 0.819335 0.448242 0.013674 0.017580
0 0.413084 0.018553 0.013674 0.013673
0 0.324217 0.504884 0.015623 0.017580
0 0.526368 0.256838 0.017577 0.013673
0 0.242189 0.573243 0.015623 0.013673
0 0.477540 0.273438 0.009766 0.015624
0 0.590818 0.295900 0.013674 0.013673
0 0.115232 0.604491 0.023439 0.021483
0 0.337891 0.017578 0.015623 0.015624
0 0.016599 0.266603 0.013674 0.013673
0 0.789061 0.422852 0.015623 0.013673
0 0.139648 0.464842 0.013674 0.015624
0 0.158202 0.063478 0.015623 0.013673
0 0.177734 0.691405 0.015623 0.015624
0 0.664063 0.628905 0.015623 0.015624
0 0.609377 0.624022 0.015623 0.017580
0 0.146483 0.133789 0.011720 0.013673
0 0.502928 0.330079 0.013674 0.015624
0 0.043947 0.117189 0.013674 0.015624
0 0.320314 0.416014 0.015623 0.011717
0 0.735353 0.878906 0.013674 0.011717
0 0.684571 0.829103 0.017577 0.015624
0 0.022462 0.356445 0.017577 0.013673
0 0.587892 0.368166 0.019531 0.013673
0 0.431638 0.061523 0.015623 0.021483
0 0.034181 0.003906 0.013674 0.007812
0 0.454101 0.130861 0.017577 0.015624
0 0.450197 0.293945 0.013674 0.017580
0 0.402341 0.300783 0.011720 0.015624
0 0.507814 0.407228 0.015623 0.017580
0 0.068358 0.409180 0.015623 0.017580
0 0.653320 0.055664 0.017577 0.017580
0 0.573241 0.454101 0.017577 0.013673
0 0.266601 0.169923 0.013674 0.015624
0 0.113283 0.946289 0.015623 0.017580
0 0.446289 0.272462 0.024751 0.012036
0 0.063802 0.009502 0.015339 0.015339
0 0.123550 0.049065 0.016954 0.020184
0 0.127185 0.075712 0.016149 0.018571
0 0.128799 0.093473 0.019379 0.015339
0 0.165938 0.093473 0.012920 0.023415
0 0.264849 0.099127 0.018569 0.015339
0 0.237395 0.046643 0.016954 0.015339
0 0.244260 0.081361 0.009690 0.015339
0 0.226496 0.081768 0.016149 0.014534
0 0.721846 0.053507 0.015339 0.019379
0 0.239010 0.124558 0.016954 0.017762
0 0.282208 0.333276 0.022609 0.015339
0 0.325402 0.352249 0.015339 0.016148
0 0.627780 0.332468 0.020994 0.020184
0 0.658463 0.360728 0.014534 0.015339
0 0.071877 0.208932 0.013724 0.015339
0 0.042403 0.229120 0.019379 0.015339
0 0.050883 0.309052 0.018569 0.012112
0 0.409373 0.052296 0.015339 0.015339
0 0.341146 0.164122 0.019379 0.014534
0 0.087216 0.307841 0.018569 0.016148
0 0.089236 0.152416 0.014534 0.013726
0 0.604771 0.787045 0.016954 0.021802
0 0.727496 0.759996 0.016954 0.017762
0 0.713366 0.773721 0.017764 0.017762
0 0.922893 0.862135 0.016954 0.016957
0 0.329846 0.722046 0.022609 0.020993
0 0.179262 0.005760 0.015339 0.011520
