0 0.070312 0.358399 0.019531 0.013673
0 0.294920 0.872070 0.015623 0.017580
0 0.419924 0.600586 0.015623 0.013673
0 0.034181 0.600586 0.017577 0.013673
0 0.456055 0.563476 0.013674 0.017580
0 0.060547 0.714842 0.015623 0.015624
0 0.170899 0.570314 0.013674 0.015624
0 0.542968 0.995117 0.011720 0.009765
0 0.304686 0.767577 0.013674 0.013673
0 0.186522 0.357423 0.013674 0.015624
0 0.212893 0.871095 0.019531 0.015624
0 0.305663 0.990233 0.013674 0.015624
0 0.255858 0.849608 0.015623 0.015624
0 0.509768 0.867188 0.015623 0.019531
0 0.163088 0.628907 0.013674 0.015624
0 0.379884 0.868163 0.013674 0.013673
0 0.210939 0.213867 0.019531 0.017580
0 0.076170 0.601562 0.011720 0.015624
0 0.515625 0.166991 0.015623 0.017580
0 0.299806 0.817384 0.013674 0.013673
0 0.274412 0.993164 0.013674 0.013672
0 0.019530 0.247071 0.015623 0.017580
0 0.503905 0.924805 0.015623 0.013673
0 0.636720 0.047852 0.019531 0.017580
0 0.066404 0.424806 0.015623 0.013673
0 0.153322 0.744142 0.017577 0.015624
0 0.183596 0.513672 0.015623 0.011717
0 0.505859 0.385744 0.015623 0.013673
0 0.161134 0.799805 0.013674 0.009766
0 0.018553 0.742187 0.017577 0.011717
0 0.213870 0.767577 0.017577 0.011717
0 0.538087 0.901367 0.013674 0.013673
0 0.026365 0.637697 0.013674 0.013673
0 0.037107 0.904298 0.015623 0.019531
0 0.111329 0.582031 0.011720 0.015624
0 0.541991 0.830077 0.013674 0.015624
0 0.019530 0.435548 0.011720 0.015624
0 0.400392 0.469727 0.011720 0.013673
0 0.080078 0.966799 0.011720 0.015624
0 0.057616 0.674804 0.013674 0.013673
0 0.145506 0.102539 0.013674 0.013673
0 0.415038 0.976564 0.013674 0.015624
0 0.046873 0.043945 0.011720 0.011717
0 0.037107 0.375978 0.015623 0.017580
0 0.373045 0.789063 0.011720 0.011717
0 0.005860 0.812501 0.011719 0.015624
0 0.389650 0.511720 0.013674 0.015624
0 0.094729 0.006836 0.013674 0.013671
0 0.045896 0.226564 0.011305 0.014534
0 0.305754 0.575257 0.013097 0.020078
0 0.125975 0.914064 0.024032 0.018582
0 0.055727 0.309662 0.012109 0.016148
0 0.077931 0.312893 0.012920 0.020993
0 0.037963 0.310873 0.016954 0.013726
0 0.056132 0.612041 0.012920 0.013726
0 0.207116 0.648776 0.012920 0.012917
0 0.221246 0.660486 0.013724 0.010495
0 0.207521 0.700049 0.012109 0.015339
0 0.310872 0.610022 0.016954 0.011303
0 0.214386 0.618902 0.016149 0.016148
0 0.492540 0.507479 0.012109 0.009690
0 0.505460 0.520803 0.012109 0.012112
0 0.716596 0.801380 0.011305 0.011303
0 0.388384 0.774734 0.012109 0.014534
0 0.209941 0.796938 0.013724 0.012112
0 0.057342 0.776351 0.015339 0.009690
0 0.044423 0.790077 0.007265 0.008076
0 0.051687 0.812684 0.016954 0.020993
0 0.038368 0.832063 0.012920 0.014534
0 0.013739 0.706910 0.013724 0.014534
0 0.232145 0.924107 0.020994 0.017762
0 0.439652 0.968917 0.009690 0.016957
0 0.453382 0.968917 0.016149 0.016957
0 0.470336 0.986683 0.017764 0.016957
0 0.584986 0.938235 0.017764 0.013726
0 0.571667 0.954383 0.018569 0.015339
0 0.249505 0.987085 0.016954 0.014534
0 0.239010 0.995158 0.013724 0.009683
0 0.043213 0.976185 0.019379 0.015339
0 0.059362 0.988699 0.012920 0.016148
0 0.076721 0.991928 0.012109 0.016144
0 0.408568 0.495774 0.013724 0.012112
0 0.156653 0.846593 0.013724 0.017762
0 0.117090 0.857092 0.015339 0.012917
0 0.095291 0.865973 0.016954 0.011303
0 0.118705 0.880101 0.016954 0.016957
0 0.138084 0.886157 0.010495 0.011303
0 0.212366 0.912401 0.015339 0.016957
0 0.032313 0.922895 0.020184 0.012112
0 0.025043 0.941868 0.013724 0.014534
0 0.020199 0.880101 0.012109 0.012112
0 0.154233 0.968917 0.016954 0.015339
