0 0.273435 0.339845 0.019531 0.015624
0 0.382810 0.199220 0.019531 0.015624
0 0.469728 0.297852 0.017577 0.021483
0 0.395507 0.373049 0.021485 0.031248
0 0.301760 0.131837 0.013674 0.017580
0 0.082032 0.581053 0.015623 0.013673
0 0.537110 0.281252 0.015623 0.019531
0 0.966795 0.976562 0.031251 0.019531
0 0.172853 0.509766 0.013674 0.015624
0 0.099609 0.992186 0.015623 0.011717
0 0.171876 0.549805 0.023439 0.017580
0 0.895510 0.922851 0.013674 0.013673
0 0.884767 0.904296 0.015623 0.015624
0 0.116037 0.550811 0.019729 0.015176
0 0.844455 0.407403 0.019729 0.019729
0 0.884666 0.874802 0.015177 0.025800
0 0.741225 0.391813 0.018569 0.022607
0 0.721846 0.378490 0.018569 0.023415
