0 0.889648 0.769532 0.017577 0.019531
0 0.637698 0.495116 0.021485 0.029297
0 0.585939 0.759766 0.015623 0.015624
0 0.635744 0.579103 0.021485 0.021483
0 0.621093 0.877929 0.015623 0.013673
0 0.106444 0.489258 0.013674 0.017580
0 0.781250 0.031248 0.015623 0.015624
0 0.129990 0.605165 0.031251 0.023438
0 0.632812 0.387695 0.015623 0.017580
0 0.759765 0.785156 0.023439 0.019531
0 0.249024 0.802735 0.013674 0.015624
0 0.938476 0.475585 0.017577 0.017580
0 0.654298 0.608400 0.019531 0.021483
0 0.753907 0.468751 0.023439 0.019531
0 0.992927 0.425106 0.014146 0.020184
0 0.911169 0.717389 0.015339 0.018571
0 0.818318 0.761797 0.013724 0.016957
0 0.800958 0.754128 0.011305 0.019379
0 0.781984 0.749283 0.018569 0.016148
0 0.670963 0.568016 0.019379 0.025029
0 0.283627 0.557032 0.023414 0.023415
0 0.217196 0.597890 0.016149 0.015339
0 0.208008 0.628907 0.020184 0.020184
0 0.191408 0.625000 0.016954 0.016148
0 0.749280 0.444481 0.020994 0.013726
