0 0.214842 0.242188 0.015623 0.011717
0 0.720703 0.880860 0.011720 0.015624
0 0.933596 0.287109 0.015623 0.011717
0 0.960938 0.006836 0.019531 0.013673
0 0.299806 0.356443 0.021485 0.029297
0 0.567385 0.435548 0.013674 0.015624
0 0.197265 0.186522 0.019531 0.017580
0 0.931642 0.845705 0.015623 0.011717
0 0.729491 0.166015 0.013674 0.011717
0 0.254882 0.162108 0.013674 0.011717
0 0.332029 0.575197 0.015623 0.021483
0 0.914065 0.021483 0.015623 0.015624
0 0.452147 0.952147 0.013674 0.009766
0 0.402342 0.055663 0.015623 0.013673
0 0.560545 0.145508 0.015623 0.017580
0 0.123049 0.236329 0.011720 0.011717
0 0.913088 0.325195 0.013674 0.013673
0 0.993163 0.129884 0.013673 0.017580
0 0.022462 0.537110 0.021485 0.019531
0 0.757811 0.935547 0.019531 0.015624
0 0.390623 0.287109 0.015623 0.015624
0 0.089844 0.268553 0.011720 0.017580
0 0.235001 0.149844 0.009998 0.016999
0 0.533501 0.092344 0.017000 0.011998
0 0.527001 0.111344 0.020002 0.013999
0 0.172500 0.428280 0.020002 0.015001
0 0.441875 0.397655 0.023748 0.016251
0 0.550000 0.340781 0.020002 0.017500
0 0.721877 0.547658 0.023748 0.023749
0 0.718748 0.573283 0.022498 0.022500
0 0.595623 0.627658 0.016251 0.026252
0 0.283809 0.665733 0.016954 0.019379
0 0.278559 0.698029 0.016149 0.014534
0 0.017359 0.859917 0.023414 0.015339
