0 0.023439 0.958985 0.015623 0.015624
0 0.020508 0.891601 0.013674 0.013673
0 0.583984 0.965819 0.015623 0.017580
0 0.699217 0.054687 0.023439 0.023438
0 0.705079 0.846681 0.019531 0.017580
0 0.233396 0.766601 0.013674 0.013673
0 0.032228 0.698242 0.017577 0.017580
0 0.213865 0.901367 0.013674 0.013673
0 0.115232 0.842774 0.011720 0.011717
0 0.977538 0.666014 0.017577 0.015624
0 0.163088 0.804687 0.013674 0.015624
0 0.004111 0.818830 0.008221 0.018571
0 0.019121 0.816408 0.015339 0.010495
0 0.045765 0.798646 0.018569 0.018571
0 0.064739 0.809141 0.014534 0.015339
0 0.029215 0.975471 0.009690 0.013726
0 0.005726 0.986368 0.011451 0.017762
0 0.175704 0.138715 0.022710 0.017663
