0 0.532226 0.713868 0.017577 0.013673
0 0.411132 0.508791 0.017577 0.017580
0 0.778320 0.302734 0.017577 0.015624
0 0.247071 0.882813 0.013674 0.015624
0 0.898438 0.199220 0.015623 0.015624
0 0.898438 0.038085 0.015623 0.013673
0 0.701167 0.479498 0.033205 0.035155
0 0.419920 0.609374 0.015623 0.015624
0 0.377932 0.672850 0.013674 0.013673
0 0.667967 0.664064 0.015623 0.015624
0 0.168947 0.018553 0.017577 0.017580
0 0.315430 0.863282 0.013674 0.011717
0 0.152342 0.847658 0.015623 0.015624
0 0.803713 0.115233 0.017577 0.015624
0 0.620117 0.239258 0.017577 0.017580
0 0.933592 0.669922 0.011720 0.015624
0 0.322264 0.337890 0.015623 0.015624
0 0.810548 0.298827 0.015623 0.015624
0 0.733400 0.075195 0.013674 0.017580
0 0.982419 0.604491 0.023439 0.021483
0 0.883787 0.266603 0.013674 0.013673
0 0.743166 0.551756 0.009766 0.013673
0 0.133787 0.956055 0.017577 0.013673
0 0.355469 0.198240 0.015623 0.017580
0 0.359373 0.537108 0.011720 0.015624
0 0.074217 0.094726 0.015623 0.013673
0 0.720703 0.879882 0.015623 0.017580
0 0.095702 0.693361 0.015623 0.015624
0 0.786131 0.250975 0.013674 0.013673
0 0.408205 0.152344 0.015623 0.015624
0 0.487307 0.374024 0.017577 0.017580
0 0.284179 0.933593 0.013674 0.015624
0 0.911134 0.117189 0.013674 0.015624
0 0.767577 0.431642 0.015623 0.015624
0 0.553712 0.350586 0.013674 0.013673
0 0.889649 0.356445 0.017577 0.013673
0 0.901369 0.003906 0.013674 0.007812
0 0.161135 0.262696 0.013674 0.013673
0 0.729492 0.851561 0.013674 0.015624
0 0.235351 0.025392 0.013674 0.011717
0 0.761720 0.828127 0.015623 0.019531
0 0.935546 0.409180 0.015623 0.017580
0 0.776366 0.648436 0.013674 0.011717
0 0.980470 0.946289 0.015623 0.017580
0 0.262851 0.047045 0.019379 0.016148
0 0.839348 0.005761 0.014534 0.011522
0 0.854283 0.017578 0.015339 0.013726
0 0.840963 0.035339 0.020994 0.020184
0 0.773946 0.057141 0.012919 0.015339
0 0.765066 0.076516 0.020994 0.013726
0 0.930989 0.009502 0.015339 0.015339
0 0.990737 0.049065 0.016954 0.020184
0 0.993149 0.075712 0.013703 0.018571
0 0.993149 0.093473 0.013703 0.015339
0 0.540605 0.011924 0.012919 0.013726
0 0.599948 0.270298 0.016954 0.013726
0 0.602367 0.284832 0.016954 0.010495
0 0.593893 0.299363 0.020994 0.016957
0 0.939064 0.208932 0.013724 0.015339
0 0.909590 0.229120 0.019379 0.015339
0 0.842578 0.288466 0.020994 0.012917
0 0.918070 0.309052 0.018569 0.012112
0 0.819159 0.341755 0.014534 0.012917
0 0.265676 0.365170 0.013724 0.012917
0 0.203103 0.283215 0.016149 0.018571
0 0.284250 0.108008 0.021799 0.018571
0 0.119537 0.367186 0.016954 0.013726
0 0.386791 0.366381 0.015339 0.010495
0 0.165560 0.456003 0.018569 0.015339
0 0.954404 0.307841 0.018569 0.016148
0 0.956424 0.152416 0.014534 0.013726
0 0.603982 0.800368 0.018569 0.020993
0 0.364182 0.588419 0.015339 0.012112
