0 0.886720 0.994141 0.015623 0.011719
0 0.919034 0.963928 0.013674 0.011717
0 0.993165 0.912108 0.013670 0.019531
0 0.128904 0.606445 0.015623 0.013673
0 0.037111 0.874022 0.015623 0.017580
0 0.434568 0.994140 0.013674 0.011721
0 0.745117 0.134766 0.017577 0.023438
0 0.166018 0.727538 0.011720 0.013673
0 0.994142 0.551758 0.011716 0.013673
0 0.544920 0.875001 0.015623 0.015624
0 0.056101 0.622289 0.019531 0.029297
0 0.436522 0.850588 0.013674 0.013673
0 0.941405 0.535155 0.011720 0.011717
0 0.780276 0.336916 0.017577 0.017580
0 0.015626 0.534179 0.015623 0.013673
0 0.940428 0.431640 0.017577 0.019531
0 0.732420 0.341799 0.011720 0.015624
0 0.187498 0.503906 0.009766 0.013673
0 0.168944 0.972657 0.017577 0.015624
0 0.627930 0.048828 0.017577 0.015624
0 0.898440 0.371095 0.015623 0.015624
0 0.769533 0.639648 0.015623 0.017580
0 0.686523 0.099611 0.017577 0.019531
0 0.713866 0.264650 0.013674 0.013673
0 0.167967 0.652345 0.015623 0.031248
0 0.601565 0.013673 0.026644 0.012917
0 0.613856 0.027968 0.017764 0.012917
0 0.754447 0.331555 0.015137 0.018168
0 0.376952 0.783204 0.012920 0.013726
0 0.359430 0.794997 0.017764 0.016148
0 0.379301 0.798240 0.021799 0.012917
0 0.378496 0.862028 0.016954 0.012917
0 0.372071 0.871094 0.016149 0.016957
0 0.273530 0.941154 0.020184 0.020993
0 0.947318 0.306119 0.012919 0.015339
0 0.968312 0.294414 0.016149 0.014534
