0 0.336779 0.794872 0.019045 0.018965
0 0.334546 0.447614 0.020599 0.016619
0 0.276540 0.525195 0.022589 0.017128
0 0.387439 0.086778 0.015765 0.014367
0 0.322072 0.107577 0.014514 0.015112
0 0.025258 0.131630 0.016418 0.016015
0 0.575632 0.575458 0.017314 0.020283
0 0.668772 0.020891 0.017299 0.018506
0 0.687731 0.693545 0.025657 0.020822
0 0.456061 0.259847 0.017167 0.021498
0 0.215187 0.180128 0.021561 0.020496
0 0.354943 0.159685 0.021313 0.021456
0 0.226816 0.079518 0.016554 0.023396
0 0.821609 0.047218 0.018584 0.018164
0 0.079421 0.036230 0.017192 0.014747
0 0.718673 0.337523 0.017045 0.021866
0 0.784602 0.092352 0.018043 0.014975
0 0.789675 0.061293 0.022371 0.021836
0 0.882541 0.318231 0.018569 0.016957
0 0.863167 0.325901 0.010495 0.016148
0 0.865182 0.625456 0.014534 0.024224
