0 0.077149 0.205077 0.017577 0.015624
0 0.136720 0.326171 0.015623 0.019531
0 0.106446 0.050779 0.025388 0.039062
0 0.009258 0.866249 0.018515 0.022500
0 0.359925 0.386461 0.019789 0.023070
0 0.356058 0.620884 0.016078 0.017743
0 0.310956 0.894293 0.014605 0.013775
0 0.824086 0.930458 0.016418 0.016015
0 0.781201 0.447940 0.016175 0.016535
0 0.227151 0.292883 0.017820 0.017329
0 0.362902 0.133361 0.021612 0.016395
0 0.246449 0.222903 0.026193 0.019489
0 0.463995 0.800579 0.016590 0.020864
0 0.169869 0.271120 0.016195 0.016608
0 0.471619 0.723551 0.013654 0.017257
0 0.942887 0.135928 0.014727 0.014215
0 0.698237 0.682724 0.020508 0.019421
0 0.352438 0.561619 0.013740 0.023917
0 0.243645 0.406178 0.021161 0.021001
0 0.408616 0.920313 0.016261 0.022178
0 0.499397 0.938512 0.022417 0.018817
0 0.878249 0.835058 0.017192 0.014747
0 0.855883 0.404880 0.021951 0.021973
0 0.679678 0.451912 0.022098 0.012082
0 0.537315 0.344407 0.025652 0.018502
0 0.757939 0.284147 0.021161 0.025101
0 0.459545 0.584874 0.022933 0.022918
0 0.221527 0.545824 0.024416 0.024008
0 0.971971 0.721945 0.026396 0.020887
0 0.557520 0.404587 0.021354 0.023510
0 0.184884 0.495337 0.018807 0.012549
0 0.224119 0.981435 0.019541 0.024968
0 0.163429 0.156640 0.015339 0.017762
0 0.843678 0.045619 0.016149 0.015339
0 0.846503 0.008076 0.021799 0.016148
0 0.804114 0.367374 0.011305 0.011303
0 0.473072 0.468303 0.014534 0.014534
0 0.456923 0.488487 0.012919 0.016148
0 0.299479 0.385136 0.012919 0.012917
0 0.986992 0.401690 0.012110 0.013726
0 0.676544 0.866762 0.012919 0.016957
0 0.448448 0.880488 0.018569 0.015339
0 0.701573 0.991102 0.020994 0.015339
