0 0.424805 0.823244 0.037108 0.029297
0 0.096679 0.012695 0.017577 0.017580
0 0.813479 0.233400 0.013674 0.013673
0 0.492187 0.011719 0.015623 0.011717
0 0.736326 0.635743 0.011720 0.017580
0 0.349607 0.276369 0.039062 0.033204
0 0.724612 0.112306 0.015623 0.013673
0 0.991212 0.110350 0.017575 0.021483
0 0.820313 0.715819 0.023439 0.021483
0 0.330076 0.297852 0.019531 0.021483
0 0.358401 0.676757 0.017577 0.017580
0 0.324391 0.170128 0.013876 0.020184
0 0.374854 0.192203 0.031539 0.026495
0 0.415855 0.157511 0.015137 0.017663
0 0.304839 0.146159 0.015137 0.020184
0 0.283389 0.150575 0.020184 0.023970
