0 0.984377 0.904298 0.015623 0.015624
0 0.614257 0.792970 0.013674 0.011717
0 0.659182 0.815429 0.017577 0.017580
0 0.617189 0.605469 0.015623 0.015624
0 0.644531 0.670897 0.011720 0.013673
0 0.486328 0.122070 0.011720 0.013673
0 0.867190 0.440430 0.015623 0.013673
0 0.596680 0.874022 0.017577 0.017580
0 0.995116 0.631835 0.009768 0.017580
0 0.688479 0.670897 0.013674 0.013673
0 0.595703 0.150391 0.015623 0.015624
0 0.677736 0.918947 0.015623 0.017580
0 0.571287 0.240232 0.017577 0.015624
0 0.432615 0.008790 0.013674 0.017580
0 0.134768 0.287109 0.015623 0.011717
0 0.641600 0.307616 0.013674 0.013673
0 0.974611 0.175781 0.015623 0.015624
0 0.162110 0.006836 0.019531 0.013673
0 0.791992 0.705076 0.013674 0.015624
0 0.371095 0.832032 0.015623 0.011717
0 0.608400 0.211915 0.013674 0.013673
0 0.804688 0.327147 0.011720 0.009766
0 0.884767 0.376954 0.015623 0.015624
0 0.687502 0.273436 0.011720 0.015624
0 0.923829 0.081056 0.011720 0.013673
0 0.132814 0.845705 0.015623 0.011717
0 0.988280 0.857422 0.015623 0.015624
0 0.727541 0.125977 0.013674 0.013673
0 0.896487 0.489258 0.015623 0.017580
0 0.710936 0.591797 0.011720 0.011717
0 0.409181 0.674804 0.013674 0.013673
0 0.439454 0.162108 0.015623 0.011717
0 0.674805 0.051759 0.017577 0.013673
0 0.569338 0.667969 0.013674 0.011717
0 0.643554 0.704101 0.013674 0.013673
0 0.991211 0.041994 0.013674 0.013673
0 0.419923 0.414061 0.015623 0.015624
0 0.361330 0.289064 0.015623 0.011717
0 0.563475 0.751953 0.013674 0.015624
0 0.875978 0.118163 0.013674 0.013673
0 0.256835 0.160156 0.017577 0.015624
0 0.115237 0.021483 0.015623 0.015624
0 0.363279 0.077149 0.011720 0.013673
0 0.494139 0.797853 0.015623 0.009766
0 0.965823 0.941405 0.013674 0.011717
0 0.459963 0.757811 0.017577 0.015624
0 0.534179 0.410158 0.017577 0.011717
0 0.810546 0.964843 0.015623 0.015624
0 0.807620 0.757811 0.013674 0.015624
0 0.500002 0.077149 0.011720 0.013673
0 0.314451 0.509765 0.015623 0.015624
0 0.482420 0.350585 0.015623 0.017580
0 0.560549 0.313478 0.015623 0.013673
0 0.421877 0.361330 0.011720 0.015624
0 0.926755 0.919922 0.013674 0.011717
0 0.956057 0.363282 0.009766 0.011717
0 0.568361 0.088866 0.015623 0.009766
0 0.114260 0.325195 0.013674 0.013673
0 0.451174 0.668945 0.015623 0.013673
0 0.375976 0.460937 0.017577 0.015624
0 0.195310 0.129884 0.015623 0.017580
0 0.751952 0.526369 0.015623 0.017580
0 0.512694 0.313478 0.013674 0.013673
0 0.601561 0.320312 0.011720 0.015624
0 0.849608 0.797853 0.015623 0.013673
0 0.725587 0.958985 0.009766 0.015624
0 0.413084 0.107422 0.017577 0.015624
0 0.875978 0.295898 0.013674 0.013673
0 0.603515 0.350585 0.011720 0.013673
0 0.901367 0.424806 0.013674 0.013673
0 0.767580 0.097656 0.015623 0.015624
0 0.885744 0.669921 0.013674 0.011717
0 0.648439 0.624024 0.011720 0.013673
0 0.381838 0.325195 0.013674 0.013673
0 0.851562 0.317381 0.015623 0.017580
0 0.377930 0.569334 0.013674 0.013673
0 0.624023 0.966799 0.013674 0.015624
0 0.718752 0.800780 0.011720 0.015624
0 0.849608 0.499999 0.015623 0.015624
0 0.555664 0.926757 0.017577 0.013673
0 0.235349 0.030273 0.013674 0.013673
0 0.768552 0.963868 0.013674 0.013673
0 0.766603 0.739260 0.009766 0.013673
0 0.565430 0.041014 0.013674 0.015624
0 0.678713 0.475586 0.013674 0.013673
0 0.792969 0.555665 0.015623 0.017580
0 0.990234 0.690428 0.015623 0.013673
0 0.628908 0.490234 0.015623 0.011717
0 0.855470 0.697266 0.011720 0.015624
0 0.808171 0.072843 0.015998 0.015001
0 0.827672 0.081842 0.013000 0.013000
0 0.784671 0.093343 0.013000 0.013999
0 0.784170 0.162343 0.013998 0.016000
0 0.787172 0.228344 0.013998 0.016000
0 0.794174 0.245844 0.011998 0.013000
0 0.768173 0.258344 0.013998 0.013999
0 0.757172 0.184342 0.015998 0.013999
0 0.695171 0.024342 0.020002 0.016000
0 0.580172 0.171843 0.015998 0.019000
0 0.576673 0.058343 0.015000 0.016000
0 0.465673 0.105842 0.015000 0.015001
0 0.310173 0.132845 0.015998 0.016999
0 0.289670 0.145345 0.013000 0.018001
0 0.272174 0.167845 0.011998 0.015001
0 0.382172 0.271344 0.013998 0.019998
0 0.429674 0.049842 0.013000 0.015001
0 0.445671 0.053844 0.013000 0.011000
0 0.456672 0.038842 0.017000 0.015001
0 0.398048 0.623280 0.016251 0.019998
0 0.423669 0.648283 0.017501 0.017500
0 0.472421 0.697031 0.017501 0.017500
0 0.564296 0.642033 0.016251 0.019998
0 0.623674 0.684531 0.020002 0.017500
0 0.394297 0.418283 0.016251 0.019998
0 0.832421 0.325780 0.020002 0.019998
0 0.866795 0.379532 0.018752 0.022500
0 0.907422 0.378906 0.015000 0.021251
0 0.654919 0.413905 0.020002 0.016251
0 0.631799 0.455781 0.021252 0.022500
0 0.689922 0.493283 0.015000 0.019998
0 0.753674 0.545156 0.012499 0.013748
0 0.939923 0.642656 0.012499 0.013748
0 0.819921 0.589530 0.012499 0.015001
0 0.799297 0.587658 0.013750 0.016251
0 0.784297 0.610781 0.011249 0.012499
0 0.768674 0.617031 0.009998 0.015001
0 0.749922 0.619533 0.012499 0.017500
0 0.778672 0.654532 0.015000 0.015001
0 0.864922 0.660155 0.017501 0.018749
0 0.910474 0.660888 0.016149 0.017762
0 0.889885 0.734768 0.012110 0.012112
0 0.890690 0.771100 0.012110 0.016957
0 0.780479 0.757374 0.012920 0.016957
0 0.795014 0.774734 0.017764 0.017762
0 0.845877 0.766662 0.012920 0.016148
0 0.832152 0.783212 0.011305 0.013726
0 0.813988 0.809050 0.021799 0.013726
0 0.885440 0.830043 0.009690 0.013726
0 0.872926 0.844171 0.012110 0.009690
0 0.836192 0.867184 0.016149 0.010495
0 0.738896 0.681881 0.016954 0.014534
0 0.725977 0.704894 0.013724 0.012112
0 0.703773 0.721445 0.016149 0.012917
0 0.705387 0.821564 0.014534 0.014534
0 0.711847 0.857494 0.011305 0.016957
0 0.787339 0.889790 0.013724 0.012112
0 0.799454 0.907959 0.015339 0.014534
0 0.781689 0.907556 0.013724 0.012112
0 0.773210 0.927338 0.019379 0.011303
0 0.883425 0.868395 0.016954 0.016148
0 0.868486 0.885754 0.020994 0.015339
0 0.945193 0.909978 0.016149 0.012112
0 0.945998 0.932585 0.016149 0.018571
0 0.853552 0.932585 0.016954 0.016957
0 0.868081 0.958423 0.015339 0.012112
0 0.864046 0.974973 0.015339 0.012917
0 0.956093 0.966495 0.018569 0.012112
0 0.980717 0.801380 0.017764 0.014534
0 0.224571 0.890197 0.015339 0.017762
0 0.301678 0.890599 0.020994 0.018571
0 0.422794 0.857092 0.017764 0.022607
0 0.395745 0.892213 0.021799 0.016957
0 0.468007 0.828023 0.017764 0.016148
0 0.507975 0.894233 0.012110 0.011303
0 0.524930 0.920473 0.012110 0.012112
0 0.512010 0.932183 0.012110 0.017762
0 0.495461 0.939446 0.011305 0.014534
0 0.388880 0.995561 0.016149 0.008879
0 0.855566 0.992734 0.014534 0.014532
0 0.479716 0.935812 0.013724 0.016957
