0 0.175781 0.990235 0.023439 0.019530
0 0.667967 0.388672 0.015623 0.015624
0 0.166992 0.885743 0.017577 0.013673
0 0.568358 0.538086 0.031251 0.017580
0 0.711915 0.253905 0.013674 0.015624
0 0.965820 0.252929 0.013674 0.013673
0 0.485353 0.004882 0.013674 0.009764
0 0.474610 0.969726 0.015623 0.017580
0 0.371092 0.180664 0.015623 0.017580
0 0.715818 0.003906 0.013674 0.007813
0 0.972654 0.387696 0.019531 0.021483
0 0.856444 0.250978 0.013674 0.017580
0 0.946288 0.276368 0.017577 0.013673
0 0.554689 0.932616 0.019531 0.013673
0 0.284179 0.949219 0.021485 0.031248
0 0.310545 0.528321 0.015623 0.017580
0 0.800782 0.427734 0.023439 0.023438
0 0.949220 0.981443 0.015623 0.013673
0 0.571289 0.858398 0.013674 0.013673
0 0.529295 0.920898 0.019531 0.021483
0 0.949837 0.369224 0.019729 0.013657
0 0.946045 0.388193 0.015177 0.012139
0 0.931627 0.381366 0.013659 0.013657
0 0.983224 0.951201 0.019729 0.015176
0 0.174439 0.189066 0.015339 0.020993
