0 0.162108 0.173827 0.019531 0.019531
0 0.265626 0.515625 0.015623 0.015624
0 0.079103 0.221679 0.013674 0.013673
0 0.967775 0.018553 0.017577 0.017580
0 0.123046 0.510742 0.015623 0.013673
0 0.951170 0.847658 0.015623 0.015624
0 0.797852 0.808592 0.017577 0.015624
0 0.267580 0.583984 0.015623 0.015624
0 0.603518 0.414062 0.011720 0.015624
0 0.403321 0.909179 0.013674 0.017580
0 0.275392 0.344728 0.019531 0.017580
0 0.932616 0.956055 0.017577 0.013673
0 0.388670 0.432618 0.011720 0.017580
0 0.873045 0.094726 0.015623 0.013673
0 0.894530 0.693361 0.015623 0.015624
0 0.744139 0.902344 0.013674 0.011717
0 0.701173 0.409180 0.015623 0.017580
0 0.315431 0.886720 0.013674 0.015624
0 0.382813 0.685547 0.015623 0.015624
0 0.074218 0.105468 0.009766 0.011717
0 0.138674 0.244141 0.015623 0.015624
0 0.218752 0.859375 0.015623 0.015624
0 0.774412 0.003907 0.013674 0.007814
0 0.959963 0.262696 0.013674 0.013673
0 0.367185 0.549805 0.011720 0.013673
0 0.046876 0.279296 0.015623 0.019531
0 0.778321 0.365235 0.017577 0.015624
0 0.157228 0.361328 0.013674 0.011717
0 0.281715 0.084592 0.017764 0.012112
0 0.918365 0.367186 0.016954 0.013726
0 0.964388 0.456003 0.018569 0.015339
0 0.685424 0.238404 0.022609 0.017762
0 0.448448 0.300980 0.013724 0.013726
0 0.473477 0.357094 0.016954 0.014534
0 0.370126 0.450755 0.012110 0.016148
0 0.727407 0.329240 0.014534 0.015339
0 0.615177 0.647361 0.017764 0.018571
0 0.375781 0.764841 0.021799 0.017762
0 0.593783 0.838314 0.016954 0.014534
0 0.616392 0.965080 0.021799 0.016148
0 0.627691 0.986878 0.010495 0.012917
0 0.681789 0.992228 0.012110 0.015544
0 0.610737 0.990614 0.018569 0.018772
0 0.593377 0.976786 0.011305 0.012112
0 0.588938 0.993439 0.018569 0.013122
0 0.361652 0.850023 0.014534 0.016957
