0 0.713865 0.173829 0.021485 0.015624
0 0.630860 0.468751 0.015623 0.023438
0 0.780275 0.169922 0.021485 0.023438
0 0.750978 0.906250 0.013674 0.015624
0 0.083007 0.856446 0.013674 0.021483
0 0.321288 0.722656 0.017577 0.015624
0 0.462892 0.431641 0.015623 0.015624
0 0.928712 0.113280 0.029297 0.023438
0 0.095283 0.974142 0.017091 0.024862
0 0.697832 0.411806 0.023308 0.013597
0 0.679379 0.413746 0.017481 0.025253
0 0.327794 0.530295 0.017481 0.017481
0 0.556639 0.674530 0.016251 0.012499
0 0.554143 0.660782 0.013750 0.015001
0 0.569766 0.655155 0.012499 0.021251
