0 0.138672 0.358399 0.019531 0.013673
0 0.363280 0.872070 0.015623 0.017580
0 0.023439 0.836915 0.011720 0.013673
0 0.488283 0.600586 0.015623 0.013673
0 0.102541 0.600586 0.017577 0.013673
0 0.524414 0.563476 0.013674 0.017580
0 0.128906 0.714842 0.015623 0.015624
0 0.239259 0.570314 0.013674 0.015624
0 0.611327 0.995117 0.011720 0.009765
0 0.373045 0.767577 0.013674 0.013673
0 0.023439 0.160156 0.015623 0.015624
0 0.254881 0.357423 0.013674 0.015624
0 0.281252 0.871095 0.019531 0.015624
0 0.020508 0.092773 0.013674 0.013673
0 0.374022 0.990233 0.013674 0.015624
0 0.324217 0.849608 0.015623 0.015624
0 0.578127 0.867188 0.015623 0.019531
0 0.231447 0.628907 0.013674 0.015624
0 0.448244 0.868163 0.013674 0.013673
0 0.279298 0.213867 0.019531 0.017580
0 0.144529 0.601562 0.011720 0.015624
0 0.583984 0.166991 0.015623 0.017580
0 0.368165 0.817384 0.013674 0.013673
0 0.342772 0.993164 0.013674 0.013672
0 0.087890 0.247071 0.015623 0.017580
0 0.572265 0.924805 0.015623 0.013673
0 0.705079 0.047852 0.019531 0.017580
0 0.134764 0.424806 0.015623 0.013673
0 0.052736 0.750977 0.015623 0.013673
0 0.046873 0.912108 0.015623 0.015624
0 0.221682 0.744142 0.017577 0.015624
0 0.251955 0.513672 0.015623 0.011717
0 0.574219 0.385744 0.015623 0.013673
0 0.229493 0.799805 0.013674 0.009766
0 0.086913 0.742187 0.017577 0.011717
0 0.282229 0.767577 0.017577 0.011717
0 0.606447 0.901367 0.013674 0.013673
0 0.094724 0.637697 0.013674 0.013673
0 0.105467 0.904298 0.015623 0.019531
0 0.179688 0.582031 0.011720 0.015624
0 0.013674 0.593748 0.015623 0.015624
0 0.610350 0.830077 0.013674 0.015624
0 0.087890 0.435548 0.011720 0.015624
0 0.468752 0.469727 0.011720 0.013673
0 0.028319 0.644531 0.013674 0.007814
0 0.006837 0.555665 0.013674 0.015624
0 0.148437 0.966799 0.011720 0.015624
0 0.125975 0.674804 0.013674 0.013673
0 0.068359 0.722656 0.015623 0.007814
0 0.213865 0.102539 0.013674 0.013673
0 0.483398 0.976564 0.013674 0.015624
0 0.115232 0.043945 0.011720 0.011717
0 0.105467 0.375978 0.015623 0.017580
0 0.441404 0.789063 0.011720 0.011717
0 0.072267 0.812501 0.015623 0.015624
0 0.055662 0.527345 0.013674 0.011717
0 0.458009 0.511720 0.013674 0.015624
0 0.163088 0.006836 0.013674 0.013671
0 0.004111 0.020002 0.008221 0.018571
0 0.019121 0.017580 0.015339 0.010495
0 0.064739 0.010313 0.014534 0.015339
0 0.029215 0.176642 0.009690 0.013726
0 0.005726 0.187539 0.011451 0.017762
0 0.042135 0.255769 0.009690 0.010495
0 0.068359 0.257812 0.007265 0.012112
0 0.114255 0.226564 0.011305 0.014534
0 0.374113 0.575257 0.013097 0.020078
0 0.194334 0.914064 0.024032 0.018582
0 0.124087 0.309662 0.012109 0.016148
0 0.146291 0.312893 0.012920 0.020993
0 0.106322 0.310873 0.016954 0.013726
0 0.020736 0.549063 0.010495 0.013726
0 0.036080 0.526050 0.013724 0.011303
0 0.015491 0.697224 0.014534 0.009690
0 0.030425 0.716197 0.013724 0.013726
0 0.124492 0.612041 0.012920 0.013726
0 0.275476 0.648776 0.012920 0.012917
0 0.289605 0.660486 0.013724 0.010495
0 0.275881 0.700049 0.012109 0.015339
0 0.379232 0.610022 0.016954 0.011303
0 0.282745 0.618902 0.016149 0.016148
0 0.560899 0.507479 0.012109 0.009690
0 0.573819 0.520803 0.012109 0.012112
0 0.784956 0.801380 0.011305 0.011303
0 0.456744 0.774734 0.012109 0.014534
0 0.278301 0.796938 0.013724 0.012112
0 0.125702 0.776351 0.015339 0.009690
0 0.112782 0.790077 0.007265 0.008076
0 0.120047 0.812684 0.016954 0.020993
0 0.106727 0.832063 0.012920 0.014534
0 0.082098 0.706910 0.013724 0.014534
0 0.300505 0.924107 0.020994 0.017762
0 0.508012 0.968917 0.009690 0.016957
0 0.521741 0.968917 0.016149 0.016957
0 0.538695 0.986683 0.017764 0.016957
0 0.653346 0.938235 0.017764 0.013726
0 0.640026 0.954383 0.018569 0.015339
0 0.317864 0.987085 0.016954 0.014534
0 0.307369 0.995158 0.013724 0.009683
0 0.017101 0.854267 0.016149 0.013726
0 0.034060 0.853861 0.012920 0.012917
0 0.006935 0.909572 0.013871 0.016148
0 0.111572 0.976185 0.019379 0.015339
0 0.127722 0.988699 0.012920 0.016148
0 0.145081 0.991928 0.012109 0.016144
0 0.027196 0.492542 0.021799 0.020184
0 0.476928 0.495774 0.013724 0.012112
0 0.225013 0.846593 0.013724 0.017762
0 0.185449 0.857092 0.015339 0.012917
0 0.163650 0.865973 0.016954 0.011303
0 0.187064 0.880101 0.016954 0.016957
0 0.206443 0.886157 0.010495 0.011303
0 0.280725 0.912401 0.015339 0.016957
0 0.100673 0.922895 0.020184 0.012112
0 0.093403 0.941868 0.013724 0.014534
0 0.007011 0.875256 0.010495 0.015339
0 0.088558 0.880101 0.012109 0.012112
0 0.222593 0.968917 0.016954 0.015339
0 0.043750 0.698838 0.016149 0.016148
