0 0.157225 0.661135 0.021485 0.021483
0 0.353513 0.587889 0.019531 0.019531
0 0.516602 0.657228 0.013674 0.013673
0 0.051758 0.978515 0.017577 0.015624
0 0.291994 0.098631 0.013674 0.017580
0 0.761718 0.775390 0.015623 0.015624
0 0.254881 0.918946 0.013674 0.013673
0 0.144533 0.694335 0.023439 0.021483
0 0.156248 0.378905 0.015623 0.019531
0 0.792969 0.597655 0.023439 0.015624
0 0.284177 0.444337 0.013674 0.013673
0 0.148436 0.744142 0.023439 0.019531
0 0.867190 0.135742 0.015623 0.017580
0 0.176174 0.707498 0.022002 0.021001
0 0.047171 0.746500 0.015998 0.015001
0 0.004586 0.828998 0.009172 0.018001
0 0.338670 0.766502 0.015000 0.015001
0 0.333172 0.788998 0.020002 0.026001
