0 0.819335 0.723631 0.017577 0.013673
0 0.662109 0.427733 0.015623 0.015624
0 0.732422 0.923829 0.015623 0.011717
0 0.929688 0.497072 0.015623 0.017580
0 0.621093 0.079101 0.015623 0.013673
0 0.899414 0.780273 0.021485 0.017580
0 0.622070 0.217774 0.013674 0.017580
0 0.762696 0.541017 0.011720 0.013673
0 0.249024 0.005860 0.013674 0.011719
0 0.833986 0.369140 0.019531 0.011717
0 0.985350 0.347657 0.021485 0.019531
0 0.466687 0.618188 0.014534 0.016148
0 0.260390 0.990407 0.013724 0.012917
0 0.112306 0.792970 0.013724 0.015339
0 0.137260 0.780076 0.016149 0.012112
0 0.143552 0.812501 0.020184 0.012917
0 0.707120 0.971810 0.013876 0.018924
