0 0.341794 0.339845 0.019531 0.015624
0 0.451170 0.199220 0.019531 0.015624
0 0.538088 0.297852 0.017577 0.021483
0 0.463866 0.373049 0.021485 0.031248
0 0.011719 0.700195 0.019531 0.021483
0 0.370119 0.131837 0.013674 0.017580
0 0.006837 0.027343 0.013674 0.023438
0 0.150391 0.581053 0.015623 0.013673
0 0.605470 0.281252 0.015623 0.019531
0 0.241213 0.509766 0.013674 0.015624
0 0.167968 0.992186 0.015623 0.011717
0 0.240236 0.549805 0.023439 0.017580
0 0.963869 0.922851 0.013674 0.013673
0 0.953127 0.904296 0.015623 0.015624
0 0.184396 0.550811 0.019729 0.015176
0 0.912814 0.407403 0.019729 0.019729
0 0.953025 0.874802 0.015177 0.025800
0 0.809585 0.391813 0.018569 0.022607
0 0.790205 0.378490 0.018569 0.023415
