0 0.880860 0.157227 0.023439 0.021483
0 0.371091 0.106443 0.023439 0.029297
0 0.774416 0.102540 0.021485 0.021483
0 0.413085 0.165041 0.029297 0.029297
0 0.447267 0.005859 0.023439 0.011719
0 0.680663 0.966796 0.029297 0.035155
0 0.160157 0.730467 0.031251 0.035155
0 0.028320 0.171875 0.029297 0.031248
0 0.817381 0.210937 0.021485 0.023438
0 0.552734 0.293945 0.023439 0.017580
0 0.591796 0.338865 0.031251 0.041014
0 0.540371 0.319475 0.024938 0.020784
0 0.386572 0.208803 0.041568 0.038451
0 0.096122 0.812955 0.025981 0.016885
0 0.139639 0.796066 0.016888 0.024680
