0 0.680665 0.589845 0.021485 0.023438
0 0.698242 0.260743 0.021485 0.021483
0 0.336916 0.014648 0.021485 0.021483
0 0.291992 0.287108 0.017577 0.019531
0 0.260741 0.550782 0.021485 0.023438
0 0.884765 0.701173 0.031251 0.039062
0 0.783201 0.772463 0.023439 0.029297
0 0.451172 0.613283 0.023439 0.023438
0 0.651368 0.646483 0.029297 0.031248
0 0.379882 0.640624 0.029297 0.031248
0 0.415041 0.719728 0.048828 0.037111
0 0.467772 0.701173 0.037108 0.039062
0 0.696288 0.755859 0.021485 0.019531
0 0.699219 0.775390 0.019531 0.023438
0 0.964261 0.117487 0.018924 0.020499
