0 0.740234 0.295898 0.023439 0.021483
0 0.527345 0.357423 0.031251 0.023438
0 0.803712 0.857422 0.021485 0.019531
0 0.305664 0.462889 0.021485 0.019531
0 0.503906 0.764649 0.023439 0.021483
0 0.343749 0.100587 0.031251 0.029297
0 0.610350 0.416992 0.021485 0.021483
0 0.370119 0.231447 0.021485 0.021483
0 0.698240 0.720704 0.021485 0.035155
0 0.287110 0.348633 0.031251 0.021483
0 0.694337 0.605469 0.021485 0.023438
0 0.434570 0.591797 0.021485 0.023438
0 0.566408 0.758791 0.023439 0.021483
0 0.295898 0.430665 0.021485 0.021483
0 0.311521 0.904298 0.021485 0.023438
0 0.333983 0.019532 0.023439 0.023438
0 0.380857 0.685545 0.023439 0.019531
0 0.701171 0.770508 0.019531 0.021483
0 0.539060 0.613283 0.019531 0.019531
0 0.294921 0.574217 0.023439 0.019531
0 0.356446 0.840822 0.021485 0.021483
0 0.361326 0.538086 0.023439 0.021483
0 0.284178 0.541017 0.021485 0.019531
0 0.470701 0.976564 0.023439 0.023438
0 0.275390 0.777342 0.035154 0.035155
0 0.308595 0.186522 0.023439 0.017580
0 0.321292 0.222657 0.029297 0.019531
0 0.300783 0.133791 0.019531 0.017580
0 0.294921 0.158205 0.023439 0.015624
0 0.275329 0.828429 0.022609 0.020184
0 0.278154 0.856686 0.018569 0.021802
0 0.277749 0.953578 0.020994 0.016957
0 0.299553 0.982241 0.017764 0.020993
