0 0.630858 0.340820 0.023439 0.029297
0 0.731445 0.377930 0.021485 0.021483
0 0.880860 0.557617 0.023439 0.021483
0 0.371091 0.506834 0.023439 0.029297
0 0.774416 0.502931 0.021485 0.021483
0 0.413085 0.565431 0.029297 0.029297
0 0.447267 0.401368 0.023439 0.021483
0 0.785158 0.253905 0.031251 0.023438
0 0.028320 0.572266 0.029297 0.031248
0 0.817381 0.611328 0.021485 0.023438
0 0.004885 0.142577 0.009766 0.023438
0 0.552734 0.694335 0.023439 0.017580
0 0.591796 0.739256 0.031251 0.041014
0 0.540371 0.719865 0.024938 0.020784
0 0.386572 0.609194 0.041568 0.038451
