0 0.292968 0.708007 0.019531 0.021483
0 0.318361 0.666014 0.019531 0.019531
0 0.224609 0.594728 0.019531 0.021483
0 0.269533 0.920898 0.019531 0.021483
0 0.633790 0.318361 0.021485 0.023438
0 0.477541 0.720704 0.017577 0.019531
0 0.883787 0.235350 0.021485 0.021483
0 0.332030 0.860353 0.019531 0.021483
0 0.654299 0.084959 0.019531 0.021483
0 0.463868 0.590821 0.021485 0.021483
0 0.429686 0.210936 0.019531 0.019531
0 0.213866 0.950195 0.017577 0.021483
0 0.513672 0.971681 0.019531 0.021483
0 0.889649 0.101563 0.021485 0.019531
0 0.363281 0.992188 0.019531 0.015624
0 0.173827 0.602538 0.019531 0.021483
0 0.349607 0.513672 0.019531 0.019531
0 0.142576 0.694335 0.019531 0.021483
0 0.380858 0.949219 0.023439 0.023438
0 0.120119 0.811522 0.017577 0.021483
0 0.247071 0.991211 0.021485 0.017577
0 0.201169 0.811522 0.019531 0.021483
0 0.567381 0.456054 0.021485 0.021483
0 0.628905 0.693359 0.019531 0.019531
0 0.434571 0.849608 0.017577 0.019531
0 0.958008 0.647463 0.021485 0.021483
0 0.458010 0.305664 0.037108 0.037111
0 0.526369 0.325195 0.021485 0.021483
0 0.478513 0.045897 0.015623 0.017580
0 0.724612 0.759766 0.039062 0.046876
0 0.896483 0.594728 0.035154 0.029297
0 0.802736 0.116211 0.046874 0.060549
0 0.819336 0.706056 0.048828 0.056642
0 0.684572 0.695311 0.021485 0.019531
0 0.744143 0.570314 0.042971 0.019531
0 0.746092 0.593748 0.039062 0.031248
0 0.177345 0.986717 0.017187 0.018749
0 0.197656 0.994141 0.017187 0.011719
0 0.781939 0.476280 0.018002 0.016999
0 0.795937 0.497782 0.013998 0.013999
