0 0.135743 0.369140 0.021485 0.019531
0 0.278318 0.639648 0.021485 0.021483
0 0.298826 0.993165 0.019531 0.013671
0 0.289061 0.233398 0.019531 0.021483
0 0.646483 0.943360 0.019531 0.019531
0 0.183593 0.711914 0.019531 0.021483
0 0.168948 0.551758 0.021485 0.021483
0 0.049807 0.845705 0.021485 0.023438
0 0.882811 0.174804 0.019531 0.021483
0 0.075195 0.083007 0.056639 0.037111
0 0.113280 0.628907 0.019531 0.019531
0 0.155274 0.834959 0.037108 0.037111
0 0.214844 0.470702 0.015623 0.019531
0 0.489257 0.933595 0.017577 0.019531
0 0.888673 0.142576 0.062502 0.011717
0 0.047265 0.941405 0.021875 0.023438
0 0.042578 0.965625 0.015623 0.015624
0 0.020702 0.971875 0.018751 0.018749
