0 0.725588 0.742188 0.029297 0.031248
0 0.706057 0.591798 0.021485 0.023438
0 0.679686 0.348635 0.019531 0.021483
0 0.699217 0.456056 0.023439 0.021483
0 0.932619 0.974610 0.021485 0.031248
0 0.268556 0.716799 0.033205 0.039062
0 0.188477 0.111330 0.021485 0.023438
0 0.825198 0.645509 0.021485 0.021483
0 0.841798 0.673829 0.035154 0.042969
0 0.876952 0.713868 0.023439 0.029297
0 0.563477 0.674805 0.029297 0.029297
0 0.651367 0.708009 0.021485 0.021483
0 0.868163 0.509766 0.021485 0.039062
0 0.324218 0.789061 0.023439 0.023438
0 0.677732 0.412111 0.035154 0.023438
0 0.930665 0.629884 0.029297 0.017580
0 0.071326 0.611511 0.027317 0.024281
0 0.075117 0.572054 0.031868 0.027315
