0 0.475585 0.031249 0.021485 0.023438
0 0.311525 0.231447 0.021485 0.021483
0 0.323245 0.283202 0.021485 0.023438
0 0.687502 0.349609 0.023439 0.023438
0 0.984377 0.099608 0.019531 0.023438
0 0.239258 0.453123 0.021485 0.023438
0 0.164064 0.467772 0.019531 0.021483
0 0.197264 0.736329 0.023439 0.031248
0 0.581052 0.991211 0.021485 0.017579
0 0.489259 0.248047 0.021485 0.023438
0 0.157225 0.166991 0.021485 0.021483
0 0.266600 0.164064 0.021485 0.023438
0 0.491213 0.833008 0.021485 0.033204
0 0.040038 0.788088 0.029297 0.029297
0 0.131837 0.507814 0.021485 0.023438
0 0.165042 0.284182 0.021485 0.021483
0 0.093751 0.692384 0.023439 0.029297
0 0.297851 0.960937 0.029297 0.031248
0 0.426758 0.750977 0.029297 0.033204
0 0.028319 0.850584 0.029297 0.033204
0 0.221681 0.845701 0.029297 0.031248
0 0.351564 0.583983 0.023439 0.023438
0 0.306640 0.781249 0.023439 0.031248
0 0.287108 0.740236 0.023439 0.023438
0 0.906252 0.594728 0.046874 0.033204
0 0.392581 0.832033 0.023439 0.031248
0 0.347656 0.852540 0.023439 0.029297
0 0.319336 0.845701 0.029297 0.031248
0 0.105861 0.797265 0.024999 0.018749
0 0.103517 0.836327 0.026563 0.021874
