0 0.059569 0.604493 0.021485 0.021483
0 0.059569 0.415040 0.021485 0.021483
0 0.970703 0.365233 0.023439 0.031248
0 0.227538 0.387695 0.021485 0.021483
0 0.155276 0.498047 0.021485 0.019531
0 0.020507 0.361330 0.021485 0.023438
0 0.434569 0.091797 0.029297 0.023438
0 0.215818 0.159180 0.021485 0.021483
0 0.038084 0.901367 0.017577 0.021483
0 0.088866 0.237305 0.021485 0.021483
0 0.274412 0.200194 0.021485 0.021483
0 0.740233 0.927736 0.023439 0.023438
0 0.701170 0.291991 0.031251 0.033204
0 0.842774 0.464844 0.029297 0.023438
0 0.024415 0.245119 0.013674 0.021483
0 0.006836 0.248046 0.013673 0.015624
0 0.010741 0.277343 0.021482 0.015624
0 0.024415 0.197267 0.017577 0.019531
0 0.786134 0.439454 0.025388 0.019531
0 0.780272 0.460937 0.021485 0.023438
