0 0.375976 0.041994 0.021485 0.021483
0 0.497071 0.495117 0.021485 0.029297
0 0.992188 0.617186 0.015623 0.023438
0 0.172853 0.183595 0.021485 0.023438
0 0.919921 0.164064 0.023439 0.031248
0 0.580080 0.654297 0.023439 0.031248
0 0.702147 0.215819 0.021485 0.021483
0 0.385741 0.379882 0.021485 0.021483
0 0.914064 0.756836 0.023439 0.029297
0 0.207030 0.901367 0.023439 0.029297
0 0.571287 0.173829 0.029297 0.023438
0 0.442380 0.722656 0.021485 0.031248
0 0.916018 0.599611 0.019531 0.023438
0 0.858396 0.008789 0.037108 0.017578
0 0.940429 0.427734 0.021485 0.039062
0 0.494139 0.164064 0.015623 0.015624
0 0.420900 0.188477 0.029297 0.029297
0 0.322268 0.037673 0.026644 0.018571
0 0.328727 0.057052 0.021799 0.020184
0 0.934288 0.462376 0.025029 0.020184
