0 0.332032 0.571289 0.023439 0.029297
0 0.122070 0.573241 0.021485 0.021483
0 0.282227 0.957033 0.021485 0.023438
0 0.522463 0.552734 0.021485 0.023438
0 0.092773 0.248046 0.021485 0.019531
0 0.409179 0.907226 0.021485 0.021483
0 0.065431 0.668945 0.021485 0.021483
0 0.376952 0.723631 0.023439 0.029297
0 0.479493 0.981447 0.021485 0.021483
0 0.542971 0.684569 0.019531 0.021483
0 0.870115 0.720704 0.021485 0.019531
0 0.061522 0.590821 0.037108 0.021483
0 0.583983 0.699218 0.035154 0.039062
0 0.651562 0.916797 0.020311 0.024999
0 0.624219 0.916015 0.024999 0.026563
