0 0.690428 0.598634 0.021485 0.021483
0 0.767580 0.410158 0.023439 0.023438
0 0.620115 0.633790 0.021485 0.021483
0 0.569338 0.542969 0.021485 0.023438
0 0.494139 0.513672 0.023439 0.023438
0 0.636720 0.472658 0.023439 0.023438
0 0.294920 0.602538 0.023439 0.021483
0 0.879882 0.167970 0.021485 0.019531
0 0.746095 0.494141 0.023439 0.023438
0 0.632811 0.704100 0.023439 0.021483
0 0.259766 0.570314 0.023439 0.023438
0 0.032227 0.119142 0.021485 0.019531
0 0.206053 0.911132 0.029297 0.021483
0 0.719724 0.323243 0.021485 0.021483
0 0.109374 0.278319 0.023439 0.021483
0 0.443358 0.540037 0.023439 0.021483
0 0.019530 0.532227 0.023439 0.021483
0 0.964846 0.009766 0.019531 0.019531
0 0.795900 0.093749 0.017577 0.019531
0 0.854296 0.234298 0.023748 0.021251
0 0.735545 0.344297 0.018752 0.021251
