0 0.321289 0.315430 0.021485 0.021483
0 0.232422 0.127929 0.019531 0.021483
0 0.275393 0.279299 0.023439 0.023438
0 0.295896 0.794922 0.017577 0.019531
0 0.167967 0.048828 0.019531 0.023438
0 0.121093 0.962892 0.023439 0.031248
0 0.515624 0.018556 0.023439 0.021483
0 0.329101 0.887695 0.021485 0.021483
0 0.072265 0.426758 0.023439 0.021483
0 0.269530 0.184570 0.019531 0.021483
0 0.291993 0.730470 0.017577 0.023438
0 0.530274 0.269533 0.029297 0.031248
0 0.078127 0.466796 0.019531 0.019531
0 0.059568 0.798829 0.037108 0.035155
0 0.071875 0.092967 0.017187 0.028123
0 0.314845 0.241406 0.024999 0.021874
0 0.325780 0.274218 0.024999 0.028123
0 0.128196 0.359318 0.023414 0.023415
