0 0.154295 0.630859 0.019531 0.023438
0 0.162111 0.688476 0.023439 0.029297
0 0.006837 0.545900 0.013674 0.021483
0 0.191408 0.524413 0.035154 0.048828
0 0.142580 0.580079 0.039062 0.046876
0 0.062501 0.648438 0.039062 0.039062
0 0.172854 0.547852 0.041016 0.041014
0 0.145506 0.506838 0.041016 0.044921
0 0.100587 0.564451 0.056639 0.046876
0 0.050574 0.317047 0.029945 0.029562
0 0.143942 0.358980 0.022133 0.021460
0 0.150655 0.212250 0.025140 0.024330
0 0.087409 0.397283 0.025039 0.020663
0 0.229478 0.436751 0.023880 0.020006
0 0.143542 0.453697 0.021045 0.029312
0 0.057186 0.176897 0.023419 0.029578
0 0.149247 0.307767 0.025545 0.028253
0 0.191089 0.427483 0.026831 0.024949
0 0.097428 0.463736 0.024508 0.030770
0 0.063868 0.230099 0.025353 0.024900
0 0.089085 0.243703 0.027120 0.026126
0 0.145552 0.469845 0.020209 0.021289
0 0.098470 0.769710 0.015587 0.025978
0 0.134839 0.779449 0.020782 0.022083
0 0.108859 0.681380 0.018185 0.028579
0 0.111461 0.632017 0.018185 0.023381
