0 0.480467 0.694335 0.023439 0.021483
0 0.900391 0.355467 0.023439 0.023438
0 0.911134 0.197267 0.021485 0.035155
0 0.657229 0.549806 0.029297 0.021483
0 0.805667 0.375978 0.017577 0.021483
0 0.459959 0.659179 0.029297 0.021483
0 0.666017 0.275391 0.023439 0.023438
0 0.132815 0.733397 0.031251 0.021483
0 0.066405 0.304688 0.031251 0.023438
0 0.705080 0.384764 0.023439 0.023438
0 0.037108 0.841798 0.031251 0.023438
0 0.750976 0.340819 0.021485 0.021483
0 0.086913 0.541993 0.029297 0.021483
0 0.084959 0.461913 0.029297 0.021483
0 0.362303 0.866211 0.021485 0.021483
0 0.610350 0.305664 0.033205 0.029297
0 0.308595 0.007814 0.023439 0.015624
0 0.670898 0.746094 0.029297 0.031248
0 0.558596 0.935546 0.023439 0.039062
0 0.849609 0.500975 0.039062 0.037111
0 0.759765 0.420899 0.023439 0.021483
0 0.439455 0.074218 0.031251 0.023438
0 0.370119 0.004883 0.029297 0.009766
0 0.288279 0.639063 0.023439 0.024999
0 0.313283 0.652345 0.020311 0.023438
0 0.162501 0.627342 0.018751 0.026563
0 0.606250 0.939844 0.018752 0.020313
0 0.621093 0.898439 0.026563 0.031248
0 0.626560 0.796877 0.015623 0.024999
0 0.685159 0.789063 0.023439 0.018749
