0 0.176756 0.547852 0.021485 0.021483
0 0.016599 0.235350 0.021485 0.021483
0 0.022462 0.101563 0.021485 0.019531
0 0.210939 0.044921 0.023439 0.023438
0 0.188476 0.701173 0.021485 0.023438
0 0.434569 0.653321 0.021485 0.029297
0 0.537110 0.743163 0.023439 0.029297
0 0.333006 0.728514 0.021485 0.023438
0 0.490237 0.377930 0.023439 0.029297
0 0.364256 0.232422 0.029297 0.023438
0 0.090821 0.647463 0.021485 0.021483
0 0.511717 0.290040 0.019531 0.021483
0 0.935549 0.663087 0.031251 0.029297
0 0.584961 0.321288 0.021485 0.021483
0 0.029296 0.594728 0.035154 0.029297
0 0.279297 0.179688 0.031251 0.039062
0 0.389063 0.673437 0.021875 0.026563
0 0.389063 0.700782 0.031251 0.028123
