0 0.970703 0.024416 0.019531 0.021483
0 0.321291 0.605471 0.021485 0.031248
0 0.559572 0.202147 0.021485 0.021483
0 0.843751 0.364259 0.019531 0.021483
0 0.426758 0.042967 0.021485 0.019531
0 0.616211 0.485353 0.021485 0.029297
0 0.634766 0.204103 0.019531 0.021483
0 0.766603 0.092775 0.021485 0.021483
0 0.082032 0.157227 0.023439 0.021483
0 0.428712 0.695312 0.021485 0.023438
0 0.889647 0.787109 0.021485 0.031248
0 0.485351 0.505859 0.021485 0.023438
0 0.762695 0.768554 0.021485 0.029297
0 0.940429 0.680664 0.017577 0.021483
0 0.018553 0.210937 0.021485 0.023438
0 0.380633 0.215558 0.022862 0.029095
0 0.405576 0.120473 0.027019 0.019744
0 0.406614 0.143334 0.024938 0.019744
