0 0.819335 0.415040 0.021485 0.021483
0 0.832032 0.242188 0.019531 0.019531
0 0.937499 0.660155 0.019531 0.019531
0 0.446290 0.293947 0.021485 0.021483
0 0.618162 0.667969 0.033205 0.019531
0 0.343749 0.899415 0.031251 0.029297
0 0.306641 0.724611 0.031251 0.023438
0 0.608396 0.583986 0.021485 0.023438
0 0.789061 0.707031 0.019531 0.035155
0 0.424805 0.187501 0.021485 0.019531
0 0.328126 0.583007 0.023439 0.029297
0 0.836912 0.102539 0.017577 0.021483
0 0.322264 0.524413 0.023439 0.021483
0 0.379885 0.077149 0.021485 0.017580
0 0.387696 0.300781 0.021485 0.019531
0 0.350588 0.249022 0.021485 0.021483
0 0.333983 0.818360 0.023439 0.023438
0 0.333006 0.621093 0.029297 0.023438
0 0.389650 0.010742 0.021485 0.021485
0 0.667967 0.664062 0.019531 0.019531
0 0.308595 0.985350 0.023439 0.017580
0 0.300783 0.932619 0.019531 0.017580
0 0.294921 0.957033 0.023439 0.015624
