0 0.816408 0.207033 0.023439 0.023438
0 0.908201 0.352540 0.023439 0.029297
0 0.355467 0.033204 0.023439 0.019531
0 0.079100 0.075194 0.021485 0.021483
0 0.363279 0.131835 0.023439 0.021483
0 0.696290 0.448240 0.029297 0.029297
0 0.715821 0.215819 0.021485 0.021483
0 0.122071 0.065428 0.029297 0.029297
0 0.730467 0.251953 0.019531 0.019531
0 0.643554 0.123046 0.021485 0.023438
0 0.262697 0.064452 0.021485 0.023438
0 0.468751 0.067384 0.023439 0.021483
0 0.513671 0.046877 0.019531 0.019531
0 0.386718 0.097656 0.023439 0.023438
0 0.029296 0.026366 0.019531 0.017580
0 0.185545 0.411134 0.023439 0.021483
0 0.614257 0.023439 0.021485 0.019531
0 0.619143 0.044921 0.023439 0.031248
0 0.674076 0.343359 0.034693 0.028385
