0 0.020507 0.538086 0.021485 0.033204
0 0.061524 0.596680 0.021485 0.033204
0 0.283201 0.373047 0.031251 0.039062
0 0.437501 0.285157 0.031251 0.031248
0 0.530276 0.587890 0.029297 0.035155
0 0.097655 0.433592 0.019531 0.031248
0 0.239258 0.772460 0.029297 0.048828
0 0.380861 0.409178 0.023439 0.033204
0 0.465820 0.642580 0.029297 0.035155
0 0.853517 0.565431 0.031251 0.048828
0 0.036130 0.637697 0.041016 0.041014
0 0.423827 0.533203 0.023439 0.031248
0 0.917967 0.326171 0.031251 0.035155
0 0.201563 0.723047 0.034374 0.029688
0 0.191407 0.750392 0.029687 0.024999
