0 0.245116 0.547852 0.021485 0.021483
0 0.084959 0.235350 0.021485 0.021483
0 0.090821 0.101563 0.021485 0.019531
0 0.279298 0.044921 0.023439 0.023438
0 0.256836 0.701173 0.021485 0.023438
0 0.502929 0.653321 0.021485 0.029297
0 0.605470 0.743163 0.023439 0.029297
0 0.401365 0.728514 0.021485 0.023438
0 0.558596 0.377930 0.023439 0.029297
0 0.432616 0.232422 0.029297 0.023438
0 0.159180 0.647463 0.021485 0.021483
0 0.580076 0.290040 0.019531 0.021483
0 0.653320 0.321288 0.021485 0.021483
0 0.097655 0.594728 0.035154 0.029297
0 0.013672 0.116211 0.027345 0.060549
0 0.347657 0.179688 0.031251 0.039062
0 0.022461 0.706056 0.044922 0.056642
0 0.457422 0.673437 0.021875 0.026563
0 0.457422 0.700782 0.031251 0.028123
