0 0.416992 0.923829 0.029297 0.023438
0 0.857419 0.363281 0.023439 0.023438
0 0.615234 0.723631 0.019531 0.021483
0 0.846682 0.964843 0.021485 0.023438
0 0.524413 0.703124 0.021485 0.019531
0 0.348633 0.345702 0.021485 0.023438
0 0.372072 0.190428 0.021485 0.021483
0 0.914064 0.965819 0.019531 0.021483
0 0.548830 0.759766 0.019531 0.023438
0 0.985354 0.984374 0.021485 0.023438
0 0.101563 0.355467 0.023439 0.023438
0 0.820311 0.447264 0.023439 0.023438
0 0.789060 0.613283 0.023439 0.019531
0 0.603515 0.490234 0.023439 0.023438
0 0.112305 0.197267 0.021485 0.035155
0 0.907224 0.583006 0.021485 0.029297
0 0.816408 0.795897 0.023439 0.021483
0 0.921875 0.920898 0.019531 0.017580
0 0.809569 0.666993 0.033205 0.029297
0 0.975588 0.687500 0.029297 0.023438
0 0.433592 0.368164 0.019531 0.017580
0 0.500002 0.745118 0.023439 0.029297
0 0.714844 0.963867 0.023439 0.029297
0 0.752929 0.479492 0.029297 0.033204
0 0.007813 0.375978 0.015627 0.021483
0 0.455077 0.350584 0.019531 0.021483
0 0.625977 0.417968 0.021485 0.023438
0 0.779295 0.908205 0.019531 0.019531
0 0.955080 0.853515 0.019531 0.023438
0 0.290040 0.709962 0.037108 0.021483
0 0.571287 0.128908 0.029297 0.023438
0 0.325194 0.674803 0.033205 0.021483
0 0.610349 0.450195 0.021485 0.021483
0 0.668948 0.807618 0.029297 0.037111
0 0.767580 0.044921 0.023439 0.023438
0 0.827151 0.157225 0.033205 0.029297
0 0.710936 0.830077 0.019531 0.019531
0 0.684570 0.626951 0.021485 0.023438
0 0.766603 0.748045 0.021485 0.019531
0 0.901367 0.892577 0.017577 0.019531
0 0.833008 0.545899 0.021485 0.029297
0 0.625977 0.273436 0.017577 0.031248
0 0.050781 0.500975 0.039062 0.037111
0 0.934572 0.088866 0.029297 0.017580
0 0.715821 0.945312 0.021485 0.019531
0 0.491796 0.007814 0.028127 0.015624
0 0.501171 0.025781 0.021875 0.017188
0 0.524611 0.042187 0.028127 0.024999
0 0.984767 0.020313 0.026563 0.021874
0 0.937108 0.114062 0.028127 0.024999
0 0.543357 0.417968 0.015623 0.017188
0 0.518358 0.432813 0.021875 0.024999
0 0.976170 0.728905 0.015623 0.017188
0 0.958983 0.753125 0.015623 0.021874
