0 0.291016 0.636717 0.019531 0.019531
0 0.759768 0.526369 0.019531 0.021483
0 0.707032 0.437499 0.019531 0.019531
0 0.133790 0.437499 0.029297 0.031248
0 0.284181 0.301757 0.021485 0.021483
0 0.045900 0.977540 0.021485 0.021483
0 0.848635 0.046876 0.021485 0.023438
0 0.479493 0.331054 0.021485 0.029297
0 0.026368 0.904298 0.017577 0.019531
0 0.954102 0.036131 0.037108 0.037111
0 0.410157 0.263670 0.019531 0.019531
0 0.774414 0.172853 0.029297 0.037111
0 0.846093 0.142577 0.021875 0.023438
0 0.841406 0.166797 0.015623 0.015624
0 0.819531 0.173047 0.018751 0.018749
