0 0.883791 0.710939 0.021485 0.023438
0 0.534180 0.670897 0.021485 0.021483
0 0.366211 0.071291 0.021485 0.021483
0 0.553711 0.014649 0.021485 0.029297
0 0.780273 0.621093 0.021485 0.023438
0 0.707029 0.201170 0.023439 0.023438
0 0.833986 0.345702 0.023439 0.023438
0 0.112306 0.289064 0.021485 0.023438
0 0.678709 0.697266 0.021485 0.023438
0 0.520506 0.516603 0.021485 0.021483
0 0.109375 0.663087 0.023439 0.021483
0 0.855466 0.257812 0.019531 0.023438
0 0.928711 0.290040 0.021485 0.021483
0 0.375000 0.563476 0.035154 0.029297
0 0.360354 0.205077 0.021485 0.023438
0 0.047851 0.426758 0.021485 0.021483
0 0.199219 0.731446 0.023439 0.021483
0 0.435547 0.617186 0.019531 0.023438
0 0.004885 0.941405 0.009766 0.023438
0 0.218751 0.554686 0.031251 0.046876
0 0.131838 0.056642 0.021485 0.023438
0 0.286133 0.083008 0.013674 0.029297
0 0.733268 0.641110 0.024680 0.018187
0 0.735217 0.664492 0.023384 0.018187
