0 0.734376 0.259764 0.023439 0.023438
0 0.962893 0.467772 0.019531 0.021483
0 0.992186 0.736329 0.015627 0.031248
0 0.956053 0.166991 0.021485 0.021483
0 0.288087 0.114256 0.029297 0.029297
0 0.605470 0.265626 0.023439 0.023438
0 0.794924 0.166015 0.023439 0.023438
0 0.838866 0.788088 0.029297 0.029297
0 0.352537 0.177736 0.029297 0.023438
0 0.930665 0.507814 0.021485 0.023438
0 0.963870 0.284182 0.021485 0.021483
0 0.735353 0.668945 0.029297 0.029297
0 0.892579 0.692384 0.023439 0.029297
0 0.701171 0.562500 0.031251 0.031248
0 0.827147 0.850584 0.029297 0.033204
0 0.714845 0.587890 0.023439 0.023438
0 0.771485 0.483400 0.023439 0.029297
0 0.593750 0.823243 0.031251 0.033204
0 0.717771 0.985352 0.029297 0.029296
0 0.118164 0.909181 0.037108 0.033204
0 0.510740 0.642580 0.033205 0.050779
0 0.208985 0.813477 0.035154 0.037111
0 0.349611 0.803712 0.031251 0.033204
0 0.289064 0.967775 0.031251 0.033204
0 0.341795 0.921874 0.031251 0.031248
0 0.528322 0.900392 0.044920 0.058593
0 0.684572 0.756836 0.029297 0.029297
0 0.023439 0.677735 0.035154 0.035155
0 0.701171 0.635742 0.031251 0.048828
0 0.569334 0.870119 0.033205 0.033204
0 0.247070 0.834960 0.033205 0.033204
0 0.107421 0.866212 0.035154 0.033204
0 0.143552 0.971678 0.033205 0.033204
0 0.442382 0.843750 0.029297 0.031248
0 0.077147 0.857422 0.033205 0.035155
0 0.175780 0.877929 0.035154 0.033204
0 0.503906 0.175390 0.023439 0.015624
0 0.517185 0.221484 0.018752 0.026563
0 0.502342 0.273045 0.014064 0.023438
0 0.904689 0.797265 0.024999 0.018749
0 0.902345 0.836327 0.026563 0.021874
0 0.246873 0.900392 0.018751 0.024999
0 0.282032 0.898827 0.023439 0.028123
