0 0.088867 0.653321 0.021485 0.021483
0 0.423827 0.560548 0.023439 0.023438
0 0.076170 0.863280 0.031251 0.031248
0 0.109375 0.528320 0.023439 0.021483
0 0.019531 0.570313 0.023439 0.019531
0 0.063478 0.560548 0.021485 0.023438
0 0.982423 0.428713 0.023439 0.021483
0 0.066405 0.383788 0.019531 0.021483
0 0.492186 0.833008 0.023439 0.021483
0 0.163088 0.717773 0.021485 0.021483
0 0.921876 0.512696 0.023439 0.029297
0 0.336914 0.216798 0.021485 0.023438
0 0.822266 0.386719 0.023439 0.023438
0 0.727537 0.316405 0.029297 0.023438
0 0.053713 0.683593 0.021485 0.019531
0 0.903322 0.230470 0.029297 0.023438
0 0.486329 0.622069 0.023439 0.021483
0 0.533202 0.241212 0.023439 0.021483
0 0.369142 0.564455 0.023439 0.023438
0 0.483398 0.673828 0.029297 0.031248
0 0.150391 0.299805 0.019531 0.021483
0 0.104490 0.390626 0.021485 0.019531
0 0.182619 0.565431 0.021485 0.021483
0 0.949218 0.631834 0.031251 0.029297
0 0.949218 0.012697 0.023439 0.021483
0 0.802735 0.319336 0.023439 0.029297
0 0.513671 0.173829 0.023439 0.023438
0 0.369142 0.762693 0.023439 0.021483
0 0.188477 0.791994 0.021485 0.021483
0 0.453124 0.359374 0.031251 0.039062
0 0.396485 0.533203 0.023439 0.023438
0 0.088867 0.743162 0.021485 0.021483
0 0.736330 0.236329 0.023439 0.023438
0 0.726565 0.893557 0.023439 0.021483
0 0.949218 0.761718 0.031251 0.023438
0 0.011719 0.432616 0.019531 0.021483
0 0.529299 0.362305 0.023439 0.021483
0 0.970704 0.708007 0.031251 0.029297
0 0.025388 0.385744 0.023439 0.029297
0 0.126952 0.826173 0.023439 0.023438
0 0.212893 0.828125 0.023439 0.023438
0 0.773438 0.345702 0.023439 0.023438
0 0.394531 0.444337 0.023439 0.021483
0 0.508791 0.708007 0.021485 0.021483
0 0.468752 0.042969 0.023439 0.023438
0 0.661132 0.834959 0.029297 0.021483
0 0.711914 0.523437 0.029297 0.023438
0 0.198242 0.509765 0.029297 0.023438
0 0.161134 0.681642 0.021485 0.023438
0 0.605470 0.367188 0.019531 0.023438
0 0.663086 0.577148 0.021485 0.021483
0 0.350588 0.171873 0.021485 0.023438
0 0.509763 0.004883 0.019531 0.009766
0 0.011719 0.018555 0.019531 0.021483
0 0.526368 0.110352 0.041016 0.037111
0 0.462889 0.275391 0.023439 0.023438
0 0.179688 0.276367 0.019531 0.021483
0 0.517580 0.322267 0.023439 0.023438
0 0.982423 0.742187 0.031251 0.035155
0 0.044924 0.022462 0.035154 0.033204
0 0.476563 0.590820 0.023439 0.021483
0 0.026365 0.359374 0.021485 0.023438
0 0.874025 0.124025 0.017577 0.021483
0 0.806638 0.107421 0.035154 0.023438
0 0.349611 0.045897 0.019531 0.013673
0 0.616212 0.243163 0.021485 0.017580
0 0.622070 0.263670 0.021485 0.023438
0 0.312498 0.311522 0.019531 0.021483
0 0.990235 0.027345 0.019531 0.023438
0 0.979492 0.008790 0.021485 0.017580
0 0.057110 0.326250 0.022498 0.022500
0 0.082108 0.330002 0.017501 0.017500
0 0.103984 0.330624 0.013750 0.021251
0 0.094608 0.416251 0.015000 0.019998
0 0.092107 0.441250 0.022498 0.019998
0 0.227736 0.401876 0.016251 0.021251
0 0.247733 0.384999 0.013750 0.022500
0 0.266485 0.275000 0.016251 0.024999
0 0.291483 0.179376 0.013750 0.018749
0 0.092107 0.016251 0.024999 0.019998
0 0.170859 0.086876 0.017501 0.021251
0 0.200237 0.116875 0.021252 0.018749
0 0.227736 0.155626 0.018752 0.013748
0 0.266485 0.170001 0.021252 0.019998
0 0.015861 0.142501 0.022498 0.017500
0 0.052108 0.133126 0.022498 0.018749
0 0.065235 0.118751 0.018752 0.015001
0 0.075234 0.161249 0.016251 0.015001
0 0.243359 0.085623 0.015000 0.023749
0 0.260860 0.104999 0.017501 0.015001
0 0.301487 0.046876 0.026249 0.021251
0 0.328986 0.055624 0.016251 0.021251
0 0.358987 0.067501 0.021252 0.019998
0 0.353357 0.009374 0.020002 0.018749
0 0.377733 0.016873 0.021252 0.026252
0 0.468985 0.093749 0.023748 0.022500
0 0.452111 0.144999 0.017501 0.019998
0 0.300236 0.362499 0.028750 0.027501
0 0.318360 0.424999 0.015000 0.027501
0 0.232733 0.491251 0.018752 0.027501
0 0.285236 0.526873 0.033752 0.028750
0 0.327736 0.686251 0.023748 0.022500
0 0.631486 0.460625 0.018752 0.018749
0 0.658358 0.464377 0.024999 0.021251
0 0.777736 0.434374 0.018752 0.021251
0 0.797111 0.440001 0.015000 0.027501
0 0.823982 0.448749 0.018752 0.027501
0 0.628357 0.588751 0.022498 0.019998
0 0.660236 0.531251 0.018752 0.035000
0 0.523361 0.581875 0.027499 0.023749
0 0.553361 0.614999 0.020002 0.019998
0 0.555235 0.661875 0.021252 0.021251
0 0.706487 0.680624 0.018752 0.023749
0 0.619609 0.896249 0.024999 0.024999
0 0.887112 0.955001 0.020002 0.022500
0 0.932735 0.990625 0.033752 0.018751
0 0.470109 0.408001 0.020002 0.026001
0 0.446608 0.416498 0.017000 0.019000
0 0.309111 0.274001 0.018002 0.016000
0 0.320112 0.292500 0.018002 0.015001
0 0.226607 0.296999 0.020999 0.019998
0 0.212610 0.277498 0.024999 0.016999
