0 0.962893 0.067381 0.019531 0.021483
0 0.992186 0.335938 0.015627 0.031248
0 0.769530 0.603515 0.031251 0.035155
0 0.838866 0.387697 0.029297 0.029297
0 0.930665 0.107423 0.021485 0.023438
0 0.735353 0.268555 0.029297 0.029297
0 0.892579 0.291993 0.023439 0.029297
0 0.719725 0.631836 0.029297 0.033204
0 0.950196 0.654298 0.044920 0.039062
0 0.701171 0.162109 0.031251 0.031248
0 0.827147 0.450194 0.029297 0.033204
0 0.731445 0.837892 0.037108 0.039062
0 0.714845 0.187499 0.023439 0.023438
0 0.990234 0.617188 0.019533 0.031248
0 0.771485 0.083009 0.023439 0.029297
0 0.593750 0.422852 0.031251 0.033204
0 0.717771 0.587891 0.029297 0.035155
0 0.286133 0.777344 0.041016 0.039062
0 0.118164 0.508791 0.037108 0.033204
0 0.510740 0.242189 0.033205 0.050779
0 0.572265 0.672850 0.042971 0.041014
0 0.208985 0.413087 0.035154 0.037111
0 0.349611 0.403321 0.031251 0.033204
0 0.289064 0.567384 0.031251 0.033204
0 0.341795 0.521484 0.031251 0.031248
0 0.650390 0.714843 0.031251 0.035155
0 0.528322 0.500001 0.044920 0.058593
0 0.428713 0.630860 0.048828 0.050779
0 0.684572 0.356445 0.029297 0.029297
0 0.103518 0.745116 0.035154 0.033204
0 0.023439 0.277345 0.035154 0.035155
0 0.701171 0.235351 0.031251 0.048828
0 0.569334 0.469728 0.033205 0.033204
0 0.247070 0.434569 0.033205 0.033204
0 0.384765 0.734374 0.035154 0.035155
0 0.315429 0.713868 0.033205 0.037111
0 0.107421 0.465821 0.035154 0.033204
0 0.105467 0.664064 0.035154 0.035155
0 0.143552 0.571287 0.033205 0.033204
0 0.258790 0.647460 0.041016 0.044921
0 0.207031 0.602539 0.035154 0.033204
0 0.694337 0.878906 0.044920 0.039062
0 0.442382 0.443359 0.029297 0.031248
0 0.050782 0.643553 0.035154 0.037111
0 0.264647 0.745116 0.029297 0.021483
0 0.077147 0.457032 0.033205 0.035155
0 0.175780 0.477539 0.035154 0.033204
0 0.263670 0.708985 0.039062 0.050779
0 0.244139 0.790040 0.031251 0.033204
0 0.041993 0.685547 0.037108 0.035155
0 0.236328 0.649416 0.039062 0.044921
0 0.352537 0.732423 0.033205 0.035155
0 0.433593 0.818357 0.046874 0.058593
0 0.050782 0.754881 0.042970 0.044921
0 0.122072 0.849610 0.037108 0.023438
0 0.124998 0.885741 0.050782 0.044921
0 0.904689 0.396874 0.024999 0.018749
0 0.902345 0.435936 0.026563 0.021874
0 0.246873 0.500001 0.018751 0.024999
0 0.282032 0.498437 0.023439 0.028123
0 0.582031 0.838280 0.020311 0.020313
0 0.603126 0.853125 0.015623 0.024999
