0 0.331057 0.679686 0.033205 0.035155
0 0.465821 0.190428 0.021485 0.029297
0 0.373046 0.653321 0.023439 0.029297
0 0.239259 0.887694 0.029297 0.029297
0 0.558596 0.155273 0.023439 0.029297
0 0.324218 0.430664 0.023439 0.029297
0 0.983401 0.025390 0.029297 0.031248
0 0.928711 0.567382 0.033205 0.033204
0 0.777342 0.203125 0.023439 0.023438
0 0.285155 0.600586 0.023439 0.029297
0 0.386719 0.597655 0.023439 0.023438
0 0.873048 0.748045 0.031251 0.035155
0 0.224608 0.140625 0.023439 0.031248
0 0.237305 0.535158 0.029297 0.031248
0 0.382811 0.328126 0.042971 0.035155
0 0.095702 0.137694 0.023439 0.029297
0 0.886717 0.544924 0.023439 0.023438
0 0.284178 0.470702 0.021485 0.023438
0 0.833009 0.755859 0.029297 0.031248
0 0.857420 0.471678 0.042971 0.033204
0 0.527345 0.781249 0.023439 0.023438
0 0.432616 0.009766 0.021485 0.019531
0 0.375977 0.075197 0.033205 0.037111
0 0.637500 0.659498 0.020999 0.016999
0 0.623498 0.592499 0.020999 0.032999
0 0.730499 0.525499 0.028998 0.032999
0 0.525999 0.424498 0.037999 0.032999
0 0.122999 0.402002 0.035999 0.024000
0 0.201498 0.461499 0.024999 0.031001
0 0.080499 0.045999 0.022999 0.026001
0 0.293002 0.045502 0.028001 0.024999
0 0.147000 0.768499 0.018002 0.023001
0 0.482998 0.736001 0.022002 0.026001
0 0.748000 0.735500 0.024001 0.023001
0 0.742998 0.772501 0.032000 0.029001
0 0.563998 0.760001 0.015998 0.021999
0 0.586000 0.752499 0.015998 0.019000
0 0.606001 0.731001 0.030000 0.019998
0 0.977199 0.599200 0.024801 0.024000
