0 0.709960 0.401367 0.021483 0.021485
0 0.654296 0.287111 0.023436 0.023437
0 0.797853 0.961915 0.021483 0.021485
0 0.212891 0.514648 0.023436 0.029297
0 0.058593 0.077150 0.023436 0.021485
0 0.422850 0.307618 0.021483 0.021485
0 0.338868 0.737304 0.021483 0.021485
0 0.575196 0.791991 0.021483 0.021485
0 0.035157 0.654297 0.031252 0.023437
0 0.608397 0.916993 0.021483 0.021485
0 0.094727 0.144531 0.029295 0.023437
0 0.153321 0.271486 0.033205 0.039062
0 0.777343 0.457031 0.035158 0.031250
0 0.237304 0.803711 0.021483 0.021485
0 0.651367 0.924805 0.033205 0.021485
0 0.134764 0.747072 0.019530 0.021485
0 0.801759 0.610353 0.029295 0.029297
0 0.652343 0.506836 0.023436 0.021485
0 0.252928 0.559571 0.021483 0.021485
0 0.435549 0.461914 0.031252 0.033202
0 0.161133 0.989257 0.017577 0.021485
0 0.832031 0.566405 0.039064 0.039062
0 0.914064 0.912111 0.023436 0.023437
0 0.041992 0.302735 0.021483 0.023437
0 0.474609 0.615235 0.015624 0.023437
0 0.162110 0.515626 0.019530 0.019533
0 0.414062 0.515626 0.023436 0.031250
0 0.071287 0.796877 0.033205 0.042970
0 0.274415 0.278320 0.017577 0.021485
0 0.401367 0.124024 0.029295 0.029297
0 0.841796 0.601563 0.019530 0.023437
0 0.055663 0.409179 0.017577 0.017577
0 0.331056 0.479491 0.021483 0.021485
0 0.455079 0.650389 0.023436 0.031250
0 0.283203 0.627930 0.023436 0.029297
0 0.759766 0.437499 0.015624 0.015625
0 0.861329 0.571287 0.035158 0.041014
0 0.077150 0.374025 0.041017 0.041014
0 0.954101 0.960937 0.033205 0.042970
0 0.163086 0.153322 0.021483 0.021485
0 0.088868 0.351562 0.029295 0.035158
0 0.973634 0.590820 0.021483 0.029297
0 0.419921 0.495116 0.035158 0.037110
0 0.729490 0.168947 0.017577 0.021485
0 0.372118 0.183124 0.022490 0.018748
0 0.378988 0.159375 0.028734 0.021249
0 0.009899 0.192498 0.019798 0.019998
0 0.167225 0.844374 0.037481 0.036250
0 0.197206 0.862499 0.024988 0.027499
0 0.228443 0.854999 0.032484 0.027499
0 0.726435 0.822001 0.026987 0.022001
0 0.715442 0.846001 0.022990 0.024000
0 0.568517 0.971501 0.052971 0.033001
0 0.290660 0.907998 0.034982 0.034001
0 0.271668 0.948998 0.024988 0.028001
0 0.260675 0.899502 0.026987 0.030999
0 0.238185 0.906501 0.021990 0.029000
0 0.216698 0.920002 0.026987 0.025998
