0 0.163341 0.664747 0.041669 0.043110
0 0.254076 0.036346 0.030319 0.028154
0 0.163017 0.340570 0.031600 0.030588
0 0.154340 0.138098 0.027930 0.028704
0 0.108499 0.042834 0.034324 0.032270
0 0.334099 0.185889 0.032572 0.032194
0 0.230485 0.473206 0.034111 0.035026
0 0.333254 0.341523 0.031175 0.030515
0 0.612324 0.191881 0.052285 0.050043
0 0.104013 0.103064 0.034273 0.031936
0 0.185788 0.266763 0.026740 0.027603
0 0.573312 0.120253 0.026857 0.025720
0 0.473176 0.044300 0.023404 0.028420
0 0.530696 0.192632 0.032289 0.031309
0 0.314725 0.137183 0.028294 0.028488
0 0.359862 0.271615 0.027413 0.023305
0 0.691552 0.097145 0.031028 0.032410
0 0.125828 0.462252 0.036572 0.033318
