0 0.021486 0.118163 0.031251 0.033204
0 0.051760 0.623048 0.033205 0.031248
0 0.138673 0.492189 0.023439 0.031248
0 0.078125 0.178712 0.023439 0.029297
0 0.039063 0.861329 0.031251 0.031248
0 0.426759 0.380861 0.029297 0.031248
0 0.315430 0.509765 0.029297 0.031248
0 0.122068 0.666014 0.029297 0.031248
0 0.966797 0.234374 0.031251 0.031248
0 0.356446 0.198243 0.029297 0.029297
0 0.653322 0.862305 0.033205 0.033204
0 0.579100 0.569338 0.033205 0.033204
0 0.836913 0.187501 0.029297 0.031248
0 0.691407 0.254884 0.031251 0.029297
0 0.769531 0.276367 0.042971 0.060549
0 0.831056 0.944336 0.033205 0.033204
0 0.834959 0.063476 0.029297 0.029297
0 0.581054 0.963867 0.033205 0.033204
0 0.758789 0.204101 0.056639 0.068359
0 0.338869 0.562500 0.017577 0.019531
0 0.825193 0.845705 0.056639 0.046876
0 0.396435 0.013585 0.024999 0.027171
0 0.178940 0.192673 0.018002 0.031001
0 0.150438 0.195672 0.024999 0.029001
