0 0.288087 0.583008 0.021483 0.029297
0 0.345705 0.731444 0.023436 0.029297
0 0.324218 0.964842 0.023436 0.023437
0 0.683593 0.064452 0.019530 0.023437
0 0.958985 0.199219 0.019530 0.019533
0 0.011719 0.993165 0.019530 0.013671
0 0.925780 0.256836 0.019530 0.021485
0 0.148436 0.913086 0.023436 0.021485
0 0.641603 0.093750 0.021483 0.019533
0 0.291993 0.283203 0.029295 0.019533
0 0.687499 0.189454 0.023436 0.023437
0 0.075195 0.580078 0.021483 0.023437
0 0.351564 0.984375 0.019530 0.023437
0 0.214842 0.143554 0.019530 0.017577
0 0.156248 0.167969 0.019530 0.023437
0 0.250976 0.154297 0.017577 0.019533
0 0.794921 0.100588 0.019530 0.021485
0 0.101564 0.640625 0.019530 0.023437
0 0.054689 0.124999 0.019530 0.019533
0 0.273436 0.743165 0.015624 0.021485
0 0.026366 0.006836 0.017577 0.013671
0 0.257812 0.555663 0.023436 0.021485
0 0.242188 0.531252 0.023436 0.023437
0 0.427734 0.044923 0.019530 0.023437
0 0.094725 0.611328 0.033205 0.031250
0 0.156248 0.631835 0.015624 0.017577
0 0.252041 0.088047 0.027514 0.021249
0 0.005959 0.791798 0.011917 0.028749
0 0.013794 0.819297 0.021262 0.023749
0 0.151991 0.813673 0.027514 0.035000
0 0.116345 0.814297 0.023764 0.023749
0 0.110093 0.743673 0.018759 0.019998
0 0.085704 0.726798 0.020011 0.021249
0 0.249538 0.735546 0.017508 0.021249
0 0.303318 0.719921 0.022513 0.030000
0 0.308319 0.750547 0.015006 0.026249
0 0.209517 0.933048 0.012508 0.031250
0 0.227029 0.956170 0.015006 0.022499
0 0.531457 0.749673 0.029985 0.029000
0 0.502471 0.742670 0.019992 0.024999
0 0.465490 0.723671 0.025988 0.029000
0 0.437503 0.721673 0.021990 0.036999
0 0.340055 0.189673 0.024988 0.023000
0 0.349050 0.220672 0.032984 0.029000
0 0.388438 0.991408 0.023425 0.017185
0 0.414205 0.992969 0.015616 0.014061
