0 0.820314 0.916991 0.031251 0.033204
0 0.733396 0.680666 0.029297 0.033204
0 0.307620 0.447264 0.029297 0.031248
0 0.321288 0.351564 0.021485 0.023438
0 0.622072 0.271484 0.029297 0.023438
0 0.502931 0.459961 0.029297 0.029297
0 0.360351 0.990235 0.029297 0.019529
0 0.514651 0.147459 0.029297 0.029297
0 0.798829 0.362305 0.023439 0.029297
0 0.737304 0.979491 0.029297 0.029297
0 0.876953 0.977540 0.023439 0.029297
0 0.381836 0.144532 0.029297 0.031248
0 0.578124 0.154297 0.023439 0.031248
0 0.613283 0.540041 0.023439 0.029297
0 0.679688 0.570313 0.023439 0.031248
0 0.739259 0.581055 0.029297 0.029297
0 0.492188 0.653321 0.019531 0.021483
0 0.479491 0.196291 0.029297 0.029297
0 0.352539 0.177736 0.021485 0.023438
0 0.647460 0.947267 0.029297 0.031248
0 0.817383 0.474609 0.021485 0.023438
0 0.789063 0.598634 0.023439 0.029297
0 0.921873 0.510740 0.023439 0.029297
0 0.567382 0.721680 0.029297 0.029297
0 0.989257 0.436523 0.021485 0.029297
0 0.815429 0.569338 0.021485 0.021483
0 0.884765 0.366212 0.015623 0.017580
0 0.052733 0.003907 0.031251 0.007814
0 0.023436 0.006835 0.015623 0.013671
0 0.864768 0.010001 0.024001 0.019998
0 0.878766 0.031499 0.022002 0.021001
0 0.907268 0.040000 0.022999 0.019998
0 0.759767 0.083000 0.022002 0.013999
0 0.431266 0.033500 0.026998 0.027000
0 0.468268 0.069999 0.028998 0.029999
0 0.977768 0.988000 0.018002 0.024000
0 0.949266 0.990000 0.024999 0.020000
