0 0.875974 0.861329 0.029297 0.031248
0 0.755862 0.952150 0.031251 0.033204
0 0.597658 0.824218 0.031251 0.023438
0 0.795901 0.400392 0.029297 0.023438
0 0.417970 0.846681 0.031251 0.029297
0 0.592773 0.682618 0.029297 0.029297
0 0.984373 0.614259 0.023439 0.029297
0 0.405273 0.379881 0.029297 0.029297
0 0.093752 0.278319 0.023439 0.029297
0 0.239259 0.088866 0.029297 0.029297
0 0.367188 0.258788 0.023439 0.029297
0 0.051759 0.883787 0.029297 0.029297
0 0.226562 0.964843 0.031251 0.031248
0 0.238282 0.211915 0.023439 0.029297
0 0.659178 0.560548 0.037108 0.035155
0 0.210939 0.872070 0.023439 0.029297
0 0.522460 0.723631 0.013674 0.017580
0 0.170500 0.294171 0.026998 0.024000
0 0.170500 0.228671 0.017000 0.016999
0 0.236500 0.858671 0.020999 0.027000
