0 0.697265 0.583008 0.019530 0.017577
0 0.222656 0.133789 0.023436 0.029297
0 0.853517 0.194336 0.019530 0.021485
0 0.666017 0.906250 0.019530 0.019533
0 0.585937 0.668944 0.019530 0.017577
0 0.059569 0.525391 0.017577 0.019533
0 0.561524 0.872071 0.017577 0.021485
0 0.402343 0.975588 0.019530 0.021485
0 0.716795 0.902342 0.019530 0.019533
0 0.279297 0.840821 0.019530 0.021485
0 0.199220 0.514648 0.019530 0.017577
0 0.198243 0.622070 0.017577 0.017577
0 0.386719 0.185546 0.019530 0.019533
0 0.524413 0.994141 0.021483 0.011718
0 0.459960 0.572265 0.017577 0.019533
0 0.789064 0.978514 0.019530 0.019533
0 0.722658 0.635742 0.019530 0.021485
0 0.895506 0.783204 0.021483 0.019533
0 0.958982 0.610353 0.019530 0.021485
0 0.606447 0.187501 0.021483 0.023437
0 0.887694 0.707032 0.017577 0.019533
0 0.630859 0.526369 0.015624 0.017577
0 0.863282 0.771484 0.019530 0.019533
0 0.955076 0.966797 0.019530 0.023437
0 0.783205 0.808593 0.019530 0.019533
0 0.722658 0.850586 0.019530 0.021485
0 0.610353 0.275390 0.017577 0.019533
0 0.455078 0.857424 0.023436 0.023437
0 0.853517 0.923827 0.019530 0.019533
0 0.156250 0.842773 0.019530 0.017577
0 0.825194 0.803711 0.017577 0.017577
0 0.658201 0.490233 0.019530 0.019533
0 0.465819 0.791991 0.021483 0.037110
0 0.541990 0.664062 0.021483 0.019533
0 0.944385 0.139140 0.039110 0.039012
0 0.285476 0.456250 0.020011 0.019998
0 0.309240 0.455624 0.025011 0.021249
0 0.306738 0.482500 0.025011 0.030000
0 0.665045 0.665001 0.021262 0.022499
0 0.689434 0.684999 0.022513 0.019998
0 0.781980 0.780625 0.020011 0.018748
0 0.761970 0.761877 0.017508 0.026249
