0 0.420897 0.464845 0.037111 0.035158
0 0.512696 0.690431 0.017577 0.021485
0 0.238280 0.881837 0.019530 0.021485
0 0.280274 0.590822 0.021483 0.021485
0 0.356445 0.444334 0.021483 0.021485
0 0.323244 0.786132 0.021483 0.021485
0 0.963866 0.863282 0.033205 0.039062
0 0.319338 0.077148 0.021483 0.021485
0 0.748048 0.368162 0.019530 0.021485
0 0.590820 0.007813 0.021483 0.015626
0 0.069334 0.261719 0.021483 0.019533
0 0.203126 0.435548 0.023436 0.023437
0 0.128905 0.192381 0.019530 0.021485
0 0.536132 0.583983 0.021483 0.019533
0 0.391602 0.858399 0.029295 0.021485
0 0.008788 0.335939 0.017576 0.019533
0 0.342774 0.297851 0.021483 0.021485
0 0.947265 0.692383 0.023436 0.029297
0 0.663085 0.904296 0.021483 0.023437
0 0.948242 0.587891 0.021483 0.023437
0 0.796877 0.363280 0.019530 0.019533
0 0.429686 0.345703 0.019530 0.019533
0 0.051757 0.236329 0.017577 0.019533
0 0.311522 0.482422 0.017577 0.019533
0 0.017580 0.297851 0.019530 0.021485
0 0.565431 0.575197 0.021483 0.021485
0 0.910154 0.958983 0.023436 0.058595
0 0.583008 0.509767 0.017577 0.019533
0 0.373045 0.198242 0.019530 0.021485
0 0.193358 0.508789 0.019530 0.021485
0 0.413085 0.912108 0.021483 0.031250
0 0.115234 0.403320 0.023436 0.021485
0 0.460938 0.735353 0.011718 0.021485
0 0.240233 0.264649 0.031252 0.037110
0 0.296874 0.263671 0.011718 0.015625
0 0.421470 0.528358 0.028734 0.040001
0 0.459572 0.535859 0.037481 0.024999
0 0.172222 0.448361 0.022490 0.027499
0 0.142236 0.441483 0.022490 0.028749
0 0.113502 0.425858 0.022490 0.024999
0 0.264047 0.659765 0.018740 0.026561
0 0.260927 0.691795 0.024988 0.021875
