0 0.138671 0.356447 0.031251 0.029297
0 0.099609 0.234374 0.031251 0.031248
0 0.335937 0.800780 0.035154 0.031248
0 0.612304 0.837891 0.041016 0.039062
0 0.963869 0.958985 0.044920 0.042969
0 0.530276 0.376954 0.033205 0.035155
0 0.951172 0.036131 0.046874 0.037111
0 0.890625 0.055662 0.035154 0.033204
0 0.154299 0.824218 0.035154 0.035155
0 0.329102 0.659179 0.033205 0.033204
0 0.719725 0.589845 0.037108 0.035155
0 0.747072 0.388671 0.037108 0.035155
0 0.916013 0.327147 0.039062 0.037111
0 0.423827 0.989258 0.035154 0.021484
0 0.394530 0.538086 0.039062 0.037111
0 0.548830 0.984375 0.039062 0.031250
0 0.494140 0.928712 0.039062 0.041014
0 0.820312 0.713866 0.039062 0.037111
