0 0.749999 0.051757 0.019530 0.029297
0 0.768556 0.762697 0.021483 0.021485
0 0.054689 0.194336 0.019530 0.021485
0 0.299805 0.750976 0.017577 0.017577
0 0.683593 0.863280 0.019530 0.023437
0 0.958985 0.994140 0.019530 0.011719
0 0.644533 0.435546 0.019530 0.019533
0 0.259765 0.516601 0.019530 0.029297
0 0.844727 0.697264 0.021483 0.023437
0 0.293946 0.257813 0.017577 0.019533
0 0.637697 0.675782 0.017577 0.019533
0 0.855468 0.196288 0.015624 0.017577
0 0.350587 0.196288 0.017577 0.021485
0 0.641603 0.892578 0.021483 0.019533
0 0.522463 0.669922 0.017577 0.019533
0 0.762697 0.682617 0.021483 0.021485
0 0.687499 0.988282 0.023436 0.023436
0 0.096678 0.783204 0.021483 0.019533
0 0.776368 0.089845 0.021483 0.035158
0 0.960938 0.099609 0.023436 0.023437
0 0.208983 0.363282 0.019530 0.019533
0 0.160154 0.610353 0.019530 0.021485
0 0.636717 0.584960 0.019530 0.017577
0 0.088866 0.707032 0.017577 0.019533
0 0.506835 0.525391 0.021483 0.019533
0 0.603516 0.467774 0.019530 0.021485
0 0.064454 0.771484 0.019530 0.019533
0 0.542969 0.120116 0.019530 0.021485
0 0.214842 0.942382 0.019530 0.017577
0 0.156248 0.966797 0.019530 0.023437
0 0.958985 0.300780 0.019530 0.019533
0 0.250976 0.953125 0.017577 0.019533
0 0.794921 0.899416 0.019530 0.021485
0 0.485352 0.377929 0.021483 0.021485
0 0.203124 0.795899 0.023436 0.021485
0 0.054689 0.923827 0.019530 0.019533
0 0.026366 0.803711 0.017577 0.017577
0 0.417969 0.625000 0.015624 0.019533
0 0.662110 0.236328 0.019530 0.019533
0 0.794921 0.689451 0.023436 0.023437
0 0.315429 0.301757 0.021483 0.021485
0 0.427734 0.843751 0.019530 0.023437
0 0.233399 0.795899 0.021483 0.021485
0 0.145556 0.139140 0.039110 0.039012
0 0.252041 0.886875 0.027514 0.021249
0 0.435131 0.769374 0.023737 0.036250
0 0.483231 0.788749 0.017489 0.024999
0 0.427509 0.728001 0.023989 0.019998
0 0.340055 0.988500 0.024988 0.022999
