0 0.404296 0.008788 0.035154 0.017576
0 0.680663 0.039063 0.041016 0.039062
0 0.032228 0.145508 0.033205 0.033204
0 0.028319 0.561524 0.033205 0.037111
0 0.222659 0.025390 0.035154 0.035155
0 0.024416 0.475586 0.029297 0.033204
0 0.459963 0.364257 0.037108 0.041014
0 0.027342 0.046877 0.054685 0.046876
0 0.492186 0.199219 0.035154 0.039062
0 0.636721 0.625000 0.046874 0.046876
0 0.617189 0.189453 0.039062 0.039062
0 0.538088 0.455079 0.037108 0.039062
0 0.660155 0.435548 0.035154 0.035155
0 0.562499 0.129884 0.039062 0.041014
0 0.925779 0.572265 0.046874 0.058593
