0 0.777343 0.268556 0.023436 0.029297
0 0.683595 0.311523 0.031252 0.041014
0 0.083009 0.253906 0.017577 0.019533
0 0.054687 0.134764 0.019530 0.019533
0 0.026368 0.617188 0.017577 0.023437
0 0.346680 0.107422 0.021483 0.023437
0 0.835937 0.778319 0.019530 0.033202
0 0.099610 0.131837 0.019530 0.021485
0 0.080080 0.082033 0.019530 0.015625
0 0.199220 0.353515 0.015624 0.019533
0 0.101563 0.495116 0.019530 0.021485
0 0.307616 0.240233 0.033205 0.046874
0 0.883789 0.166991 0.021483 0.029297
0 0.306639 0.791991 0.031252 0.033202
0 0.460938 0.124025 0.019530 0.021485
0 0.942383 0.017578 0.021483 0.023437
0 0.811524 0.690430 0.017577 0.033202
0 0.989259 0.083985 0.017577 0.031250
