0 0.652344 0.384764 0.031251 0.035155
0 0.875974 0.062501 0.029297 0.031248
0 0.755862 0.153322 0.031251 0.033204
0 0.686526 0.224608 0.029297 0.031248
0 0.852540 0.458986 0.029297 0.031248
0 0.810547 0.212891 0.031251 0.031248
0 0.597658 0.025390 0.031251 0.023438
0 0.417970 0.047852 0.031251 0.029297
0 0.828124 0.645507 0.023439 0.029297
0 0.729491 0.479493 0.029297 0.029297
0 0.221682 0.580079 0.033205 0.031248
0 0.157226 0.317381 0.048828 0.056642
0 0.089844 0.269533 0.039062 0.042969
0 0.051759 0.084959 0.029297 0.029297
0 0.226562 0.166015 0.031251 0.031248
0 0.217774 0.495117 0.029297 0.029297
0 0.103518 0.612303 0.031251 0.029297
0 0.210939 0.073242 0.023439 0.029297
0 0.236500 0.059843 0.020999 0.027000
0 0.343000 0.248343 0.030000 0.021999
0 0.308003 0.228344 0.024001 0.045999
