0 0.134766 0.585938 0.035154 0.035155
0 0.977540 0.875001 0.029297 0.023438
0 0.957032 0.920898 0.023439 0.029297
0 0.697265 0.297853 0.023439 0.033204
0 0.737304 0.238280 0.033205 0.035155
0 0.958986 0.369140 0.023439 0.023438
0 0.758790 0.541017 0.021485 0.031248
0 0.654295 0.943360 0.035154 0.019531
0 0.579101 0.783204 0.021485 0.023438
0 0.753904 0.832032 0.023439 0.023438
0 0.805663 0.489258 0.029297 0.033204
0 0.049807 0.151366 0.029297 0.033204
0 0.974609 0.751952 0.019531 0.023438
0 0.503518 0.620311 0.028127 0.012499
0 0.483982 0.641406 0.010935 0.026563
