0 0.706055 0.419924 0.021483 0.023437
0 0.753908 0.522459 0.019530 0.021485
0 0.994141 0.440431 0.011717 0.021485
0 0.485351 0.510742 0.021483 0.021485
0 0.956055 0.687501 0.017577 0.019533
0 0.910155 0.356446 0.019530 0.021485
0 0.766602 0.569337 0.021483 0.021485
0 0.105470 0.452147 0.023436 0.021485
0 0.104493 0.070314 0.021483 0.019533
0 0.875978 0.632811 0.017577 0.019533
0 0.524415 0.966796 0.029295 0.023437
0 0.972655 0.224610 0.019530 0.019533
0 0.529297 0.439453 0.019530 0.023437
0 0.643555 0.413085 0.017577 0.017577
0 0.270510 0.451173 0.017577 0.019533
0 0.851561 0.720703 0.019530 0.023437
0 0.690431 0.139647 0.021483 0.021485
0 0.289063 0.657226 0.023436 0.021485
0 0.870119 0.256837 0.021483 0.021485
0 0.634767 0.787110 0.023436 0.023437
0 0.200194 0.158202 0.021483 0.019533
0 0.296875 0.243165 0.019530 0.021485
0 0.755861 0.172853 0.019530 0.021485
0 0.907226 0.708983 0.017577 0.019533
0 0.904296 0.260742 0.019530 0.021485
0 0.387697 0.316406 0.021483 0.019533
0 0.123047 0.658204 0.023436 0.023437
0 0.735350 0.226562 0.021483 0.019533
0 0.061523 0.358399 0.029295 0.021485
0 0.430663 0.362303 0.017577 0.017577
0 0.677733 0.174805 0.019530 0.021485
0 0.427734 0.212889 0.019530 0.019533
0 0.317382 0.588866 0.017577 0.017577
0 0.743162 0.344726 0.021483 0.021485
0 0.832031 0.148438 0.019530 0.019533
0 0.135741 0.287109 0.021483 0.019533
0 0.533203 0.696288 0.019530 0.021485
0 0.290040 0.501952 0.021483 0.019533
0 0.979491 0.521485 0.021483 0.019533
0 0.986329 0.909179 0.027341 0.041014
0 0.525391 0.910157 0.023436 0.023437
0 0.143553 0.583984 0.021483 0.019533
0 0.249999 0.649414 0.019530 0.021485
0 0.726562 0.387696 0.019530 0.021485
0 0.712891 0.021483 0.019530 0.019533
0 0.591797 0.669921 0.019530 0.023437
0 0.400392 0.148438 0.019530 0.019533
0 0.365234 0.252929 0.019530 0.017577
0 0.479492 0.407225 0.017577 0.017577
0 0.054688 0.230470 0.019530 0.023437
0 0.159181 0.314454 0.017577 0.015625
0 0.250976 0.976564 0.029295 0.035158
0 0.058594 0.423828 0.023436 0.031250
0 0.304687 0.793945 0.019530 0.021485
0 0.424804 0.165040 0.017577 0.017577
0 0.594727 0.259767 0.021483 0.023437
0 0.085936 0.780272 0.023436 0.029297
0 0.121094 0.981446 0.039064 0.037109
0 0.654709 0.063905 0.023764 0.018748
0 0.645955 0.093905 0.016257 0.023749
0 0.458360 0.105783 0.028765 0.027499
0 0.717869 0.350156 0.020011 0.028749
0 0.949860 0.881407 0.026263 0.053748
0 0.651585 0.956408 0.020011 0.026249
0 0.623446 0.958905 0.013759 0.026249
0 0.527146 0.785781 0.023764 0.024999
0 0.498381 0.792032 0.031267 0.030000
0 0.553408 0.496407 0.028765 0.028749
0 0.181343 0.795156 0.022513 0.021249
0 0.206354 0.775157 0.015006 0.018748
