0 0.130861 0.009766 0.023439 0.019532
0 0.373046 0.265626 0.023439 0.031248
0 0.234374 0.167971 0.023439 0.031248
0 0.011721 0.109373 0.023439 0.023438
0 0.173827 0.125977 0.023439 0.029297
0 0.140627 0.422851 0.023439 0.033204
0 0.343750 0.179688 0.023439 0.031248
0 0.195312 0.620118 0.023439 0.033204
0 0.574220 0.079101 0.023439 0.029297
0 0.498044 0.358399 0.023439 0.037111
0 0.206055 0.747070 0.029297 0.041014
0 0.494141 0.451172 0.023439 0.035155
0 0.146484 0.620118 0.023439 0.033204
0 0.222655 0.354492 0.023439 0.041014
0 0.753908 0.009765 0.031251 0.019530
0 0.260740 0.716797 0.021485 0.035155
0 0.255860 0.375975 0.019531 0.021483
0 0.229494 0.552734 0.021485 0.035155
0 0.300779 0.287109 0.023439 0.031248
0 0.080079 0.603514 0.023439 0.035155
0 0.554689 0.404296 0.023439 0.035155
0 0.568358 0.732422 0.031251 0.039062
0 0.134765 0.870119 0.023439 0.037111
0 0.415040 0.482420 0.029297 0.035155
0 0.390623 0.626952 0.023439 0.035155
0 0.525392 0.682618 0.031251 0.037111
0 0.424805 0.867188 0.021485 0.035155
0 0.462891 0.943361 0.023439 0.039062
0 0.774416 0.988281 0.029297 0.023437
0 0.761720 0.817384 0.031251 0.037111
0 0.798828 0.824219 0.031251 0.039062
0 0.684572 0.486327 0.033205 0.035155
0 0.833010 0.069335 0.029297 0.033204
0 0.652344 0.333009 0.023439 0.033204
0 0.057567 0.288552 0.020184 0.023970
0 0.053780 0.317571 0.020184 0.026495
0 0.277714 0.328294 0.026492 0.025230
0 0.280236 0.358570 0.029018 0.020184
0 0.217790 0.430483 0.032800 0.030276
0 0.198866 0.464544 0.025232 0.022709
0 0.202648 0.569255 0.015137 0.027755
0 0.047472 0.526992 0.025232 0.016402
0 0.008598 0.562318 0.017196 0.021449
0 0.468211 0.081652 0.023971 0.034062
0 0.241755 0.757234 0.025232 0.022709
0 0.975686 0.443225 0.034324 0.032270
0 0.971201 0.503455 0.034273 0.031936
0 0.987365 0.862643 0.025271 0.033318
0 0.827269 0.716611 0.031398 0.030819
0 0.829633 0.482819 0.035407 0.035698
0 0.805136 0.678703 0.029712 0.025211
0 0.593787 0.584776 0.026143 0.025481
