0 0.019531 0.106446 0.023439 0.029297
0 0.008788 0.009767 0.017577 0.019533
0 0.038085 0.007812 0.029297 0.015625
0 0.038085 0.138674 0.021485 0.023438
0 0.019531 0.289064 0.023439 0.023438
0 0.049805 0.382813 0.029297 0.023438
0 0.210939 0.063477 0.023439 0.021483
0 0.214842 0.160156 0.023439 0.023438
0 0.266601 0.232422 0.029297 0.023438
0 0.315429 0.208984 0.021485 0.023438
0 0.310549 0.125001 0.023439 0.023438
0 0.395508 0.043945 0.029297 0.029297
0 0.456055 0.071291 0.021485 0.021483
0 0.262693 0.571290 0.029297 0.029297
0 0.218750 0.396485 0.031251 0.031248
0 0.240236 0.333985 0.023439 0.023438
0 0.570311 0.527345 0.039062 0.035155
0 0.416016 0.647463 0.039062 0.033204
0 0.444335 0.204101 0.029297 0.029297
0 0.519534 0.133791 0.031251 0.029297
0 0.572265 0.128908 0.023439 0.023438
0 0.607424 0.100587 0.023439 0.029297
0 0.620115 0.030273 0.029297 0.029297
0 0.755861 0.078125 0.031251 0.031248
0 0.840820 0.021483 0.033205 0.031248
0 0.967773 0.015625 0.033205 0.031248
0 0.982423 0.235350 0.031251 0.021483
0 0.696291 0.194336 0.033205 0.033204
0 0.761719 0.202150 0.035154 0.029297
0 0.786135 0.222657 0.033205 0.023438
0 0.541014 0.301757 0.031251 0.029297
0 0.494140 0.283202 0.023439 0.023438
0 0.457032 0.309571 0.023439 0.029297
0 0.410158 0.309571 0.031251 0.017580
0 0.715822 0.398437 0.037108 0.039062
0 0.839843 0.536134 0.035154 0.033204
0 0.034182 0.868163 0.029297 0.033204
0 0.272458 0.775391 0.029297 0.035155
0 0.220705 0.952147 0.031251 0.033204
0 0.138216 0.011010 0.019379 0.022020
0 0.441602 0.234674 0.022204 0.017158
0 0.450183 0.256878 0.015137 0.019178
0 0.163043 0.239215 0.022204 0.012112
0 0.061610 0.191276 0.019177 0.021194
0 0.440847 0.443973 0.025232 0.026495
0 0.394799 0.331692 0.026492 0.021449
0 0.660089 0.366558 0.031129 0.030307
0 0.418481 0.526490 0.023627 0.024175
0 0.774319 0.355676 0.030340 0.031442
0 0.653163 0.555665 0.026598 0.026392
0 0.920165 0.427058 0.023794 0.027315
0 0.961617 0.427460 0.027241 0.028947
0 0.871074 0.415565 0.025738 0.025014
0 0.976348 0.525617 0.023713 0.022804
0 0.092168 0.401471 0.027510 0.028947
0 0.943478 0.632814 0.030522 0.027432
0 0.930027 0.344886 0.032172 0.033921
0 0.760023 0.400313 0.027717 0.025769
0 0.584384 0.345087 0.025616 0.030588
0 0.577945 0.981668 0.033615 0.036664
0 0.705186 0.450784 0.029833 0.026802
0 0.799986 0.780406 0.027768 0.031856
