0 0.799804 0.120118 0.029297 0.029297
0 0.051759 0.045897 0.029297 0.029297
0 0.290040 0.473634 0.029297 0.029297
0 0.019531 0.905274 0.023439 0.029297
0 0.295898 0.553710 0.029297 0.029297
0 0.841797 0.750001 0.031251 0.031248
0 0.236327 0.438475 0.023439 0.029297
0 0.055662 0.503906 0.029297 0.023438
0 0.006837 0.367188 0.013674 0.023438
0 0.112306 0.017580 0.033205 0.031248
0 0.265624 0.308595 0.023439 0.023438
0 0.163088 0.509765 0.029297 0.031248
0 0.168946 0.548827 0.021485 0.023438
0 0.008788 0.806642 0.017577 0.023438
0 0.038085 0.799804 0.029297 0.029297
0 0.038085 0.937502 0.021485 0.023438
0 0.861328 0.210939 0.031251 0.035155
0 0.916991 0.171873 0.029297 0.023438
0 0.813478 0.497072 0.029297 0.029297
0 0.850586 0.592772 0.048828 0.037111
0 0.433593 0.516603 0.023439 0.021483
0 0.383788 0.551758 0.029297 0.029297
0 0.439455 0.568358 0.023439 0.023438
0 0.522460 0.605469 0.033205 0.023438
0 0.515625 0.650390 0.023439 0.019531
0 0.525391 0.697266 0.023439 0.023438
0 0.415039 0.693359 0.029297 0.031248
0 0.299806 0.757811 0.029297 0.023438
0 0.212893 0.794922 0.023439 0.023438
0 0.210939 0.862305 0.023439 0.021483
0 0.214842 0.958985 0.023439 0.023438
0 0.310549 0.923829 0.023439 0.023438
0 0.395508 0.842774 0.029297 0.029297
0 0.415039 0.770508 0.029297 0.029297
0 0.456055 0.870119 0.021485 0.021483
0 0.519534 0.932619 0.031251 0.029297
0 0.572265 0.927736 0.023439 0.023438
0 0.607424 0.899415 0.023439 0.029297
0 0.620115 0.829101 0.029297 0.029297
0 0.655275 0.744142 0.029297 0.035155
0 0.755861 0.876953 0.031251 0.031248
0 0.840820 0.820311 0.033205 0.031248
0 0.967773 0.814453 0.033205 0.031248
0 0.914065 0.746094 0.031251 0.023438
0 0.696291 0.988281 0.033205 0.023438
0 0.162440 0.577816 0.025839 0.016148
0 0.152346 0.342456 0.025029 0.015339
0 0.176570 0.289166 0.016954 0.016957
0 0.757502 0.415929 0.027454 0.015339
0 0.734493 0.440153 0.023414 0.025029
0 0.361062 0.600829 0.024224 0.021802
0 0.333208 0.605674 0.023414 0.034719
0 0.531831 0.627472 0.021799 0.018571
0 0.430095 0.723958 0.028259 0.024224
0 0.555245 0.766753 0.023414 0.022607
0 0.529411 0.778458 0.018569 0.021802
0 0.154765 0.714675 0.018569 0.020184
0 0.138216 0.803894 0.019379 0.033910
0 0.061610 0.989753 0.019177 0.020493
