0 0.106443 0.303712 0.041016 0.033204
0 0.100586 0.627931 0.029297 0.029297
0 0.058593 0.655272 0.035154 0.037111
0 0.188476 0.164063 0.029297 0.023438
0 0.951172 0.834959 0.046874 0.037111
0 0.500002 0.176756 0.031251 0.029297
0 0.013672 0.575196 0.027344 0.029297
0 0.740233 0.725587 0.035154 0.033204
0 0.281252 0.128908 0.031251 0.031248
0 0.890625 0.854491 0.035154 0.033204
0 0.049804 0.405275 0.029297 0.029297
0 0.010742 0.444337 0.021485 0.021483
0 0.656251 0.542968 0.039062 0.035155
0 0.582030 0.447264 0.046874 0.035155
0 0.614258 0.519530 0.029297 0.023438
0 0.992189 0.462892 0.015623 0.031248
0 0.732422 0.562499 0.023439 0.031248
0 0.010875 0.015001 0.021750 0.027998
0 0.097751 0.046500 0.024001 0.021001
0 0.803251 0.100499 0.024999 0.019000
0 0.475748 0.716501 0.018002 0.027000
0 0.479251 0.753999 0.024999 0.026001
0 0.211252 0.708501 0.026998 0.021001
0 0.259751 0.761000 0.022002 0.027998
0 0.294252 0.740501 0.020999 0.027000
0 0.367248 0.634500 0.024999 0.021001
0 0.457751 0.505501 0.018002 0.019000
0 0.254749 0.405499 0.022002 0.032999
0 0.110250 0.571001 0.019000 0.019998
0 0.706750 0.573002 0.013998 0.013999
0 0.600751 0.717002 0.015997 0.026001
0 0.561750 0.731498 0.024001 0.027000
