0 0.418945 0.988282 0.033205 0.023436
0 0.351563 0.966798 0.031251 0.031248
0 0.266599 0.361330 0.029297 0.023438
0 0.320312 0.351564 0.023439 0.023438
0 0.118162 0.771483 0.029297 0.035155
0 0.277342 0.863280 0.031251 0.031248
0 0.480470 0.032228 0.023439 0.029297
0 0.424802 0.061525 0.029297 0.029297
0 0.458007 0.293947 0.029297 0.029297
0 0.806641 0.020507 0.023439 0.021483
0 0.791991 0.946288 0.033205 0.033204
0 0.086916 0.009767 0.041016 0.019533
0 0.894531 0.248046 0.035154 0.039062
0 0.046345 0.021172 0.020002 0.026001
0 0.013844 0.029172 0.022999 0.027998
0 0.885343 0.079670 0.034000 0.024999
0 0.874843 0.111670 0.030998 0.029001
0 0.790345 0.266674 0.035999 0.024999
0 0.804844 0.308671 0.039002 0.039001
