0 0.816406 0.145506 0.019530 0.021485
0 0.966798 0.449220 0.019530 0.019533
0 0.464843 0.448242 0.019530 0.021485
0 0.614259 0.201171 0.021483 0.019533
0 0.225585 0.614258 0.021483 0.021485
0 0.763671 0.624023 0.019530 0.021485
0 0.200196 0.254884 0.021483 0.021485
0 0.443360 0.536134 0.023436 0.021485
0 0.606447 0.565428 0.017577 0.021485
0 0.763671 0.323243 0.019530 0.021485
0 0.846681 0.059570 0.029295 0.017577
0 0.650389 0.189454 0.019530 0.019533
0 0.157226 0.501954 0.017577 0.019533
0 0.730470 0.798830 0.019530 0.023437
0 0.111327 0.170899 0.019530 0.021485
0 0.697265 0.004884 0.023436 0.009767
0 0.946288 0.144532 0.017577 0.019533
0 0.287109 0.717772 0.031252 0.041014
0 0.594725 0.478517 0.017577 0.019533
0 0.077150 0.447264 0.017577 0.019533
0 0.705077 0.100584 0.023436 0.021485
0 0.294921 0.550781 0.019530 0.019533
0 0.297850 0.008790 0.021483 0.017580
0 0.620118 0.253906 0.017577 0.019533
0 0.173827 0.039063 0.019530 0.019533
0 0.802735 0.417970 0.019530 0.019533
0 0.526366 0.709959 0.021483 0.021485
0 0.052733 0.535156 0.019530 0.023437
0 0.807617 0.288086 0.021483 0.021485
0 0.774413 0.293946 0.017577 0.017577
0 0.071291 0.071290 0.021483 0.021485
0 0.085938 0.843748 0.019530 0.023437
0 0.108398 0.523436 0.017577 0.019533
0 0.105468 0.075195 0.019530 0.021485
0 0.133790 0.859377 0.017577 0.023437
0 0.957029 0.191407 0.019530 0.019533
0 0.773436 0.583983 0.015624 0.023437
0 0.940429 0.607420 0.017577 0.019533
0 0.894530 0.496094 0.019530 0.019533
0 0.040039 0.874024 0.021483 0.021485
0 0.056639 0.964842 0.035158 0.035158
0 0.779295 0.221678 0.019530 0.021485
0 0.180662 0.335938 0.021483 0.019533
0 0.188478 0.723632 0.029295 0.041014
0 0.805664 0.259766 0.021483 0.019533
0 0.981446 0.071290 0.021483 0.021485
0 0.985352 0.099610 0.021483 0.023437
0 0.952147 0.104492 0.021483 0.021485
0 0.571289 0.756837 0.017577 0.021485
0 0.757812 0.972655 0.031252 0.023437
0 0.775729 0.370236 0.017508 0.027499
0 0.783232 0.405236 0.020011 0.030000
0 0.552488 0.473359 0.021262 0.021249
0 0.543108 0.500235 0.032518 0.024999
0 0.252962 0.453984 0.035017 0.037500
0 0.151032 0.695860 0.026263 0.053748
0 0.867024 0.945858 0.037519 0.043751
