0 0.027345 0.476562 0.019530 0.019533
0 0.161133 0.914064 0.017577 0.019533
0 0.838866 0.464845 0.037111 0.035158
0 0.930665 0.690431 0.017577 0.021485
0 0.656249 0.881837 0.019530 0.021485
0 0.698242 0.590822 0.021483 0.021485
0 0.336915 0.442382 0.021483 0.021485
0 0.774413 0.444334 0.021483 0.021485
0 0.741212 0.786132 0.021483 0.021485
0 0.125975 0.650391 0.021483 0.019533
0 0.417968 0.445312 0.019530 0.019533
0 0.737306 0.077148 0.021483 0.021485
0 0.177734 0.853517 0.019530 0.019533
0 0.487303 0.261719 0.021483 0.019533
0 0.621095 0.435548 0.023436 0.023437
0 0.546874 0.192381 0.019530 0.021485
0 0.954101 0.583983 0.021483 0.019533
0 0.809571 0.858399 0.029295 0.021485
0 0.423827 0.335939 0.023436 0.019533
0 0.120116 0.991210 0.021483 0.017580
0 0.113281 0.423827 0.019530 0.019533
0 0.760742 0.297851 0.021483 0.021485
0 0.417968 0.197267 0.019530 0.019533
0 0.084962 0.335939 0.021483 0.023437
0 0.847655 0.345703 0.019530 0.019533
0 0.469726 0.236329 0.017577 0.019533
0 0.326173 0.574219 0.019530 0.023437
0 0.184569 0.969725 0.021483 0.021485
0 0.368163 0.112305 0.021483 0.021485
0 0.729490 0.482422 0.017577 0.019533
0 0.435549 0.297851 0.019530 0.021485
0 0.358398 0.994141 0.017577 0.011718
0 0.983400 0.575197 0.021483 0.021485
0 0.283203 0.436522 0.019530 0.021485
0 0.791014 0.198242 0.019530 0.021485
0 0.047852 0.339843 0.029295 0.023437
0 0.611326 0.508789 0.019530 0.021485
0 0.375002 0.320314 0.019530 0.023437
0 0.831054 0.912108 0.021483 0.031250
0 0.533203 0.403320 0.023436 0.021485
0 0.878906 0.735353 0.011718 0.021485
0 0.658202 0.264649 0.031252 0.037110
0 0.714843 0.263671 0.011718 0.015625
0 0.839438 0.528358 0.028734 0.040001
0 0.877541 0.535859 0.037481 0.024999
0 0.590190 0.448361 0.022490 0.027499
0 0.560205 0.441483 0.022490 0.028749
0 0.531471 0.425858 0.022490 0.024999
0 0.215851 0.230860 0.026549 0.024999
0 0.244742 0.205861 0.015616 0.024999
0 0.268949 0.211327 0.020301 0.017187
0 0.176807 0.301952 0.023425 0.017187
0 0.168217 0.326170 0.018740 0.024999
0 0.682016 0.659765 0.018740 0.026561
0 0.678896 0.691795 0.024988 0.021875
