0 0.736327 0.771483 0.018751 0.018749
0 0.861331 0.530272 0.018751 0.023438
0 0.561524 0.584962 0.017187 0.023438
0 0.008006 0.440430 0.016012 0.032813
0 0.894530 0.331053 0.018751 0.023438
0 0.744139 0.207032 0.024999 0.031248
0 0.341797 0.854491 0.018751 0.023438
0 0.708008 0.643555 0.023439 0.023438
0 0.865234 0.911132 0.024999 0.023438
0 0.359374 0.675783 0.031251 0.031248
0 0.429687 0.386719 0.018751 0.018749
0 0.972655 0.725587 0.018751 0.023438
0 0.793944 0.858398 0.023439 0.023438
0 0.592775 0.752928 0.023439 0.023438
0 0.556639 0.344726 0.024999 0.029688
0 0.023436 0.746094 0.018751 0.024999
0 0.110349 0.879884 0.023439 0.023438
0 0.197267 0.849608 0.018751 0.018749
0 0.129880 0.443361 0.023439 0.018749
0 0.952147 0.814452 0.023439 0.018749
0 0.324220 0.959960 0.018751 0.023438
0 0.402344 0.830077 0.018751 0.018749
0 0.560547 0.881836 0.018751 0.017185
0 0.676757 0.815428 0.023439 0.023438
0 0.854491 0.650390 0.023439 0.018749
0 0.823240 0.879884 0.023439 0.017185
0 0.193359 0.893557 0.015623 0.017185
0 0.750001 0.722655 0.018751 0.018749
0 0.485354 0.650390 0.023439 0.018749
0 0.896485 0.631834 0.018751 0.023438
0 0.981443 0.526368 0.023439 0.023438
0 0.533205 0.809570 0.018751 0.023438
0 0.607421 0.958984 0.018751 0.018749
0 0.794921 0.951170 0.018751 0.018749
0 0.227541 0.921874 0.023439 0.018749
0 0.482423 0.973633 0.018751 0.023438
0 0.820314 0.817384 0.015623 0.017185
0 0.521485 0.837891 0.015623 0.018749
0 0.579101 0.711914 0.023439 0.023438
0 0.707031 0.322267 0.018751 0.018749
0 0.875976 0.681642 0.023439 0.024999
0 0.967775 0.194335 0.023439 0.023438
0 0.219724 0.422850 0.014064 0.014064
0 0.555662 0.508789 0.026563 0.023438
0 0.434572 0.591796 0.023439 0.024999
0 0.918947 0.938477 0.023439 0.023438
0 0.485354 0.178711 0.023439 0.023438
0 0.931639 0.089845 0.034374 0.028123
0 0.967775 0.764649 0.023439 0.023438
0 0.007617 0.949219 0.015235 0.018749
0 0.390624 0.800780 0.018751 0.018749
0 0.429687 0.199218 0.018751 0.018749
0 0.990918 0.798828 0.018164 0.024999
0 0.832029 0.434571 0.018751 0.023438
0 0.648437 0.859373 0.018751 0.018749
0 0.918947 0.805663 0.023439 0.023438
0 0.810549 0.611327 0.018751 0.018749
0 0.874999 0.175780 0.024999 0.018749
0 0.644529 0.629883 0.018751 0.023438
0 0.835937 0.930663 0.018751 0.017185
0 0.395510 0.096680 0.026563 0.045312
0 0.865234 0.477541 0.018751 0.023438
0 0.992676 0.473634 0.014648 0.017185
0 0.125977 0.510740 0.017187 0.017185
0 0.909181 0.910157 0.023439 0.024999
0 0.688477 0.777346 0.023439 0.018749
0 0.823828 0.013281 0.022498 0.021251
0 0.452483 0.548235 0.017440 0.019379
0 0.476707 0.550255 0.014858 0.020025
0 0.500121 0.563171 0.017440 0.018734
0 0.521115 0.583762 0.020022 0.014212
0 0.814209 0.532895 0.021318 0.020670
0 0.807749 0.560749 0.017440 0.020025
0 0.705203 0.876854 0.016149 0.011626
0 0.697533 0.909150 0.018088 0.024547
0 0.690269 0.937410 0.014210 0.014212
0 0.708433 0.956790 0.013562 0.014212
0 0.887681 0.787233 0.017440 0.024547
0 0.863457 0.826390 0.014858 0.014857
0 0.888491 0.817106 0.017440 0.015503
0 0.959138 0.886946 0.016792 0.017439
0 0.951063 0.918437 0.018088 0.020025
0 0.353577 0.938219 0.018088 0.016794
0 0.363667 0.965264 0.012271 0.017439
