0 0.800779 0.440430 0.028122 0.032813
0 0.745117 0.600586 0.026563 0.032813
0 0.607422 0.569338 0.031251 0.023438
0 0.739260 0.923829 0.017187 0.018749
0 0.822264 0.746094 0.018751 0.024999
0 0.909177 0.879884 0.023439 0.023438
0 0.499024 0.507813 0.026563 0.024999
0 0.993360 0.849608 0.013280 0.018749
0 0.928708 0.443361 0.023439 0.018749
0 0.992187 0.893557 0.015623 0.017185
0 0.502932 0.904298 0.023439 0.018749
0 0.495115 0.332033 0.039062 0.028123
0 0.804687 0.949219 0.018751 0.018749
0 0.619142 0.981447 0.018751 0.023438
0 0.355466 0.718748 0.018752 0.015624
0 0.257811 0.769532 0.018752 0.024999
0 0.695312 0.439454 0.028122 0.034377
0 0.319335 0.153322 0.035934 0.035937
0 0.924805 0.510740 0.017187 0.017185
0 0.497070 0.808594 0.023439 0.024999
0 0.685546 0.291015 0.009376 0.015624
0 0.329845 0.741249 0.022002 0.024000
0 0.301718 0.743124 0.020999 0.027000
