0 0.126953 0.385740 0.018751 0.023438
0 0.023435 0.207033 0.015623 0.018749
0 0.153319 0.257812 0.017187 0.018749
0 0.236328 0.471679 0.015623 0.023438
0 0.241209 0.086915 0.017187 0.026563
0 0.549803 0.424806 0.017187 0.023438
0 0.319338 0.031249 0.017187 0.018749
0 0.064452 0.435548 0.015623 0.018749
0 0.254882 0.313478 0.017187 0.023438
0 0.606448 0.813477 0.023439 0.026563
0 0.543946 0.164064 0.017187 0.018749
0 0.583008 0.110353 0.017187 0.017185
0 0.279299 0.697266 0.015623 0.018749
0 0.613282 0.466796 0.018751 0.024999
0 0.152342 0.585938 0.015623 0.024999
0 0.460936 0.599611 0.018751 0.018749
0 0.381835 0.401368 0.017187 0.026563
0 0.480467 0.088866 0.015623 0.023438
0 0.241209 0.373047 0.017187 0.018749
0 0.171873 0.979492 0.015623 0.026563
0 0.537112 0.108398 0.015623 0.017185
0 0.049806 0.284182 0.017187 0.014064
0 0.416017 0.010255 0.018751 0.020509
0 0.418943 0.513672 0.017187 0.018749
0 0.630859 0.004688 0.018751 0.009375
0 0.093748 0.448241 0.018751 0.026563
0 0.541992 0.056642 0.017187 0.018749
0 0.220706 0.766601 0.015623 0.023438
0 0.053709 0.606445 0.029687 0.023438
0 0.497073 0.776367 0.017187 0.026563
0 0.087891 0.167971 0.018751 0.024999
0 0.635744 0.111329 0.017187 0.018749
0 0.128907 0.733397 0.018751 0.026563
0 0.559569 0.246095 0.017187 0.024999
0 0.367189 0.336913 0.018751 0.026563
0 0.457033 0.640625 0.018751 0.028123
0 0.473633 0.053711 0.017187 0.023438
0 0.239260 0.263671 0.017187 0.024999
0 0.503907 0.861329 0.018751 0.028123
0 0.147461 0.453123 0.017187 0.024999
0 0.452148 0.953126 0.017187 0.031248
0 0.701172 0.522462 0.024999 0.029688
0 0.342773 0.777342 0.023439 0.028123
0 0.328127 0.992090 0.018751 0.015821
0 0.553712 0.364258 0.017187 0.023438
0 0.343750 0.568359 0.018751 0.024999
0 0.194335 0.874022 0.017187 0.026563
0 0.065429 0.075194 0.017187 0.017185
0 0.034178 0.093749 0.017187 0.018749
0 0.368166 0.244140 0.017187 0.024999
0 0.509764 0.413085 0.018751 0.023438
0 0.268556 0.360351 0.017187 0.023438
0 0.870118 0.455079 0.017187 0.024999
0 0.360350 0.006348 0.017187 0.012695
0 0.880861 0.367189 0.018752 0.028123
0 0.823244 0.464844 0.017187 0.024999
0 0.484376 0.963868 0.018751 0.029688
0 0.498044 0.919923 0.018751 0.028123
0 0.303710 0.355468 0.017187 0.028123
0 0.570312 0.620118 0.015623 0.023438
0 0.711915 0.333985 0.023439 0.031248
0 0.939454 0.519531 0.018752 0.028123
0 0.065429 0.769532 0.014064 0.018749
0 0.187501 0.520507 0.018751 0.023438
0 0.810548 0.540038 0.018752 0.023438
0 0.915038 0.129884 0.017187 0.026563
0 0.166015 0.152343 0.018751 0.018749
0 0.383789 0.688477 0.017187 0.026563
0 0.199220 0.440431 0.015623 0.023438
0 0.828125 0.280275 0.018752 0.023438
0 0.298830 0.610352 0.015623 0.017185
0 0.913083 0.510741 0.026563 0.023438
0 0.640625 0.806639 0.018751 0.028123
0 0.443359 0.294923 0.018751 0.024999
0 0.679687 0.093749 0.018751 0.018749
0 0.466799 0.878905 0.015623 0.028123
0 0.833010 0.175781 0.017187 0.018749
0 0.075533 0.318251 0.012919 0.016794
0 0.101367 0.324709 0.015501 0.019379
0 0.081588 0.042920 0.013562 0.016794
0 0.101772 0.066742 0.018731 0.017439
0 0.120341 0.103477 0.016149 0.015503
0 0.107422 0.128510 0.020022 0.016794
0 0.114692 0.218940 0.018731 0.015503
0 0.110652 0.247602 0.018731 0.013566
0 0.182514 0.310984 0.020022 0.019379
0 0.181304 0.344491 0.015501 0.016148
0 0.336728 0.393744 0.023414 0.021802
0 0.327043 0.419179 0.025029 0.020993
0 0.339558 0.454300 0.019379 0.029874
0 0.297975 0.401414 0.020184 0.019379
0 0.591468 0.007735 0.030684 0.015469
0 0.606407 0.035251 0.026644 0.028260
0 0.299589 0.115186 0.023414 0.029874
0 0.341173 0.147885 0.025839 0.029069
0 0.304839 0.144658 0.029069 0.017762
0 0.309679 0.169284 0.022609 0.023415
0 0.255586 0.219342 0.022609 0.026646
0 0.287480 0.248814 0.021799 0.024224
0 0.283035 0.212884 0.019379 0.028260
0 0.330268 0.202385 0.025029 0.021802
0 0.433214 0.088946 0.022609 0.020993
0 0.423125 0.118820 0.033104 0.022607
0 0.435639 0.150308 0.030684 0.029069
0 0.411820 0.200369 0.028259 0.029069
0 0.418685 0.228629 0.024224 0.020993
0 0.451383 0.487808 0.010495 0.019379
0 0.473183 0.481752 0.013724 0.020184
0 0.497002 0.465201 0.014534 0.017762
0 0.394866 0.839437 0.025029 0.021802
0 0.334308 0.908069 0.023414 0.029874
0 0.264466 0.965800 0.022609 0.025838
0 0.288285 0.990972 0.013724 0.018055
0 0.304839 0.642428 0.019379 0.023415
0 0.155060 0.512032 0.018569 0.017762
0 0.134876 0.534639 0.016954 0.017762
0 0.480852 0.531005 0.022609 0.021802
0 0.507901 0.525758 0.015339 0.019379
