0 0.695315 0.253905 0.022498 0.019998
0 0.467776 0.700194 0.026249 0.021251
0 0.303710 0.724608 0.018751 0.027501
0 0.362304 0.793946 0.033752 0.036253
0 0.115233 0.791991 0.027500 0.033750
0 0.114722 0.023127 0.026598 0.025614
0 0.079320 0.059296 0.024629 0.024627
0 0.102405 0.098545 0.018716 0.027584
0 0.109336 0.142414 0.015765 0.022656
0 0.133190 0.158573 0.008864 0.025614
0 0.162436 0.133947 0.016747 0.031522
0 0.198608 0.178583 0.021673 0.027584
0 0.102405 0.210909 0.034476 0.027584
0 0.096249 0.162423 0.014777 0.018715
