0 0.536131 0.684569 0.033205 0.033204
0 0.972655 0.757811 0.039062 0.039062
0 0.740236 0.521486 0.039062 0.031248
0 0.972655 0.191408 0.031251 0.031248
0 0.939455 0.406250 0.031251 0.031248
0 0.766601 0.595703 0.029297 0.031248
0 0.390624 0.784180 0.046874 0.044921
0 0.441406 0.312502 0.031251 0.031248
0 0.984375 0.293946 0.031251 0.029297
0 0.346682 0.858398 0.033205 0.044921
0 0.759767 0.050779 0.031251 0.031248
0 0.986329 0.380861 0.027343 0.031248
0 0.985352 0.418947 0.029297 0.029297
0 0.983398 0.529296 0.029297 0.031248
0 0.544924 0.278319 0.031251 0.033204
0 0.857422 0.112304 0.066405 0.041014
0 0.151366 0.433596 0.033205 0.035155
0 0.629883 0.217774 0.029297 0.029297
0 0.633791 0.330078 0.044920 0.031248
0 0.623049 0.467775 0.031251 0.029297
0 0.625975 0.255860 0.029297 0.031248
0 0.921873 0.859373 0.050782 0.035155
0 0.126954 0.440430 0.031251 0.033204
0 0.880862 0.541993 0.046874 0.048828
0 0.042967 0.416992 0.031251 0.033204
0 0.017579 0.449220 0.027343 0.042969
0 0.745982 0.008076 0.024224 0.016148
0 0.781100 0.023013 0.028259 0.023415
0 0.766971 0.375853 0.022609 0.020184
0 0.752441 0.340732 0.025839 0.022607
0 0.739522 0.367777 0.030684 0.020184
0 0.746786 0.397248 0.022609 0.020993
0 0.767781 0.413396 0.020994 0.016148
0 0.718123 0.388770 0.025029 0.020184
0 0.402425 0.351226 0.036334 0.025838
0 0.406865 0.379084 0.030684 0.018571
0 0.322488 0.487276 0.021799 0.020184
0 0.298669 0.510289 0.017764 0.024224
0 0.187122 0.158960 0.041634 0.022709
0 0.339772 0.179774 0.036587 0.029016
