0 0.236328 0.071288 0.015623 0.023438
0 0.549803 0.024416 0.017187 0.023438
0 0.064452 0.035157 0.015623 0.018749
0 0.606448 0.413087 0.023439 0.026563
0 0.090822 0.784178 0.017187 0.029688
0 0.279299 0.296876 0.015623 0.018749
0 0.613282 0.066405 0.018751 0.024999
0 0.152342 0.185548 0.015623 0.024999
0 0.460936 0.199220 0.018751 0.018749
0 0.381835 0.007130 0.017187 0.014259
0 0.171873 0.579101 0.015623 0.026563
0 0.379881 0.791016 0.026563 0.040623
0 0.418943 0.113282 0.017187 0.018749
0 0.093748 0.047850 0.018751 0.026563
0 0.220706 0.366210 0.015623 0.023438
0 0.053709 0.206054 0.029687 0.023438
0 0.497073 0.375976 0.017187 0.026563
0 0.128907 0.333007 0.018751 0.026563
0 0.484376 0.821289 0.018751 0.032813
0 0.457033 0.240234 0.018751 0.028123
0 0.503907 0.460939 0.018751 0.028123
0 0.147461 0.052733 0.017187 0.024999
0 0.452148 0.552736 0.017187 0.031248
0 0.701172 0.122071 0.024999 0.029688
0 0.342773 0.376952 0.023439 0.028123
0 0.328127 0.598632 0.018751 0.029688
0 0.352538 0.686522 0.023439 0.032813
0 0.343750 0.167968 0.018751 0.024999
0 0.166992 0.731447 0.017187 0.026563
0 0.194335 0.473632 0.017187 0.026563
0 0.509764 0.012695 0.018751 0.023438
0 0.870118 0.054688 0.017187 0.024999
0 0.449217 0.679688 0.018751 0.028123
0 0.529295 0.626953 0.018751 0.028123
0 0.126953 0.709961 0.018751 0.026563
0 0.565431 0.781251 0.023439 0.034377
0 0.013770 0.800782 0.027541 0.046876
0 0.823244 0.064454 0.017187 0.024999
0 0.484376 0.563477 0.018751 0.029688
0 0.498044 0.519532 0.018751 0.028123
0 0.570312 0.219727 0.015623 0.023438
0 0.611328 0.719726 0.018751 0.032813
0 0.939454 0.119140 0.018752 0.028123
0 0.065429 0.369142 0.014064 0.018749
0 0.894529 0.807616 0.031251 0.045312
0 0.187501 0.120116 0.018751 0.023438
0 0.810548 0.139647 0.018752 0.023438
0 0.296876 0.725585 0.018751 0.032813
0 0.383789 0.288086 0.017187 0.026563
0 0.199220 0.040040 0.015623 0.023438
0 0.298830 0.209961 0.015623 0.017185
0 0.913083 0.110350 0.026563 0.023438
0 0.075194 0.906251 0.054685 0.037502
0 0.640625 0.406248 0.018751 0.028123
0 0.466799 0.478514 0.015623 0.028123
0 0.620117 0.667967 0.017187 0.024999
0 0.390623 0.880858 0.050002 0.040623
0 0.383789 0.737306 0.017187 0.029688
0 0.327043 0.018789 0.025029 0.020993
0 0.339558 0.053910 0.019379 0.029874
0 0.297975 0.005356 0.020184 0.010713
0 0.451383 0.087417 0.010495 0.019379
0 0.473183 0.081361 0.013724 0.020184
0 0.497002 0.064811 0.014534 0.017762
0 0.394866 0.439046 0.025029 0.021802
0 0.334308 0.507678 0.023414 0.029874
0 0.264466 0.565410 0.022609 0.025838
0 0.288285 0.593666 0.013724 0.024224
0 0.304839 0.242037 0.019379 0.023415
0 0.155060 0.111641 0.018569 0.017762
0 0.134876 0.134248 0.016954 0.017762
0 0.480852 0.130614 0.022609 0.021802
0 0.507901 0.125367 0.015339 0.019379
