0 0.581056 0.036133 0.033205 0.033204
0 0.849607 0.389649 0.031251 0.037111
0 0.844727 0.341797 0.044920 0.039062
0 0.783202 0.737306 0.035154 0.048828
0 0.591799 0.486328 0.035154 0.039062
0 0.895509 0.560546 0.033205 0.039062
0 0.799807 0.540039 0.033205 0.037111
0 0.665038 0.746095 0.033205 0.039062
0 0.854492 0.541015 0.033205 0.042969
0 0.702146 0.553712 0.037108 0.044921
0 0.506835 0.121096 0.041016 0.042969
0 0.851561 0.653319 0.031251 0.041014
0 0.518555 0.767578 0.033205 0.046876
0 0.947268 0.910155 0.031251 0.042969
0 0.961913 0.986327 0.033205 0.027345
0 0.796876 0.812499 0.046874 0.042969
0 0.671873 0.943358 0.039062 0.050779
0 0.930663 0.835937 0.080079 0.050779
0 0.041991 0.083985 0.037108 0.058593
0 0.841092 0.584686 0.032501 0.023749
0 0.805467 0.353438 0.021252 0.038751
0 0.741406 0.599999 0.024999 0.050001
0 0.703123 0.622655 0.023439 0.035937
