0 0.324217 0.496093 0.046874 0.062500
0 0.958007 0.147460 0.037108 0.041014
0 0.106443 0.892578 0.037108 0.050779
0 0.889648 0.554686 0.037108 0.046876
0 0.814454 0.640625 0.042970 0.058593
0 0.656251 0.254881 0.062502 0.060549
0 0.984376 0.334961 0.031248 0.060549
0 0.582030 0.165039 0.039062 0.068359
0 0.885744 0.898436 0.056639 0.062500
0 0.352537 0.599611 0.041016 0.062500
0 0.824220 0.266602 0.039062 0.044921
0 0.838866 0.148436 0.056639 0.066407
0 0.826174 0.121094 0.070313 0.058593
0 0.870116 0.362306 0.064451 0.060549
0 0.787112 0.359375 0.042970 0.046876
0 0.383787 0.134767 0.064451 0.042969
