0 0.511720 0.147460 0.035154 0.037111
0 0.581056 0.436524 0.033205 0.033204
0 0.677735 0.211916 0.039062 0.056642
0 0.474607 0.241212 0.035154 0.033204
0 0.849607 0.790039 0.031251 0.037111
0 0.645507 0.027342 0.033205 0.035155
0 0.844727 0.742187 0.044920 0.039062
0 0.591799 0.886719 0.035154 0.039062
0 0.895509 0.960937 0.033205 0.039062
0 0.799807 0.940430 0.033205 0.037111
0 0.532229 0.038087 0.029297 0.041014
0 0.854492 0.941405 0.033205 0.042969
0 0.702146 0.954102 0.037108 0.044921
0 0.506835 0.521486 0.041016 0.042969
0 0.016601 0.377930 0.033203 0.044921
0 0.065431 0.020508 0.068359 0.041016
0 0.041991 0.484376 0.037108 0.058593
0 0.262342 0.060701 0.039999 0.032501
0 0.264843 0.024452 0.037498 0.037502
0 0.322342 0.125704 0.024999 0.047499
0 0.354844 0.135705 0.037498 0.052499
0 0.542343 0.229453 0.027500 0.042498
0 0.573594 0.247580 0.035002 0.038751
0 0.784220 0.169451 0.028750 0.029999
0 0.752346 0.200703 0.027500 0.029999
0 0.841092 0.985077 0.032501 0.023749
0 0.805467 0.753828 0.021252 0.038751
