0 0.411130 0.442382 0.032815 0.026563
0 0.212893 0.388671 0.024999 0.028123
0 0.024416 0.116211 0.017187 0.017185
0 0.604493 0.986330 0.023439 0.024999
0 0.082033 0.017580 0.018752 0.018749
0 0.649412 0.515624 0.026563 0.018749
0 0.474609 0.264650 0.024999 0.026563
0 0.182619 0.770508 0.035934 0.023438
0 0.439455 0.669921 0.018752 0.024999
0 0.813478 0.687501 0.029687 0.024999
0 0.757810 0.877929 0.028122 0.029688
0 0.419924 0.548827 0.024999 0.024999
0 0.672852 0.246095 0.029687 0.034377
0 0.203127 0.988867 0.018752 0.022266
0 0.933596 0.034180 0.028122 0.026563
0 0.524414 0.992774 0.023439 0.014452
0 0.332029 0.471679 0.015623 0.017185
0 0.271486 0.074218 0.024999 0.018749
0 0.833986 0.873046 0.024999 0.028123
0 0.782227 0.511720 0.029687 0.024999
0 0.558596 0.573241 0.028122 0.029688
0 0.387696 0.786132 0.017187 0.023438
0 0.016600 0.442382 0.023439 0.023438
0 0.025388 0.749025 0.018752 0.023438
0 0.074221 0.329102 0.015623 0.017185
0 0.099609 0.498048 0.018752 0.024999
0 0.847655 0.375978 0.024999 0.026563
0 0.904299 0.340819 0.028122 0.026563
0 0.421873 0.017580 0.018752 0.018749
0 0.837889 0.179688 0.024999 0.024999
0 0.383788 0.875002 0.035934 0.031248
0 0.433593 0.871095 0.024999 0.024999
0 0.116209 0.928712 0.017187 0.026563
0 0.662109 0.934571 0.028122 0.023438
0 0.068359 0.697266 0.018752 0.018749
0 0.575196 0.914064 0.023439 0.024999
0 0.889648 0.659180 0.029687 0.026563
0 0.034182 0.974609 0.017187 0.018749
0 0.152751 0.061179 0.025839 0.022607
0 0.145081 0.095898 0.017440 0.017439
0 0.393761 0.224680 0.025191 0.019379
0 0.380847 0.252538 0.022609 0.013566
0 0.415965 0.249713 0.023252 0.016794
