0 0.942384 0.397463 0.018752 0.018749
0 0.876952 0.278320 0.027500 0.023749
0 0.597658 0.009805 0.017501 0.019611
0 0.599608 0.037109 0.017501 0.024999
0 0.684572 0.057616 0.016251 0.013748
0 0.662109 0.100585 0.015000 0.016251
0 0.736330 0.060547 0.017501 0.017500
0 0.761719 0.101561 0.017501 0.017500
0 0.727537 0.145509 0.016251 0.016251
0 0.760742 0.174806 0.016251 0.016251
0 0.792970 0.212889 0.022498 0.019998
0 0.792970 0.141603 0.020002 0.021251
0 0.819335 0.047850 0.021252 0.016251
0 0.648435 0.176758 0.015000 0.016251
0 0.636721 0.226561 0.015000 0.017500
0 0.602539 0.207030 0.016251 0.017500
0 0.625978 0.268555 0.016251 0.016251
0 0.714845 0.294920 0.017501 0.017500
0 0.711914 0.367186 0.018752 0.017500
0 0.733399 0.396483 0.018752 0.015001
0 0.807616 0.416014 0.018752 0.017500
0 0.833986 0.469728 0.017501 0.016251
0 0.851563 0.508791 0.015000 0.016251
0 0.873048 0.514649 0.020002 0.023749
0 0.924802 0.535156 0.021252 0.019998
0 0.958984 0.572267 0.015000 0.017500
0 0.984373 0.585939 0.017501 0.017500
0 0.834963 0.583008 0.016251 0.018749
0 0.632812 0.577150 0.017501 0.018749
0 0.596681 0.477539 0.018752 0.021251
0 0.648435 0.385742 0.017501 0.016251
0 0.599608 0.357421 0.017501 0.017500
0 0.574219 0.336914 0.017501 0.018749
0 0.471678 0.358400 0.018752 0.018749
0 0.476563 0.428711 0.022498 0.016251
0 0.502929 0.425780 0.021252 0.019998
0 0.510740 0.523439 0.018752 0.017500
0 0.427736 0.535156 0.017501 0.019998
0 0.457032 0.569336 0.020002 0.018749
0 0.562499 0.615236 0.017501 0.015001
0 0.560545 0.635743 0.017501 0.023749
0 0.836912 0.713868 0.016251 0.018749
0 0.858397 0.637695 0.016251 0.018749
0 0.885740 0.619139 0.016251 0.017500
0 0.883791 0.648436 0.023748 0.022500
0 0.230470 0.410155 0.022498 0.027501
0 0.250978 0.320314 0.021252 0.015001
0 0.228516 0.328124 0.015000 0.015001
0 0.309572 0.461914 0.018752 0.018749
0 0.346680 0.470704 0.016251 0.019998
0 0.317383 0.521484 0.018752 0.019998
0 0.258790 0.543946 0.013750 0.018749
0 0.393554 0.680664 0.021252 0.021251
0 0.405273 0.706054 0.023748 0.016251
0 0.448244 0.707033 0.018752 0.019998
0 0.387696 0.274413 0.018752 0.018749
0 0.393554 0.226561 0.016251 0.019998
0 0.391600 0.198240 0.016251 0.016251
0 0.355469 0.197265 0.017501 0.017500
0 0.343749 0.161134 0.017501 0.016251
0 0.346680 0.122071 0.023748 0.018749
0 0.321292 0.114257 0.021252 0.013748
0 0.488283 0.113282 0.015000 0.019998
0 0.475586 0.058595 0.013750 0.015001
0 0.548826 0.123047 0.017501 0.017500
0 0.575196 0.113282 0.013750 0.017500
0 0.520506 0.158202 0.016251 0.022500
0 0.540037 0.171875 0.018752 0.022500
0 0.504883 0.189455 0.016251 0.017500
0 0.224608 0.671874 0.027500 0.027501
0 0.313475 0.809572 0.023748 0.023749
0 0.249024 0.827147 0.021252 0.021251
0 0.447267 0.852541 0.022498 0.021251
0 0.281252 0.060547 0.017501 0.017500
0 0.238282 0.067381 0.015000 0.018749
0 0.246093 0.126954 0.020002 0.015001
0 0.269533 0.190430 0.024999 0.016251
0 0.277344 0.214844 0.024999 0.015001
0 0.224608 0.253906 0.020002 0.027501
0 0.192385 0.220703 0.023748 0.010001
0 0.194334 0.260741 0.018751 0.023749
0 0.163088 0.234375 0.021252 0.022500
0 0.199219 0.091795 0.020002 0.027501
0 0.150392 0.076171 0.017501 0.022500
0 0.115233 0.126954 0.017501 0.015001
0 0.089844 0.028319 0.015000 0.016251
0 0.052736 0.008906 0.022498 0.017811
0 0.029297 0.068361 0.015000 0.017500
0 0.073244 0.220703 0.021252 0.017500
0 0.025388 0.223634 0.022498 0.016251
0 0.064451 0.244141 0.022498 0.022500
0 0.088867 0.269531 0.018752 0.015001
0 0.102541 0.306641 0.018752 0.015001
0 0.083010 0.312500 0.018752 0.017500
0 0.055662 0.408204 0.021252 0.019998
0 0.025388 0.416014 0.022498 0.019998
0 0.092775 0.456056 0.018752 0.018749
0 0.157226 0.459959 0.023748 0.018749
0 0.128906 0.591798 0.024999 0.027501
0 0.035154 0.670898 0.020002 0.018749
0 0.026366 0.726564 0.021252 0.022500
0 0.018554 0.788085 0.021252 0.021251
0 0.487306 0.290038 0.013750 0.011250
0 0.465821 0.315431 0.021252 0.013748
0 0.691406 0.223634 0.012499 0.011250
0 0.666017 0.235351 0.009998 0.011250
0 0.864260 0.122071 0.018752 0.018749
0 0.837889 0.131837 0.015000 0.018749
0 0.457032 0.095702 0.020002 0.007499
0 0.425782 0.133789 0.009998 0.018749
0 0.461913 0.123047 0.018752 0.019998
0 0.438478 0.112306 0.013750 0.013748
0 0.711914 0.430662 0.021252 0.023749
0 0.223631 0.376952 0.013750 0.012499
0 0.260744 0.349610 0.011249 0.010001
0 0.958984 0.753906 0.024999 0.015001
0 0.806406 0.070965 0.018169 0.019178
0 0.222041 0.146159 0.020184 0.016148
0 0.182680 0.151205 0.014129 0.016148
0 0.182680 0.050781 0.012109 0.015138
0 0.618177 0.453037 0.028385 0.025230
