0 0.148439 0.397461 0.018751 0.017185
0 0.898439 0.647462 0.018751 0.023438
0 0.195313 0.436523 0.018751 0.023438
0 0.957032 0.565431 0.018751 0.023438
0 0.030276 0.853515 0.023439 0.018749
0 0.317385 0.631834 0.023439 0.023438
0 0.216798 0.374999 0.018751 0.018749
0 0.671877 0.992676 0.018751 0.014648
0 0.819337 0.292967 0.023439 0.018749
0 0.151366 0.890626 0.017187 0.018749
0 0.538085 0.363281 0.017187 0.018749
0 0.341797 0.055662 0.018751 0.023438
0 0.468749 0.670897 0.018751 0.023438
0 0.260741 0.686525 0.023439 0.023438
0 0.865234 0.112304 0.024999 0.023438
0 0.917970 0.801756 0.018751 0.017185
0 0.479491 0.332033 0.023439 0.018749
0 0.711916 0.630859 0.023439 0.018749
0 0.362305 0.868163 0.017187 0.023438
0 0.793944 0.059569 0.023439 0.023438
0 0.735350 0.325195 0.029687 0.023438
0 0.993359 0.984374 0.013281 0.015624
0 0.495119 0.589845 0.023439 0.024999
0 0.095703 0.552734 0.018751 0.018749
0 0.388670 0.302733 0.018751 0.018749
0 0.233398 0.799804 0.023439 0.023438
0 0.783201 0.616210 0.015623 0.017185
0 0.109377 0.789063 0.018751 0.015624
0 0.416990 0.567382 0.023439 0.023438
0 0.110349 0.081056 0.023439 0.023438
0 0.051756 0.792970 0.023439 0.024999
0 0.324220 0.517579 0.018751 0.018749
0 0.197267 0.050780 0.018751 0.018749
0 0.817383 0.541017 0.023439 0.018749
0 0.387693 0.249022 0.023439 0.023438
0 0.747070 0.783204 0.023439 0.018749
0 0.952147 0.015624 0.023439 0.018749
0 0.324220 0.161132 0.018751 0.023438
0 0.643557 0.555665 0.017187 0.017185
0 0.402344 0.031248 0.018751 0.018749
0 0.538085 0.692383 0.023439 0.017185
0 0.523439 0.757811 0.018751 0.018749
0 0.560547 0.083007 0.018751 0.017185
0 0.247072 0.525389 0.023439 0.024999
0 0.676757 0.016600 0.023439 0.023438
0 0.951170 0.697266 0.018751 0.018749
0 0.044921 0.703124 0.018751 0.024999
0 0.215821 0.610352 0.023439 0.017185
0 0.823240 0.081056 0.023439 0.017185
0 0.193359 0.094728 0.015623 0.017185
0 0.920896 0.613283 0.017187 0.018749
0 0.425783 0.991407 0.018751 0.017186
0 0.870119 0.874022 0.023439 0.017185
0 0.833983 0.449220 0.018751 0.018749
0 0.533205 0.011230 0.018751 0.022461
0 0.958009 0.728514 0.017187 0.015624
0 0.607421 0.160156 0.018751 0.018749
0 0.650391 0.636717 0.018751 0.018749
0 0.167971 0.859374 0.018751 0.018749
0 0.628906 0.752928 0.018751 0.023438
0 0.794921 0.152342 0.018751 0.018749
0 0.227541 0.123046 0.023439 0.018749
0 0.061521 0.434572 0.026563 0.026563
0 0.482423 0.174805 0.018751 0.023438
0 0.820314 0.018556 0.015623 0.017185
0 0.642580 0.701173 0.018751 0.018749
0 0.886719 0.326171 0.018751 0.018749
0 0.441406 0.653321 0.015623 0.023438
0 0.521485 0.039062 0.015623 0.018749
0 0.106446 0.702149 0.023439 0.023438
0 0.318357 0.587889 0.018751 0.018749
0 0.713865 0.569338 0.017187 0.017185
0 0.119143 0.639648 0.018751 0.023438
0 0.595701 0.448244 0.024999 0.023438
0 0.726562 0.844725 0.024999 0.023438
0 0.266603 0.865236 0.026563 0.024999
0 0.124023 0.596679 0.023439 0.023438
0 0.250975 0.950195 0.023439 0.023438
0 0.434572 0.714845 0.017187 0.018749
0 0.918947 0.139649 0.023439 0.023438
0 0.334962 0.749025 0.014064 0.023438
0 0.413087 0.487306 0.023439 0.017185
0 0.007617 0.150391 0.015235 0.018749
0 0.751955 0.568358 0.018751 0.018749
0 0.987306 0.681642 0.017187 0.018749
0 0.209959 0.827149 0.023439 0.023438
0 0.390624 0.005663 0.018751 0.011326
0 0.410155 0.756835 0.015623 0.017185
0 0.396487 0.833984 0.018751 0.024999
0 0.489257 0.781249 0.017187 0.018749
0 0.648437 0.060545 0.018751 0.018749
0 0.918947 0.009277 0.023439 0.018554
0 0.429687 0.945312 0.018751 0.018749
0 0.621095 0.407226 0.024999 0.023438
0 0.414064 0.917967 0.018751 0.018749
0 0.334962 0.489258 0.017187 0.026563
0 0.722659 0.472658 0.015623 0.015624
0 0.799806 0.707031 0.017187 0.018749
0 0.734373 0.663086 0.018751 0.017185
0 0.080081 0.499023 0.018751 0.017185
0 0.333985 0.400392 0.015623 0.015624
0 0.049807 0.379881 0.023439 0.023438
0 0.151366 0.599610 0.023439 0.018749
0 0.177736 0.649414 0.018751 0.023438
0 0.270506 0.465820 0.014064 0.017185
0 0.670900 0.596679 0.017187 0.017185
0 0.835937 0.131835 0.018751 0.017185
0 0.611329 0.600586 0.018751 0.023438
0 0.690431 0.217774 0.023439 0.023438
0 0.568359 0.530272 0.018751 0.023438
0 0.249021 0.426758 0.017187 0.017185
0 0.712893 0.357423 0.018751 0.015624
0 0.412110 0.320312 0.015623 0.015624
0 0.915039 0.862305 0.023439 0.017185
0 0.909181 0.111328 0.023439 0.024999
0 0.569336 0.959960 0.017187 0.023438
0 0.291015 0.696290 0.024999 0.026563
0 0.744139 0.410158 0.018751 0.018749
0 0.194336 0.983398 0.023439 0.023438
0 0.420898 0.621093 0.023439 0.012499
0 0.412110 0.863280 0.028122 0.024999
0 0.703127 0.385744 0.015623 0.017185
0 0.123046 0.937502 0.012499 0.015624
0 0.029764 0.484295 0.026001 0.039001
0 0.705203 0.078026 0.016149 0.011626
0 0.697533 0.110322 0.018088 0.024547
0 0.690269 0.138582 0.014210 0.014212
0 0.708433 0.157962 0.013562 0.014212
0 0.863457 0.027562 0.014858 0.014857
0 0.888491 0.018278 0.017440 0.015503
0 0.959138 0.088118 0.016792 0.017439
0 0.951063 0.119609 0.018088 0.020025
0 0.653530 0.221343 0.014858 0.021316
0 0.626481 0.225379 0.014210 0.014857
0 0.603067 0.215689 0.016792 0.021316
0 0.353577 0.139391 0.018088 0.016794
0 0.363667 0.166436 0.012271 0.017439
0 0.485187 0.362237 0.020670 0.020670
0 0.462983 0.381210 0.021318 0.022607
0 0.473477 0.411490 0.022609 0.023252
0 0.443198 0.415929 0.021961 0.025192
0 0.540895 0.453879 0.018088 0.022607
0 0.566734 0.447420 0.018088 0.025192
0 0.177154 0.528969 0.018731 0.027774
0 0.150510 0.539866 0.018731 0.020670
0 0.210258 0.647253 0.022609 0.024547
0 0.200568 0.755449 0.018731 0.027129
0 0.230042 0.751409 0.019379 0.027129
0 0.291809 0.794606 0.014858 0.018734
0 0.312799 0.779267 0.017440 0.016148
0 0.367706 0.943979 0.016149 0.021316
0 0.341462 0.954071 0.019379 0.028420
0 0.369321 0.993184 0.016149 0.013632
0 0.707223 0.969817 0.015501 0.016148
0 0.738312 0.976682 0.014858 0.015503
0 0.897371 0.954071 0.016149 0.019379
0 0.911500 0.981120 0.016792 0.016148
0 0.745982 0.887057 0.021961 0.020670
0 0.740327 0.911281 0.019379 0.016794
0 0.557854 0.559246 0.016792 0.018085
0 0.586113 0.559648 0.016792 0.021316
0 0.578843 0.589120 0.024543 0.019379
0 0.467017 0.539062 0.017440 0.019379
0 0.443603 0.522913 0.017440 0.020670
0 0.658780 0.390900 0.020670 0.025192
0 0.675329 0.411084 0.022609 0.020025
0 0.812594 0.397358 0.021318 0.021316
0 0.841253 0.394533 0.023252 0.021961
0 0.875166 0.422387 0.018088 0.021316
0 0.901810 0.423599 0.023252 0.021961
0 0.889701 0.449436 0.020670 0.021961
0 0.492856 0.696507 0.025191 0.020670
