0 0.464842 0.294923 0.031251 0.035155
0 0.271485 0.307616 0.031251 0.033204
0 0.027346 0.353516 0.035154 0.035155
0 0.500978 0.105470 0.041016 0.046876
0 0.612302 0.150391 0.041016 0.039062
0 0.183594 0.958985 0.035154 0.042969
0 0.290039 0.184571 0.041016 0.037111
0 0.255862 0.856447 0.031251 0.033204
0 0.341798 0.224609 0.042971 0.039062
0 0.280273 0.140625 0.017577 0.023438
0 0.391603 0.892578 0.037108 0.039062
0 0.514647 0.554686 0.017577 0.039062
0 0.295896 0.013673 0.013674 0.011717
0 0.718751 0.924805 0.058593 0.048828
0 0.131835 0.462889 0.044920 0.062500
0 0.925468 0.120077 0.033752 0.031248
0 0.887970 0.162579 0.031251 0.036249
