0 0.843752 0.665038 0.017501 0.021251
0 0.733399 0.706056 0.021252 0.021251
0 0.623047 0.675779 0.017501 0.019998
0 0.631835 0.824218 0.016251 0.017500
0 0.483398 0.880860 0.021252 0.019998
0 0.367188 0.866212 0.022498 0.018749
0 0.358400 0.895508 0.023748 0.023749
0 0.474609 0.717773 0.020002 0.018749
0 0.424805 0.632814 0.018752 0.017500
0 0.276367 0.763673 0.018752 0.017500
0 0.305664 0.791990 0.016251 0.018749
0 0.344726 0.789063 0.016251 0.017500
0 0.291990 0.826174 0.016251 0.015001
0 0.236328 0.918946 0.017501 0.016251
0 0.177734 0.869139 0.017501 0.019998
0 0.125975 0.824218 0.016251 0.017500
0 0.104490 0.895508 0.021252 0.018749
0 0.124021 0.917967 0.013750 0.015001
0 0.200197 0.679686 0.013750 0.017500
0 0.291990 0.597655 0.016251 0.015001
0 0.051759 0.766601 0.016251 0.016251
0 0.012697 0.771483 0.016251 0.017500
0 0.050782 0.676759 0.017501 0.016251
0 0.112306 0.607420 0.016251 0.015001
0 0.939453 0.458985 0.017501 0.017500
0 0.829101 0.519530 0.018752 0.019998
0 0.773439 0.544920 0.017501 0.019998
0 0.771485 0.398437 0.017501 0.017500
0 0.752930 0.357423 0.018752 0.017500
0 0.702149 0.402344 0.016251 0.017500
0 0.668944 0.404295 0.018752 0.019998
0 0.589842 0.440430 0.017501 0.018749
0 0.413085 0.554686 0.021252 0.019998
0 0.347657 0.521486 0.017501 0.017500
0 0.312498 0.524413 0.022498 0.013748
0 0.222654 0.533203 0.017501 0.017500
0 0.058593 0.565431 0.015000 0.016251
0 0.030274 0.534179 0.016251 0.018749
0 0.138672 0.402344 0.027500 0.027501
0 0.139649 0.451171 0.016251 0.017500
0 0.200197 0.398437 0.016251 0.022500
0 0.190431 0.347657 0.023748 0.024999
0 0.153318 0.319336 0.011249 0.016251
0 0.214842 0.309571 0.022498 0.016251
0 0.057616 0.290040 0.016251 0.018749
0 0.316406 0.369140 0.017501 0.017500
0 0.375977 0.333985 0.018752 0.017500
0 0.301755 0.303712 0.016251 0.016251
0 0.413085 0.249022 0.016251 0.013748
0 0.362303 0.207032 0.016251 0.017500
0 0.346680 0.237305 0.013750 0.013748
0 0.279298 0.194336 0.015000 0.016251
0 0.197265 0.191404 0.022498 0.027501
0 0.216797 0.140625 0.020002 0.027501
0 0.130861 0.084959 0.015000 0.016251
0 0.272459 0.058594 0.013750 0.015001
0 0.248047 0.029297 0.017501 0.017500
0 0.411131 0.097656 0.016251 0.015001
0 0.395508 0.127928 0.016251 0.016251
0 0.457032 0.183594 0.017501 0.015001
0 0.463867 0.138673 0.016251 0.012499
0 0.509763 0.121094 0.017501 0.015001
0 0.528322 0.145508 0.018752 0.023749
0 0.583008 0.288084 0.018752 0.018749
0 0.669921 0.222657 0.017501 0.015001
0 0.735353 0.268553 0.016251 0.018749
0 0.771485 0.225588 0.017501 0.018749
0 0.858397 0.198243 0.033752 0.021251
0 0.975584 0.058594 0.016251 0.019998
0 0.922853 0.040038 0.018752 0.018749
0 0.729491 0.037111 0.016251 0.027501
0 0.700194 0.109377 0.016251 0.017500
0 0.701171 0.140625 0.015000 0.027501
0 0.723634 0.135742 0.016251 0.021251
0 0.561522 0.046876 0.016251 0.017500
0 0.636721 0.019531 0.015000 0.024999
0 0.489260 0.025390 0.016251 0.017500
0 0.452147 0.073242 0.016251 0.016251
0 0.072267 0.029297 0.015000 0.017500
0 0.046874 0.160156 0.024999 0.019998
0 0.699217 0.018556 0.015000 0.013748
0 0.699217 0.193360 0.015000 0.012499
0 0.716799 0.221681 0.020002 0.021251
0 0.322264 0.047852 0.015000 0.008752
0 0.304687 0.061525 0.012499 0.018749
0 0.141603 0.115235 0.011249 0.012499
0 0.283201 0.228515 0.015000 0.010001
0 0.307618 0.226564 0.013750 0.015001
0 0.087890 0.165039 0.012499 0.011250
0 0.112306 0.178712 0.011249 0.008752
0 0.134764 0.185546 0.015000 0.010001
0 0.096679 0.198243 0.013750 0.013748
0 0.067382 0.316405 0.013750 0.015001
0 0.095702 0.303712 0.015000 0.013748
0 0.080079 0.425782 0.015000 0.012499
0 0.035154 0.426758 0.015000 0.011250
0 0.008788 0.412109 0.011249 0.012499
0 0.006834 0.259767 0.008753 0.010001
0 0.009766 0.465820 0.012499 0.018749
0 0.026366 0.581055 0.011249 0.011250
0 0.029297 0.606445 0.012499 0.018749
0 0.160157 0.624024 0.022498 0.021251
0 0.237305 0.644531 0.018751 0.019998
0 0.294921 0.544920 0.012499 0.015001
0 0.266601 0.994824 0.013750 0.010352
0 0.391195 0.154328 0.031651 0.018734
0 0.759375 0.694487 0.020022 0.020025
0 0.254335 0.617782 0.025839 0.014857
0 0.047638 0.791782 0.015501 0.018085
