0 0.138672 0.328127 0.031251 0.031248
0 0.042970 0.837891 0.031251 0.035155
0 0.260744 0.575197 0.029297 0.033204
0 0.012697 0.472655 0.025393 0.035155
0 0.017577 0.129884 0.031251 0.033204
0 0.478517 0.549803 0.031251 0.033204
0 0.928710 0.061525 0.037108 0.037111
0 0.721679 0.079101 0.033205 0.033204
0 0.159180 0.424806 0.037108 0.029297
0 0.777342 0.449220 0.031251 0.035155
0 0.541991 0.439455 0.029297 0.035155
0 0.128906 0.614259 0.039062 0.037111
0 0.596681 0.814453 0.037108 0.042969
0 0.232424 0.267578 0.031251 0.031248
0 0.514648 0.165039 0.033205 0.033204
0 0.204099 0.817384 0.041016 0.041014
0 0.645509 0.012696 0.044920 0.025392
0 0.967773 0.493165 0.033205 0.037111
0 0.467775 0.823243 0.033205 0.033204
0 0.407227 0.849608 0.029297 0.035155
0 0.631835 0.157225 0.037108 0.037111
0 0.400393 0.968750 0.031251 0.039062
0 0.767576 0.334961 0.031251 0.033204
0 0.313475 0.915040 0.029297 0.037111
0 0.295898 0.722656 0.033205 0.035155
0 0.512694 0.815429 0.033205 0.037111
0 0.743165 0.283202 0.041016 0.046876
0 0.377931 0.911133 0.041016 0.037111
0 0.073047 0.439455 0.015623 0.018749
0 0.048828 0.458986 0.023439 0.020313
