0 0.925781 0.385740 0.018751 0.023438
0 0.283203 0.152343 0.018751 0.024999
0 0.822263 0.207033 0.015623 0.018749
0 0.952147 0.257812 0.017187 0.018749
0 0.695311 0.985254 0.018751 0.029492
0 0.064453 0.108398 0.018751 0.023438
0 0.440429 0.325195 0.023439 0.023438
0 0.747070 0.792970 0.029687 0.028123
0 0.443360 0.405275 0.018751 0.023438
0 0.007617 0.158205 0.015235 0.018749
0 0.759767 0.074218 0.018751 0.024999
0 0.400390 0.702149 0.034374 0.023438
0 0.547850 0.437499 0.017187 0.018749
0 0.806640 0.006250 0.024999 0.012500
0 0.863280 0.435548 0.015623 0.018749
0 0.665037 0.029297 0.023439 0.018749
0 0.174805 0.234374 0.023439 0.018749
0 0.736327 0.279299 0.018751 0.018749
0 0.201170 0.602538 0.018751 0.023438
0 0.544924 0.624025 0.034374 0.026563
0 0.951170 0.585938 0.015623 0.024999
0 0.593752 0.557617 0.018751 0.023438
0 0.160154 0.123046 0.018751 0.018749
0 0.486326 0.074218 0.018751 0.024999
0 0.176759 0.696291 0.017187 0.023438
0 0.305665 0.933595 0.017187 0.024999
0 0.782229 0.448241 0.017187 0.017185
0 0.083007 0.612304 0.017187 0.017185
0 0.970701 0.979492 0.015623 0.026563
0 0.848634 0.284182 0.017187 0.014064
0 0.209959 0.163088 0.023439 0.023438
0 0.633791 0.156250 0.017187 0.018749
0 0.892576 0.448241 0.018751 0.026563
0 0.500000 0.240233 0.018751 0.018749
0 0.381836 0.767577 0.023439 0.024999
0 0.025390 0.721680 0.018751 0.023438
0 0.852537 0.606445 0.029687 0.023438
0 0.486326 0.937498 0.018751 0.024999
0 0.558593 0.957030 0.018751 0.024999
0 0.217775 0.987306 0.029687 0.023438
0 0.420898 0.492186 0.023439 0.024999
0 0.299803 0.563476 0.017187 0.023438
0 0.623049 0.006933 0.015623 0.013867
0 0.535159 0.159181 0.018751 0.017185
0 0.886719 0.167971 0.018751 0.024999
0 0.705077 0.612304 0.018751 0.023438
0 0.927735 0.733397 0.018751 0.026563
0 0.270506 0.252929 0.023439 0.023438
0 0.708985 0.014649 0.018751 0.023438
0 0.620118 0.927733 0.017187 0.024999
0 0.237307 0.734373 0.017187 0.018749
0 0.496091 0.164064 0.018751 0.018749
0 0.946289 0.453123 0.017187 0.024999
0 0.466795 0.377930 0.018751 0.017185
0 0.567382 0.080077 0.017187 0.018749
0 0.506834 0.083984 0.023439 0.028123
0 0.137697 0.975585 0.023439 0.023438
0 0.332031 0.341795 0.018751 0.018749
0 0.621095 0.406251 0.018751 0.018749
0 0.192382 0.886719 0.023439 0.028123
0 0.732424 0.338868 0.018751 0.023438
0 0.784178 0.491210 0.017187 0.023438
0 0.992285 0.874022 0.015430 0.026563
0 0.053710 0.802736 0.023439 0.024999
0 0.864257 0.075194 0.017187 0.017185
0 0.447264 0.854491 0.018751 0.023438
0 0.178713 0.927733 0.029687 0.024999
0 0.676757 0.214843 0.017187 0.018749
0 0.477537 0.605469 0.017187 0.018749
0 0.833006 0.093749 0.017187 0.018749
0 0.595701 0.375975 0.015623 0.017185
0 0.256838 0.175781 0.017187 0.015624
0 0.023436 0.112305 0.024999 0.023438
0 0.325197 0.295899 0.017187 0.023438
0 0.864257 0.769532 0.014064 0.018749
0 0.986329 0.520507 0.018751 0.023438
0 0.964843 0.152343 0.018751 0.018749
0 0.995119 0.440431 0.009763 0.023438
0 0.408201 0.526369 0.018751 0.023438
0 0.796875 0.089842 0.015623 0.015624
0 0.512696 0.615235 0.017187 0.024999
0 0.448241 0.524414 0.023439 0.023438
0 0.130857 0.040039 0.012499 0.010939
0 0.166254 0.005636 0.018088 0.011272
0 0.359632 0.006968 0.013562 0.013935
0 0.333388 0.012644 0.018088 0.022607
0 0.281715 0.078448 0.014210 0.015503
0 0.271220 0.107517 0.020670 0.018085
0 0.778275 0.124876 0.015501 0.017439
0 0.773835 0.150714 0.021318 0.021316
0 0.471862 0.114784 0.018731 0.016794
0 0.874361 0.318251 0.012919 0.016794
0 0.900195 0.324709 0.015501 0.019379
0 0.880416 0.042920 0.013562 0.016794
0 0.900600 0.066742 0.018731 0.017439
0 0.919170 0.103477 0.016149 0.015503
0 0.906250 0.128510 0.020022 0.016794
0 0.913520 0.218940 0.018731 0.015503
0 0.909480 0.247602 0.018731 0.013566
0 0.981342 0.310984 0.020022 0.019379
0 0.980132 0.344491 0.015501 0.016148
0 0.724987 0.847512 0.022609 0.023415
0 0.706418 0.804315 0.019379 0.022607
0 0.693499 0.841054 0.022609 0.025029
0 0.953888 0.512032 0.018569 0.017762
0 0.933704 0.534639 0.016954 0.017762
