0 0.167968 0.863280 0.018752 0.018749
0 0.752930 0.501954 0.029687 0.028123
0 0.034181 0.251953 0.023439 0.018749
0 0.079101 0.993360 0.023439 0.013280
0 0.098632 0.742187 0.023439 0.018749
0 0.572264 0.645507 0.018752 0.017185
0 0.835940 0.451171 0.018752 0.018749
0 0.067381 0.680666 0.017187 0.017185
0 0.034181 0.442382 0.017187 0.023438
0 0.088866 0.185546 0.017187 0.018749
0 0.319337 0.283201 0.017187 0.018749
0 0.042970 0.574220 0.024999 0.018749
0 0.504882 0.180663 0.029687 0.029688
0 0.143557 0.221681 0.023439 0.023438
0 0.247070 0.245119 0.029687 0.023438
0 0.638674 0.833008 0.028122 0.026563
0 0.172853 0.768556 0.026563 0.026563
0 0.040039 0.717773 0.017187 0.017185
0 0.255858 0.655272 0.024999 0.023438
0 0.207030 0.367188 0.018752 0.024999
0 0.441404 0.298829 0.018752 0.018749
0 0.075198 0.063476 0.023439 0.023438
0 0.364256 0.634765 0.023439 0.018749
0 0.027342 0.397461 0.018752 0.023438
0 0.606446 0.112304 0.035934 0.035937
0 0.123048 0.431640 0.018752 0.018749
0 0.277343 0.835939 0.018752 0.018749
0 0.692382 0.848632 0.026563 0.023438
0 0.087889 0.524413 0.018752 0.023438
0 0.275389 0.389647 0.018752 0.017185
0 0.684571 0.185546 0.017187 0.018749
0 0.458009 0.032228 0.023439 0.023438
0 0.933595 0.358398 0.028122 0.026563
0 0.800781 0.231446 0.031251 0.023438
0 0.573241 0.987988 0.039062 0.024025
0 0.180665 0.932619 0.023439 0.023438
0 0.362302 0.462892 0.023439 0.024999
0 0.125975 0.887694 0.017187 0.017185
0 0.726564 0.846680 0.018752 0.017185
0 0.743164 0.131835 0.039062 0.048441
0 0.204099 0.816408 0.023439 0.024999
0 0.128906 0.363281 0.012499 0.012499
0 0.576107 0.172788 0.020670 0.018085
0 0.558747 0.205084 0.022609 0.028420
0 0.589026 0.205084 0.020670 0.023252
0 0.134044 0.282191 0.023900 0.021316
0 0.102555 0.295515 0.020022 0.027129
0 0.568032 0.259585 0.023252 0.020025
0 0.660883 0.625345 0.015501 0.020025
0 0.644739 0.649972 0.016792 0.019379
0 0.614055 0.657642 0.018088 0.023901
0 0.448937 0.768256 0.012272 0.014857
0 0.442077 0.796516 0.018088 0.018734
0 0.309257 0.673790 0.020022 0.013566
0 0.329441 0.694783 0.016149 0.013566
0 0.163518 0.653199 0.016792 0.012917
0 0.085196 0.561155 0.023252 0.020670
0 0.090851 0.589818 0.021961 0.020025
0 0.142524 0.485256 0.016792 0.021961
0 0.118705 0.480411 0.014858 0.020670
0 0.388784 0.570036 0.012920 0.021961
0 0.017374 0.853036 0.016792 0.017439
0 0.039578 0.839311 0.017440 0.020025
0 0.109015 0.916015 0.021318 0.018734
0 0.112245 0.940642 0.017440 0.016794
0 0.225686 0.909150 0.018088 0.015503
0 0.245470 0.934988 0.020022 0.016794
0 0.172398 0.966882 0.012920 0.017439
0 0.218016 0.744036 0.016149 0.013566
0 0.417043 0.898250 0.012920 0.013566
0 0.417043 0.926510 0.015501 0.016148
0 0.442477 0.925701 0.014858 0.020025
0 0.415433 0.805803 0.014210 0.016794
