0 0.841798 0.437501 0.031251 0.035155
0 0.350584 0.138671 0.029297 0.031248
0 0.803713 0.072264 0.041016 0.035155
0 0.958008 0.024416 0.037108 0.029297
0 0.927734 0.213868 0.039062 0.037111
0 0.525392 0.560546 0.035154 0.031248
0 0.750000 0.257813 0.039062 0.031248
0 0.850587 0.844727 0.033205 0.044921
0 0.626951 0.611329 0.031251 0.035155
0 0.665041 0.981445 0.033205 0.033204
0 0.592774 0.818357 0.029297 0.035155
0 0.815428 0.959962 0.029297 0.037111
0 0.538084 0.841796 0.029297 0.035155
0 0.930665 0.649416 0.029297 0.037111
0 0.979493 0.805665 0.033205 0.048828
0 0.528906 0.017187 0.035939 0.034375
0 0.871875 0.039064 0.015623 0.018749
0 0.847656 0.058595 0.023439 0.020313
0 0.503907 0.734374 0.023439 0.037502
