0 0.915040 0.313478 0.029297 0.033204
0 0.478515 0.514648 0.042971 0.037111
0 0.737305 0.628907 0.029297 0.023438
0 0.195314 0.512696 0.023439 0.029297
0 0.122070 0.961916 0.029297 0.029297
0 0.743163 0.408202 0.029297 0.031248
0 0.748048 0.090822 0.023439 0.029297
0 0.644530 0.536134 0.023439 0.029297
0 0.630861 0.453123 0.039062 0.035155
0 0.218749 0.964843 0.023439 0.031248
0 0.249999 0.294923 0.031251 0.031248
0 0.304690 0.295898 0.039062 0.041014
0 0.423830 0.802736 0.023439 0.027345
0 0.415037 0.834960 0.025388 0.021483
0 0.392580 0.814453 0.019531 0.031248
0 0.372071 0.811522 0.025388 0.041014
