0 0.937500 0.328127 0.031251 0.031248
0 0.841798 0.837891 0.031251 0.035155
0 0.350584 0.539062 0.029297 0.031248
0 0.803713 0.472655 0.041016 0.035155
0 0.816405 0.129884 0.031251 0.033204
0 0.958008 0.424806 0.037108 0.029297
0 0.689453 0.056642 0.039062 0.039062
0 0.927734 0.614259 0.039062 0.037111
0 0.525392 0.960937 0.035154 0.031248
0 0.750000 0.658204 0.039062 0.031248
0 0.781251 0.270509 0.039062 0.041014
0 0.556248 0.377733 0.037498 0.039062
0 0.528906 0.412110 0.035939 0.045312
0 0.871875 0.439455 0.015623 0.018749
0 0.847656 0.458986 0.023439 0.020313
