0 0.167968 0.064452 0.018752 0.018749
0 0.660154 0.450196 0.018752 0.023438
0 0.079101 0.197267 0.023439 0.018749
0 0.018553 0.294922 0.017187 0.018749
0 0.548830 0.511720 0.018752 0.018749
0 0.495117 0.535155 0.023439 0.018749
0 0.563476 0.656248 0.023439 0.024999
0 0.638674 0.034180 0.028122 0.026563
0 0.013673 0.816408 0.018752 0.018749
0 0.744141 0.513672 0.024999 0.018749
0 0.728513 0.321288 0.018752 0.017185
0 0.065432 0.512696 0.017187 0.017185
0 0.865236 0.833008 0.028122 0.026563
0 0.203127 0.873046 0.024999 0.018749
0 0.277343 0.037111 0.018752 0.018749
0 0.692382 0.049804 0.026563 0.023438
0 0.063478 0.227539 0.017187 0.017185
0 0.451174 0.257812 0.018752 0.018749
0 0.194333 0.709963 0.017187 0.017185
0 0.344725 0.668945 0.017187 0.017185
0 0.034181 0.357423 0.017187 0.018749
0 0.008788 0.588869 0.017187 0.017185
0 0.573241 0.190429 0.039062 0.026563
0 0.130860 0.241212 0.024999 0.023438
0 0.180665 0.133791 0.023439 0.023438
0 0.469728 0.350585 0.017187 0.017185
0 0.090821 0.325195 0.017187 0.017185
0 0.125975 0.088866 0.017187 0.017185
0 0.945315 0.476561 0.031251 0.024999
0 0.726564 0.047852 0.018752 0.017185
0 0.302737 0.277343 0.024999 0.024999
0 0.308594 0.431640 0.018752 0.018749
0 0.353514 0.816408 0.018752 0.018749
0 0.769530 0.978516 0.024999 0.024999
0 0.204099 0.017580 0.023439 0.024999
0 0.144534 0.625000 0.018752 0.015624
0 0.389650 0.396485 0.023439 0.018749
0 0.487305 0.215822 0.017187 0.017185
0 0.130860 0.544920 0.018752 0.018749
0 0.017374 0.054208 0.016792 0.017439
0 0.039578 0.040482 0.017440 0.020025
0 0.109015 0.117187 0.021318 0.018734
0 0.112245 0.141813 0.017440 0.016794
0 0.225686 0.110322 0.018088 0.015503
0 0.245470 0.136160 0.020022 0.016794
0 0.172398 0.168054 0.012920 0.017439
0 0.024239 0.214076 0.013562 0.013566
0 0.423908 0.392920 0.016149 0.018085
0 0.492135 0.386055 0.019379 0.013566
0 0.012934 0.535830 0.014858 0.016794
0 0.034733 0.518069 0.021318 0.023252
0 0.020604 0.778458 0.014210 0.021316
0 0.039578 0.795818 0.010981 0.019379
0 0.062992 0.778458 0.017440 0.020025
0 0.084391 0.860008 0.025839 0.022607
0 0.076721 0.894726 0.017440 0.017439
0 0.450152 0.690048 0.020670 0.024547
0 0.479216 0.691662 0.021961 0.020670
0 0.417043 0.099421 0.012920 0.013566
0 0.417043 0.127682 0.015501 0.016148
0 0.442477 0.126873 0.014858 0.020025
0 0.415433 0.007686 0.014210 0.015372
0 0.439652 0.214076 0.019379 0.021316
0 0.389999 0.211251 0.022609 0.016794
