0 0.339842 0.848632 0.019531 0.021483
0 0.431641 0.315429 0.019531 0.021483
0 0.403321 0.954102 0.021485 0.021483
0 0.243164 0.649414 0.021485 0.017580
0 0.535159 0.615234 0.019531 0.019531
0 0.815429 0.805663 0.021485 0.021483
0 0.863280 0.876953 0.015623 0.015624
0 0.661134 0.454102 0.021485 0.021483
0 0.549805 0.929688 0.017577 0.019531
0 0.184570 0.858398 0.021485 0.021483
0 0.918947 0.959960 0.017577 0.021483
0 0.130857 0.458985 0.019531 0.019531
0 0.595701 0.712890 0.019531 0.023438
0 0.530273 0.843749 0.021485 0.019531
0 0.806640 0.031248 0.019531 0.019531
0 0.329100 0.716797 0.021485 0.019531
0 0.142577 0.634765 0.019531 0.019531
0 0.892576 0.814452 0.019531 0.019531
0 0.728516 0.427733 0.019531 0.019531
0 0.675780 0.673828 0.023439 0.035155
0 0.417967 0.898439 0.019531 0.019531
0 0.874999 0.659179 0.023439 0.021483
0 0.062498 0.974608 0.019531 0.015624
0 0.062498 0.993165 0.035154 0.013671
0 0.530273 0.497072 0.021485 0.021483
