0 0.757813 0.380859 0.019531 0.019531
0 0.561524 0.450194 0.021485 0.021483
0 0.160154 0.411131 0.019531 0.017580
0 0.433595 0.907227 0.019531 0.021483
0 0.214844 0.809572 0.019531 0.021483
0 0.462892 0.268555 0.019531 0.021483
0 0.905273 0.612305 0.021485 0.021483
0 0.691408 0.408204 0.019531 0.019531
0 0.359374 0.668947 0.019531 0.017580
0 0.447264 0.849610 0.019531 0.019531
0 0.560547 0.794923 0.019531 0.019531
0 0.172851 0.585939 0.017577 0.019531
0 0.579101 0.881837 0.017577 0.017580
0 0.921873 0.767578 0.019531 0.019531
0 0.845703 0.757813 0.019531 0.019531
0 0.565427 0.568360 0.017577 0.019531
0 0.369139 0.800782 0.019531 0.019531
0 0.273438 0.601564 0.019531 0.019531
0 0.705077 0.627929 0.023439 0.033204
0 0.624998 0.665040 0.019531 0.021483
0 0.893553 0.831054 0.013674 0.013673
0 0.949221 0.914062 0.019531 0.019531
0 0.093749 0.925782 0.019531 0.015624
0 0.091517 0.949061 0.035999 0.024999
