0 0.169922 0.134766 0.019531 0.019531
0 0.582029 0.630859 0.031251 0.035155
0 0.246092 0.924805 0.023439 0.029297
0 0.721679 0.503906 0.021485 0.035155
0 0.730467 0.583986 0.023439 0.023438
0 0.767580 0.546876 0.023439 0.042969
0 0.451174 0.345702 0.019531 0.019531
0 0.660154 0.603517 0.031251 0.035155
0 0.707033 0.540037 0.039062 0.029297
0 0.510744 0.483399 0.017577 0.017580
0 0.068358 0.092773 0.019531 0.021483
0 0.191407 0.289064 0.015623 0.015624
0 0.944337 0.463868 0.033205 0.029297
0 0.753906 0.666993 0.046874 0.037111
0 0.482420 0.952150 0.019531 0.013673
0 0.653320 0.455078 0.033205 0.031248
0 0.958006 0.951171 0.033205 0.031248
0 0.741210 0.626952 0.037108 0.031248
0 0.812500 0.991212 0.015623 0.013673
0 0.862305 0.500975 0.021485 0.021483
0 0.696290 0.468751 0.044920 0.031248
0 0.719922 0.370704 0.024999 0.020313
0 0.085545 0.792579 0.018752 0.020313
0 0.101953 0.779297 0.017187 0.018749
0 0.109764 0.798829 0.023439 0.020313
0 0.476173 0.973048 0.031251 0.018749
