0 0.882812 0.551758 0.019531 0.021483
0 0.811522 0.986330 0.021485 0.019531
0 0.206057 0.306640 0.021485 0.019531
0 0.851561 0.156249 0.019531 0.019531
0 0.858400 0.763673 0.021485 0.023438
0 0.102539 0.720704 0.017577 0.019531
0 0.976564 0.326171 0.015623 0.015624
0 0.860349 0.699218 0.021485 0.019531
0 0.801756 0.047852 0.017577 0.017580
0 0.374998 0.948243 0.023439 0.029297
0 0.915040 0.645507 0.017577 0.017580
0 0.910154 0.994141 0.019531 0.011719
0 0.321289 0.754884 0.037108 0.029297
0 0.747071 0.181639 0.017577 0.019531
0 0.925782 0.962892 0.019531 0.019531
0 0.365232 0.232422 0.039062 0.031248
0 0.943359 0.860353 0.019531 0.021483
0 0.232422 0.394530 0.023439 0.019531
0 0.129881 0.964843 0.021485 0.019531
0 0.853515 0.094725 0.015623 0.013673
0 0.222657 0.923829 0.015623 0.015624
0 0.969725 0.852539 0.017577 0.017580
0 0.388671 0.281250 0.039062 0.031248
0 0.582034 0.381837 0.023439 0.021483
0 0.573240 0.569334 0.037108 0.029297
0 0.362306 0.536134 0.021485 0.021483
0 0.986329 0.242188 0.027341 0.023438
0 0.989256 0.219726 0.021485 0.021483
0 0.428711 0.341795 0.029297 0.035155
0 0.159178 0.152342 0.033205 0.031248
0 0.013672 0.192384 0.015623 0.013673
0 0.239064 0.993359 0.026563 0.013283
0 0.561718 0.385938 0.024999 0.029688
