0 0.703127 0.692381 0.019531 0.021483
0 0.553713 0.664064 0.017577 0.019531
0 0.958986 0.769530 0.019531 0.019531
0 0.848634 0.544922 0.021485 0.019531
0 0.364259 0.181641 0.017577 0.019531
0 0.335939 0.927734 0.019531 0.019531
0 0.060549 0.410155 0.019531 0.019531
0 0.373047 0.559570 0.023439 0.033204
0 0.008789 0.253906 0.017579 0.019531
0 0.333985 0.593750 0.019531 0.019531
0 0.236330 0.842775 0.019531 0.021483
0 0.296877 0.154295 0.019531 0.019531
0 0.882811 0.958986 0.019531 0.019531
0 0.325197 0.827147 0.021485 0.021483
0 0.106446 0.050781 0.021485 0.019531
0 0.083984 0.878906 0.015623 0.015624
0 0.491211 0.405273 0.021485 0.021483
0 0.404298 0.310548 0.019531 0.019531
0 0.063476 0.638670 0.017577 0.019531
0 0.851565 0.437501 0.015623 0.015624
0 0.671016 0.467811 0.020002 0.017500
0 0.537265 0.474687 0.020002 0.016251
0 0.437265 0.290937 0.015000 0.018749
0 0.423515 0.305939 0.017501 0.016251
