0 0.274412 0.277345 0.017577 0.015624
0 0.758787 0.233400 0.017577 0.017580
0 0.332033 0.465821 0.019531 0.017580
0 0.125974 0.319334 0.017577 0.029297
0 0.725587 0.137696 0.017577 0.021483
0 0.309571 0.313476 0.017577 0.017580
0 0.258789 0.405273 0.013674 0.017580
0 0.681639 0.273438 0.015623 0.015624
0 0.118163 0.512694 0.013674 0.017580
0 0.994140 0.332031 0.011720 0.019531
0 0.398438 0.434569 0.019531 0.017580
0 0.143556 0.104492 0.021485 0.021483
0 0.680662 0.067381 0.013674 0.017580
0 0.854493 0.113282 0.017577 0.015624
0 0.364256 0.534180 0.029297 0.029297
0 0.303708 0.540039 0.017577 0.017580
0 0.870116 0.453125 0.017577 0.015624
0 0.527344 0.325197 0.019531 0.017580
0 0.806643 0.207030 0.015623 0.019531
0 0.234377 0.557619 0.019531 0.017580
0 0.714844 0.529298 0.019531 0.019531
0 0.146482 0.465821 0.019531 0.017580
0 0.928709 0.440428 0.021485 0.017580
0 0.125974 0.377931 0.017577 0.017580
0 0.332033 0.417969 0.015623 0.015624
0 0.383787 0.271486 0.013674 0.015624
0 0.540041 0.555663 0.017577 0.013673
0 0.458008 0.448242 0.017577 0.017580
0 0.948241 0.554687 0.021485 0.019531
0 0.779295 0.091795 0.011720 0.015624
0 0.738284 0.469728 0.019531 0.017580
0 0.097422 0.347188 0.030000 0.026252
0 0.046797 0.439061 0.031251 0.024999
0 0.021798 0.417814 0.021252 0.015001
0 0.478046 0.553438 0.023748 0.016251
0 0.431795 0.600937 0.031251 0.023749
0 0.474294 0.618437 0.021252 0.018749
0 0.495547 0.610312 0.016251 0.022500
0 0.178047 0.535312 0.028750 0.019998
0 0.146174 0.567813 0.024999 0.027501
0 0.170544 0.557812 0.023748 0.019998
0 0.851795 0.531564 0.016251 0.024999
0 0.679295 0.555936 0.023748 0.023749
0 0.644298 0.561563 0.021252 0.019998
0 0.929727 0.515348 0.017942 0.020450
0 0.618834 0.280655 0.027636 0.025375
0 0.788574 0.454545 0.029185 0.024418
0 0.735145 0.280131 0.022933 0.023981
0 0.878049 0.527813 0.021252 0.022500
0 0.874920 0.556563 0.020002 0.027501
0 0.760548 0.485937 0.016251 0.021251
0 0.346173 0.232811 0.024999 0.017500
0 0.348046 0.257187 0.028750 0.023749
0 0.136170 0.539686 0.017501 0.016251
0 0.464296 0.532814 0.023748 0.019998
