0 0.625002 0.305664 0.019531 0.021483
0 0.583985 0.752928 0.019531 0.017580
0 0.584963 0.681642 0.021485 0.023438
0 0.016601 0.805663 0.021485 0.021483
0 0.334961 0.458009 0.021485 0.021483
0 0.064452 0.876953 0.015623 0.015624
0 0.887695 0.918946 0.021485 0.021483
0 0.120119 0.959960 0.017577 0.021483
0 0.541992 0.716797 0.021485 0.019531
0 0.721680 0.740235 0.021485 0.019531
0 0.008789 0.031248 0.017578 0.019531
0 0.584963 0.950195 0.021485 0.021483
0 0.348635 0.792970 0.021485 0.023438
0 0.641602 0.932619 0.013674 0.017580
0 0.093748 0.814452 0.019531 0.019531
0 0.450194 0.864256 0.021485 0.021483
0 0.076171 0.659179 0.023439 0.021483
0 0.725584 0.625000 0.021485 0.019531
0 0.724612 0.893557 0.023439 0.033204
0 0.324218 0.773439 0.019531 0.019531
0 0.284179 0.587889 0.021485 0.031248
0 0.227540 0.783204 0.017577 0.019531
0 0.248048 0.778321 0.019531 0.021483
0 0.953123 0.333985 0.019531 0.023438
0 0.936523 0.338867 0.017577 0.017580
0 0.930311 0.360001 0.023748 0.024999
0 0.804063 0.505626 0.018751 0.031248
0 0.805313 0.743751 0.021252 0.022500
