0 0.041013 0.468749 0.019531 0.019531
0 0.636718 0.832030 0.019531 0.019531
0 0.368162 0.541991 0.021485 0.029297
0 0.642580 0.342772 0.019531 0.021483
0 0.832029 0.811523 0.019531 0.021483
0 0.908204 0.357421 0.015623 0.015624
0 0.111326 0.258789 0.019531 0.017580
0 0.099612 0.416994 0.019531 0.017580
0 0.350585 0.430662 0.013674 0.017580
0 0.975586 0.474611 0.017577 0.019531
0 0.122069 0.472656 0.017577 0.015624
0 0.709962 0.269531 0.017577 0.015624
0 0.666991 0.083985 0.013674 0.015624
0 0.221679 0.028319 0.029297 0.021483
0 0.266603 0.544922 0.017577 0.019531
0 0.423829 0.395507 0.015623 0.017580
0 0.436521 0.787109 0.017577 0.019531
0 0.325197 0.158202 0.017577 0.015624
0 0.552736 0.813475 0.015623 0.017580
0 0.046876 0.686522 0.015623 0.017580
0 0.577147 0.490235 0.017577 0.019531
0 0.470703 0.518556 0.011720 0.017580
0 0.245118 0.314451 0.013674 0.015624
0 0.574221 0.284179 0.019531 0.017580
0 0.161131 0.411131 0.017577 0.017580
0 0.302734 0.451173 0.019531 0.015624
0 0.669922 0.566404 0.019531 0.019531
0 0.762693 0.909179 0.009766 0.009766
0 0.128908 0.328124 0.019531 0.019531
0 0.103459 0.498057 0.023920 0.019387
0 0.158301 0.678014 0.017192 0.028837
0 0.158985 0.699219 0.023439 0.017188
0 0.151953 0.724218 0.018751 0.023438
0 0.544924 0.573436 0.023439 0.021874
0 0.445704 0.414062 0.018751 0.015624
0 0.965233 0.292969 0.017187 0.023438
0 0.918360 0.404688 0.026563 0.024999
0 0.883206 0.422655 0.021875 0.017188
0 0.333985 0.286719 0.023439 0.026563
