0 0.897463 0.670897 0.021485 0.029297
0 0.849607 0.789063 0.019531 0.019531
0 0.568360 0.994141 0.019531 0.011719
0 0.755860 0.861329 0.019531 0.019531
0 0.648438 0.443358 0.015623 0.015624
0 0.781248 0.796873 0.019531 0.019531
0 0.815430 0.193360 0.021485 0.023438
0 0.928708 0.624024 0.021485 0.021483
0 0.262696 0.875977 0.021485 0.021483
0 0.370117 0.385744 0.017577 0.017580
0 0.874023 0.811522 0.021485 0.021483
0 0.855469 0.516603 0.023439 0.021483
0 0.843750 0.919922 0.019531 0.019531
0 0.317381 0.838867 0.021485 0.021483
0 0.217771 0.577148 0.021485 0.021483
0 0.662107 0.928712 0.019531 0.021483
0 0.274416 0.353516 0.029297 0.031248
0 0.059568 0.936522 0.021485 0.021483
0 0.355466 0.991211 0.019531 0.017577
0 0.307616 0.890626 0.021485 0.019531
0 0.436522 0.864256 0.021485 0.021483
0 0.393557 0.123046 0.017577 0.015624
0 0.735351 0.899416 0.029297 0.029297
0 0.527277 0.764365 0.019875 0.020404
0 0.529181 0.784180 0.022407 0.022971
0 0.627343 0.870780 0.024999 0.017500
0 0.628593 0.892657 0.022498 0.021251
