0 0.192384 0.446288 0.021485 0.021483
0 0.020507 0.918946 0.021485 0.021483
0 0.683594 0.584962 0.019531 0.021483
0 0.674805 0.527344 0.048828 0.042969
0 0.994141 0.185546 0.011717 0.023438
0 0.688479 0.091797 0.017577 0.031248
0 0.711913 0.083983 0.017577 0.019531
0 0.085935 0.333985 0.019531 0.023438
0 0.069335 0.338867 0.017577 0.017580
0 0.063124 0.360001 0.023748 0.024999
0 0.374999 0.582501 0.027499 0.022500
0 0.460626 0.568749 0.026249 0.024999
0 0.420000 0.840624 0.015000 0.016251
0 0.468751 0.969376 0.017501 0.021251
0 0.451250 0.982498 0.024999 0.022500
