0 0.018554 0.109373 0.021485 0.019531
0 0.177734 0.993165 0.019531 0.013670
0 0.168946 0.422851 0.021485 0.021483
0 0.448244 0.517579 0.021485 0.019531
0 0.555665 0.709959 0.021485 0.021483
0 0.204100 0.276367 0.021485 0.021483
0 0.865232 0.743163 0.023439 0.021483
0 0.572265 0.902343 0.023439 0.023438
0 0.606447 0.833008 0.021485 0.021483
0 0.182620 0.125977 0.021485 0.033204
0 0.389650 0.703125 0.021485 0.019531
0 0.770507 0.762694 0.017577 0.017580
0 0.043948 0.286133 0.021485 0.021483
0 0.192385 0.702149 0.021485 0.021483
0 0.898437 0.987305 0.023439 0.025389
0 0.265624 0.212891 0.023439 0.023438
0 0.583008 0.299805 0.021485 0.021483
0 0.600585 0.327147 0.021485 0.021483
0 0.303709 0.732421 0.021485 0.019531
0 0.469724 0.982423 0.021485 0.019531
0 0.842775 0.868163 0.021485 0.021483
0 0.387696 0.416992 0.021485 0.021483
0 0.487306 0.043945 0.021485 0.021483
0 0.995118 0.925781 0.009765 0.015624
0 0.268556 0.650390 0.021485 0.019531
0 0.773439 0.968750 0.035154 0.039062
0 0.084959 0.739260 0.021485 0.021483
0 0.565431 0.855471 0.021485 0.031248
0 0.583752 0.847657 0.020002 0.021251
0 0.106252 0.723905 0.020002 0.026252
