0 0.166014 0.363281 0.019531 0.019531
0 0.008788 0.054687 0.017577 0.019531
0 0.506837 0.134766 0.017577 0.019531
0 0.168946 0.077149 0.021485 0.017580
0 0.482421 0.671876 0.019531 0.019531
0 0.294921 0.461913 0.015623 0.017580
0 0.068359 0.363281 0.015623 0.015624
0 0.834963 0.020507 0.017577 0.021483
0 0.148437 0.976564 0.019531 0.019531
0 0.931642 0.418944 0.015623 0.017580
0 0.454101 0.499999 0.017577 0.019531
0 0.019531 0.247070 0.011720 0.013673
0 0.391599 0.248046 0.033205 0.031248
0 0.501952 0.566407 0.019531 0.019531
0 0.852540 0.741211 0.017577 0.017580
0 0.070313 0.424806 0.019531 0.017580
0 0.762696 0.709963 0.017577 0.013673
0 0.641601 0.453127 0.021485 0.023438
0 0.896482 0.267577 0.011720 0.015624
0 0.111329 0.098632 0.015623 0.017580
0 0.693360 0.477541 0.019531 0.021483
0 0.907225 0.933595 0.013674 0.015624
0 0.353514 0.217774 0.019531 0.017580
0 0.376953 0.443358 0.015623 0.015624
0 0.760235 0.589298 0.021252 0.031248
0 0.767733 0.619297 0.016251 0.021251
0 0.649610 0.407420 0.024999 0.017500
0 0.627112 0.389920 0.030000 0.024999
0 0.667111 0.438046 0.027499 0.021251
0 0.667733 0.473045 0.016251 0.016251
0 0.660858 0.498048 0.017501 0.023749
0 0.694610 0.520548 0.032501 0.026252
0 0.116797 0.938671 0.019531 0.019531
0 0.263361 0.227422 0.020002 0.024999
0 0.235234 0.223048 0.018752 0.021251
