0 0.441407 0.548827 0.019531 0.019531
0 0.958982 0.811522 0.019531 0.017580
0 0.478515 0.814453 0.019531 0.019531
0 0.511720 0.702149 0.019531 0.017580
0 0.716797 0.777342 0.019531 0.019531
0 0.215822 0.108398 0.021485 0.017580
0 0.498047 0.590821 0.019531 0.021483
0 0.612302 0.744139 0.017577 0.019531
0 0.008789 0.238281 0.017577 0.019531
0 0.335935 0.471679 0.019531 0.017580
0 0.067385 0.889650 0.021485 0.021483
0 0.971679 0.986330 0.017577 0.019531
0 0.034180 0.809570 0.029297 0.029297
0 0.364260 0.080077 0.029297 0.031248
0 0.688478 0.138670 0.017577 0.031248
0 0.092773 0.398437 0.013674 0.015624
0 0.668947 0.855467 0.029297 0.035155
0 0.398437 0.164064 0.023439 0.023438
0 0.327147 0.035156 0.017577 0.035155
0 0.373048 0.471679 0.019531 0.013673
0 0.376952 0.490234 0.023439 0.031248
0 0.458007 0.942381 0.017577 0.017580
0 0.456843 0.963951 0.019000 0.021999
