0 0.408205 0.692383 0.019531 0.021483
0 0.963865 0.269533 0.021485 0.023438
0 0.295899 0.592772 0.021485 0.021483
0 0.195312 0.655272 0.019531 0.021483
0 0.133787 0.729494 0.021485 0.021483
0 0.100588 0.956053 0.021485 0.021483
0 0.642579 0.130859 0.023439 0.031248
0 0.006835 0.761718 0.013670 0.019531
0 0.379881 0.745118 0.017577 0.017580
0 0.647459 0.034179 0.021485 0.021483
0 0.926757 0.860353 0.031251 0.031248
0 0.619140 0.355467 0.019531 0.023438
0 0.318361 0.882811 0.015623 0.015624
0 0.655276 0.661135 0.021485 0.021483
0 0.833010 0.382812 0.021485 0.031248
0 0.916992 0.511720 0.033205 0.023438
0 0.060938 0.786720 0.015623 0.014064
0 0.077346 0.784374 0.017187 0.018749
