0 0.752930 0.886720 0.029297 0.019531
0 0.825197 0.296876 0.017577 0.019531
0 0.792969 0.410155 0.019531 0.019531
0 0.755861 0.142578 0.019531 0.019531
0 0.726564 0.621095 0.019531 0.019531
0 0.811523 0.184572 0.021485 0.021483
0 0.844728 0.742188 0.021485 0.019531
0 0.344725 0.404297 0.029297 0.031248
0 0.733399 0.714843 0.013674 0.015624
0 0.689451 0.078126 0.023439 0.042969
0 0.710936 0.760744 0.023439 0.033204
0 0.985349 0.452149 0.029297 0.037111
0 0.649412 0.066405 0.017577 0.019531
0 0.855471 0.882813 0.035154 0.035155
0 0.940430 0.708009 0.017577 0.017580
0 0.926756 0.338865 0.017577 0.017580
0 0.657228 0.996093 0.017577 0.007814
0 0.772461 0.540039 0.017577 0.021483
0 0.768553 0.558594 0.017577 0.023438
0 0.375784 0.489062 0.020311 0.028123
