0 0.029297 0.398437 0.019531 0.019531
0 0.532226 0.716797 0.021485 0.019531
0 0.009766 0.833984 0.019531 0.019531
0 0.248048 0.213867 0.019531 0.021483
0 0.112302 0.214843 0.029297 0.031248
0 0.256837 0.823242 0.021485 0.021483
0 0.100588 0.157225 0.021485 0.021483
0 0.971682 0.991211 0.017577 0.017577
0 0.993164 0.559568 0.013672 0.021483
0 0.709961 0.965819 0.017577 0.021483
0 0.002930 0.592772 0.005861 0.013673
0 0.926757 0.061525 0.031251 0.031248
0 0.531249 0.659179 0.019531 0.021483
0 0.318361 0.083983 0.015623 0.015624
0 0.025389 0.280274 0.019531 0.021483
0 0.024412 0.303712 0.021485 0.021483
0 0.585940 0.935546 0.015623 0.015624
0 0.194335 0.877929 0.029297 0.021483
0 0.908203 0.528320 0.019531 0.021483
0 0.007812 0.556641 0.015624 0.014064
0 0.931248 0.533985 0.018752 0.028123
0 0.178125 0.895702 0.015623 0.017188
