0 0.821289 0.886720 0.029297 0.019531
0 0.893556 0.296876 0.017577 0.019531
0 0.861328 0.410155 0.019531 0.019531
0 0.824220 0.142578 0.019531 0.019531
0 0.794924 0.621095 0.019531 0.019531
0 0.879882 0.184572 0.021485 0.021483
0 0.913087 0.742188 0.021485 0.019531
0 0.413085 0.404297 0.029297 0.031248
0 0.801758 0.714843 0.013674 0.015624
0 0.757810 0.078126 0.023439 0.042969
0 0.779296 0.760744 0.023439 0.033204
0 0.717771 0.066405 0.017577 0.019531
0 0.923830 0.882813 0.035154 0.035155
0 0.993163 0.338865 0.013673 0.017580
0 0.725588 0.996093 0.017577 0.007814
0 0.017577 0.760744 0.015623 0.017580
0 0.840820 0.540039 0.017577 0.021483
0 0.836912 0.558594 0.017577 0.023438
0 0.444143 0.489062 0.020311 0.028123
