0 0.675781 0.966796 0.019531 0.019531
0 0.760740 0.396483 0.029297 0.031248
0 0.561525 0.668947 0.021485 0.021483
0 0.859377 0.410155 0.019531 0.019531
0 0.806641 0.253906 0.019531 0.019531
0 0.529297 0.754881 0.019531 0.021483
0 0.666015 0.345704 0.019531 0.019531
0 0.208006 0.647460 0.021485 0.021483
0 0.740237 0.760744 0.019531 0.021483
0 0.398437 0.417969 0.019531 0.019531
0 0.024414 0.433594 0.017577 0.019531
0 0.718751 0.261720 0.019531 0.019531
0 0.736328 0.312500 0.019531 0.019531
0 0.350586 0.330079 0.021485 0.019531
0 0.450196 0.442383 0.021485 0.021483
0 0.573240 0.292969 0.021485 0.019531
0 0.029295 0.491211 0.023439 0.021483
0 0.905274 0.050781 0.021485 0.019531
0 0.882812 0.878906 0.015623 0.015624
0 0.112304 0.147461 0.021485 0.021483
0 0.513669 0.525391 0.019531 0.019531
0 0.862304 0.638670 0.017577 0.019531
0 0.560938 0.475781 0.023439 0.026563
0 0.279296 0.356445 0.027343 0.029297
