0 0.023439 0.124025 0.018752 0.020313
0 0.260743 0.154298 0.017187 0.015624
0 0.257812 0.171874 0.015623 0.015624
0 0.281252 0.321288 0.015623 0.017185
0 0.592773 0.195312 0.010940 0.012499
0 0.785158 0.310547 0.015623 0.015624
0 0.946287 0.236329 0.029687 0.021878
0 0.968749 0.287109 0.024999 0.018749
0 0.783203 0.074218 0.021875 0.028123
0 0.759764 0.103515 0.018752 0.024999
0 0.738279 0.155274 0.021875 0.020313
0 0.792969 0.171874 0.015623 0.024999
0 0.338868 0.902343 0.014064 0.015624
0 0.029296 0.729494 0.015623 0.014064
0 0.291017 0.771484 0.015623 0.015624
0 0.266601 0.522462 0.014064 0.014064
0 0.533202 0.762694 0.018752 0.017185
0 0.677736 0.724611 0.015623 0.015624
0 0.810546 0.398437 0.018752 0.015624
0 0.941407 0.541993 0.015623 0.017185
0 0.898436 0.759766 0.028122 0.018749
0 0.796877 0.929688 0.012499 0.012499
0 0.704102 0.970702 0.014064 0.015624
0 0.812500 0.991211 0.024999 0.017577
0 0.950195 0.956054 0.017187 0.020313
0 0.262697 0.843750 0.014064 0.024999
0 0.291751 0.858280 0.024001 0.029600
0 0.167249 0.752780 0.011998 0.017599
0 0.141248 0.736780 0.016802 0.014402
