0 0.105467 0.585938 0.019531 0.019531
0 0.275390 0.103515 0.019531 0.019531
0 0.117186 0.735353 0.019531 0.021483
0 0.556642 0.063477 0.019531 0.021483
0 0.135741 0.938478 0.017577 0.017580
0 0.403319 0.701173 0.017577 0.019531
0 0.463866 0.630859 0.013674 0.015624
0 0.107421 0.154298 0.019531 0.019531
0 0.345703 0.077149 0.019531 0.021483
0 0.069336 0.379882 0.021485 0.021483
0 0.664063 0.420899 0.019531 0.021483
0 0.187500 0.656249 0.019531 0.019531
0 0.390627 0.066408 0.019531 0.019531
0 0.873048 0.041994 0.023439 0.029297
0 0.534180 0.680663 0.017577 0.021483
0 0.091798 0.978516 0.019531 0.019531
0 0.843751 0.537995 0.035154 0.029297
0 0.652343 0.827150 0.019531 0.021483
0 0.551757 0.631835 0.017577 0.021483
0 0.397462 0.125001 0.021485 0.023438
0 0.376953 0.786132 0.019531 0.021483
0 0.761719 0.454103 0.019531 0.021483
0 0.478517 0.279299 0.023439 0.031248
0 0.059570 0.519531 0.017577 0.023438
0 0.249024 0.905274 0.017577 0.017580
0 0.972658 0.847657 0.019531 0.019531
0 0.859374 0.990724 0.041016 0.018553
0 0.490232 0.377930 0.015623 0.017580
0 0.662109 0.994140 0.031251 0.011720
0 0.059570 0.722656 0.017577 0.019531
0 0.311526 0.973633 0.017577 0.017580
0 0.457032 0.238281 0.031251 0.031248
0 0.636721 0.771484 0.019531 0.019531
0 0.139649 0.685545 0.017577 0.019531
0 0.234373 0.565431 0.019531 0.021483
0 0.150391 0.277343 0.029297 0.037111
0 0.585012 0.729441 0.029297 0.031248
0 0.484375 0.822267 0.019531 0.019531
0 0.230470 0.984375 0.019531 0.019531
0 0.162111 0.541017 0.023439 0.019531
0 0.503906 0.808594 0.019531 0.019531
0 0.158203 0.903319 0.019531 0.017580
0 0.400393 0.952147 0.015623 0.017580
0 0.436524 0.931640 0.017577 0.015624
0 0.722307 0.917998 0.021485 0.023438
0 0.054690 0.164064 0.019531 0.023438
0 0.847655 0.850584 0.019531 0.017580
0 0.883902 0.905358 0.031251 0.021483
0 0.927085 0.902992 0.035154 0.035155
0 0.962892 0.959961 0.015623 0.017580
0 0.967773 0.976561 0.017577 0.023438
0 0.123049 0.287109 0.019531 0.019531
0 0.009178 0.405704 0.018356 0.024999
0 0.008178 0.525181 0.016357 0.024999
0 0.004804 0.735079 0.009608 0.023749
0 0.673358 0.925079 0.017501 0.018749
0 0.706487 0.950704 0.026249 0.017500
0 0.706487 0.977578 0.013750 0.013748
0 0.310858 0.890702 0.017501 0.019998
0 0.390232 0.869455 0.021252 0.022500
0 0.112109 0.919452 0.015000 0.017500
0 0.254608 0.979454 0.022498 0.019998
0 0.472108 0.499453 0.015000 0.024999
0 0.445859 0.492577 0.030000 0.028750
0 0.853517 0.873046 0.023439 0.023438
