0 0.250002 0.568359 0.015623 0.019531
0 0.730469 0.398437 0.019531 0.019531
0 0.208009 0.670897 0.021485 0.029297
0 0.311522 0.759767 0.017577 0.019531
0 0.576174 0.466796 0.019531 0.015624
0 0.312499 0.045897 0.019531 0.017580
0 0.279299 0.115236 0.019531 0.019531
0 0.109376 0.757811 0.015623 0.015624
0 0.548826 0.081056 0.019531 0.017580
0 0.804685 0.355468 0.019531 0.019531
0 0.610351 0.797853 0.021485 0.017580
0 0.195312 0.321288 0.019531 0.017580
0 0.176758 0.875002 0.017577 0.019531
0 0.280271 0.944337 0.017577 0.021483
0 0.605471 0.201170 0.019531 0.019531
0 0.479490 0.179688 0.033205 0.031248
0 0.174804 0.195312 0.021485 0.015624
0 0.859375 0.458006 0.019531 0.017580
0 0.703126 0.139650 0.011720 0.017580
0 0.410154 0.249998 0.019531 0.019531
0 0.427736 0.285157 0.019531 0.019531
0 0.208009 0.229491 0.017577 0.017580
0 0.760743 0.517579 0.017577 0.019531
0 0.894529 0.473634 0.023439 0.029297
0 0.440428 0.602538 0.017577 0.017580
0 0.344727 0.827150 0.017577 0.013673
0 0.796874 0.272461 0.019531 0.017580
0 0.914060 0.216798 0.015623 0.019531
0 0.166405 0.693359 0.017187 0.023438
0 0.119532 0.805079 0.026563 0.024999
0 0.084377 0.823045 0.021875 0.017188
0 0.278124 0.808986 0.015623 0.023438
0 0.361716 0.791015 0.020311 0.028123
0 0.427342 0.730861 0.017187 0.020313
0 0.850000 0.996288 0.028127 0.007424
0 0.841409 0.933983 0.020311 0.026563
0 0.919533 0.886328 0.023439 0.024999
0 0.877342 0.507423 0.023439 0.023438
0 0.414842 0.705077 0.010935 0.018749
0 0.289935 0.057455 0.018002 0.023001
0 0.268440 0.067452 0.022999 0.029001
