0 0.662109 0.355467 0.019531 0.019531
0 0.337892 0.496092 0.019531 0.019531
0 0.854494 0.135742 0.021485 0.021483
0 0.717771 0.047852 0.021485 0.021483
0 0.180665 0.593752 0.029297 0.031248
0 0.448244 0.528320 0.021485 0.021483
0 0.628904 0.758790 0.019531 0.021483
0 0.909179 0.117187 0.013674 0.015624
0 0.278321 0.605469 0.021485 0.019531
0 0.182620 0.703124 0.021485 0.019531
0 0.140626 0.587889 0.019531 0.019531
0 0.989259 0.079101 0.021482 0.033204
0 0.332029 0.056642 0.015623 0.015624
0 0.251956 0.414061 0.019531 0.019531
0 0.018554 0.106446 0.017577 0.017580
0 0.076170 0.498048 0.015623 0.015624
0 0.943361 0.463868 0.023439 0.021483
0 0.505860 0.374999 0.035154 0.031248
0 0.388673 0.140625 0.019531 0.019531
0 0.004885 0.019531 0.009766 0.019531
0 0.066405 0.907226 0.019531 0.029297
0 0.048124 0.932422 0.011249 0.015001
0 0.068749 0.935546 0.020002 0.021251
