0 0.896483 0.671876 0.019531 0.019531
0 0.398439 0.459961 0.019531 0.021483
0 0.950196 0.863281 0.017577 0.015624
0 0.254882 0.660155 0.021485 0.019531
0 0.980470 0.235350 0.031251 0.029297
0 0.291990 0.553710 0.017577 0.017580
0 0.948242 0.819336 0.021485 0.021483
0 0.182620 0.772459 0.017577 0.017580
0 0.208008 0.646483 0.021485 0.019531
0 0.719725 0.557617 0.021485 0.021483
0 0.443359 0.882812 0.023439 0.023438
0 0.645509 0.721680 0.021485 0.021483
0 0.228516 0.701173 0.023439 0.031248
0 0.722657 0.482424 0.019531 0.019531
0 0.126952 0.765625 0.019531 0.023438
0 0.547854 0.483400 0.021485 0.021483
0 0.066405 0.108397 0.019531 0.029297
0 0.258790 0.232422 0.029297 0.019531
0 0.048124 0.133593 0.011249 0.015001
0 0.068749 0.136718 0.020002 0.021251
