0 0.375977 0.308595 0.021485 0.019531
0 0.929688 0.626952 0.019531 0.019531
0 0.619139 0.978516 0.031251 0.023438
0 0.950196 0.064453 0.017577 0.015624
0 0.299806 0.922850 0.021485 0.021483
0 0.485352 0.713866 0.021485 0.021483
0 0.303709 0.816405 0.013674 0.015624
0 0.948242 0.020508 0.021485 0.021483
0 0.641601 0.252929 0.021485 0.021483
0 0.443359 0.083984 0.023439 0.023438
0 0.904299 0.522462 0.031251 0.037111
0 0.632812 0.854297 0.028127 0.023438
0 0.843752 0.876171 0.024999 0.035937
0 0.123439 0.843359 0.024999 0.029688
