0 0.027342 0.142577 0.023439 0.023438
0 0.893556 0.697266 0.017577 0.019531
0 0.861328 0.810546 0.019531 0.019531
0 0.824220 0.542969 0.019531 0.019531
0 0.380862 0.232423 0.031251 0.019531
0 0.780273 0.158205 0.021485 0.023438
0 0.879882 0.584962 0.021485 0.021483
0 0.473632 0.392578 0.013674 0.015624
0 0.413085 0.804688 0.029297 0.031248
0 0.757810 0.478517 0.023439 0.042969
0 0.745119 0.073242 0.029297 0.033204
0 0.008788 0.041014 0.017577 0.019531
0 0.717771 0.466796 0.017577 0.019531
0 0.595704 0.101563 0.019531 0.019531
0 0.708006 0.027342 0.017577 0.035155
0 0.342772 0.249022 0.017577 0.017580
0 0.993163 0.739256 0.013673 0.017580
0 0.840820 0.940430 0.017577 0.021483
0 0.836912 0.958985 0.017577 0.023438
0 0.444143 0.889453 0.020311 0.028123
