0 0.364260 0.247070 0.021485 0.021483
0 0.110350 0.284181 0.021485 0.021483
0 0.323244 0.534179 0.021485 0.021483
0 0.523435 0.469727 0.019531 0.021483
0 0.631838 0.169922 0.021485 0.023438
0 0.872069 0.829101 0.021485 0.021483
0 0.872069 0.032228 0.017577 0.017580
0 0.252930 0.306640 0.029297 0.031248
0 0.775391 0.880860 0.023439 0.035155
0 0.904297 0.689452 0.023439 0.039062
0 0.890623 0.681642 0.019531 0.019531
0 0.007422 0.158672 0.014844 0.022500
0 0.886720 0.701796 0.021252 0.018749
0 0.802971 0.871170 0.023748 0.045001
0 0.893595 0.941796 0.032501 0.026252
0 0.891717 0.967421 0.033752 0.022500
0 0.370467 0.968670 0.023748 0.022500
0 0.354844 0.991211 0.020002 0.017577
0 0.988672 0.019922 0.022656 0.022500
