0 0.261721 0.940429 0.015623 0.017580
0 0.569334 0.951171 0.017577 0.019531
0 0.482421 0.781249 0.019531 0.031248
0 0.731445 0.590821 0.017577 0.021483
0 0.774415 0.890626 0.017577 0.019531
0 0.148437 0.177736 0.019531 0.019531
0 0.949218 0.878905 0.015623 0.019531
0 0.787107 0.364257 0.023439 0.029297
0 0.882814 0.398437 0.015623 0.011717
0 0.091798 0.703125 0.019531 0.019531
0 0.429690 0.885743 0.015623 0.013673
0 0.818358 0.905274 0.019531 0.017580
0 0.443358 0.413085 0.015623 0.013673
0 0.982423 0.402344 0.015623 0.015624
0 0.155272 0.778322 0.013674 0.017580
0 0.907225 0.134767 0.013674 0.015624
0 0.360354 0.425782 0.017577 0.019531
0 0.116797 0.139843 0.019531 0.019531
0 0.831642 0.854688 0.029687 0.029688
0 0.075861 0.362655 0.022498 0.023749
0 0.341486 0.770781 0.026249 0.024999
