0 0.731444 0.400392 0.017577 0.015624
0 0.436523 0.166015 0.021485 0.019531
0 0.447266 0.764649 0.019531 0.017580
0 0.408203 0.127929 0.015623 0.017580
0 0.618166 0.991211 0.021485 0.017577
0 0.066404 0.743163 0.023439 0.021483
0 0.858396 0.936522 0.021485 0.021483
0 0.771483 0.767577 0.023439 0.031248
0 0.381838 0.690428 0.021485 0.021483
0 0.099609 0.987305 0.023439 0.025389
0 0.552733 0.927733 0.019531 0.019531
0 0.043947 0.868163 0.021485 0.021483
0 0.200196 0.925781 0.017577 0.015624
0 0.365233 0.351561 0.019531 0.019531
0 0.719922 0.871406 0.015000 0.023749
0 0.636796 0.758282 0.018752 0.017500
0 0.648672 0.413905 0.017501 0.021251
