0 0.565430 0.101563 0.021485 0.019531
0 0.126951 0.513672 0.023439 0.031248
0 0.764649 0.770508 0.021485 0.021483
0 0.011719 0.304688 0.023438 0.035155
0 0.446289 0.650390 0.021485 0.023438
0 0.130860 0.417968 0.019531 0.019531
0 0.823242 0.833984 0.017577 0.019531
0 0.371095 0.336913 0.015623 0.017580
0 0.828123 0.891602 0.023439 0.021483
0 0.789060 0.961912 0.019531 0.021483
0 0.928709 0.166015 0.021485 0.019531
0 0.911133 0.547852 0.021485 0.021483
0 0.104494 0.736329 0.021485 0.023438
0 0.486328 0.042579 0.029686 0.024999
0 0.338670 0.273827 0.015623 0.021874
0 0.516602 0.056642 0.033205 0.027345
0 0.317382 0.763674 0.021485 0.027345
