0 0.736330 0.188475 0.019531 0.021483
0 0.870117 0.053712 0.021485 0.021483
0 0.577150 0.531249 0.029297 0.023438
0 0.141603 0.330079 0.029297 0.023438
0 0.505860 0.257813 0.023439 0.031248
0 0.545899 0.155275 0.021485 0.021483
0 0.073244 0.271486 0.021485 0.023438
0 0.208008 0.258789 0.021485 0.021483
0 0.462890 0.278320 0.019531 0.021483
0 0.075193 0.477539 0.021485 0.021483
0 0.606447 0.346679 0.021485 0.021483
0 0.407227 0.344728 0.021485 0.021483
0 0.332029 0.796875 0.023439 0.023438
0 0.166992 0.072264 0.017577 0.019531
0 0.167969 0.554687 0.023439 0.023438
0 0.049805 0.562501 0.029297 0.023438
0 0.471678 0.458983 0.021485 0.023438
0 0.594727 0.753906 0.021485 0.019531
0 0.134764 0.818357 0.019531 0.019531
0 0.050782 0.801758 0.023439 0.021483
0 0.907033 0.381250 0.020311 0.021874
0 0.658596 0.376561 0.017187 0.018749
0 0.642188 0.410938 0.021875 0.021874
0 0.574219 0.397656 0.020311 0.017188
0 0.415626 0.392189 0.021875 0.018749
0 0.378908 0.408595 0.017187 0.023438
0 0.722383 0.312276 0.020321 0.018267
0 0.708750 0.287813 0.022498 0.019998
0 0.985623 0.594061 0.021252 0.024999
