0 0.165037 0.269533 0.021485 0.023438
0 0.543945 0.456054 0.017577 0.021483
0 0.973635 0.463868 0.021485 0.021483
0 0.727537 0.669921 0.021485 0.023438
0 0.873048 0.350584 0.019531 0.021483
0 0.633789 0.166990 0.021485 0.029297
0 0.921876 0.440430 0.019531 0.021483
0 0.485352 0.392578 0.021485 0.023438
0 0.364257 0.642579 0.021485 0.023438
0 0.508791 0.583986 0.021485 0.023438
0 0.127929 0.860353 0.031251 0.031248
0 0.801758 0.381837 0.021485 0.029297
0 0.371096 0.825194 0.019531 0.021483
0 0.034182 0.382812 0.021485 0.031248
0 0.118164 0.511720 0.033205 0.023438
0 0.548137 0.516553 0.017187 0.031248
0 0.313672 0.924220 0.024999 0.029688
0 0.467112 0.706876 0.037498 0.028750
0 0.497735 0.713125 0.021252 0.028750
