0 0.879885 0.960938 0.014064 0.015624
0 0.706054 0.943358 0.020311 0.018749
0 0.547850 0.926758 0.017187 0.017185
0 0.610352 0.792968 0.020311 0.021878
0 0.626952 0.778319 0.015623 0.014064
0 0.722659 0.765626 0.015623 0.015624
0 0.669922 0.683595 0.015623 0.015624
0 0.509765 0.770509 0.012499 0.014064
0 0.406252 0.735350 0.031251 0.029688
0 0.864257 0.765626 0.010940 0.012499
0 0.924804 0.742188 0.010940 0.012499
0 0.980466 0.768554 0.012499 0.014064
0 0.995899 0.763671 0.008201 0.015624
0 0.722659 0.585939 0.018751 0.015624
0 0.848634 0.373049 0.017187 0.015624
0 0.589844 0.333983 0.015623 0.015624
0 0.007813 0.627929 0.015623 0.023438
0 0.011716 0.701171 0.015623 0.015624
0 0.512696 0.059571 0.014064 0.014064
0 0.425783 0.055664 0.015623 0.010939
