0 0.531249 0.545900 0.019531 0.017580
0 0.261721 0.033204 0.035154 0.035155
0 0.924802 0.719725 0.017577 0.029297
0 0.450193 0.744139 0.017577 0.015624
0 0.835935 0.341795 0.019531 0.019531
0 0.501952 0.877929 0.023439 0.021483
0 0.415039 0.218750 0.029297 0.019531
0 0.916991 0.913085 0.013674 0.017580
0 0.613281 0.695311 0.015623 0.023438
0 0.942384 0.504882 0.021485 0.021483
0 0.644532 0.166015 0.015623 0.015624
0 0.169923 0.986330 0.023439 0.023438
0 0.076170 0.109373 0.019531 0.015624
0 0.945311 0.866212 0.019531 0.017580
0 0.428713 0.284182 0.017577 0.017580
0 0.708983 0.778322 0.015623 0.017580
0 0.532226 0.067384 0.029297 0.033204
0 0.924802 0.778322 0.017577 0.017580
0 0.720703 0.908202 0.023439 0.023438
0 0.674806 0.871095 0.021485 0.019531
0 0.345703 0.945312 0.015623 0.019531
0 0.119141 0.373047 0.015623 0.019531
0 0.500975 0.845701 0.017577 0.023438
0 0.024416 0.865232 0.021485 0.019531
0 0.280624 0.115076 0.016251 0.026252
0 0.252502 0.110702 0.017501 0.024999
0 0.100627 0.413830 0.023748 0.033750
0 0.122502 0.487576 0.017501 0.018749
0 0.896250 0.747579 0.030000 0.026252
0 0.845625 0.839452 0.031251 0.024999
0 0.820626 0.818204 0.021252 0.015001
0 0.726251 0.862578 0.024999 0.018749
0 0.474376 0.970702 0.016251 0.017500
0 0.471248 0.992226 0.012499 0.015548
0 0.375000 0.964452 0.030000 0.032501
0 0.976875 0.935702 0.028750 0.019998
0 0.945002 0.968204 0.024999 0.027501
0 0.969373 0.958203 0.023748 0.019998
0 0.934998 0.940076 0.017501 0.016251
0 0.138748 0.506329 0.017501 0.018749
