0 0.839841 0.468749 0.019531 0.019531
0 0.324221 0.354493 0.015623 0.017580
0 0.354494 0.227537 0.017577 0.017580
0 0.910154 0.258789 0.019531 0.017580
0 0.898440 0.416994 0.019531 0.017580
0 0.284181 0.178709 0.013674 0.013673
0 0.198240 0.332031 0.017577 0.019531
0 0.484373 0.542970 0.023439 0.019531
0 0.667969 0.396483 0.019531 0.023438
0 0.920897 0.472656 0.017577 0.015624
0 0.405271 0.274413 0.029297 0.021483
0 0.055665 0.113282 0.017577 0.015624
0 0.659181 0.083009 0.021485 0.021483
0 0.676758 0.540039 0.037108 0.029297
0 0.071288 0.453125 0.017577 0.015624
0 0.007814 0.207030 0.015623 0.019531
0 0.736328 0.672850 0.019531 0.021483
0 0.129881 0.440428 0.021485 0.017580
0 0.845704 0.686522 0.015623 0.017580
0 0.472658 0.371093 0.019531 0.019531
0 0.959959 0.411131 0.017577 0.017580
0 0.213868 0.417969 0.021485 0.019531
0 0.369140 0.178709 0.011720 0.017580
0 0.791014 0.388673 0.015623 0.011717
0 0.761717 0.458007 0.015623 0.017580
0 0.149413 0.554687 0.021485 0.019531
0 0.687501 0.620119 0.023439 0.013673
0 0.927736 0.328124 0.019531 0.019531
0 0.627930 0.570311 0.021485 0.019531
0 0.052967 0.531564 0.016251 0.024999
0 0.450009 0.318286 0.022361 0.022033
0 0.527510 0.502158 0.020949 0.020116
0 0.787232 0.512219 0.018179 0.018422
0 0.555491 0.470457 0.017445 0.018183
0 0.902287 0.498057 0.023920 0.019387
0 0.259765 0.478602 0.017481 0.017925
0 0.309519 0.374469 0.022913 0.025257
0 0.229344 0.497738 0.024897 0.019284
0 0.629332 0.542777 0.021303 0.019524
0 0.130899 0.515348 0.017942 0.020450
0 0.707629 0.438047 0.020417 0.023636
0 0.704652 0.630329 0.023860 0.019201
0 0.490974 0.469778 0.024994 0.016099
0 0.670546 0.414059 0.021106 0.026407
0 0.957129 0.678014 0.017192 0.028837
0 0.527343 0.523439 0.017501 0.016251
0 0.506096 0.607813 0.012499 0.027501
0 0.528594 0.605311 0.020002 0.024999
0 0.377341 0.587189 0.022498 0.021251
0 0.394220 0.610312 0.018752 0.022500
0 0.079221 0.527813 0.021252 0.022500
0 0.076092 0.556563 0.020002 0.027501
0 0.223593 0.249688 0.024999 0.028750
0 0.957813 0.699219 0.023439 0.017188
0 0.950781 0.724218 0.018751 0.023438
0 0.295471 0.047186 0.018752 0.026252
0 0.267971 0.045314 0.026249 0.024999
