0 0.414062 0.161132 0.031251 0.029297
0 0.261721 0.832032 0.035154 0.035155
0 0.406250 0.355468 0.015623 0.015624
0 0.675783 0.268553 0.015623 0.017580
0 0.110352 0.096680 0.017577 0.017580
0 0.437501 0.056642 0.019531 0.015624
0 0.612304 0.390627 0.021485 0.019531
0 0.644532 0.964843 0.015623 0.015624
0 0.843752 0.643556 0.015623 0.013673
0 0.946288 0.748046 0.037108 0.031248
0 0.076170 0.908202 0.019531 0.015624
0 0.532226 0.866212 0.029297 0.033204
0 0.554688 0.199219 0.019531 0.019531
0 0.074216 0.172853 0.019531 0.017580
0 0.874025 0.090822 0.013674 0.013673
0 0.878906 0.626952 0.023439 0.019531
0 0.787502 0.617031 0.019531 0.019531
0 0.280624 0.913904 0.016251 0.026252
0 0.252502 0.909530 0.017501 0.024999
0 0.806876 0.035467 0.026249 0.023749
0 0.789375 0.059220 0.023748 0.021251
