0 0.254884 0.283201 0.013674 0.019531
0 0.377928 0.379881 0.017577 0.017580
0 0.033202 0.499999 0.019531 0.015624
0 0.279295 0.367188 0.023439 0.023438
0 0.260741 0.733397 0.017577 0.017580
0 0.383790 0.611327 0.017577 0.019531
0 0.195313 0.941405 0.019531 0.019531
0 0.076172 0.449220 0.019531 0.015624
0 0.682619 0.150390 0.017577 0.019531
0 0.557616 0.814452 0.017577 0.019531
0 0.656249 0.897460 0.015623 0.017580
0 0.089846 0.264650 0.019531 0.017580
0 0.992187 0.437499 0.015625 0.019531
0 0.081052 0.641600 0.017577 0.021483
0 0.049807 0.727538 0.017577 0.017580
0 0.809572 0.374998 0.021485 0.023438
0 0.324220 0.223632 0.015623 0.017580
0 0.615232 0.123045 0.019531 0.019531
0 0.693362 0.531251 0.019531 0.031248
0 0.724608 0.279298 0.019531 0.019531
0 0.652346 0.564455 0.019531 0.019531
0 0.235352 0.233398 0.017577 0.017580
0 0.754881 0.266601 0.017577 0.029297
0 0.873045 0.634765 0.019531 0.019531
0 0.184570 0.317385 0.017577 0.017580
0 0.403321 0.850587 0.013674 0.013673
0 0.651014 0.801873 0.027500 0.031248
0 0.859766 0.445001 0.022498 0.022500
0 0.420392 0.017500 0.018751 0.019998
