0 0.976560 0.818360 0.015623 0.019531
0 0.607423 0.466796 0.019531 0.019531
0 0.646485 0.811522 0.019531 0.029297
0 0.406249 0.739256 0.019531 0.021483
0 0.371095 0.789063 0.019531 0.019531
0 0.479494 0.756836 0.021485 0.021483
0 0.460940 0.974609 0.019531 0.019531
0 0.470705 0.616211 0.019531 0.017580
0 0.537110 0.872071 0.023439 0.021483
0 0.379884 0.872071 0.017577 0.013673
0 0.843751 0.889650 0.023439 0.029297
0 0.381838 0.695311 0.017577 0.019531
0 0.305663 0.308595 0.021485 0.031248
0 0.826174 0.440431 0.019531 0.017580
0 0.828123 0.459962 0.019531 0.021483
0 0.305663 0.794922 0.021485 0.019531
0 0.337890 0.448829 0.023439 0.021874
0 0.723673 0.178830 0.027499 0.013748
0 0.722554 0.159409 0.017501 0.019998
0 0.953126 0.600678 0.028127 0.020313
0 0.961327 0.625391 0.020311 0.015624
0 0.324920 0.486327 0.020002 0.011250
0 0.528752 0.983000 0.019116 0.015932
0 0.393340 0.838559 0.022305 0.022303
0 0.465557 0.362222 0.024427 0.023366
0 0.805949 0.165742 0.027616 0.023366
0 0.817633 0.146093 0.027616 0.022303
