0 0.272462 0.985350 0.033205 0.021483
0 0.440430 0.452147 0.021485 0.021483
0 0.989256 0.704101 0.017577 0.021483
0 0.162109 0.826170 0.015623 0.019531
0 0.867189 0.295898 0.015623 0.017580
0 0.686523 0.787108 0.021485 0.023438
0 0.198240 0.446289 0.013674 0.013673
0 0.213868 0.871095 0.017577 0.015624
0 0.253908 0.164063 0.015623 0.015624
0 0.944336 0.198243 0.017577 0.017580
0 0.446288 0.699218 0.017577 0.019531
0 0.821287 0.007812 0.017577 0.015625
0 0.291016 0.588865 0.015623 0.017580
0 0.291993 0.189453 0.017577 0.019531
0 0.421876 0.603517 0.019531 0.019531
0 0.373048 0.810546 0.019531 0.019531
0 0.029295 0.310547 0.015623 0.019531
0 0.337889 0.288084 0.019531 0.021483
0 0.423830 0.065428 0.023439 0.029297
0 0.181640 0.292967 0.019531 0.019531
0 0.037111 0.193360 0.023439 0.023438
0 0.061092 0.499532 0.019531 0.019531
0 0.457344 0.340781 0.019531 0.019531
0 0.094844 0.853280 0.019531 0.019531
0 0.206092 0.813280 0.019531 0.019531
0 0.722968 0.022345 0.018751 0.019998
0 0.737346 0.035467 0.017501 0.021251
0 0.753592 0.059843 0.020002 0.022500
0 0.168802 0.148192 0.017040 0.028461
