0 0.449220 0.947264 0.023439 0.023438
0 0.045901 0.875002 0.029297 0.019531
0 0.098632 0.987306 0.021485 0.021483
0 0.365233 0.871095 0.019531 0.019531
0 0.228515 0.608400 0.019531 0.017580
0 0.901367 0.416992 0.017577 0.021483
0 0.086912 0.654297 0.021485 0.019531
0 0.302736 0.979492 0.035154 0.041015
0 0.265623 0.334961 0.023439 0.021483
0 0.045901 0.804687 0.021485 0.019531
0 0.389649 0.930664 0.037108 0.056642
0 0.429689 0.846681 0.019531 0.017580
0 0.462889 0.397461 0.042971 0.033204
0 0.943360 0.228515 0.027343 0.035155
