0 0.991212 0.740236 0.014064 0.015624
0 0.919922 0.768556 0.015623 0.017185
0 0.662109 0.841798 0.012499 0.015624
0 0.602538 0.778322 0.017187 0.017185
0 0.666017 0.898436 0.015623 0.015624
0 0.626955 0.969726 0.015623 0.017185
0 0.237304 0.892578 0.014064 0.012499
0 0.153323 0.766601 0.014064 0.017185
0 0.284178 0.655273 0.017187 0.017185
0 0.751953 0.553710 0.015623 0.017185
0 0.407227 0.103515 0.014064 0.015624
0 0.177734 0.277343 0.018752 0.018749
0 0.209962 0.338868 0.010940 0.014064
0 0.865237 0.130860 0.012499 0.012499
0 0.772461 0.171874 0.014064 0.015624
0 0.880860 0.199219 0.024999 0.031248
0 0.331057 0.044921 0.014064 0.024999
0 0.360111 0.059452 0.024001 0.029600
