0 0.300783 0.342775 0.019531 0.021483
0 0.207030 0.902343 0.019531 0.019531
0 0.488283 0.862305 0.019531 0.021483
0 0.289063 0.190429 0.015623 0.017580
0 0.175779 0.546876 0.019531 0.019531
0 0.039062 0.953126 0.019531 0.019531
0 0.545899 0.114256 0.023439 0.033204
0 0.277343 0.875977 0.019531 0.021483
0 0.565430 0.751953 0.017577 0.019531
0 0.006837 0.638673 0.013673 0.019531
0 0.407227 0.639649 0.017577 0.021483
0 0.458009 0.337892 0.021485 0.023438
0 0.091798 0.443358 0.019531 0.019531
0 0.322268 0.865236 0.019531 0.019531
0 0.804689 0.840822 0.023439 0.029297
0 0.576173 0.391603 0.019531 0.021483
0 0.990234 0.350585 0.015623 0.021483
0 0.329102 0.923829 0.021485 0.023438
0 0.947264 0.059570 0.019531 0.021483
0 0.081055 0.248046 0.033205 0.023438
0 0.104494 0.193360 0.017577 0.019531
0 0.414061 0.240232 0.019531 0.019531
0 0.374999 0.214843 0.019531 0.019531
0 0.560545 0.502931 0.023439 0.021483
0 0.539064 0.655273 0.019531 0.021483
0 0.148437 0.357423 0.019531 0.019531
0 0.023439 0.267578 0.015623 0.015624
0 0.317383 0.495117 0.017577 0.017580
0 0.873827 0.103480 0.031251 0.037502
0 0.863282 0.086717 0.020311 0.018749
0 0.045911 0.262281 0.021242 0.018586
