0 0.958982 0.596679 0.019531 0.021483
0 0.834961 0.314454 0.017577 0.019531
0 0.505858 0.152342 0.019531 0.019531
0 0.860349 0.393554 0.021485 0.021483
0 0.524412 0.431641 0.017577 0.019531
0 0.731443 0.033204 0.021485 0.019531
0 0.558594 0.367189 0.019531 0.019531
0 0.856446 0.699218 0.021485 0.023438
0 0.875977 0.056642 0.017577 0.019531
0 0.700197 0.331054 0.021485 0.021483
0 0.663084 0.166991 0.021485 0.021483
0 0.236331 0.182619 0.023439 0.029297
0 0.777345 0.708007 0.023439 0.017580
0 0.914063 0.617186 0.019531 0.019531
0 0.599611 0.273436 0.039062 0.046876
0 0.234032 0.143541 0.023439 0.041014
0 0.010464 0.964570 0.020929 0.023366
0 0.018805 0.944921 0.027616 0.022303
