0 0.467773 0.239256 0.021485 0.021483
0 0.594725 0.759766 0.017577 0.019531
0 0.500001 0.793946 0.019531 0.021483
0 0.388671 0.767576 0.015623 0.015624
0 0.449219 0.463868 0.019531 0.021483
0 0.009766 0.458985 0.019532 0.031248
0 0.983399 0.858398 0.021485 0.021483
0 0.929686 0.458985 0.019531 0.019531
0 0.668947 0.934570 0.021485 0.021483
0 0.750002 0.993165 0.019531 0.013671
0 0.639650 0.505858 0.029297 0.039062
0 0.687501 0.425782 0.019531 0.019531
0 0.382814 0.673828 0.019531 0.019531
0 0.480470 0.351564 0.019531 0.019531
0 0.582034 0.392578 0.019531 0.019531
0 0.038088 0.539061 0.021485 0.019531
0 0.061522 0.048828 0.013674 0.015624
0 0.699220 0.982422 0.019531 0.019531
0 0.368163 0.811525 0.029297 0.033204
0 0.941405 0.634765 0.019531 0.019531
0 0.306639 0.121094 0.019531 0.019531
0 0.412111 0.196291 0.019531 0.021483
0 0.408202 0.938477 0.031251 0.021483
0 0.345701 0.132811 0.023439 0.042969
0 0.861327 0.974608 0.019531 0.015624
0 0.861327 0.993165 0.035154 0.013671
0 0.508789 0.936522 0.037108 0.041014
0 0.428711 0.590820 0.017577 0.017580
0 0.424802 0.612303 0.021485 0.021483
