0 0.763672 0.255861 0.019531 0.019531
0 0.800780 0.238281 0.031251 0.019531
0 0.449220 0.148436 0.023439 0.023438
0 0.866213 0.889650 0.021485 0.021483
0 0.045901 0.076174 0.029297 0.019531
0 0.146482 0.273436 0.019531 0.019531
0 0.098632 0.188477 0.021485 0.021483
0 0.833008 0.809570 0.029297 0.029297
0 0.365233 0.072267 0.019531 0.019531
0 0.891601 0.398437 0.013674 0.015624
0 0.302736 0.184571 0.035154 0.048828
0 0.051758 0.876953 0.021485 0.019531
0 0.045901 0.007812 0.021485 0.015625
0 0.389649 0.131836 0.037108 0.056642
0 0.429689 0.047853 0.019531 0.017580
0 0.154299 0.555666 0.035154 0.029297
0 0.013673 0.791991 0.019531 0.021483
