0 0.457032 0.078125 0.023439 0.023438
0 0.300783 0.791991 0.019531 0.021483
0 0.844729 0.076174 0.029297 0.019531
0 0.405273 0.027342 0.017577 0.019531
0 0.945311 0.273436 0.019531 0.019531
0 0.148438 0.945312 0.019531 0.019531
0 0.897460 0.188477 0.021485 0.021483
0 0.737302 0.279299 0.021485 0.019531
0 0.721680 0.461913 0.017577 0.017580
0 0.291018 0.916016 0.023439 0.023438
0 0.569334 0.386720 0.021485 0.019531
0 0.850586 0.876953 0.021485 0.019531
0 0.769530 0.941405 0.019531 0.019531
0 0.844729 0.007812 0.021485 0.015625
0 0.658201 0.722656 0.019531 0.019531
0 0.336914 0.388672 0.037108 0.019531
0 0.953127 0.555666 0.035154 0.029297
0 0.812501 0.791991 0.019531 0.021483
0 0.795901 0.796874 0.021485 0.019531
