0 0.091798 0.124025 0.018752 0.020313
0 0.329103 0.154298 0.017187 0.015624
0 0.326172 0.171874 0.015623 0.015624
0 0.349611 0.321288 0.015623 0.017185
0 0.661132 0.195312 0.010940 0.012499
0 0.853517 0.310547 0.015623 0.015624
0 0.851563 0.074218 0.021875 0.028123
0 0.828124 0.103515 0.018752 0.024999
0 0.806638 0.155274 0.021875 0.020313
0 0.861328 0.171874 0.015623 0.024999
0 0.407227 0.902343 0.014064 0.015624
0 0.097655 0.729494 0.015623 0.014064
0 0.067382 0.585938 0.020311 0.018749
0 0.359376 0.771484 0.015623 0.015624
0 0.334960 0.522462 0.014064 0.014064
0 0.601561 0.762694 0.018752 0.017185
0 0.746096 0.724611 0.015623 0.015624
0 0.878905 0.398437 0.018752 0.015624
0 0.966795 0.759766 0.028122 0.018749
0 0.865237 0.929688 0.012499 0.012499
0 0.772461 0.970702 0.014064 0.015624
0 0.880860 0.991211 0.024999 0.017577
0 0.331057 0.843750 0.014064 0.024999
0 0.360111 0.858280 0.024001 0.029600
0 0.235608 0.752780 0.011998 0.017599
0 0.209608 0.736780 0.016802 0.014402
