0 0.970703 0.829101 0.015623 0.014064
0 0.922853 0.740236 0.014064 0.015624
0 0.851562 0.768556 0.015623 0.017185
0 0.593750 0.841798 0.012499 0.015624
0 0.534179 0.778322 0.017187 0.017185
0 0.597658 0.898436 0.015623 0.015624
0 0.558596 0.969726 0.015623 0.017185
0 0.168945 0.892578 0.014064 0.012499
0 0.084963 0.766601 0.014064 0.017185
0 0.215819 0.655273 0.017187 0.017185
0 0.683594 0.553710 0.015623 0.017185
0 0.338868 0.103515 0.014064 0.015624
0 0.109375 0.277343 0.018752 0.018749
0 0.141602 0.338868 0.010940 0.014064
0 0.796877 0.130860 0.012499 0.012499
0 0.704102 0.171874 0.014064 0.015624
0 0.812500 0.199219 0.024999 0.031248
0 0.950195 0.157225 0.017187 0.020313
0 0.262697 0.044921 0.014064 0.024999
0 0.291751 0.059452 0.024001 0.029600
