0 0.166015 0.490234 0.019531 0.019531
0 0.414062 0.959960 0.031251 0.029297
0 0.213865 0.443358 0.017577 0.015624
0 0.621093 0.794922 0.019531 0.019531
0 0.223631 0.791015 0.017577 0.015624
0 0.718748 0.172853 0.031251 0.029297
0 0.582031 0.771483 0.019531 0.019531
0 0.373046 0.234374 0.019531 0.019531
0 0.082033 0.254884 0.015623 0.017580
0 0.392577 0.128908 0.023439 0.023438
0 0.110352 0.895508 0.017577 0.017580
0 0.566408 0.606445 0.019531 0.021483
0 0.567385 0.146484 0.017577 0.019531
0 0.225585 0.246095 0.017577 0.019531
0 0.437501 0.855470 0.019531 0.015624
0 0.074216 0.335936 0.019531 0.019531
0 0.636721 0.359374 0.019531 0.019531
0 0.111329 0.414061 0.019531 0.019531
0 0.707029 0.116211 0.019531 0.021483
0 0.854494 0.172853 0.017577 0.017580
0 0.236328 0.114260 0.019531 0.021483
0 0.554688 0.994141 0.019531 0.011719
0 0.074216 0.971681 0.019531 0.017580
0 0.431639 0.399412 0.019531 0.017580
0 0.208985 0.668945 0.015623 0.017580
0 0.874025 0.889650 0.013674 0.013673
0 0.631835 0.261719 0.017577 0.011717
0 0.608396 0.566407 0.013674 0.007814
0 0.869140 0.780273 0.019531 0.017580
0 0.629998 0.238672 0.027500 0.022500
0 0.284376 0.396796 0.013750 0.021251
0 0.246250 0.357423 0.019531 0.019531
0 0.619999 0.516797 0.022498 0.016251
0 0.606877 0.494923 0.021252 0.024999
0 0.806876 0.834295 0.026249 0.023749
0 0.789375 0.858048 0.023748 0.021251
0 0.468124 0.386795 0.023748 0.023749
