0 0.985352 0.104491 0.021485 0.021483
0 0.012694 0.187502 0.021485 0.019531
0 0.478514 0.391603 0.019531 0.017580
0 0.848634 0.945312 0.021485 0.019531
0 0.364259 0.582031 0.017577 0.019531
0 0.060549 0.810546 0.019531 0.019531
0 0.373047 0.959961 0.023439 0.033204
0 0.008789 0.654297 0.017579 0.019531
0 0.333985 0.992187 0.019531 0.015625
0 0.919924 0.331054 0.019531 0.017580
0 0.296877 0.554686 0.019531 0.019531
0 0.313477 0.174805 0.021485 0.021483
0 0.111326 0.200195 0.019531 0.021483
0 0.126954 0.164064 0.019531 0.019531
0 0.144531 0.061525 0.019531 0.021483
0 0.106446 0.451172 0.021485 0.019531
0 0.491211 0.805663 0.021485 0.021483
0 0.170897 0.053711 0.017577 0.017580
0 0.159182 0.378906 0.021485 0.019531
0 0.404298 0.710939 0.019531 0.019531
0 0.851565 0.837891 0.015623 0.015624
0 0.322265 0.143553 0.019531 0.021483
0 0.671016 0.868202 0.020002 0.017500
0 0.537265 0.875078 0.020002 0.016251
0 0.437265 0.691328 0.015000 0.018749
0 0.423515 0.706329 0.017501 0.016251
