0 0.811522 0.187502 0.021485 0.019531
0 0.760740 0.796874 0.029297 0.031248
0 0.859377 0.810546 0.019531 0.019531
0 0.806641 0.654297 0.019531 0.019531
0 0.666015 0.746094 0.019531 0.019531
0 0.374998 0.149415 0.023439 0.029297
0 0.398437 0.818360 0.019531 0.019531
0 0.024414 0.833984 0.017577 0.019531
0 0.718751 0.662111 0.019531 0.019531
0 0.736328 0.712890 0.019531 0.019531
0 0.910154 0.200195 0.019531 0.021483
0 0.350586 0.730470 0.021485 0.019531
0 0.925782 0.164064 0.019531 0.019531
0 0.450196 0.842774 0.021485 0.021483
0 0.573240 0.693359 0.021485 0.019531
0 0.943359 0.061525 0.019531 0.021483
0 0.029295 0.891602 0.023439 0.021483
0 0.905274 0.451172 0.021485 0.019531
0 0.129881 0.166015 0.021485 0.019531
0 0.222657 0.125001 0.015623 0.015624
0 0.969725 0.053711 0.017577 0.017580
0 0.112304 0.547852 0.021485 0.021483
0 0.958010 0.378906 0.021485 0.019531
0 0.513669 0.925781 0.019531 0.019531
0 0.239064 0.201170 0.026563 0.026563
0 0.560938 0.876171 0.023439 0.026563
0 0.279296 0.756836 0.027343 0.029297
