0 0.369142 0.342775 0.019531 0.021483
0 0.275390 0.902343 0.019531 0.019531
0 0.556642 0.862305 0.019531 0.021483
0 0.357422 0.190429 0.015623 0.017580
0 0.244139 0.546876 0.019531 0.019531
0 0.107421 0.953126 0.019531 0.019531
0 0.614258 0.114256 0.023439 0.033204
0 0.345703 0.875977 0.019531 0.021483
0 0.633789 0.751953 0.017577 0.019531
0 0.072267 0.638673 0.019531 0.019531
0 0.475586 0.639649 0.017577 0.021483
0 0.526368 0.337892 0.021485 0.023438
0 0.160157 0.443358 0.019531 0.019531
0 0.390627 0.865236 0.019531 0.019531
0 0.873048 0.840822 0.023439 0.029297
0 0.644532 0.391603 0.019531 0.021483
0 0.397462 0.923829 0.021485 0.023438
0 0.149414 0.248046 0.033205 0.023438
0 0.172854 0.193360 0.017577 0.019531
0 0.482421 0.240232 0.019531 0.019531
0 0.443358 0.214843 0.019531 0.019531
0 0.628904 0.502931 0.023439 0.021483
0 0.607424 0.655273 0.019531 0.021483
0 0.216796 0.357423 0.019531 0.019531
0 0.091798 0.267578 0.015623 0.015624
0 0.029296 0.337892 0.019531 0.019531
0 0.054690 0.962892 0.019531 0.023438
0 0.385742 0.495117 0.017577 0.017580
0 0.014651 0.218750 0.017577 0.019531
0 0.942187 0.103480 0.031251 0.037502
0 0.931642 0.086717 0.020311 0.018749
0 0.114270 0.262281 0.021242 0.018586
