0 0.394532 0.374999 0.019531 0.019531
0 0.072268 0.517579 0.019531 0.019531
0 0.677733 0.480468 0.019531 0.019531
0 0.016601 0.008788 0.021485 0.017576
0 0.365235 0.778322 0.019531 0.021483
0 0.918946 0.395509 0.021485 0.021483
0 0.182615 0.548827 0.021485 0.019531
0 0.064452 0.078125 0.015623 0.015624
0 0.013670 0.627931 0.019531 0.017580
0 0.887695 0.120118 0.021485 0.021483
0 0.120119 0.161132 0.017577 0.021483
0 0.584963 0.151366 0.021485 0.021483
0 0.641602 0.133791 0.013674 0.017580
0 0.830079 0.720704 0.039062 0.058593
0 0.093748 0.015624 0.019531 0.019531
0 0.783205 0.261719 0.019531 0.023438
0 0.450194 0.065428 0.021485 0.021483
0 0.782228 0.419923 0.021485 0.019531
0 0.240237 0.395509 0.035154 0.029297
0 0.724612 0.094728 0.023439 0.033204
