0 0.906250 0.426758 0.019531 0.021483
0 0.488280 0.484376 0.019531 0.019531
0 0.816406 0.352540 0.019531 0.017580
0 0.044921 0.121094 0.019531 0.019531
0 0.256838 0.803712 0.013674 0.017580
0 0.658203 0.993163 0.019531 0.013674
0 0.190428 0.358399 0.017577 0.017580
0 0.616209 0.164064 0.017577 0.019531
0 0.674803 0.037111 0.017577 0.019531
0 0.112303 0.477537 0.017577 0.017580
0 0.307620 0.276368 0.017577 0.017580
0 0.237307 0.269529 0.017577 0.015624
0 0.555662 0.342775 0.017577 0.017580
0 0.318357 0.854491 0.015623 0.021483
0 0.259764 0.604493 0.019531 0.017580
0 0.423829 0.440431 0.015623 0.013673
0 0.389647 0.663087 0.017577 0.017580
0 0.244141 0.675780 0.015623 0.015624
0 0.630860 0.234374 0.019531 0.015624
0 0.057618 0.517579 0.017577 0.019531
0 0.352539 0.222657 0.017577 0.015624
0 0.123046 0.654297 0.019531 0.019531
0 0.166016 0.561524 0.019531 0.017580
0 0.619141 0.638673 0.019531 0.015624
0 0.961912 0.230467 0.017577 0.015624
0 0.016602 0.474610 0.017577 0.019531
0 0.043944 0.718749 0.017577 0.015624
0 0.102538 0.134767 0.021485 0.019531
0 0.474611 0.975585 0.019531 0.021483
0 0.063476 0.826170 0.017577 0.019531
0 0.007812 0.522462 0.015625 0.017580
0 0.212890 0.781249 0.015623 0.015624
0 0.516600 0.254881 0.017577 0.017580
0 0.365236 0.855467 0.015623 0.019531
0 0.040041 0.833984 0.017577 0.019531
0 0.806640 0.742187 0.015623 0.015624
0 0.643557 0.757811 0.017577 0.015624
0 0.515623 0.670897 0.011720 0.005859
0 0.806640 0.911133 0.019531 0.017580
0 0.440429 0.806639 0.017577 0.015624
0 0.650391 0.163088 0.019531 0.017580
0 0.215821 0.075194 0.017577 0.017580
0 0.693499 0.009225 0.023541 0.018450
0 0.299545 0.506561 0.024923 0.020769
0 0.303701 0.527330 0.024923 0.020769
0 0.285005 0.559873 0.026310 0.016615
0 0.667877 0.134072 0.022153 0.020769
0 0.372936 0.423477 0.024923 0.023541
0 0.344257 0.630673 0.017643 0.015780
0 0.118449 0.223823 0.028213 0.023233
0 0.117619 0.244569 0.023232 0.018255
