0 0.815429 0.333009 0.017577 0.021483
0 0.388670 0.857422 0.015623 0.015624
0 0.244141 0.986329 0.015623 0.019531
0 0.788086 0.383788 0.017577 0.017580
0 0.167971 0.830077 0.015623 0.019531
0 0.121092 0.916015 0.019531 0.019531
0 0.064453 0.743162 0.019531 0.017580
0 0.229490 0.343750 0.017577 0.019531
0 0.431641 0.935546 0.015623 0.015624
0 0.550782 0.106445 0.015623 0.017580
0 0.502931 0.964843 0.017577 0.019531
0 0.281249 0.834959 0.015623 0.017580
0 0.377928 0.944336 0.017577 0.017580
0 0.940432 0.599610 0.021485 0.031248
0 0.784178 0.456054 0.017577 0.017580
0 0.464846 0.304688 0.015623 0.019531
0 0.467772 0.856446 0.017577 0.017580
0 0.423829 0.765625 0.019531 0.015624
0 0.337888 0.615234 0.019531 0.019531
0 0.318357 0.102538 0.019531 0.017580
0 0.441406 0.408202 0.015623 0.015624
0 0.097657 0.436523 0.019531 0.021483
0 0.950198 0.696290 0.017577 0.017580
0 0.285157 0.286133 0.015623 0.021483
0 0.962889 0.281250 0.015623 0.015624
0 0.085938 0.824218 0.019531 0.015624
0 0.518554 0.916991 0.013674 0.017580
0 0.179685 0.624024 0.019531 0.017580
0 0.175782 0.298829 0.019531 0.019531
0 0.432618 0.211915 0.017577 0.017580
0 0.141600 0.754883 0.017577 0.017580
0 0.555662 0.348633 0.017577 0.017580
0 0.200193 0.575196 0.017577 0.021483
0 0.161131 0.704100 0.017577 0.017580
0 0.025390 0.569338 0.019531 0.017580
0 0.505857 0.823242 0.015623 0.017580
0 0.430664 0.967774 0.017577 0.017580
0 0.248049 0.401368 0.015623 0.017580
0 0.455080 0.756835 0.019531 0.017580
0 0.656249 0.364257 0.019531 0.021483
0 0.730470 0.875001 0.019531 0.019531
0 0.824217 0.076173 0.019531 0.019531
0 0.378905 0.608400 0.015623 0.017580
0 0.620118 0.833008 0.017577 0.017580
0 0.074218 0.952150 0.019531 0.017580
0 0.179685 0.790039 0.019531 0.017580
0 0.188479 0.953126 0.017577 0.019531
0 0.204102 0.232422 0.017577 0.015624
0 0.638672 0.595703 0.015623 0.015624
0 0.818360 0.281250 0.019531 0.015624
0 0.010744 0.314453 0.013674 0.019531
0 0.053710 0.093749 0.017577 0.019531
0 0.764647 0.765625 0.017577 0.015624
0 0.821291 0.591796 0.017577 0.019531
0 0.578124 0.395509 0.019531 0.017580
0 0.804686 0.729494 0.015623 0.013673
0 0.842771 0.406250 0.017577 0.019531
0 0.373047 0.764649 0.019531 0.017580
0 0.887696 0.286133 0.017577 0.017580
0 0.729493 0.304688 0.017577 0.019531
0 0.379882 0.279298 0.021485 0.015624
0 0.669922 0.684569 0.015623 0.017580
0 0.132811 0.722655 0.015623 0.019531
0 0.689454 0.731445 0.019531 0.021483
0 0.424806 0.799804 0.017577 0.013673
0 0.005070 0.872366 0.010140 0.022155
0 0.020525 0.878597 0.020771 0.018001
0 0.042684 0.898679 0.023541 0.022155
0 0.699037 0.324022 0.026310 0.022155
0 0.568181 0.576730 0.019384 0.020769
0 0.599336 0.581579 0.020771 0.022155
0 0.329317 0.551807 0.018002 0.020769
0 0.638110 0.668121 0.020771 0.023541
0 0.225465 0.949219 0.020771 0.020769
0 0.614569 0.472187 0.018002 0.019387
0 0.633953 0.472878 0.020771 0.023541
0 0.629109 0.490879 0.024923 0.018001
0 0.613182 0.047081 0.020771 0.019387
0 0.849277 0.066464 0.019384 0.024926
0 0.532871 0.192475 0.018002 0.022155
