0 0.559570 0.876953 0.017577 0.015624
0 0.577147 0.766601 0.017577 0.017580
0 0.788086 0.317381 0.017577 0.017580
0 0.871096 0.681642 0.015623 0.019531
0 0.310546 0.906250 0.019531 0.019531
0 0.755858 0.228515 0.019531 0.015624
0 0.712893 0.761718 0.019531 0.015624
0 0.577147 0.033204 0.017577 0.011717
0 0.874999 0.358399 0.019531 0.017580
0 0.704099 0.298830 0.017577 0.019531
0 0.930667 0.555665 0.017577 0.017580
0 0.784178 0.840822 0.013674 0.017580
0 0.941404 0.319337 0.019531 0.017580
0 0.918947 0.661131 0.013674 0.017580
0 0.952147 0.968750 0.017577 0.023438
0 0.985352 0.599610 0.017577 0.019531
0 0.834960 0.761718 0.017577 0.019531
0 0.546873 0.374999 0.019531 0.019531
0 0.829103 0.292967 0.013674 0.015624
0 0.340820 0.746094 0.017577 0.019531
0 0.682619 0.360350 0.017577 0.017580
0 0.635740 0.477537 0.017577 0.017580
0 0.949221 0.444337 0.015623 0.017580
0 0.470703 0.926757 0.015623 0.017580
0 0.951170 0.496093 0.019531 0.019531
0 0.992186 0.720704 0.015623 0.015624
0 0.232421 0.446289 0.015623 0.017580
0 0.259764 0.979492 0.019531 0.021483
0 0.833006 0.394530 0.017577 0.019531
0 0.228518 0.039063 0.019531 0.019531
0 0.607421 0.676759 0.019531 0.017580
0 0.367185 0.280274 0.023439 0.021483
0 0.007812 0.780273 0.015625 0.017580
0 0.690431 0.205077 0.017577 0.019531
0 0.684568 0.917967 0.017577 0.019531
0 0.084961 0.479493 0.017577 0.017580
0 0.173828 0.660155 0.019531 0.015624
0 0.126954 0.901367 0.015623 0.021483
0 0.116212 0.254885 0.017577 0.017580
0 0.862303 0.549803 0.017577 0.017580
0 0.126954 0.801756 0.015623 0.017580
0 0.561524 0.089842 0.017577 0.015624
0 0.309569 0.614259 0.017577 0.017580
0 0.541016 0.931640 0.019531 0.015624
0 0.704099 0.410158 0.017577 0.015624
0 0.688477 0.804687 0.017577 0.015624
0 0.627929 0.614259 0.017577 0.017580
0 0.278318 0.625976 0.017577 0.021483
0 0.511719 0.993163 0.015623 0.013674
0 0.617186 0.780273 0.019531 0.017580
0 0.539062 0.026366 0.019531 0.017580
0 0.731447 0.407227 0.017577 0.017580
0 0.756836 0.461913 0.013674 0.017580
0 0.963866 0.840822 0.017577 0.017580
0 0.310546 0.168946 0.015623 0.017580
0 0.320311 0.778322 0.019531 0.017580
0 0.767578 0.629883 0.019531 0.017580
0 0.897462 0.017580 0.017577 0.011717
0 0.970701 0.733397 0.015623 0.017580
0 0.077149 0.553710 0.013674 0.013673
0 0.763670 0.799805 0.015623 0.017580
0 0.922850 0.044921 0.017577 0.019531
0 0.807617 0.471679 0.017577 0.017580
0 0.918947 0.178712 0.017577 0.017580
0 0.919924 0.804687 0.015623 0.015624
0 0.107423 0.577148 0.015623 0.017580
0 0.607507 0.120931 0.020184 0.025029
0 0.807749 0.378294 0.015339 0.025838
0 0.991276 0.480837 0.017448 0.020993
0 0.949853 0.947119 0.015339 0.015339
0 0.490432 0.789268 0.020184 0.020993
0 0.651510 0.717409 0.016149 0.019379
