0 0.708982 0.839842 0.019531 0.019531
0 0.533202 0.519530 0.019531 0.019531
0 0.884767 0.843749 0.019531 0.019531
0 0.576173 0.402344 0.019531 0.019531
0 0.475586 0.327147 0.017577 0.021483
0 0.647463 0.429689 0.021485 0.019531
0 0.787112 0.424806 0.019531 0.021483
0 0.570310 0.128908 0.019531 0.019531
0 0.484374 0.395509 0.019531 0.017580
0 0.916013 0.242188 0.019531 0.019531
0 0.718748 0.493165 0.019531 0.021483
0 0.563476 0.166015 0.017577 0.019531
0 0.289063 0.888670 0.019531 0.019531
0 0.778318 0.772459 0.017577 0.021483
0 0.386719 0.920898 0.035154 0.021483
0 0.709959 0.234374 0.021485 0.019531
0 0.716799 0.047852 0.019531 0.021483
0 0.943361 0.454103 0.019531 0.021483
0 0.056639 0.875977 0.019531 0.021483
0 0.679685 0.133791 0.019531 0.021483
0 0.632812 0.052735 0.019531 0.019531
0 0.890625 0.524413 0.019531 0.021483
0 0.531248 0.036131 0.019531 0.021483
0 0.365233 0.876953 0.019531 0.019531
0 0.906248 0.436523 0.019531 0.021483
0 0.993164 0.106446 0.013671 0.021483
0 0.076170 0.822267 0.019531 0.019531
0 0.489260 0.933595 0.017577 0.019531
0 0.875002 0.447264 0.019531 0.019531
0 0.379884 0.697266 0.021485 0.019531
0 0.976561 0.008790 0.019531 0.017580
0 0.868162 0.402344 0.017577 0.019531
0 0.400392 0.875977 0.019531 0.021483
0 0.386719 0.164063 0.019531 0.019531
0 0.419924 0.303712 0.019531 0.021483
0 0.923830 0.070311 0.019531 0.019531
0 0.195311 0.729494 0.019531 0.021483
0 0.451174 0.249022 0.019531 0.021483
0 0.919921 0.736328 0.019531 0.019531
0 0.773438 0.144532 0.019531 0.019531
0 0.889648 0.090821 0.021485 0.021483
0 0.994143 0.548827 0.007811 0.019531
0 0.849608 0.138673 0.019531 0.019531
0 0.363279 0.119142 0.019531 0.019531
0 0.923830 0.336916 0.019531 0.021483
0 0.484374 0.185546 0.019531 0.023438
0 0.364256 0.183594 0.017577 0.019531
0 0.061524 0.055662 0.021485 0.021483
0 0.313474 0.109377 0.017577 0.019531
0 0.257812 0.708983 0.019531 0.023438
0 0.289063 0.243163 0.015623 0.017580
0 0.187499 0.290040 0.019531 0.021483
0 0.150001 0.052424 0.022498 0.015001
0 0.208124 0.281797 0.026249 0.021251
0 0.268752 0.729296 0.022498 0.023749
0 0.380001 0.277423 0.017501 0.019998
0 0.010623 0.786174 0.021247 0.022500
