0 0.486327 0.530272 0.019531 0.017580
0 0.431642 0.103514 0.019531 0.019531
0 0.966799 0.830077 0.015623 0.019531
0 0.919920 0.916015 0.019531 0.019531
0 0.863281 0.743162 0.019531 0.017580
0 0.114259 0.686524 0.017577 0.017580
0 0.669924 0.929688 0.015623 0.015624
0 0.265627 0.514647 0.015623 0.017580
0 0.313478 0.961916 0.013674 0.013673
0 0.256834 0.842773 0.017577 0.017580
0 0.624999 0.499023 0.015623 0.017580
0 0.896486 0.436523 0.019531 0.021483
0 0.383791 0.692383 0.017577 0.017580
0 0.342775 0.797853 0.017577 0.017580
0 0.024414 0.919922 0.013674 0.019531
0 0.768556 0.375978 0.017577 0.017580
0 0.884766 0.824218 0.019531 0.015624
0 0.252930 0.727538 0.017577 0.017580
0 0.978513 0.624024 0.019531 0.017580
0 0.542971 0.305664 0.019531 0.021483
0 0.277342 0.305664 0.015623 0.017580
0 0.392580 0.362305 0.019531 0.017580
0 0.974610 0.298829 0.019531 0.019531
0 0.940428 0.754883 0.017577 0.017580
0 0.490235 0.596679 0.019531 0.017580
0 0.281250 0.667969 0.015623 0.019531
0 0.127927 0.938477 0.017577 0.017580
0 0.508789 0.716797 0.021485 0.019531
0 0.419922 0.443361 0.019531 0.019531
0 0.995117 0.575196 0.009767 0.021483
0 0.959959 0.704100 0.017577 0.017580
0 0.295896 0.578124 0.017577 0.015624
0 0.824218 0.569338 0.019531 0.017580
0 0.323244 0.170897 0.017577 0.017580
0 0.430665 0.815428 0.017577 0.013673
0 0.690432 0.724611 0.017577 0.015624
0 0.050780 0.149415 0.015623 0.017580
0 0.735351 0.920898 0.017577 0.017580
0 0.477538 0.889650 0.017577 0.021483
0 0.744140 0.038086 0.019531 0.017580
0 0.173829 0.817384 0.015623 0.017580
0 0.350586 0.360350 0.017577 0.017580
0 0.873046 0.952150 0.019531 0.017580
0 0.978513 0.790039 0.019531 0.017580
0 0.987307 0.953126 0.017577 0.019531
0 0.073242 0.387695 0.017577 0.017580
0 0.042968 0.664062 0.015623 0.019531
0 0.756837 0.519530 0.017577 0.015624
0 0.467773 0.947267 0.021485 0.019531
0 0.336912 0.852539 0.013674 0.013673
0 0.527343 0.237305 0.019531 0.017580
0 0.809573 0.314453 0.013674 0.019531
0 0.852538 0.093749 0.017577 0.019531
0 0.558594 0.021483 0.019531 0.019531
0 0.065431 0.991211 0.017577 0.017578
0 0.067385 0.505858 0.017577 0.015624
0 0.379883 0.644531 0.017577 0.015624
0 0.076173 0.876953 0.015623 0.015624
0 0.059568 0.208984 0.017577 0.019531
0 0.137693 0.148439 0.017577 0.015624
0 0.213868 0.274415 0.017577 0.017580
0 0.654296 0.595703 0.019531 0.015624
0 0.694335 0.263670 0.013674 0.015624
0 0.931640 0.722655 0.015623 0.019531
0 0.461409 0.069927 0.022153 0.018001
0 0.769508 0.315714 0.023541 0.024926
0 0.255087 0.470110 0.022153 0.020769
0 0.384768 0.508789 0.020771 0.016615
0 0.392175 0.525499 0.016615 0.018001
0 0.365865 0.591963 0.016615 0.023541
0 0.697342 0.515680 0.012464 0.016615
0 0.612343 0.539346 0.016615 0.018001
0 0.799275 0.872366 0.019384 0.022155
0 0.819353 0.878597 0.020771 0.018001
0 0.841512 0.898679 0.023541 0.022155
0 0.428711 0.900391 0.023541 0.022155
0 0.403687 0.892216 0.023541 0.022155
