0 0.041016 0.891601 0.019531 0.021483
0 0.083986 0.576172 0.019531 0.019531
0 0.587892 0.213867 0.019531 0.021483
0 0.812500 0.052735 0.019531 0.023438
0 0.289063 0.762693 0.019531 0.021483
0 0.968749 0.797853 0.019531 0.021483
0 0.200196 0.257812 0.017577 0.019531
0 0.015627 0.404295 0.019531 0.023438
0 0.014650 0.099611 0.021485 0.019531
0 0.942384 0.442382 0.017577 0.021483
0 0.181642 0.322267 0.019531 0.019531
0 0.991212 0.685549 0.013674 0.019531
0 0.991212 0.096680 0.013674 0.021483
0 0.131837 0.177736 0.017577 0.019531
0 0.563476 0.762693 0.021485 0.021483
0 0.520505 0.438478 0.017577 0.021483
0 0.255858 0.431640 0.019531 0.019531
0 0.073244 0.134766 0.017577 0.019531
0 0.215819 0.416992 0.017577 0.021483
0 0.652343 0.377930 0.019531 0.021483
0 0.260743 0.317385 0.017577 0.021483
0 0.355468 0.384764 0.019531 0.019531
0 0.100586 0.447264 0.017577 0.019531
0 0.054690 0.241212 0.019531 0.021483
0 0.197265 0.819335 0.019531 0.021483
0 0.128906 0.881836 0.019531 0.021483
0 0.988280 0.243163 0.019531 0.021483
0 0.522459 0.203125 0.021485 0.023438
0 0.054690 0.726562 0.019531 0.019531
0 0.671874 0.081056 0.019531 0.021483
0 0.995115 0.394529 0.009766 0.019531
0 0.295897 0.259767 0.017577 0.019531
0 0.048827 0.064452 0.019531 0.019531
0 0.720702 0.121094 0.019531 0.023438
0 0.026365 0.754883 0.021485 0.021483
0 0.141602 0.053711 0.021485 0.017580
0 0.248047 0.186525 0.019531 0.021483
0 0.027342 0.142576 0.019531 0.019531
0 0.095701 0.353516 0.019531 0.019531
0 0.016599 0.304688 0.021485 0.019531
0 0.238281 0.471678 0.019531 0.021483
0 0.169922 0.503906 0.023439 0.031248
0 0.287109 0.053711 0.019531 0.021483
0 0.334960 0.004883 0.017577 0.009766
0 0.381838 0.026366 0.021485 0.021483
0 0.430666 0.009766 0.017577 0.019531
0 0.483397 0.026366 0.017577 0.021483
0 0.541014 0.033204 0.015623 0.019531
0 0.616212 0.029297 0.017577 0.019531
0 0.567384 0.104494 0.017577 0.021483
0 0.770507 0.147459 0.017577 0.021483
0 0.774415 0.376954 0.017577 0.019531
0 0.856448 0.305664 0.017577 0.021483
0 0.906248 0.435547 0.019531 0.023438
0 0.625000 0.331053 0.019531 0.021483
0 0.371096 0.127928 0.019531 0.021483
0 0.301760 0.142576 0.017577 0.019531
0 0.398438 0.303712 0.019531 0.021483
0 0.615235 0.626951 0.019531 0.019531
0 0.372073 0.583006 0.021485 0.021483
0 0.333983 0.659179 0.019531 0.021483
0 0.153251 0.067159 0.018002 0.018001
0 0.478659 0.171702 0.015233 0.019387
0 0.432271 0.222246 0.022153 0.020769
0 0.489735 0.274863 0.023541 0.029080
0 0.428115 0.427874 0.019384 0.019387
0 0.761136 0.508880 0.018002 0.020769
0 0.090243 0.417489 0.027692 0.026309
0 0.252259 0.238861 0.019384 0.018001
0 0.051475 0.445184 0.019384 0.023541
0 0.507738 0.669507 0.020771 0.020769
0 0.417038 0.745664 0.022153 0.020769
