0 0.479493 0.680662 0.021485 0.021483
0 0.296873 0.713866 0.019531 0.021483
0 0.777345 0.119142 0.019531 0.019531
0 0.875977 0.757811 0.017577 0.019531
0 0.884766 0.409178 0.019531 0.021483
0 0.588868 0.917967 0.017577 0.019531
0 0.389648 0.872070 0.021485 0.021483
0 0.982422 0.828125 0.019531 0.019531
0 0.817384 0.477541 0.021485 0.021483
0 0.632810 0.503906 0.019531 0.019531
0 0.747071 0.414061 0.021485 0.019531
0 0.731443 0.037111 0.017577 0.019531
0 0.808596 0.824218 0.019531 0.019531
0 0.520509 0.289064 0.021485 0.019531
0 0.177732 0.806642 0.019531 0.019531
0 0.946290 0.125001 0.021485 0.019531
0 0.872069 0.129884 0.021485 0.021483
0 0.675781 0.386720 0.019531 0.019531
0 0.550783 0.234374 0.019531 0.019531
0 0.987307 0.076173 0.021485 0.019531
0 0.662107 0.150391 0.019531 0.019531
0 0.162109 0.040038 0.019531 0.021483
0 0.500978 0.859374 0.021485 0.019531
0 0.808596 0.219725 0.019531 0.021483
0 0.064454 0.261719 0.019531 0.019531
0 0.815430 0.033204 0.021485 0.019531
0 0.988279 0.509765 0.019531 0.019531
0 0.630861 0.020507 0.019531 0.021483
0 0.130858 0.983398 0.019531 0.021483
0 0.583983 0.379881 0.019531 0.017580
0 0.583006 0.170898 0.021485 0.021483
0 0.486327 0.903319 0.035154 0.021483
0 0.992187 0.700197 0.015623 0.021483
0 0.247068 0.037111 0.017577 0.019531
0 0.288084 0.274416 0.017577 0.021483
0 0.388671 0.228515 0.019531 0.019531
0 0.413088 0.093749 0.017577 0.019531
0 0.462893 0.103514 0.019531 0.019531
0 0.486327 0.148439 0.019531 0.019531
0 0.463870 0.167970 0.017577 0.019531
0 0.083008 0.934571 0.017577 0.021483
0 0.158201 0.859374 0.019531 0.019531
0 0.359375 0.690432 0.019531 0.021483
0 0.464842 0.860353 0.019531 0.021483
0 0.965822 0.388671 0.017577 0.019531
0 0.973633 0.431640 0.021485 0.019531
0 0.575194 0.311522 0.017577 0.017580
0 0.667969 0.113671 0.018751 0.019998
0 0.307970 0.265546 0.023748 0.021251
0 0.479219 0.263670 0.018751 0.017500
0 0.369844 0.713046 0.022498 0.018749
0 0.092343 0.768047 0.015000 0.021251
0 0.112968 0.769296 0.016251 0.018749
