0 0.570310 0.927736 0.019531 0.019531
0 0.563476 0.964843 0.017577 0.019531
0 0.966795 0.452147 0.019531 0.021483
0 0.748044 0.675783 0.019531 0.019531
0 0.528322 0.134766 0.017577 0.019531
0 0.716799 0.846680 0.019531 0.021483
0 0.679685 0.932619 0.019531 0.021483
0 0.623046 0.040038 0.019531 0.021483
0 0.632812 0.851563 0.019531 0.019531
0 0.231447 0.332033 0.021485 0.019531
0 0.666017 0.749025 0.019531 0.021483
0 0.531248 0.834959 0.019531 0.021483
0 0.450197 0.047852 0.021485 0.021483
0 0.490237 0.207032 0.019531 0.019531
0 0.916013 0.727538 0.019531 0.021483
0 0.094729 0.656252 0.021485 0.019531
0 0.275389 0.105470 0.019531 0.019531
0 0.933595 0.051759 0.019531 0.021483
0 0.993164 0.905274 0.013671 0.021483
0 0.539064 0.086914 0.019531 0.021483
0 0.657228 0.291991 0.017577 0.021483
0 0.190430 0.208008 0.021485 0.021483
0 0.313474 0.666993 0.021485 0.021483
0 0.992189 0.709962 0.011720 0.021483
0 0.976561 0.806642 0.019531 0.019531
0 0.727541 0.790039 0.017577 0.021483
0 0.267578 0.284181 0.019531 0.021483
0 0.968749 0.249022 0.019531 0.021483
0 0.386719 0.962891 0.019531 0.019531
0 0.800781 0.664062 0.019531 0.019531
0 0.157225 0.534179 0.021485 0.021483
0 0.890625 0.418947 0.019531 0.021483
0 0.930664 0.375978 0.021485 0.021483
0 0.857420 0.245119 0.023439 0.029297
0 0.361330 0.438478 0.019531 0.021483
0 0.321291 0.355467 0.017577 0.019531
0 0.600584 0.441406 0.017577 0.019531
0 0.607423 0.166015 0.019531 0.019531
0 0.394530 0.167970 0.019531 0.019531
0 0.103517 0.283201 0.019531 0.019531
0 0.923830 0.869139 0.019531 0.019531
0 0.037107 0.308595 0.019531 0.019531
0 0.773438 0.943360 0.019531 0.019531
0 0.889648 0.889650 0.021485 0.021483
0 0.652343 0.395509 0.019531 0.021483
0 0.849608 0.937502 0.019531 0.019531
0 0.929687 0.434571 0.019531 0.021483
0 0.958007 0.790039 0.021485 0.021483
0 0.931641 0.644531 0.019531 0.019531
0 0.415038 0.442382 0.017577 0.017580
0 0.334960 0.560548 0.021485 0.019531
0 0.436523 0.427733 0.017577 0.019531
0 0.483397 0.670900 0.017577 0.017580
0 0.907225 0.637697 0.017577 0.017580
0 0.363279 0.917970 0.019531 0.019531
0 0.289063 0.559572 0.019531 0.021483
0 0.484374 0.984374 0.019531 0.023438
0 0.523436 0.444337 0.031251 0.021483
0 0.047850 0.279298 0.017577 0.019531
0 0.254881 0.656252 0.017577 0.019531
0 0.364256 0.982422 0.017577 0.019531
0 0.535156 0.748045 0.019531 0.019531
0 0.440432 0.542968 0.017577 0.019531
0 0.061524 0.854491 0.021485 0.021483
0 0.957029 0.541017 0.019531 0.019531
0 0.313474 0.908205 0.017577 0.019531
0 0.742187 0.398436 0.031251 0.023438
0 0.163088 0.588869 0.017577 0.021483
0 0.857420 0.454102 0.039062 0.033204
0 0.997069 0.559572 0.005857 0.017580
0 0.069999 0.496252 0.024999 0.022500
0 0.149373 0.463124 0.021252 0.016251
0 0.172499 0.478125 0.024999 0.018749
0 0.314375 0.515001 0.026249 0.019998
0 0.374376 0.511876 0.016251 0.018749
0 0.524373 0.420625 0.023748 0.023749
0 0.565627 0.479374 0.021252 0.023749
0 0.320623 0.788751 0.018752 0.024999
0 0.150001 0.851252 0.022498 0.015001
0 0.962502 0.304999 0.017501 0.024999
0 0.943123 0.313124 0.018752 0.018749
0 0.826250 0.400623 0.017501 0.026252
0 0.855623 0.485624 0.023748 0.016251
0 0.915623 0.472498 0.018752 0.022500
