0 0.243164 0.234375 0.017577 0.019531
0 0.360351 0.780275 0.017577 0.017580
0 0.715819 0.032226 0.017577 0.017580
0 0.621095 0.727540 0.019531 0.017580
0 0.493165 0.985352 0.017577 0.021483
0 0.544924 0.692381 0.019531 0.021483
0 0.037110 0.742188 0.019531 0.019531
0 0.591798 0.265624 0.019531 0.019531
0 0.197267 0.569336 0.019531 0.017580
0 0.324220 0.812499 0.019531 0.019531
0 0.237307 0.565429 0.017577 0.017580
0 0.416990 0.066405 0.017577 0.019531
0 0.039064 0.253906 0.019531 0.019531
0 0.329100 0.263672 0.017577 0.019531
0 0.644529 0.417969 0.019531 0.019531
0 0.806640 0.660157 0.019531 0.019531
0 0.312500 0.714843 0.019531 0.019531
0 0.232421 0.900389 0.019531 0.019531
0 0.024413 0.782226 0.017577 0.017580
0 0.889650 0.839844 0.017577 0.019531
0 0.827149 0.248048 0.017577 0.019531
0 0.091795 0.298827 0.019531 0.019531
0 0.651368 0.347655 0.017577 0.019531
0 0.356447 0.922851 0.017577 0.017580
0 0.662111 0.694336 0.019531 0.017580
0 0.097657 0.939451 0.019531 0.019531
0 0.110349 0.354493 0.017577 0.021483
0 0.080081 0.904296 0.019531 0.019531
0 0.418944 0.307617 0.017577 0.017580
0 0.039064 0.578125 0.019531 0.019531
0 0.284180 0.924803 0.017577 0.017580
0 0.480469 0.009765 0.019531 0.019529
0 0.208010 0.956055 0.017577 0.017580
0 0.496091 0.629884 0.019531 0.021483
0 0.677734 0.295900 0.019531 0.021483
0 0.857422 0.923827 0.019531 0.019531
0 0.137697 0.790040 0.017577 0.017580
0 0.678711 0.554687 0.017577 0.015624
0 0.044921 0.906251 0.019531 0.019531
0 0.475588 0.791992 0.017577 0.017580
0 0.246095 0.814454 0.019531 0.019531
0 0.075195 0.986327 0.017577 0.019531
0 0.900393 0.252931 0.023439 0.017580
0 0.689454 0.040040 0.019531 0.017580
0 0.585936 0.835937 0.019531 0.019531
0 0.298826 0.171875 0.019531 0.019531
0 0.068361 0.186523 0.019531 0.017580
0 0.750978 0.250975 0.017577 0.017580
0 0.798829 0.563477 0.023439 0.033204
0 0.705077 0.371093 0.019531 0.019531
0 0.183593 0.058595 0.019531 0.019531
0 0.010744 0.953124 0.017577 0.019531
0 0.303711 0.365235 0.017577 0.019531
0 0.374024 0.874999 0.017577 0.019531
0 0.429687 0.535156 0.019531 0.019531
0 0.457029 0.541991 0.019531 0.017580
0 0.018556 0.657226 0.017577 0.017580
0 0.563478 0.283203 0.021485 0.031248
0 0.439452 0.354493 0.019531 0.017580
0 0.230467 0.719726 0.019531 0.021483
0 0.681642 0.244141 0.019531 0.019531
0 0.398436 0.149413 0.019531 0.017580
0 0.528319 0.645509 0.017577 0.017580
0 0.281249 0.753906 0.019531 0.019531
0 0.280272 0.722657 0.021485 0.019531
0 0.497069 0.554687 0.017577 0.019531
0 0.519531 0.326172 0.019531 0.019531
0 0.286134 0.892579 0.017577 0.019531
0 0.149416 0.241210 0.017577 0.021483
0 0.057892 0.525937 0.018751 0.023749
0 0.978365 0.033961 0.015198 0.018400
0 0.994583 0.041562 0.010834 0.016000
0 0.989381 0.064761 0.021237 0.024000
0 0.925164 0.259161 0.015998 0.024000
0 0.473163 0.435564 0.017602 0.021600
0 0.492765 0.429561 0.020002 0.016000
0 0.492365 0.452764 0.015998 0.017599
0 0.185968 0.510363 0.022402 0.017599
