0 0.741212 0.068361 0.017577 0.015624
0 0.487307 0.245117 0.013674 0.013673
0 0.013670 0.316407 0.015623 0.015624
0 0.618162 0.776368 0.017577 0.017580
0 0.895506 0.260741 0.017577 0.017580
0 0.876952 0.325197 0.015623 0.021483
0 0.219728 0.331055 0.013674 0.017580
0 0.676756 0.811523 0.017577 0.021483
0 0.458982 0.702147 0.019531 0.017580
0 0.061525 0.631836 0.017577 0.017580
0 0.196289 0.192382 0.017577 0.017580
0 0.499999 0.083009 0.015623 0.017580
0 0.942385 0.189455 0.017577 0.019531
0 0.281248 0.451173 0.019531 0.019531
0 0.211912 0.833010 0.017577 0.017580
0 0.711915 0.306641 0.017577 0.019531
0 0.391600 0.231444 0.013674 0.013673
0 0.331053 0.348635 0.017577 0.017580
0 0.552735 0.027343 0.019531 0.019531
0 0.606448 0.214844 0.017577 0.019531
0 0.956054 0.319334 0.017577 0.017580
0 0.250002 0.251955 0.019531 0.015624
0 0.233397 0.019533 0.017577 0.015624
0 0.239260 0.083985 0.017577 0.015624
0 0.296876 0.787109 0.015623 0.015624
0 0.668944 0.661133 0.017577 0.017580
0 0.111330 0.176758 0.015623 0.017580
0 0.382812 0.267579 0.015623 0.015624
0 0.274414 0.660157 0.013674 0.015624
0 0.422851 0.118164 0.013674 0.013673
0 0.438474 0.221679 0.017577 0.017580
0 0.605471 0.931641 0.019531 0.019531
0 0.979493 0.055664 0.017577 0.017580
0 0.099611 0.256838 0.015623 0.021483
0 0.791016 0.355469 0.015623 0.019531
0 0.619140 0.891603 0.015623 0.017580
0 0.673830 0.373049 0.015623 0.019531
0 0.188478 0.030274 0.017577 0.017580
0 0.179689 0.360352 0.015623 0.017580
0 0.575197 0.708009 0.017577 0.017580
0 0.781251 0.579101 0.015623 0.017580
0 0.037109 0.747071 0.015623 0.017580
0 0.621094 0.260741 0.019531 0.017580
0 0.237305 0.418945 0.017577 0.017580
0 0.898438 0.821289 0.015623 0.017580
0 0.741212 0.892579 0.017577 0.019531
0 0.271482 0.151368 0.019531 0.017580
0 0.548826 0.429687 0.019531 0.015624
0 0.122068 0.533205 0.017577 0.015624
0 0.994141 0.143554 0.011718 0.017580
0 0.766600 0.139647 0.017577 0.017580
0 0.341795 0.450194 0.015623 0.017580
0 0.750000 0.243165 0.019531 0.017580
0 0.950197 0.431642 0.013674 0.015624
0 0.021486 0.541991 0.015623 0.013673
0 0.708984 0.103516 0.015623 0.015624
0 0.039063 0.251955 0.019531 0.019531
0 0.827148 0.180665 0.017577 0.017580
0 0.413086 0.833010 0.017577 0.013673
0 0.949220 0.240234 0.015623 0.011717
0 0.510741 0.015626 0.013674 0.019531
0 0.683595 0.432618 0.015623 0.017580
0 0.871095 0.507811 0.019531 0.015624
0 0.353515 0.091795 0.015623 0.019531
0 0.595705 0.112306 0.015623 0.013673
0 0.911134 0.418945 0.013674 0.017580
0 0.613282 0.462890 0.015623 0.015624
0 0.160158 0.712892 0.015623 0.019531
0 0.673830 0.062498 0.015623 0.015624
0 0.313476 0.901369 0.017577 0.017580
0 0.600585 0.018553 0.017577 0.017580
0 0.433594 0.519532 0.015623 0.015624
0 0.790039 0.419921 0.017577 0.015624
0 0.141604 0.111330 0.017577 0.015624
0 0.370115 0.973635 0.017577 0.017580
0 0.487307 0.390624 0.017577 0.019531
0 0.220706 0.219727 0.015623 0.017580
0 0.991213 0.260741 0.013674 0.013673
0 0.022463 0.482421 0.017577 0.019531
0 0.987305 0.763671 0.017577 0.019531
0 0.829102 0.883789 0.017577 0.017580
0 0.391600 0.753906 0.017577 0.015624
0 0.480467 0.593750 0.015623 0.019531
0 0.658202 0.459959 0.015623 0.017580
0 0.148438 0.204103 0.019531 0.017580
0 0.039063 0.158202 0.011720 0.015624
0 0.934569 0.469728 0.017577 0.013673
0 0.721680 0.145509 0.017577 0.021483
0 0.747069 0.452149 0.021485 0.029297
0 0.570312 0.472656 0.023439 0.019531
0 0.400389 0.776368 0.015623 0.013673
0 0.425782 0.773437 0.015623 0.019531
0 0.385743 0.324217 0.017577 0.015624
0 0.482422 0.552736 0.011720 0.015624
0 0.009910 0.155241 0.019820 0.017762
0 0.025470 0.122136 0.022609 0.014534
0 0.049289 0.086609 0.025029 0.022607
0 0.165960 0.060368 0.020994 0.008881
0 0.830868 0.054312 0.018569 0.019379
0 0.846208 0.071672 0.016954 0.012112
0 0.010718 0.677638 0.021435 0.020993
0 0.437254 0.439452 0.017764 0.016148
0 0.325023 0.631616 0.011305 0.024224
0 0.313719 0.650186 0.012919 0.017762
0 0.471568 0.477804 0.016954 0.013726
0 0.679074 0.481032 0.016954 0.010495
0 0.713793 0.406347 0.015339 0.019379
0 0.487717 0.686925 0.015339 0.016957
0 0.578148 0.969519 0.018569 0.016957
0 0.752552 0.728102 0.018569 0.016957
0 0.725503 0.756362 0.025839 0.021802
0 0.795345 0.450353 0.015339 0.010495
0 0.455018 0.778164 0.019379 0.016957
0 0.478027 0.779375 0.020184 0.020993
