0 0.943357 0.321288 0.019531 0.021483
0 0.825193 0.630859 0.017577 0.019531
0 0.683595 0.342775 0.019531 0.021483
0 0.818359 0.036131 0.019531 0.021483
0 0.109376 0.248046 0.019531 0.019531
0 0.077148 0.992187 0.021485 0.015626
0 0.947265 0.420899 0.019531 0.021483
0 0.968751 0.849608 0.019531 0.019531
0 0.869141 0.372071 0.019531 0.021483
0 0.764651 0.903319 0.021485 0.021483
0 0.398440 0.557617 0.019531 0.021483
0 0.644533 0.986330 0.019531 0.019531
0 0.188478 0.756835 0.021485 0.021483
0 0.824216 0.537110 0.019531 0.019531
0 0.499999 0.348633 0.019531 0.021483
0 0.128907 0.084959 0.019531 0.021483
0 0.021486 0.300781 0.019531 0.019531
0 0.315430 0.686525 0.021485 0.021483
0 0.409177 0.651366 0.021485 0.021483
0 0.334961 0.882812 0.021485 0.019531
0 0.173827 0.118163 0.019531 0.021483
0 0.648436 0.614259 0.019531 0.021483
0 0.513672 0.093749 0.019531 0.019531
0 0.482422 0.802736 0.019531 0.019531
0 0.222655 0.654297 0.031251 0.031248
0 0.176758 0.018556 0.017577 0.017580
0 0.436525 0.012697 0.021485 0.021483
0 0.498044 0.892577 0.019531 0.019531
0 0.626951 0.886719 0.019531 0.019531
0 0.719726 0.931640 0.017577 0.019531
0 0.267579 0.822267 0.019531 0.015624
0 0.272460 0.842774 0.017577 0.021483
