0 0.016601 0.333009 0.017577 0.021483
0 0.141604 0.599610 0.021485 0.031248
0 0.151370 0.696290 0.017577 0.017580
0 0.164061 0.281250 0.015623 0.015624
0 0.235351 0.874022 0.017577 0.017580
0 0.025389 0.076173 0.019531 0.019531
0 0.204101 0.958984 0.017577 0.019531
0 0.019532 0.281250 0.019531 0.015624
0 0.022463 0.591796 0.017577 0.019531
0 0.006835 0.729494 0.013670 0.013673
0 0.043943 0.406250 0.017577 0.019531
0 0.088868 0.286133 0.017577 0.017580
0 0.050449 0.066464 0.019384 0.024926
0 0.314235 0.066464 0.018002 0.022155
0 0.335700 0.073390 0.019384 0.019387
0 0.322543 0.094854 0.020771 0.020769
0 0.239462 0.286634 0.020771 0.022155
0 0.260234 0.290787 0.018002 0.019387
