0 0.109375 0.891601 0.019531 0.021483
0 0.152346 0.576172 0.019531 0.019531
0 0.656252 0.213867 0.019531 0.021483
0 0.880860 0.052735 0.019531 0.023438
0 0.357422 0.762693 0.019531 0.021483
0 0.268555 0.257812 0.017577 0.019531
0 0.083987 0.404295 0.019531 0.023438
0 0.083010 0.099611 0.021485 0.019531
0 0.250001 0.322267 0.019531 0.019531
0 0.200196 0.177736 0.017577 0.019531
0 0.631835 0.762693 0.021485 0.021483
0 0.588865 0.438478 0.017577 0.021483
0 0.324217 0.431640 0.019531 0.019531
0 0.141603 0.134766 0.017577 0.019531
0 0.044924 0.809570 0.019531 0.021483
0 0.284178 0.416992 0.017577 0.021483
0 0.720702 0.377930 0.019531 0.021483
0 0.329103 0.317385 0.017577 0.021483
0 0.037108 0.658203 0.019531 0.019531
0 0.423827 0.384764 0.019531 0.019531
0 0.168946 0.447264 0.017577 0.019531
0 0.048828 0.058593 0.019531 0.019531
0 0.123049 0.241212 0.019531 0.021483
0 0.265624 0.819335 0.019531 0.021483
0 0.197265 0.881836 0.019531 0.021483
0 0.590819 0.203125 0.021485 0.023438
0 0.123049 0.726562 0.019531 0.019531
0 0.740233 0.081056 0.019531 0.021483
0 0.053713 0.429689 0.017577 0.019531
0 0.364257 0.259767 0.017577 0.019531
0 0.117186 0.064452 0.019531 0.019531
0 0.789061 0.121094 0.019531 0.023438
0 0.094724 0.754883 0.021485 0.021483
0 0.209962 0.053711 0.021485 0.017580
0 0.316406 0.186525 0.019531 0.021483
0 0.095701 0.142576 0.019531 0.019531
0 0.164060 0.353516 0.019531 0.019531
0 0.084959 0.304688 0.021485 0.019531
0 0.046873 0.370116 0.019531 0.021483
0 0.306640 0.471678 0.019531 0.021483
0 0.238282 0.503906 0.023439 0.031248
0 0.355468 0.053711 0.019531 0.021483
0 0.403319 0.004883 0.017577 0.009766
0 0.450198 0.026366 0.021485 0.021483
0 0.499026 0.009766 0.017577 0.019531
0 0.551757 0.026366 0.017577 0.021483
0 0.609373 0.033204 0.015623 0.019531
0 0.684571 0.029297 0.017577 0.019531
0 0.635743 0.104494 0.017577 0.021483
0 0.838866 0.147459 0.017577 0.021483
0 0.842774 0.376954 0.017577 0.019531
0 0.924807 0.305664 0.017577 0.021483
0 0.974607 0.435547 0.019531 0.023438
0 0.693360 0.331053 0.019531 0.021483
0 0.439455 0.127928 0.019531 0.021483
0 0.370119 0.142576 0.017577 0.019531
0 0.466798 0.303712 0.019531 0.021483
0 0.683594 0.626951 0.019531 0.019531
0 0.440432 0.583006 0.021485 0.021483
0 0.402342 0.659179 0.019531 0.021483
0 0.221611 0.067159 0.018002 0.018001
0 0.547018 0.171702 0.015233 0.019387
0 0.500630 0.222246 0.022153 0.020769
0 0.558095 0.274863 0.023541 0.029080
0 0.496474 0.427874 0.019384 0.019387
0 0.829495 0.508880 0.018002 0.020769
0 0.158603 0.417489 0.027692 0.026309
0 0.031210 0.452800 0.019384 0.022155
0 0.052675 0.476341 0.023541 0.016615
0 0.320618 0.238861 0.019384 0.018001
0 0.119834 0.445184 0.019384 0.023541
0 0.576097 0.669507 0.020771 0.020769
0 0.485397 0.745664 0.022153 0.020769
