0 0.107420 0.121094 0.019531 0.015624
0 0.219727 0.850587 0.013674 0.017580
0 0.517579 0.257812 0.019531 0.019531
0 0.297851 0.215822 0.017577 0.017580
0 0.771483 0.744142 0.019531 0.019531
0 0.005861 0.449220 0.011721 0.015624
0 0.913087 0.686524 0.017577 0.017580
0 0.201173 0.254884 0.015623 0.017580
0 0.405272 0.176756 0.017577 0.017580
0 0.065432 0.994140 0.017577 0.011719
0 0.161133 0.878904 0.017577 0.019531
0 0.610349 0.516603 0.017577 0.017580
0 0.161133 0.688476 0.017577 0.017580
0 0.744141 0.147459 0.019531 0.021483
0 0.418946 0.975584 0.017577 0.017580
0 0.589846 0.407226 0.019531 0.021483
0 0.408203 0.369140 0.015623 0.019531
0 0.080078 0.336916 0.015623 0.017580
0 0.668948 0.542968 0.017577 0.015624
0 0.733398 0.810545 0.017577 0.015624
0 0.823242 0.919922 0.013674 0.019531
0 0.485351 0.907225 0.017577 0.017580
0 0.285154 0.555665 0.019531 0.017580
0 0.281251 0.635741 0.015623 0.017580
0 0.194338 0.621093 0.017577 0.019531
0 0.198241 0.392578 0.021485 0.019531
0 0.492185 0.500975 0.019531 0.017580
0 0.104494 0.559572 0.017577 0.017580
0 0.458985 0.327150 0.015623 0.017580
0 0.159179 0.991211 0.021485 0.017578
0 0.926755 0.938477 0.017577 0.017580
0 0.640623 0.950195 0.015623 0.017580
0 0.301759 0.725587 0.017577 0.017580
0 0.111328 0.990233 0.023439 0.019531
0 0.849608 0.149415 0.015623 0.017580
0 0.461912 0.580079 0.017577 0.015624
0 0.145505 0.241212 0.017577 0.017580
0 0.530276 0.882811 0.013674 0.015624
0 0.016604 0.553710 0.021485 0.017580
0 0.264646 0.462892 0.017577 0.019531
0 0.972657 0.817384 0.015623 0.017580
0 0.872070 0.387695 0.017577 0.017580
0 0.841796 0.664062 0.015623 0.019531
0 0.043947 0.198242 0.017577 0.017580
0 0.703124 0.161132 0.019531 0.021483
0 0.442380 0.416992 0.017577 0.017580
0 0.036135 0.712890 0.017577 0.019531
0 0.447266 0.448244 0.019531 0.017580
0 0.428712 0.845705 0.017577 0.019531
0 0.864259 0.991211 0.017577 0.017578
0 0.866213 0.505858 0.017577 0.015624
0 0.875001 0.876953 0.015623 0.015624
0 0.624023 0.844725 0.017577 0.017580
0 0.858396 0.208984 0.017577 0.019531
0 0.936521 0.148439 0.017577 0.015624
0 0.433592 0.368164 0.015623 0.017580
0 0.528321 0.198242 0.017577 0.017580
0 0.132424 0.007814 0.015623 0.015624
0 0.436331 0.063005 0.024923 0.018001
0 0.460565 0.055389 0.020771 0.022155
0 0.482723 0.035311 0.023541 0.018001
0 0.623962 0.193861 0.026310 0.022155
0 0.385792 0.227091 0.020771 0.019387
0 0.454333 0.552498 0.024923 0.019387
