0 0.284180 0.900392 0.017577 0.019531
0 0.437498 0.030273 0.019531 0.021483
0 0.976563 0.971678 0.019531 0.017580
0 0.976563 0.333985 0.019531 0.019531
0 0.802732 0.666994 0.019531 0.021483
0 0.330077 0.472655 0.019531 0.019531
0 0.818360 0.111329 0.019531 0.019531
0 0.827149 0.594728 0.017577 0.017580
0 0.458006 0.739256 0.021485 0.021483
0 0.801760 0.914064 0.017577 0.019531
0 0.834960 0.989257 0.017577 0.017580
0 0.954101 0.294923 0.017577 0.019531
0 0.524416 0.632814 0.017577 0.019531
0 0.798829 0.845701 0.019531 0.019531
0 0.896485 0.992187 0.019531 0.015625
