0 0.144529 0.321288 0.019531 0.021483
0 0.855471 0.911133 0.019531 0.021483
0 0.026365 0.630859 0.017577 0.019531
0 0.019531 0.036131 0.019531 0.021483
0 0.248047 0.678711 0.019531 0.021483
0 0.148437 0.420899 0.019531 0.021483
0 0.169923 0.849608 0.019531 0.019531
0 0.070313 0.372071 0.019531 0.021483
0 0.904299 0.532227 0.019531 0.021483
0 0.025388 0.537110 0.019531 0.019531
0 0.425781 0.618166 0.031251 0.021483
0 0.964841 0.748046 0.019531 0.023438
0 0.883791 0.202150 0.017577 0.021483
0 0.471678 0.770508 0.021485 0.021483
0 0.402342 0.211915 0.019531 0.021483
0 0.913087 0.677735 0.021485 0.035155
