0 0.908203 0.891601 0.019531 0.021483
0 0.742189 0.966798 0.019531 0.019531
0 0.792971 0.254884 0.019531 0.021483
0 0.088868 0.956053 0.017577 0.017580
0 0.535158 0.970701 0.019531 0.019531
0 0.951174 0.576172 0.019531 0.019531
0 0.339841 0.054686 0.019531 0.019531
0 0.029297 0.722655 0.019531 0.019531
0 0.771485 0.928712 0.019531 0.021483
0 0.190432 0.536134 0.017577 0.021483
0 0.775389 0.013673 0.019531 0.019531
0 0.462891 0.782228 0.019531 0.021483
0 0.785154 0.888670 0.019531 0.019531
0 0.407228 0.413085 0.021485 0.021483
0 0.407228 0.013673 0.017577 0.019531
0 0.882815 0.404295 0.019531 0.023438
0 0.271482 0.250001 0.019531 0.019531
0 0.881838 0.099611 0.021485 0.019531
0 0.048829 0.017580 0.019531 0.019531
0 0.995118 0.177736 0.009764 0.019531
0 0.658202 0.239256 0.019531 0.021483
0 0.136719 0.400392 0.019531 0.019531
0 0.655276 0.681642 0.017577 0.019531
0 0.082034 0.927736 0.019531 0.019531
0 0.328127 0.707031 0.019531 0.019531
0 0.099611 0.605469 0.019531 0.019531
0 0.940431 0.134766 0.017577 0.019531
0 0.843752 0.809570 0.019531 0.021483
0 0.360350 0.021483 0.017577 0.019531
0 0.217774 0.287108 0.017577 0.019531
0 0.835936 0.658203 0.019531 0.019531
0 0.480467 0.896484 0.019531 0.019531
0 0.967774 0.447264 0.017577 0.019531
0 0.580077 0.830077 0.019531 0.019531
0 0.847656 0.058593 0.019531 0.019531
0 0.553712 0.261719 0.017577 0.019531
0 0.921877 0.241212 0.019531 0.021483
0 0.993164 0.881836 0.013672 0.021483
0 0.378909 0.828125 0.019531 0.019531
0 0.921877 0.726562 0.019531 0.019531
0 0.313476 0.104494 0.017577 0.021483
0 0.391600 0.326171 0.017577 0.019531
0 0.785154 0.774414 0.019531 0.021483
0 0.611328 0.215822 0.019531 0.021483
0 0.724612 0.022462 0.019531 0.021483
0 0.852541 0.429689 0.017577 0.019531
0 0.608397 0.435547 0.017577 0.019531
0 0.779297 0.211915 0.019531 0.021483
0 0.916015 0.064452 0.019531 0.019531
0 0.368166 0.185546 0.017577 0.019531
0 0.893552 0.754883 0.021485 0.021483
0 0.101565 0.742187 0.019531 0.019531
0 0.099611 0.822266 0.019531 0.019531
0 0.174804 0.673828 0.017577 0.019531
0 0.204101 0.739259 0.017577 0.029297
0 0.091799 0.665038 0.019531 0.017580
0 0.060548 0.611327 0.019531 0.019531
0 0.013670 0.248046 0.019531 0.019531
0 0.014647 0.266601 0.017577 0.017580
0 0.064452 0.234373 0.019531 0.019531
0 0.069337 0.252929 0.021485 0.029297
0 0.052737 0.260743 0.015623 0.021483
0 0.063474 0.300781 0.017577 0.019531
0 0.042966 0.395509 0.019531 0.021483
0 0.053709 0.431640 0.017577 0.019531
0 0.162107 0.033204 0.019531 0.019531
0 0.218751 0.080080 0.019531 0.019531
0 0.095702 0.069335 0.019531 0.021483
0 0.091799 0.033204 0.019531 0.023438
0 0.086914 0.013673 0.017577 0.011717
0 0.146484 0.107421 0.019531 0.019531
0 0.198243 0.115235 0.017577 0.019531
0 0.212889 0.151366 0.015623 0.017580
0 0.146484 0.151366 0.019531 0.017580
0 0.179689 0.149415 0.023439 0.029297
0 0.283202 0.168946 0.019531 0.021483
0 0.320310 0.198242 0.019531 0.021483
0 0.412109 0.078124 0.019531 0.019531
0 0.443359 0.144532 0.019531 0.019531
0 0.527346 0.085938 0.019531 0.019531
0 0.597654 0.115235 0.019531 0.019531
0 0.673830 0.078124 0.019531 0.023438
0 0.685549 0.008790 0.019531 0.017580
0 0.769531 0.109377 0.019531 0.019531
0 0.894529 0.142576 0.019531 0.019531
0 0.962888 0.353516 0.019531 0.019531
0 0.883787 0.304688 0.021485 0.019531
0 0.845702 0.370116 0.019531 0.021483
0 0.603517 0.514647 0.019531 0.017580
0 0.658202 0.385744 0.019531 0.021483
0 0.719726 0.426757 0.017577 0.017580
0 0.557615 0.318360 0.017577 0.019531
0 0.501953 0.345702 0.019531 0.019531
0 0.351561 0.354491 0.019531 0.021483
0 0.450194 0.447264 0.021485 0.023438
0 0.421874 0.247070 0.019531 0.021483
0 0.394532 0.212891 0.019531 0.019531
0 0.208986 0.246094 0.019531 0.019531
0 0.184569 0.310546 0.017577 0.019531
0 0.230471 0.626951 0.019531 0.019531
0 0.154296 0.549806 0.019531 0.021483
0 0.442382 0.656252 0.017577 0.019531
0 0.650390 0.589845 0.019531 0.019531
0 0.743166 0.705080 0.017577 0.019531
0 0.626951 0.698242 0.019531 0.021483
0 0.558592 0.749025 0.019531 0.017580
0 0.570312 0.774414 0.019531 0.021483
0 0.595705 0.769532 0.019531 0.019531
0 0.624025 0.773439 0.017577 0.015624
0 0.646482 0.777346 0.019531 0.019531
0 0.957431 0.417489 0.027692 0.026309
0 0.830038 0.452800 0.019384 0.022155
0 0.851503 0.476341 0.023541 0.016615
0 0.780188 0.459031 0.027692 0.020769
0 0.742801 0.468033 0.022153 0.022155
0 0.564176 0.227091 0.022153 0.024926
0 0.642412 0.470110 0.018002 0.018001
0 0.653489 0.549731 0.020771 0.022155
0 0.512943 0.442416 0.022153 0.023541
0 0.493554 0.626583 0.019384 0.018001
0 0.479708 0.641812 0.019384 0.018001
0 0.291388 0.526190 0.016615 0.019387
0 0.192381 0.472187 0.020771 0.024926
0 0.168147 0.112160 0.022153 0.022155
0 0.153607 0.126007 0.020771 0.019387
0 0.918662 0.445184 0.019384 0.023541
