0 0.422852 0.041994 0.017577 0.017580
0 0.012694 0.337892 0.017577 0.015624
0 0.185548 0.040038 0.015623 0.017580
0 0.500000 0.244139 0.019531 0.015624
0 0.851565 0.601562 0.019531 0.015624
0 0.666014 0.241212 0.015623 0.017580
0 0.675780 0.121094 0.019531 0.019531
0 0.044921 0.919922 0.019531 0.019531
0 0.108400 0.056642 0.013674 0.015624
0 0.473634 0.443358 0.029297 0.023438
0 0.517577 0.048828 0.015623 0.019531
0 0.550782 0.386720 0.015623 0.015624
0 0.372070 0.069335 0.029297 0.029297
0 0.101561 0.134767 0.019531 0.015624
0 0.616209 0.962892 0.017577 0.019531
0 0.674803 0.835939 0.017577 0.019531
0 0.743162 0.411134 0.017577 0.017580
0 0.125977 0.526369 0.017577 0.017580
0 0.177736 0.650390 0.015623 0.019531
0 0.618163 0.306640 0.021485 0.019531
0 0.145508 0.065428 0.017577 0.017580
0 0.190428 0.167970 0.017577 0.019531
0 0.101561 0.415041 0.019531 0.017580
0 0.323243 0.747070 0.013674 0.017580
0 0.384767 0.560548 0.015623 0.015624
0 0.392578 0.757811 0.019531 0.015624
0 0.260741 0.771484 0.017577 0.015624
0 0.190428 0.377930 0.017577 0.017580
0 0.125977 0.547852 0.017577 0.017580
0 0.102538 0.933595 0.021485 0.019531
0 0.994141 0.541017 0.011717 0.019531
0 0.607421 0.236329 0.015623 0.015624
0 0.693362 0.773439 0.019531 0.019531
0 0.169920 0.765625 0.015623 0.015624
0 0.179685 0.192384 0.015623 0.017580
0 0.442383 0.492189 0.017577 0.015624
0 0.064453 0.222657 0.019531 0.019531
0 0.376956 0.603517 0.015623 0.015624
0 0.650391 0.961916 0.019531 0.017580
0 0.215821 0.874022 0.017577 0.017580
0 0.411133 0.129884 0.013674 0.017580
0 0.012911 0.219775 0.022153 0.020769
0 0.213695 0.181696 0.024923 0.022155
0 0.924743 0.737657 0.026310 0.020769
0 0.509330 0.415022 0.023541 0.020769
0 0.693499 0.807584 0.023541 0.019387
0 0.381937 0.577722 0.020771 0.016615
0 0.667877 0.932900 0.022153 0.020769
