0 0.604492 0.339844 0.021485 0.019531
0 0.453123 0.743163 0.019531 0.021483
0 0.368164 0.178712 0.017577 0.017580
0 0.271486 0.511721 0.019531 0.019531
0 0.895510 0.153318 0.017577 0.017580
0 0.490236 0.532228 0.019531 0.017580
0 0.241212 0.306640 0.017577 0.019531
0 0.067381 0.585938 0.017577 0.019531
0 0.382810 0.591797 0.019531 0.019531
0 0.569338 0.500000 0.021485 0.019531
0 0.005859 0.333985 0.011719 0.019531
0 0.876956 0.617186 0.019531 0.019531
0 0.455077 0.081056 0.019531 0.017580
0 0.011719 0.569334 0.019531 0.021483
0 0.611326 0.487303 0.019531 0.021483
0 0.054689 0.951171 0.019531 0.019531
0 0.925783 0.857422 0.019531 0.019531
0 0.324217 0.662111 0.019531 0.019531
0 0.271486 0.701173 0.019531 0.019531
0 0.802734 0.490234 0.019531 0.019531
0 0.394530 0.533203 0.019531 0.019531
0 0.250000 0.561524 0.019531 0.017580
0 0.913087 0.814453 0.017577 0.019531
0 0.060546 0.723632 0.019531 0.021483
0 0.306640 0.750001 0.019531 0.019531
0 0.941406 0.649414 0.019531 0.021483
0 0.163087 0.547852 0.017577 0.017580
0 0.296874 0.701173 0.019531 0.019531
0 0.987303 0.516603 0.017577 0.021483
0 0.128905 0.792970 0.019531 0.019531
0 0.722656 0.547852 0.019531 0.021483
0 0.529299 0.879885 0.019531 0.017580
0 0.349610 0.371092 0.019531 0.019531
0 0.067381 0.289064 0.021485 0.019531
0 0.141602 0.966795 0.017577 0.019531
0 0.310548 0.781249 0.019531 0.019531
0 0.717775 0.490234 0.017577 0.019531
0 0.321291 0.915040 0.017577 0.017580
0 0.314451 0.886719 0.019531 0.019531
0 0.726564 0.847657 0.019531 0.019531
0 0.954103 0.919923 0.017577 0.019531
0 0.353513 0.834960 0.019531 0.017580
0 0.734375 0.728515 0.019531 0.019531
0 0.304923 0.395077 0.017501 0.016251
0 0.327421 0.391329 0.020002 0.023749
0 0.472421 0.851328 0.017501 0.016251
0 0.146174 0.888826 0.020002 0.021251
