0 0.077148 0.196288 0.021485 0.021483
0 0.019532 0.309571 0.019531 0.021483
0 0.968751 0.050780 0.019531 0.019531
0 0.764651 0.104491 0.021485 0.021483
0 0.644533 0.187502 0.019531 0.019531
0 0.843752 0.237305 0.019531 0.021483
0 0.334961 0.083984 0.021485 0.019531
0 0.482422 0.006837 0.019531 0.013673
0 0.597654 0.210936 0.019531 0.019531
0 0.498044 0.093749 0.019531 0.019531
0 0.626951 0.087891 0.019531 0.019531
0 0.719726 0.132811 0.017577 0.019531
0 0.845702 0.266602 0.019531 0.021483
0 0.842775 0.285157 0.017577 0.019531
0 0.267579 0.023439 0.019531 0.015624
0 0.272460 0.043946 0.017577 0.021483
0 0.689493 0.399246 0.029079 0.027694
