0 0.638670 0.927736 0.019531 0.019531
0 0.631835 0.964843 0.017577 0.019531
0 0.816404 0.675783 0.019531 0.019531
0 0.596681 0.134766 0.017577 0.019531
0 0.785158 0.846680 0.019531 0.021483
0 0.748045 0.932619 0.019531 0.021483
0 0.691406 0.040038 0.019531 0.021483
0 0.701171 0.851563 0.019531 0.019531
0 0.299806 0.332033 0.021485 0.019531
0 0.734376 0.749025 0.019531 0.021483
0 0.599607 0.834959 0.019531 0.021483
0 0.518557 0.047852 0.021485 0.021483
0 0.558596 0.207032 0.019531 0.019531
0 0.984373 0.727538 0.019531 0.021483
0 0.163088 0.656252 0.021485 0.019531
0 0.343749 0.105470 0.019531 0.019531
0 0.607424 0.086914 0.019531 0.021483
0 0.725588 0.291991 0.017577 0.021483
0 0.258790 0.208008 0.021485 0.021483
0 0.381834 0.666993 0.021485 0.021483
0 0.795901 0.790039 0.017577 0.021483
0 0.335937 0.284181 0.019531 0.021483
0 0.455078 0.962891 0.019531 0.019531
0 0.869140 0.664062 0.019531 0.019531
0 0.225585 0.534179 0.021485 0.021483
0 0.958984 0.418947 0.019531 0.021483
0 0.994140 0.375978 0.011719 0.021483
0 0.925779 0.245119 0.023439 0.029297
0 0.429690 0.438478 0.019531 0.021483
0 0.389650 0.355467 0.017577 0.019531
0 0.668943 0.441406 0.017577 0.019531
0 0.675783 0.166015 0.019531 0.019531
0 0.462889 0.167970 0.019531 0.019531
0 0.171877 0.283201 0.019531 0.019531
0 0.991212 0.869139 0.017577 0.019531
0 0.044924 0.420899 0.019531 0.021483
0 0.105467 0.308595 0.019531 0.019531
0 0.057616 0.358398 0.021485 0.021483
0 0.841797 0.943360 0.019531 0.019531
0 0.958007 0.889650 0.021485 0.021483
0 0.720702 0.395509 0.019531 0.021483
0 0.917968 0.937502 0.019531 0.019531
0 0.994140 0.434571 0.011719 0.021483
0 0.483398 0.442382 0.017577 0.017580
0 0.403319 0.560548 0.021485 0.019531
0 0.504883 0.427733 0.017577 0.019531
0 0.551757 0.670900 0.017577 0.017580
0 0.975584 0.637697 0.017577 0.017580
0 0.431639 0.917970 0.019531 0.019531
0 0.357422 0.559572 0.019531 0.021483
0 0.552734 0.984374 0.019531 0.023438
0 0.591796 0.444337 0.031251 0.021483
0 0.116209 0.279298 0.017577 0.019531
0 0.323240 0.656252 0.017577 0.019531
0 0.432616 0.982422 0.017577 0.019531
0 0.603516 0.748045 0.019531 0.019531
0 0.015623 0.355467 0.019531 0.019531
0 0.035154 0.779297 0.019531 0.023438
0 0.508791 0.542968 0.017577 0.019531
0 0.129883 0.854491 0.021485 0.021483
0 0.381834 0.908205 0.017577 0.019531
0 0.810547 0.398436 0.031251 0.023438
0 0.231447 0.588869 0.017577 0.021483
0 0.925779 0.454102 0.039062 0.033204
0 0.138358 0.496252 0.024999 0.022500
0 0.217733 0.463124 0.021252 0.016251
0 0.240858 0.478125 0.024999 0.018749
0 0.382735 0.515001 0.026249 0.019998
0 0.442736 0.511876 0.016251 0.018749
0 0.592732 0.420625 0.023748 0.023749
0 0.633987 0.479374 0.021252 0.023749
0 0.388982 0.788751 0.018752 0.024999
0 0.218361 0.851252 0.022498 0.015001
0 0.894609 0.400623 0.017501 0.026252
0 0.923982 0.485624 0.023748 0.016251
0 0.983983 0.472498 0.018752 0.022500
