0 0.330078 0.016602 0.015623 0.017580
0 0.756837 0.388673 0.021485 0.023438
0 0.214845 0.302734 0.019531 0.019531
0 0.674804 0.265624 0.017577 0.019531
0 0.367186 0.664064 0.019531 0.019531
0 0.835938 0.742188 0.019531 0.019531
0 0.255862 0.307617 0.019531 0.017580
0 0.391603 0.183592 0.017577 0.019531
0 0.993165 0.569336 0.013670 0.017580
0 0.282227 0.388673 0.017577 0.019531
0 0.728517 0.902344 0.019531 0.019531
0 0.837892 0.253906 0.019531 0.019531
0 0.406248 0.253906 0.019531 0.019531
0 0.796876 0.707033 0.019531 0.019531
0 0.719728 0.046874 0.017577 0.019531
0 0.823241 0.782226 0.017577 0.017580
0 0.559571 0.212889 0.017577 0.019531
0 0.890623 0.298827 0.019531 0.019531
0 0.078127 0.216796 0.019531 0.019531
0 0.238280 0.589843 0.019531 0.019531
0 0.740237 0.773437 0.019531 0.019531
0 0.896486 0.939451 0.019531 0.019531
0 0.909177 0.354493 0.017577 0.021483
0 0.878909 0.904296 0.019531 0.019531
0 0.837892 0.578125 0.019531 0.019531
0 0.126955 0.457032 0.019531 0.019531
0 0.720706 0.693361 0.019531 0.019531
0 0.349609 0.541991 0.019531 0.017580
0 0.775391 0.868165 0.019531 0.021483
0 0.695312 0.852541 0.019531 0.017580
0 0.633787 0.265624 0.021485 0.019531
0 0.617188 0.469728 0.019531 0.017580
0 0.462893 0.950196 0.019531 0.017580
0 0.006836 0.089843 0.013672 0.019531
0 0.936525 0.790040 0.017577 0.017580
0 0.843750 0.906251 0.019531 0.019531
0 0.874023 0.986327 0.017577 0.019531
0 0.114259 0.414062 0.017577 0.019531
0 0.867189 0.186523 0.019531 0.017580
0 0.982422 0.058595 0.019531 0.019531
0 0.809573 0.953124 0.017577 0.019531
0 0.142578 0.249024 0.019531 0.021483
0 0.630861 0.326172 0.019531 0.019531
0 0.590822 0.869141 0.017577 0.019531
0 0.140624 0.609374 0.019531 0.019531
0 0.065431 0.972655 0.017577 0.019531
0 0.188475 0.116213 0.017577 0.021483
0 0.791014 0.675781 0.019531 0.019531
0 0.817384 0.657226 0.017577 0.017580
0 0.242188 0.638670 0.019531 0.019531
0 0.030272 0.756837 0.017577 0.017580
0 0.109373 0.668947 0.019531 0.017580
0 0.298827 0.049805 0.019531 0.017580
0 0.558594 0.465821 0.019531 0.017580
0 0.547852 0.673829 0.017577 0.019531
0 0.332032 0.833985 0.019531 0.019531
0 0.474607 0.485353 0.019531 0.017580
0 0.295896 0.954103 0.017577 0.017580
0 0.224611 0.536132 0.019531 0.017580
0 0.948245 0.241210 0.017577 0.021483
0 0.632810 0.995117 0.015623 0.005859
0 0.155275 0.519532 0.017577 0.019531
0 0.141601 0.968752 0.017577 0.019531
0 0.524412 0.876955 0.017577 0.019531
0 0.181640 0.973635 0.019531 0.017580
0 0.192383 0.795899 0.017577 0.017580
0 0.247969 0.448439 0.018752 0.018749
0 0.254216 0.467811 0.018752 0.022500
0 0.346718 0.472189 0.018752 0.016251
0 0.486717 0.444688 0.016251 0.018749
0 0.511720 0.544686 0.011249 0.016251
0 0.682342 0.519061 0.020002 0.015001
0 0.856720 0.525937 0.018751 0.023749
0 0.289846 0.844564 0.022999 0.019998
0 0.116344 0.785564 0.028001 0.027998
0 0.169344 0.902063 0.018002 0.024999
0 0.319842 0.891561 0.020999 0.027998
0 0.286343 0.757562 0.028001 0.026001
0 0.195846 0.738562 0.019000 0.021999
0 0.676095 0.829687 0.017501 0.016251
0 0.658594 0.821562 0.012499 0.019998
0 0.984796 0.510363 0.022402 0.017599
