0 0.321291 0.592772 0.021485 0.021483
0 0.413084 0.084959 0.021485 0.021483
0 0.489259 0.455078 0.017577 0.019531
0 0.502928 0.562500 0.017577 0.019531
0 0.488282 0.675779 0.035154 0.035155
0 0.976560 0.806642 0.019531 0.019531
0 0.099609 0.276367 0.019531 0.021483
0 0.960937 0.040038 0.019531 0.021483
0 0.039061 0.441406 0.019531 0.019531
0 0.493162 0.121094 0.021485 0.023438
0 0.863282 0.261719 0.019531 0.019531
0 0.929687 0.983398 0.019531 0.021483
0 0.023438 0.299805 0.019531 0.021483
0 0.783203 0.153322 0.019531 0.021483
0 0.248046 0.608400 0.023439 0.021483
0 0.252932 0.627931 0.021485 0.021483
0 0.710936 0.867187 0.023439 0.031248
0 0.881836 0.934571 0.017577 0.021483
0 0.957029 0.859374 0.019531 0.019531
0 0.667424 0.724296 0.035002 0.026252
0 0.891171 0.768047 0.015000 0.021251
0 0.911796 0.769296 0.016251 0.018749
0 0.610547 0.851799 0.026249 0.026252
0 0.637423 0.862422 0.022498 0.029999
0 0.603672 0.789921 0.024999 0.024999
0 0.637423 0.776173 0.032501 0.037502
