0 0.415040 0.955078 0.017577 0.015624
0 0.072268 0.681642 0.015623 0.019531
0 0.808593 0.724611 0.019531 0.015624
0 0.942385 0.367189 0.017577 0.015624
0 0.471679 0.461913 0.017577 0.017580
0 0.588866 0.750977 0.017577 0.017580
0 0.214843 0.949219 0.019531 0.019531
0 0.765623 0.916015 0.019531 0.019531
0 0.891603 0.169922 0.013674 0.015624
0 0.076171 0.358399 0.019531 0.017580
0 0.686521 0.442382 0.017577 0.013673
0 0.667967 0.631835 0.015623 0.017580
0 0.379881 0.235350 0.017577 0.017580
0 0.254882 0.285157 0.017577 0.015624
0 0.414063 0.164063 0.019531 0.015624
0 0.884764 0.653321 0.011720 0.013673
0 0.884764 0.486327 0.011720 0.019531
0 0.710938 0.993163 0.015623 0.013674
0 0.131838 0.555665 0.017577 0.017580
0 0.832033 0.916991 0.015623 0.017580
0 0.142576 0.319337 0.019531 0.017580
0 0.868164 0.520506 0.017577 0.017580
0 0.269533 0.939454 0.019531 0.019531
0 0.120119 0.661131 0.013674 0.017580
0 0.217774 0.454103 0.017577 0.017580
0 0.153319 0.968750 0.017577 0.023438
0 0.186524 0.599610 0.017577 0.019531
0 0.036132 0.761718 0.017577 0.019531
0 0.030275 0.292967 0.013674 0.015624
0 0.374023 0.684569 0.017577 0.013673
0 0.962888 0.924805 0.015623 0.013673
0 0.720703 0.094725 0.011720 0.017580
0 0.385743 0.870119 0.017577 0.017580
0 0.150393 0.444337 0.015623 0.017580
0 0.809571 0.339843 0.017577 0.019531
0 0.908203 0.766601 0.015623 0.017580
0 0.940431 0.273436 0.013674 0.015624
0 0.152342 0.496093 0.019531 0.019531
0 0.193358 0.720704 0.015623 0.015624
0 0.698241 0.925781 0.021485 0.019531
0 0.923826 0.185546 0.015623 0.019531
0 0.635744 0.126953 0.013674 0.015624
0 0.311522 0.413085 0.017577 0.017580
0 0.404297 0.408202 0.015623 0.015624
0 0.955077 0.728514 0.015623 0.015624
0 0.304687 0.632814 0.015623 0.011717
0 0.470702 0.963868 0.019531 0.017580
0 0.782228 0.427734 0.017577 0.019531
0 0.034178 0.394530 0.017577 0.019531
0 0.254882 0.105470 0.017577 0.015624
0 0.705081 0.307616 0.015623 0.017580
0 0.849610 0.246095 0.015623 0.015624
0 0.422851 0.019532 0.013674 0.019531
0 0.632813 0.527345 0.011720 0.015624
0 0.470702 0.133791 0.019531 0.017580
0 0.861330 0.034180 0.015623 0.017580
0 0.544923 0.642580 0.011720 0.015624
0 0.740234 0.212891 0.015623 0.019531
0 0.613282 0.338868 0.019531 0.017580
0 0.796874 0.005859 0.019531 0.011718
0 0.869141 0.327147 0.015623 0.013673
0 0.938477 0.230467 0.017577 0.019531
0 0.934569 0.625000 0.017577 0.015624
0 0.494141 0.568358 0.015623 0.011717
0 0.805662 0.822267 0.017577 0.023438
0 0.216797 0.620117 0.015623 0.017580
0 0.393555 0.085939 0.013674 0.015624
0 0.880861 0.423827 0.019531 0.015624
0 0.567381 0.906250 0.017577 0.019531
0 0.822267 0.246095 0.011720 0.011717
0 0.063474 0.549803 0.017577 0.017580
0 0.539061 0.274416 0.015623 0.017580
0 0.594728 0.801756 0.017577 0.029297
0 0.692384 0.766601 0.017577 0.013673
0 0.458010 0.287109 0.017577 0.019531
0 0.874998 0.669921 0.019531 0.015624
0 0.953123 0.436523 0.019531 0.013673
0 0.785154 0.506838 0.015623 0.017580
0 0.663087 0.911133 0.013674 0.017580
0 0.539061 0.873046 0.031251 0.031248
0 0.473633 0.212891 0.005857 0.015624
0 0.782228 0.140625 0.017577 0.019531
0 0.949220 0.052735 0.015623 0.019531
0 0.987305 0.267578 0.013674 0.015624
0 0.345704 0.792970 0.015623 0.015624
0 0.230471 0.510741 0.015623 0.017580
0 0.539061 0.053711 0.015623 0.021483
0 0.320310 0.564451 0.015623 0.019531
0 0.898438 0.537110 0.023439 0.015624
0 0.967774 0.229491 0.017577 0.013673
0 0.568358 0.937498 0.019531 0.019531
0 0.396486 0.716797 0.015623 0.015624
0 0.693361 0.196287 0.011720 0.013673
0 0.977539 0.321288 0.013674 0.017580
0 0.265625 0.225584 0.015623 0.017580
0 0.894529 0.259767 0.015623 0.015624
0 0.968751 0.021483 0.015623 0.019531
0 0.553712 0.802736 0.013674 0.015624
0 0.598631 0.437499 0.013674 0.011717
0 0.778320 0.185546 0.013674 0.015624
0 0.416994 0.244139 0.017577 0.015624
0 0.421874 0.509765 0.015623 0.015624
0 0.165038 0.840822 0.017577 0.017580
0 0.662110 0.726563 0.015623 0.015624
0 0.632813 0.818360 0.015623 0.019531
0 0.211912 0.747070 0.013674 0.017580
0 0.284179 0.716797 0.017577 0.015624
0 0.576174 0.202150 0.019531 0.013673
0 0.238283 0.778322 0.015623 0.017580
0 0.098634 0.017580 0.017577 0.011717
0 0.915038 0.328126 0.013674 0.019531
0 0.475587 0.064452 0.017577 0.019531
0 0.389646 0.355468 0.017577 0.015624
0 0.636716 0.206053 0.015623 0.017580
0 0.171873 0.733397 0.015623 0.017580
0 0.916015 0.394530 0.011720 0.015624
0 0.673830 0.793946 0.015623 0.013673
0 0.691407 0.574217 0.019531 0.015624
0 0.547849 0.187501 0.017577 0.019531
0 0.240237 0.601562 0.011720 0.015624
0 0.778320 0.799805 0.013674 0.013673
0 0.580077 0.387696 0.015623 0.013673
0 0.833982 0.089842 0.015623 0.019531
0 0.940431 0.535155 0.013674 0.019531
0 0.803713 0.165039 0.017577 0.013673
0 0.124022 0.044921 0.017577 0.019531
0 0.360350 0.118163 0.017577 0.017580
0 0.557615 0.263671 0.013674 0.019531
0 0.918946 0.900391 0.017577 0.019531
0 0.323241 0.673828 0.009766 0.019531
0 0.994141 0.563476 0.011718 0.017580
0 0.628905 0.719728 0.019531 0.013673
0 0.274414 0.657228 0.017577 0.017580
0 0.390623 0.738280 0.015623 0.015624
0 0.659179 0.311523 0.013674 0.017580
0 0.008789 0.471679 0.017577 0.017580
0 0.847656 0.184570 0.007811 0.017580
0 0.120119 0.178712 0.017577 0.017580
0 0.121096 0.804687 0.015623 0.015624
0 0.417971 0.747070 0.019531 0.021483
0 0.434571 0.891602 0.017577 0.017580
0 0.583008 0.234374 0.017577 0.019531
0 0.793325 0.087017 0.017764 0.026646
0 0.703698 0.103572 0.012919 0.016148
0 0.677055 0.092264 0.016149 0.017762
0 0.573304 0.131828 0.015339 0.014534
0 0.555134 0.139501 0.012919 0.015339
0 0.541005 0.151207 0.012110 0.014534
0 0.543430 0.073291 0.016954 0.013726
0 0.498617 0.078136 0.024224 0.016957
0 0.500637 0.098727 0.008880 0.016148
0 0.400110 0.107201 0.019379 0.013726
0 0.556749 0.011926 0.012919 0.013726
0 0.287075 0.138693 0.017764 0.015339
0 0.595103 0.178256 0.016954 0.025029
0 0.574514 0.173411 0.017764 0.016957
0 0.678669 0.257785 0.017764 0.024224
0 0.639106 0.286854 0.020994 0.020993
0 0.801400 0.211361 0.022609 0.015339
0 0.836518 0.223876 0.023414 0.014534
0 0.791305 0.250924 0.015339 0.015339
0 0.807859 0.271917 0.016149 0.015339
0 0.779595 0.267073 0.014534 0.013726
0 0.777176 0.236390 0.016149 0.013726
0 0.880926 0.191579 0.015339 0.016148
0 0.958843 0.188751 0.014534 0.015339
0 0.446539 0.211361 0.015339 0.018571
0 0.438464 0.269897 0.010495 0.014534
0 0.008921 0.378294 0.015339 0.025838
0 0.368622 0.334289 0.020994 0.020184
0 0.408590 0.376275 0.020184 0.021802
0 0.196643 0.480837 0.025839 0.020993
0 0.362972 0.456210 0.020994 0.025029
0 0.411415 0.535337 0.020994 0.016957
0 0.516786 0.492542 0.016954 0.018571
0 0.582183 0.420280 0.016954 0.012917
0 0.596718 0.404535 0.018569 0.016957
0 0.625382 0.398881 0.022609 0.013726
0 0.637896 0.419874 0.013724 0.010495
0 0.660905 0.339133 0.019379 0.013726
0 0.654850 0.361338 0.012110 0.022607
0 0.822389 0.388789 0.024224 0.014534
0 0.844998 0.387175 0.016149 0.014534
0 0.995570 0.349628 0.008860 0.016957
0 0.991532 0.375872 0.016935 0.016148
0 0.912820 0.491331 0.014534 0.014534
0 0.837328 0.528472 0.018569 0.016148
0 0.836923 0.550676 0.017764 0.020184
0 0.645566 0.712966 0.011305 0.015339
0 0.540605 0.778770 0.009690 0.019379
0 0.524456 0.796133 0.011305 0.015339
0 0.797765 0.801783 0.016954 0.016957
0 0.151025 0.947119 0.015339 0.015339
