0 0.886717 0.658204 0.015623 0.019531
0 0.540037 0.514648 0.017577 0.013673
0 0.916991 0.543945 0.017577 0.017580
0 0.204100 0.348633 0.017577 0.017580
0 0.377931 0.147460 0.017577 0.017580
0 0.094724 0.588866 0.017577 0.017580
0 0.368165 0.830077 0.017577 0.015624
0 0.893557 0.236330 0.017577 0.015624
0 0.481444 0.469727 0.017577 0.017580
0 0.924802 0.120119 0.017577 0.017580
0 0.903322 0.180664 0.017577 0.017580
0 0.605470 0.602538 0.015623 0.017580
0 0.379885 0.035156 0.013674 0.011717
0 0.577150 0.391603 0.017577 0.017580
0 0.844729 0.517579 0.013674 0.015624
0 0.377931 0.867188 0.017577 0.015624
0 0.836912 0.874022 0.017577 0.017580
0 0.176757 0.586914 0.017577 0.013673
0 0.834963 0.020508 0.017577 0.017580
0 0.879883 0.748046 0.013674 0.015624
0 0.642578 0.630859 0.015623 0.015624
0 0.071290 0.735353 0.017577 0.017580
0 0.633790 0.539062 0.017577 0.019531
0 0.980470 0.814453 0.015623 0.015624
0 0.725588 0.446289 0.013674 0.017580
0 0.508791 0.746094 0.017577 0.019531
0 0.403319 0.417968 0.013674 0.015624
0 0.280275 0.990233 0.017577 0.015624
0 0.658201 0.376954 0.015623 0.015624
0 0.164060 0.159181 0.015623 0.017580
0 0.759765 0.166991 0.019531 0.017580
0 0.518557 0.909181 0.017577 0.013673
0 0.930665 0.645507 0.017577 0.017580
0 0.875003 0.098632 0.019531 0.021483
0 0.045897 0.475586 0.017577 0.013673
0 0.518557 0.547852 0.017577 0.013673
0 0.605470 0.278319 0.015623 0.013673
0 0.612304 0.035156 0.017577 0.019531
0 0.460936 0.836915 0.015623 0.013673
0 0.658201 0.488283 0.019531 0.019531
0 0.959961 0.189453 0.017577 0.015624
0 0.992189 0.506834 0.015622 0.017580
0 0.655275 0.069335 0.017577 0.017580
0 0.979493 0.667970 0.017577 0.019531
0 0.532226 0.681642 0.017577 0.019531
0 0.927733 0.943361 0.015623 0.015624
0 0.618162 0.958009 0.017577 0.017580
0 0.479495 0.983399 0.017577 0.017580
0 0.162111 0.335937 0.015623 0.015624
0 0.824221 0.775391 0.015623 0.015624
0 0.743165 0.678711 0.017577 0.021483
0 0.387696 0.673828 0.017577 0.023438
0 0.541014 0.721680 0.015623 0.017580
0 0.767576 0.256836 0.015623 0.017580
0 0.713868 0.758791 0.017577 0.017580
0 0.159180 0.391603 0.013674 0.013673
0 0.260744 0.571290 0.017577 0.017580
0 0.250001 0.107422 0.015623 0.015624
0 0.337892 0.700194 0.015623 0.021483
0 0.242190 0.842774 0.019531 0.017580
0 0.387696 0.738280 0.017577 0.019531
0 0.411131 0.465820 0.017577 0.017580
0 0.510740 0.422851 0.017577 0.013673
0 0.516603 0.970702 0.017577 0.015624
0 0.033205 0.809570 0.015623 0.017580
0 0.673829 0.785156 0.019531 0.015624
0 0.416016 0.506834 0.019531 0.017580
0 0.203123 0.227540 0.015623 0.013673
0 0.641601 0.198243 0.017577 0.021483
0 0.931642 0.864257 0.015623 0.013673
0 0.763673 0.576173 0.015623 0.015624
0 0.728514 0.007812 0.015623 0.015625
0 0.704103 0.177736 0.017577 0.019531
0 0.967773 0.902343 0.017577 0.015624
0 0.282224 0.294923 0.017577 0.019531
0 0.772462 0.876953 0.017577 0.015624
0 0.450193 0.400392 0.017577 0.015624
0 0.335937 0.688477 0.019531 0.021483
0 0.535157 0.587890 0.015623 0.015624
0 0.689452 0.618162 0.015623 0.013673
0 0.980470 0.974609 0.015623 0.011717
0 0.731445 0.845701 0.017577 0.019531
0 0.181643 0.020508 0.015623 0.017580
0 0.731445 0.510741 0.017577 0.013673
0 0.039062 0.408203 0.015623 0.015624
0 0.455078 0.031249 0.015623 0.015624
0 0.926756 0.410158 0.013674 0.019531
0 0.467775 0.586914 0.017577 0.017580
0 0.677732 0.455079 0.019531 0.015624
0 0.593750 0.684570 0.015623 0.017580
0 0.539060 0.825194 0.011720 0.009766
0 0.043948 0.612304 0.017577 0.017580
0 0.368165 0.455079 0.017577 0.019531
0 0.466798 0.544921 0.015623 0.015624
0 0.541014 0.401368 0.015623 0.013673
0 0.092775 0.251954 0.017577 0.019531
0 0.144529 0.901367 0.019531 0.017580
0 0.875003 0.692384 0.015623 0.017580
0 0.867186 0.293947 0.015623 0.017580
0 0.166992 0.965819 0.017577 0.021483
0 0.487306 0.549803 0.017577 0.013673
0 0.229493 0.685545 0.017577 0.019531
0 0.594727 0.232423 0.013674 0.015624
0 0.257813 0.691408 0.015623 0.019531
0 0.010464 0.143325 0.019658 0.023537
0 0.166941 0.902408 0.022781 0.017352
0 0.012464 0.011303 0.022153 0.022605
0 0.503091 0.583356 0.019546 0.019277
0 0.121454 0.891894 0.012742 0.014421
0 0.380918 0.696393 0.018023 0.025412
0 0.011603 0.325571 0.018433 0.025811
0 0.307830 0.013174 0.024892 0.026347
0 0.472949 0.071154 0.023232 0.026552
0 0.552936 0.352267 0.025226 0.017257
0 0.535015 0.330363 0.021242 0.018586
0 0.554926 0.250044 0.021242 0.019915
0 0.232328 0.164417 0.029206 0.021240
0 0.642548 0.173043 0.021242 0.025223
0 0.273481 0.372846 0.026553 0.031863
0 0.712248 0.647653 0.019916 0.023898
0 0.007301 0.793688 0.014603 0.021240
0 0.158644 0.818911 0.027879 0.026552
0 0.187854 0.841479 0.025226 0.018586
