0 0.735353 0.151367 0.017577 0.017580
0 0.076170 0.302733 0.019531 0.019531
0 0.892579 0.708983 0.019531 0.019531
0 0.143557 0.779298 0.017577 0.019531
0 0.187500 0.833008 0.019531 0.017580
0 0.289063 0.741211 0.019531 0.021483
0 0.860351 0.938478 0.017577 0.017580
0 0.204099 0.174805 0.017577 0.017580
0 0.404296 0.498048 0.019531 0.019531
0 0.935545 0.450196 0.019531 0.017580
0 0.874025 0.991212 0.017577 0.017577
0 0.105467 0.507814 0.019531 0.019531
0 0.778319 0.650390 0.017577 0.019531
0 0.216796 0.589845 0.019531 0.019531
0 0.291018 0.077149 0.019531 0.017580
0 0.714845 0.617186 0.019531 0.019531
0 0.185545 0.367189 0.019531 0.019531
0 0.986327 0.945312 0.019531 0.019531
0 0.851563 0.704101 0.019531 0.021483
0 0.918945 0.790039 0.017577 0.021483
0 0.326172 0.530272 0.019531 0.017580
0 0.138672 0.748046 0.019531 0.019531
0 0.967773 0.416992 0.017577 0.017580
0 0.825197 0.516603 0.017577 0.021483
0 0.638670 0.490234 0.019531 0.019531
0 0.447267 0.485351 0.019531 0.021483
0 0.306640 0.850584 0.019531 0.017580
0 0.083987 0.558593 0.019531 0.019531
0 0.761719 0.857422 0.019531 0.019531
0 0.229493 0.531252 0.017577 0.019531
0 0.158203 0.659180 0.019531 0.017580
0 0.104490 0.699218 0.017577 0.019531
0 0.570311 0.728515 0.019531 0.019531
0 0.147460 0.884767 0.017577 0.019531
0 0.440432 0.337892 0.021485 0.019531
0 0.790038 0.921874 0.017577 0.019531
0 0.553711 0.488283 0.017577 0.019531
0 0.364257 0.877929 0.017577 0.017580
0 0.130860 0.697266 0.019531 0.019531
0 0.154295 0.913085 0.019531 0.017580
0 0.563476 0.846681 0.017577 0.017580
0 0.881837 0.851564 0.021485 0.015624
0 0.887694 0.870119 0.017577 0.017580
0 0.160861 0.387578 0.017501 0.026252
0 0.136485 0.393205 0.023748 0.019998
0 0.558986 0.548045 0.018752 0.020313
0 0.751108 0.812953 0.024001 0.026001
0 0.983608 0.882451 0.028998 0.027000
