0 0.366210 0.599611 0.017577 0.023438
0 0.524413 0.638673 0.017577 0.015624
0 0.291994 0.467772 0.021485 0.017580
0 0.961914 0.733397 0.017577 0.017580
0 0.498048 0.715822 0.019531 0.017580
0 0.887693 0.935547 0.017577 0.019531
0 0.993165 0.686525 0.013669 0.017580
0 0.440431 0.606445 0.017577 0.017580
0 0.960937 0.127929 0.015623 0.017580
0 0.718752 0.760742 0.015623 0.017580
0 0.800780 0.899416 0.019531 0.017580
0 0.894533 0.989257 0.015623 0.017580
0 0.765626 0.710939 0.015623 0.015624
0 0.775392 0.680663 0.015623 0.013673
0 0.707033 0.821287 0.019531 0.013673
0 0.916990 0.609376 0.017577 0.019531
0 0.833008 0.685545 0.017577 0.015624
0 0.675782 0.757811 0.015623 0.015624
0 0.898765 0.881422 0.018569 0.013726
0 0.881001 0.867697 0.015339 0.013726
0 0.823830 0.016016 0.020311 0.021874
