0 0.075197 0.780275 0.017577 0.017580
0 0.016604 0.808592 0.017577 0.019531
0 0.285154 0.777344 0.019531 0.019531
0 0.160156 0.657226 0.019531 0.021483
0 0.453123 0.342772 0.019531 0.021483
0 0.271486 0.111330 0.019531 0.019531
0 0.490236 0.131837 0.019531 0.017580
0 0.787111 0.965821 0.019531 0.017580
0 0.628908 0.679688 0.019531 0.019531
0 0.067381 0.185548 0.017577 0.019531
0 0.382810 0.191406 0.019531 0.019531
0 0.569338 0.099609 0.021485 0.019531
0 0.771483 0.626953 0.019531 0.019531
0 0.876956 0.216796 0.019531 0.019531
0 0.011719 0.168944 0.019531 0.021483
0 0.013673 0.921876 0.019531 0.019531
0 0.611326 0.086912 0.019531 0.021483
0 0.019530 0.618163 0.019531 0.017580
0 0.054689 0.550780 0.019531 0.019531
0 0.925783 0.457032 0.019531 0.019531
0 0.324217 0.261720 0.019531 0.019531
0 0.475585 0.976562 0.017577 0.019531
0 0.272463 0.907227 0.017577 0.017580
0 0.730467 0.816406 0.015623 0.015624
0 0.271486 0.300783 0.019531 0.019531
0 0.802734 0.089843 0.019531 0.019531
0 0.394530 0.132813 0.019531 0.019531
0 0.250000 0.161134 0.019531 0.017580
0 0.913087 0.414062 0.017577 0.019531
0 0.060546 0.323241 0.019531 0.021483
0 0.480471 0.782226 0.019531 0.017580
0 0.385741 0.817382 0.017577 0.017580
0 0.306640 0.349610 0.019531 0.019531
0 0.941406 0.249024 0.019531 0.021483
0 0.163087 0.147461 0.017577 0.017580
0 0.589846 0.749023 0.019531 0.017580
0 0.939452 0.609374 0.019531 0.019531
0 0.339845 0.841796 0.019531 0.019531
0 0.864259 0.972655 0.017577 0.019531
0 0.296874 0.300783 0.019531 0.019531
0 0.987303 0.116213 0.017577 0.021483
0 0.128905 0.392580 0.019531 0.019531
0 0.722656 0.147461 0.019531 0.021483
0 0.529299 0.479494 0.019531 0.017580
0 0.829100 0.756837 0.017577 0.017580
0 0.908201 0.668947 0.019531 0.017580
0 0.781249 0.878906 0.019531 0.019531
0 0.141602 0.566404 0.017577 0.019531
0 0.233400 0.991210 0.017577 0.013673
0 0.679685 0.856444 0.019531 0.021483
0 0.310548 0.380859 0.019531 0.019531
0 0.496094 0.884765 0.019531 0.019531
0 0.717775 0.089843 0.017577 0.019531
0 0.644531 0.963869 0.023439 0.021483
0 0.321291 0.514649 0.017577 0.017580
0 0.314451 0.486328 0.019531 0.019531
0 0.717775 0.931641 0.017577 0.019531
0 0.726564 0.447266 0.019531 0.019531
0 0.700193 0.602539 0.017577 0.021483
0 0.954103 0.519532 0.017577 0.019531
0 0.940429 0.968752 0.017577 0.019531
0 0.980468 0.973635 0.019531 0.017580
0 0.353513 0.434569 0.019531 0.017580
0 0.991211 0.795899 0.017577 0.017580
0 0.665039 0.959962 0.021485 0.017580
0 0.734375 0.328124 0.019531 0.019531
0 0.472421 0.450938 0.017501 0.016251
0 0.146174 0.488436 0.020002 0.021251
0 0.915172 0.785564 0.028001 0.027998
0 0.968172 0.902063 0.018002 0.024999
0 0.992587 0.738562 0.014826 0.021999
