0 0.656250 0.647463 0.019531 0.017580
0 0.843750 0.121094 0.019531 0.019531
0 0.017580 0.643556 0.015623 0.021483
0 0.603514 0.597655 0.023439 0.031248
0 0.239257 0.795898 0.013674 0.013673
0 0.989256 0.358399 0.017577 0.017580
0 0.360352 0.793946 0.017577 0.017580
0 0.049803 0.197267 0.017577 0.019531
0 0.911131 0.477537 0.017577 0.017580
0 0.394534 0.470703 0.019531 0.019531
0 0.014649 0.429689 0.017577 0.015624
0 0.342775 0.096680 0.021485 0.021483
0 0.583983 0.808594 0.019531 0.015624
0 0.584960 0.078125 0.017577 0.015624
0 0.760740 0.385740 0.017577 0.017580
0 0.726563 0.792970 0.015623 0.015624
0 0.703123 0.667970 0.015623 0.015624
0 0.353517 0.565431 0.015623 0.017580
0 0.254885 0.500975 0.017577 0.017580
0 0.211914 0.749025 0.017577 0.013673
0 0.571291 0.657228 0.017577 0.013673
0 0.167967 0.397461 0.015623 0.017580
0 0.166995 0.204102 0.017577 0.017580
0 0.350586 0.301757 0.017577 0.017580
0 0.518555 0.188477 0.017577 0.017580
0 0.279296 0.245115 0.015623 0.017580
0 0.856446 0.517579 0.017577 0.019531
0 0.794922 0.012694 0.015623 0.017580
0 0.250976 0.005860 0.017577 0.011720
0 0.173829 0.633790 0.015623 0.017580
0 0.671873 0.277343 0.015623 0.019531
0 0.921874 0.654297 0.019531 0.019531
0 0.964845 0.561524 0.019531 0.017580
0 0.639650 0.356444 0.017577 0.013673
0 0.151367 0.524414 0.013674 0.013673
0 0.815430 0.474610 0.017577 0.019531
0 0.582034 0.187502 0.015623 0.015624
0 0.019529 0.244140 0.015623 0.015624
0 0.619142 0.743163 0.015623 0.017580
0 0.628907 0.391603 0.015623 0.013673
0 0.556640 0.368165 0.015623 0.017580
0 0.768556 0.354492 0.017577 0.013673
0 0.438476 0.722656 0.013674 0.015624
0 0.842773 0.718749 0.017577 0.015624
0 0.901366 0.134767 0.021485 0.019531
0 0.862304 0.826170 0.017577 0.019531
0 0.125001 0.455079 0.015623 0.015624
0 0.804687 0.522462 0.019531 0.017580
0 0.642576 0.778322 0.023439 0.021483
0 0.114259 0.285157 0.017577 0.015624
0 0.109373 0.856447 0.015623 0.017580
0 0.838869 0.833984 0.017577 0.019531
0 0.575194 0.511721 0.017577 0.015624
0 0.197263 0.449220 0.015623 0.015624
0 0.415037 0.077149 0.017577 0.013673
0 0.351563 0.924805 0.019531 0.017580
0 0.529297 0.856447 0.015623 0.017580
0 0.460939 0.028322 0.019531 0.017580
0 0.694335 0.386720 0.013674 0.019531
0 0.018557 0.851564 0.017577 0.019531
0 0.079099 0.365233 0.017577 0.019531
0 0.770505 0.240233 0.013674 0.015624
0 0.506633 0.938136 0.024335 0.021133
0 0.074305 0.698094 0.019400 0.020940
0 0.488514 0.855182 0.019926 0.022998
0 0.655911 0.052899 0.019916 0.019915
0 0.741371 0.023029 0.021571 0.016596
0 0.737224 0.047089 0.019916 0.018255
0 0.140644 0.095215 0.021571 0.024892
0 0.141469 0.128403 0.023232 0.018255
0 0.225274 0.091896 0.021571 0.021574
0 0.221128 0.130894 0.023232 0.023233
0 0.078411 0.291863 0.017258 0.021240
0 0.108948 0.306465 0.019916 0.018586
0 0.134169 0.411343 0.022569 0.021240
0 0.066463 0.445860 0.019916 0.018586
0 0.106290 0.622430 0.019916 0.021240
0 0.064474 0.594549 0.023895 0.021240
0 0.657900 0.421302 0.018584 0.017257
0 0.650600 0.439223 0.022569 0.018586
0 0.670511 0.464450 0.027879 0.021240
0 0.686443 0.449182 0.019916 0.019915
0 0.304765 0.538792 0.021242 0.018586
0 0.917277 0.223823 0.028213 0.023233
0 0.916447 0.244569 0.023232 0.018255
