0 0.666994 0.151367 0.017577 0.017580
0 0.008788 0.302733 0.017576 0.019531
0 0.824220 0.708983 0.019531 0.019531
0 0.976561 0.655273 0.019531 0.021483
0 0.075198 0.779298 0.017577 0.019531
0 0.960938 0.584962 0.019531 0.021483
0 0.119140 0.833008 0.019531 0.017580
0 0.220704 0.741211 0.019531 0.021483
0 0.791992 0.938478 0.017577 0.017580
0 0.135740 0.174805 0.017577 0.017580
0 0.335937 0.498048 0.019531 0.019531
0 0.867185 0.450196 0.019531 0.017580
0 0.805666 0.991212 0.017577 0.017577
0 0.037107 0.507814 0.019531 0.019531
0 0.709959 0.650390 0.017577 0.019531
0 0.148437 0.589845 0.019531 0.019531
0 0.222658 0.077149 0.019531 0.017580
0 0.646486 0.617186 0.019531 0.019531
0 0.117186 0.367189 0.019531 0.019531
0 0.917967 0.945312 0.019531 0.019531
0 0.783203 0.704101 0.019531 0.021483
0 0.850585 0.790039 0.017577 0.021483
0 0.257812 0.530272 0.019531 0.017580
0 0.070312 0.748046 0.019531 0.019531
0 0.899413 0.416992 0.017577 0.017580
0 0.756838 0.516603 0.017577 0.021483
0 0.570310 0.490234 0.019531 0.019531
0 0.378907 0.485351 0.019531 0.021483
0 0.238281 0.850584 0.019531 0.017580
0 0.015627 0.558593 0.019531 0.019531
0 0.693359 0.857422 0.019531 0.019531
0 0.161134 0.531252 0.017577 0.019531
0 0.089843 0.659180 0.019531 0.017580
0 0.036130 0.699218 0.017577 0.019531
0 0.501951 0.728515 0.019531 0.019531
0 0.079101 0.884767 0.017577 0.019531
0 0.992189 0.371092 0.011720 0.019531
0 0.372073 0.337892 0.021485 0.019531
0 0.721679 0.921874 0.017577 0.019531
0 0.485351 0.488283 0.017577 0.019531
0 0.295897 0.877929 0.017577 0.017580
0 0.062501 0.697266 0.019531 0.019531
0 0.085935 0.913085 0.019531 0.017580
0 0.495117 0.846681 0.017577 0.017580
0 0.813477 0.851564 0.021485 0.015624
0 0.819335 0.870119 0.017577 0.017580
0 0.092501 0.387578 0.017501 0.026252
0 0.068125 0.393205 0.023748 0.019998
0 0.490626 0.548045 0.018752 0.020313
0 0.682748 0.812953 0.024001 0.026001
0 0.915249 0.882451 0.028998 0.027000
