0 0.562499 0.389647 0.015623 0.017580
0 0.377931 0.946288 0.017577 0.017580
0 0.604493 0.208008 0.017577 0.017580
0 0.954104 0.159181 0.017577 0.017580
0 0.560545 0.708007 0.015623 0.017580
0 0.924802 0.918947 0.017577 0.017580
0 0.621093 0.583007 0.015623 0.017580
0 0.403319 0.792970 0.017577 0.019531
0 0.903322 0.979492 0.017577 0.017580
0 0.379885 0.833984 0.013674 0.011717
0 0.420896 0.439455 0.017577 0.019531
0 0.958007 0.090822 0.013674 0.017580
0 0.446290 0.491210 0.017577 0.017580
0 0.808593 0.590821 0.015623 0.017580
0 0.295898 0.708007 0.013674 0.017580
0 0.834963 0.819336 0.017577 0.017580
0 0.343749 0.006836 0.015623 0.013673
0 0.762696 0.684569 0.017577 0.017580
0 0.610350 0.688476 0.017577 0.017580
0 0.729491 0.628907 0.013674 0.015624
0 0.890625 0.433592 0.015623 0.015624
0 0.246093 0.122070 0.015623 0.017580
0 0.164060 0.958009 0.015623 0.017580
0 0.797850 0.440430 0.017577 0.017580
0 0.759765 0.965819 0.019531 0.017580
0 0.753907 0.253905 0.019531 0.015624
0 0.875003 0.897460 0.019531 0.021483
0 0.639647 0.522462 0.013674 0.017580
0 0.963870 0.237305 0.013674 0.013673
0 0.773439 0.744142 0.015623 0.015624
0 0.612304 0.833984 0.017577 0.019531
0 0.627927 0.346678 0.017577 0.017580
0 0.340823 0.746094 0.013674 0.015624
0 0.376954 0.236329 0.015623 0.015624
0 0.772462 0.166991 0.017577 0.013673
0 0.496095 0.406251 0.015623 0.019531
0 0.517580 0.323244 0.015623 0.017580
0 0.959961 0.988281 0.017577 0.015624
0 0.655275 0.868163 0.017577 0.017580
0 0.442382 0.258788 0.017577 0.017580
0 0.054685 0.311523 0.023439 0.021483
0 0.902345 0.556641 0.015623 0.015624
0 0.224608 0.058594 0.019531 0.019531
0 0.583008 0.048828 0.017577 0.019531
0 0.660155 0.761718 0.015623 0.015624
0 0.610350 0.075194 0.017577 0.017580
0 0.268556 0.796873 0.017577 0.019531
0 0.319337 0.643556 0.017577 0.017580
0 0.956053 0.489258 0.017577 0.017580
0 0.293944 0.144532 0.017577 0.019531
0 0.250001 0.906250 0.015623 0.015624
0 0.898437 0.191405 0.015623 0.015624
0 0.524414 0.791015 0.013674 0.015624
0 0.741211 0.311523 0.017577 0.017580
0 0.890625 0.400392 0.015623 0.011717
0 0.522460 0.422851 0.017577 0.017580
0 0.326172 0.508789 0.015623 0.017580
0 0.641601 0.993165 0.017577 0.013670
0 0.728514 0.805663 0.015623 0.017580
0 0.476563 0.348633 0.015623 0.013673
0 0.704103 0.976564 0.017577 0.019531
0 0.706057 0.483400 0.013674 0.017580
0 0.931642 0.238281 0.015623 0.019531
0 0.851563 0.360350 0.015623 0.013673
0 0.848632 0.481444 0.017577 0.013673
0 0.683594 0.749025 0.015623 0.017580
0 0.237305 0.404295 0.017577 0.019531
0 0.909179 0.044921 0.017577 0.015624
0 0.181643 0.819336 0.015623 0.017580
0 0.844729 0.146484 0.017577 0.019531
0 0.455078 0.830077 0.015623 0.015624
0 0.739257 0.132811 0.017577 0.015624
0 0.793947 0.661131 0.013674 0.017580
0 0.458009 0.659180 0.017577 0.017580
0 0.814455 0.703125 0.019531 0.015624
0 0.391600 0.328126 0.017577 0.019531
0 0.496095 0.500975 0.015623 0.017580
0 0.982424 0.593748 0.015623 0.015624
0 0.637698 0.471679 0.013674 0.013673
0 0.263670 0.064452 0.015623 0.015624
0 0.371091 0.391603 0.019531 0.017580
0 0.942384 0.314454 0.017577 0.015624
0 0.392577 0.439455 0.015623 0.015624
0 0.716799 0.537110 0.019531 0.019531
0 0.861329 0.710939 0.015623 0.015624
0 0.984530 0.104152 0.022153 0.019387
0 0.984530 0.123539 0.024923 0.016615
0 0.884829 0.135310 0.024923 0.020769
0 0.865444 0.259931 0.022153 0.023541
0 0.902831 0.269624 0.019384 0.020769
0 0.925678 0.291779 0.026310 0.023541
0 0.672275 0.627574 0.029079 0.022155
0 0.704816 0.648343 0.022153 0.019387
0 0.010464 0.942153 0.019658 0.023537
0 0.686379 0.510984 0.015709 0.018521
0 0.012464 0.808279 0.022153 0.026309
0 0.011082 0.203046 0.018610 0.017807
0 0.010702 0.646335 0.019091 0.020739
0 0.878693 0.112430 0.018255 0.021574
0 0.873712 0.378777 0.018255 0.019915
0 0.550947 0.575424 0.026553 0.028211
0 0.033190 0.774559 0.019916 0.024892
0 0.307830 0.811070 0.024892 0.028211
0 0.472949 0.869982 0.023232 0.026552
0 0.698640 0.772900 0.019916 0.018255
0 0.883670 0.738884 0.024892 0.023233
0 0.877033 0.766263 0.018255 0.018255
0 0.904411 0.772900 0.023232 0.028211
0 0.232328 0.963245 0.029206 0.021240
0 0.642548 0.971871 0.021242 0.025223
