0 0.136718 0.093749 0.019531 0.019531
0 0.103518 0.257812 0.015623 0.019531
0 0.326172 0.093749 0.015623 0.015624
0 0.164060 0.603517 0.015623 0.019531
0 0.389650 0.219725 0.017577 0.017580
0 0.067382 0.538086 0.033205 0.033204
0 0.852540 0.756835 0.017577 0.017580
0 0.011720 0.067383 0.019531 0.017580
0 0.231447 0.065432 0.009766 0.013673
0 0.813478 0.902343 0.021485 0.019531
0 0.389650 0.007814 0.017577 0.015624
0 0.271487 0.047852 0.015623 0.009766
0 0.136718 0.672852 0.015623 0.017580
0 0.820312 0.557617 0.031251 0.021483
0 0.196288 0.175780 0.017577 0.015624
