0 0.345702 0.668945 0.019531 0.017580
0 0.376953 0.969726 0.019531 0.017580
0 0.361330 0.857422 0.015623 0.019531
0 0.838865 0.942384 0.017577 0.017580
0 0.630857 0.959960 0.015623 0.017580
0 0.341799 0.919922 0.019531 0.019531
0 0.985354 0.830077 0.017577 0.019531
0 0.571287 0.686524 0.021485 0.029297
0 0.895510 0.819335 0.017577 0.021483
0 0.765626 0.584962 0.015623 0.013673
0 0.497071 0.222656 0.029297 0.023438
0 0.848631 0.130859 0.017577 0.015624
0 0.683593 0.412109 0.015623 0.015624
0 0.423826 0.740235 0.015623 0.015624
0 0.996094 0.520506 0.007812 0.029297
0 0.815431 0.986329 0.017577 0.015624
0 0.197264 0.995116 0.015623 0.009767
0 0.246092 0.706055 0.019531 0.017580
0 0.585938 0.803711 0.019531 0.017580
0 0.404295 0.186525 0.019531 0.021483
0 0.750975 0.170897 0.017577 0.017580
0 0.408203 0.272460 0.023439 0.029297
0 0.053712 0.756835 0.017577 0.017580
0 0.487305 0.179687 0.017577 0.011717
0 0.378907 0.537110 0.019531 0.019531
0 0.014650 0.902343 0.021485 0.019531
0 0.994141 0.909181 0.011718 0.017580
0 0.469728 0.412109 0.029297 0.031248
0 0.404295 0.669921 0.015623 0.015624
0 0.497071 0.866211 0.013674 0.017580
0 0.497071 0.099611 0.033205 0.035155
0 0.859374 0.491209 0.015623 0.013673
0 0.672851 0.913088 0.017577 0.017580
0 0.448243 0.449220 0.029297 0.023438
0 0.987303 0.875001 0.017577 0.015624
0 0.498048 0.801760 0.007811 0.009766
0 0.021484 0.557617 0.031251 0.021483
0 0.513671 0.339843 0.035154 0.042969
0 0.971680 0.259767 0.013674 0.015624
0 0.910155 0.501954 0.007811 0.019531
0 0.963869 0.384764 0.013674 0.019531
0 0.481448 0.151366 0.013674 0.005859
0 0.451174 0.814452 0.019531 0.011717
0 0.490236 0.324219 0.039062 0.031248
0 0.845705 0.220705 0.015623 0.019531
0 0.994140 0.250977 0.011720 0.017580
0 0.905275 0.570313 0.013674 0.015624
0 0.478517 0.026366 0.023439 0.037111
0 0.427735 0.496092 0.023439 0.023438
