0 0.494140 0.385742 0.019531 0.017580
0 0.730518 0.928755 0.033205 0.029297
0 0.058593 0.519532 0.015623 0.015624
0 0.062501 0.587891 0.015623 0.019531
0 0.856448 0.440428 0.021485 0.021483
0 0.505859 0.911134 0.019531 0.021483
0 0.141602 0.938475 0.017577 0.021483
0 0.024416 0.696288 0.021485 0.021483
0 0.108398 0.527342 0.013674 0.015624
0 0.794923 0.887696 0.019531 0.017580
0 0.310548 0.629884 0.015623 0.017580
0 0.378907 0.493163 0.015623 0.017580
0 0.075198 0.208006 0.017577 0.021483
0 0.411125 0.444422 0.031251 0.021483
0 0.180665 0.852541 0.017577 0.017580
0 0.062501 0.931641 0.015623 0.015624
0 0.691405 0.456056 0.023439 0.021483
0 0.444335 0.730467 0.015623 0.017580
0 0.442300 0.581144 0.023439 0.031248
0 0.329102 0.739257 0.021485 0.017580
0 0.201173 0.607422 0.015623 0.019531
0 0.236327 0.053712 0.019531 0.021483
0 0.194333 0.647460 0.021485 0.017580
0 0.268555 0.188475 0.021485 0.029297
0 0.368165 0.388673 0.021485 0.019531
0 0.311525 0.937500 0.017577 0.015624
0 0.485351 0.614256 0.021485 0.017580
0 0.176756 0.721681 0.021485 0.029297
0 0.631703 0.841659 0.029297 0.031248
0 0.189453 0.275389 0.029297 0.035155
0 0.190430 0.522459 0.029297 0.021483
0 0.359675 0.157268 0.023439 0.023438
0 0.234373 0.443359 0.019531 0.019531
0 0.258789 0.031250 0.009766 0.011717
0 0.245050 0.187522 0.022305 0.043546
0 0.382588 0.172122 0.025490 0.027615
0 0.050695 0.979820 0.022305 0.022303
0 0.123443 0.500301 0.012742 0.019117
0 0.149465 0.514106 0.020179 0.023366
0 0.082553 0.597478 0.024427 0.018054
0 0.127691 0.596947 0.021242 0.023366
0 0.456399 0.604381 0.015932 0.019117
0 0.470209 0.665981 0.020179 0.023366
0 0.443657 0.675010 0.020179 0.024429
0 0.457462 0.690410 0.020179 0.023366
0 0.515347 0.692001 0.031863 0.035049
0 0.325766 0.847593 0.020179 0.019117
0 0.310366 0.863525 0.029737 0.021240
0 0.339045 0.869896 0.019116 0.019117
0 0.357629 0.891671 0.018053 0.020180
0 0.365593 0.909725 0.016995 0.020180
0 0.397988 0.958048 0.024427 0.019117
0 0.293376 0.978760 0.023363 0.018054
0 0.317271 0.989114 0.032921 0.021771
0 0.357098 0.971326 0.016995 0.020180
0 0.374093 0.990177 0.023363 0.019647
0 0.096359 0.989114 0.018053 0.021771
0 0.639342 0.263858 0.029206 0.046466
