0 0.052735 0.869141 0.019531 0.015624
0 0.530276 0.586915 0.017577 0.017580
0 0.752929 0.709961 0.017577 0.017580
0 0.123048 0.935548 0.019531 0.015624
0 0.722656 0.554687 0.015623 0.015624
0 0.137694 0.770509 0.021485 0.029297
0 0.129882 0.847658 0.017577 0.015624
0 0.709959 0.223634 0.017577 0.017580
0 0.756838 0.497070 0.017577 0.017580
0 0.380861 0.886720 0.019531 0.019531
0 0.478517 0.324217 0.019531 0.019531
0 0.573241 0.527342 0.021485 0.019531
0 0.632811 0.652343 0.015623 0.015624
0 0.689451 0.451173 0.019531 0.015624
0 0.744141 0.835937 0.015623 0.019531
0 0.128905 0.757813 0.019531 0.023438
0 0.368164 0.584960 0.017577 0.017580
0 0.909178 0.374024 0.017577 0.033204
0 0.854493 0.546873 0.017577 0.019531
0 0.272463 0.771485 0.017577 0.019531
0 0.467774 0.677733 0.017577 0.019531
0 0.252932 0.938475 0.017577 0.017580
0 0.225584 0.371093 0.017577 0.019531
0 0.716798 0.286134 0.019531 0.017580
0 0.370118 0.736330 0.017577 0.019531
0 0.125974 0.204103 0.021485 0.013673
0 0.371485 0.759377 0.021875 0.018749
0 0.704299 0.845312 0.024999 0.021874
0 0.541013 0.211719 0.026563 0.023438
0 0.521482 0.199220 0.018752 0.017188
