0 0.562499 0.786132 0.019531 0.017580
0 0.126952 0.919923 0.015623 0.015624
0 0.130860 0.988282 0.015623 0.019531
0 0.924807 0.840819 0.021485 0.021483
0 0.917968 0.009276 0.023439 0.018552
0 0.176757 0.927733 0.013674 0.015624
0 0.021485 0.536135 0.015623 0.017580
0 0.095701 0.304688 0.019531 0.019531
0 0.447267 0.893553 0.015623 0.017580
0 0.143557 0.608397 0.017577 0.021483
0 0.479484 0.844813 0.031251 0.021483
0 0.624024 0.078125 0.017577 0.019531
0 0.759765 0.856447 0.023439 0.021483
0 0.033205 0.119139 0.019531 0.023438
0 0.510659 0.981535 0.023439 0.031248
0 0.304686 0.454103 0.019531 0.021483
0 0.336914 0.588866 0.021485 0.029297
0 0.436524 0.789063 0.021485 0.019531
0 0.074221 0.380858 0.019531 0.023438
0 0.257813 0.675780 0.029297 0.035155
0 0.080078 0.339844 0.023439 0.021483
0 0.258790 0.922850 0.029297 0.021483
0 0.428034 0.557659 0.023439 0.023438
0 0.379616 0.294391 0.035154 0.035155
0 0.302732 0.843750 0.019531 0.019531
0 0.271486 0.118163 0.019531 0.021483
0 0.327149 0.431641 0.009766 0.011717
0 0.216761 0.072282 0.018053 0.019117
0 0.206140 0.089273 0.018053 0.019117
0 0.227913 0.091931 0.019116 0.018054
0 0.043644 0.146625 0.020179 0.023366
0 0.021343 0.138659 0.018053 0.015932
0 0.302256 0.019179 0.023363 0.019117
0 0.325093 0.021833 0.026553 0.024429
0 0.309162 0.039887 0.020179 0.020180
0 0.092502 0.361163 0.020179 0.023366
0 0.313409 0.587913 0.022305 0.043546
0 0.450947 0.572512 0.025490 0.027615
0 0.063296 0.446657 0.029737 0.028674
0 0.051080 0.465243 0.022305 0.021240
0 0.317656 0.291065 0.028674 0.025488
0 0.298540 0.310183 0.024427 0.027615
0 0.007751 0.868828 0.015501 0.021240
0 0.026122 0.874668 0.021242 0.018054
0 0.030901 0.895380 0.024427 0.019117
0 0.057454 0.889009 0.020179 0.019117
0 0.191803 0.900692 0.012742 0.019117
0 0.217824 0.914497 0.020179 0.023366
0 0.150913 0.994421 0.024427 0.011158
0 0.196050 0.992827 0.021242 0.014346
0 0.707702 0.664249 0.029206 0.046466
