0 0.943358 0.248046 0.019531 0.019531
0 0.831057 0.384764 0.021485 0.019531
0 0.676757 0.133791 0.021485 0.017580
0 0.865234 0.152342 0.015623 0.019531
0 0.753904 0.281250 0.019531 0.019531
0 0.497069 0.310547 0.017577 0.019531
0 0.127931 0.545900 0.017577 0.021483
0 0.957032 0.314454 0.019531 0.015624
0 0.776367 0.342775 0.021485 0.017580
0 0.702150 0.649414 0.017577 0.017580
0 0.700196 0.786132 0.017577 0.017580
0 0.334962 0.256836 0.017577 0.009766
0 0.510742 0.119139 0.017577 0.019531
0 0.189451 0.334961 0.015623 0.017580
0 0.318357 0.066408 0.019531 0.019531
0 0.605467 0.084959 0.015623 0.017580
0 0.491211 0.168946 0.017577 0.017580
0 0.369139 0.205077 0.015623 0.015624
0 0.688477 0.032228 0.017577 0.021483
0 0.771486 0.168946 0.035154 0.037111
0 0.853514 0.657228 0.019531 0.017580
0 0.558593 0.131835 0.019531 0.013673
0 0.046876 0.637697 0.019531 0.037111
0 0.073241 0.640624 0.017577 0.035155
0 0.974138 0.338906 0.043750 0.018749
0 0.985507 0.353281 0.028985 0.024999
