0 0.062502 0.836915 0.015623 0.017580
0 0.423827 0.007813 0.023439 0.015626
0 0.026366 0.294922 0.017577 0.015624
0 0.696291 0.573241 0.033205 0.033204
0 0.074216 0.670897 0.019531 0.017580
0 0.166992 0.804687 0.017577 0.019531
0 0.059570 0.910157 0.017577 0.015624
0 0.194334 0.216798 0.021485 0.035155
0 0.007811 0.651366 0.011720 0.029297
0 0.791993 0.369140 0.021485 0.019531
0 0.003908 0.846681 0.007811 0.017580
0 0.017577 0.680662 0.019531 0.017580
0 0.006836 0.731445 0.013671 0.033204
0 0.570625 0.301799 0.033752 0.023749
0 0.556252 0.320548 0.020002 0.023749
0 0.503126 0.338670 0.028750 0.017500
0 0.495001 0.356796 0.027500 0.013748
0 0.487499 0.374923 0.022498 0.019998
0 0.041877 0.519921 0.023748 0.019998
0 0.030000 0.493047 0.032501 0.028750
