0 0.260743 0.581053 0.017577 0.017580
0 0.067381 0.612305 0.017577 0.017580
0 0.014650 0.350586 0.021485 0.021483
0 0.254881 0.312500 0.017577 0.015624
0 0.249024 0.249999 0.021485 0.015624
0 0.109375 0.553712 0.019531 0.021483
0 0.793946 0.975586 0.029297 0.029297
0 0.226561 0.478514 0.015623 0.015624
0 0.280274 0.863282 0.017577 0.019531
0 0.391604 0.575194 0.017577 0.017580
0 0.005859 0.703126 0.011719 0.019531
0 0.720702 0.496094 0.015623 0.011717
0 0.294920 0.523439 0.015623 0.015624
0 0.289063 0.737306 0.019531 0.017580
0 0.169922 0.677733 0.015623 0.015624
0 0.446289 0.398438 0.017577 0.019531
0 0.057707 0.223869 0.018002 0.020769
0 0.079167 0.234254 0.019384 0.027694
0 0.242564 0.869836 0.019384 0.019387
