0 0.258791 0.630860 0.017577 0.015624
0 0.591797 0.730467 0.015623 0.015624
0 0.417971 0.872072 0.015623 0.013673
0 0.420897 0.760744 0.013674 0.017580
0 0.748046 0.851561 0.019531 0.019531
0 0.786131 0.787109 0.017577 0.015624
0 0.693361 0.950196 0.019531 0.017580
0 0.660156 0.003907 0.015623 0.007814
0 0.542969 0.591798 0.029297 0.019531
0 0.925780 0.519532 0.015623 0.015624
0 0.929688 0.587891 0.015623 0.019531
0 0.765623 0.191406 0.019531 0.019531
0 0.816405 0.945314 0.019531 0.015624
0 0.568358 0.914062 0.019531 0.019531
0 0.333984 0.392580 0.015623 0.015624
0 0.335938 0.108399 0.015623 0.013673
0 0.307619 0.139647 0.013674 0.017580
0 0.118165 0.860351 0.017577 0.017580
0 0.400389 0.524415 0.019531 0.021483
0 0.662110 0.609374 0.015623 0.015624
0 0.713869 0.704102 0.013674 0.017580
0 0.891603 0.696288 0.021485 0.021483
0 0.191404 0.728516 0.023439 0.023438
0 0.421874 0.569336 0.015623 0.013673
0 0.975585 0.527342 0.013674 0.015624
0 0.820313 0.135744 0.015623 0.017580
0 0.610351 0.926758 0.017577 0.017580
0 0.412109 0.089843 0.019531 0.015624
0 0.627928 0.035157 0.017577 0.019531
0 0.333007 0.486328 0.021485 0.019531
0 0.942385 0.208006 0.017577 0.021483
0 0.191404 0.886720 0.019531 0.019531
0 0.583008 0.617188 0.013674 0.015624
0 0.502930 0.522459 0.013674 0.017580
0 0.298830 0.569336 0.015623 0.017580
0 0.729492 0.498046 0.021485 0.019531
0 0.772462 0.412111 0.017577 0.019531
0 0.250974 0.346679 0.017577 0.013673
0 0.460936 0.166016 0.015623 0.019531
0 0.341795 0.557619 0.015623 0.017580
0 0.642579 0.956055 0.015623 0.017580
0 0.687498 0.667967 0.015623 0.015624
0 0.592774 0.509766 0.017577 0.015624
0 0.654299 0.739257 0.019531 0.013673
0 0.005858 0.614256 0.011715 0.017580
0 0.397463 0.259765 0.021485 0.031248
0 0.468748 0.684571 0.019531 0.017580
0 0.249025 0.399414 0.017577 0.017580
0 0.929688 0.931641 0.015623 0.015624
0 0.585940 0.050781 0.015623 0.019531
0 0.275391 0.292969 0.015623 0.015624
0 0.496095 0.756837 0.015623 0.013673
0 0.454102 0.558594 0.017577 0.015624
0 0.832033 0.980469 0.015623 0.011717
0 0.690430 0.632812 0.017577 0.011717
0 0.628905 0.588867 0.019531 0.017580
0 0.771485 0.475587 0.015623 0.013673
0 0.645510 0.554687 0.017577 0.011717
0 0.664064 0.416014 0.019531 0.019531
0 0.496095 0.912110 0.015623 0.015624
0 0.473633 0.581053 0.017577 0.017580
0 0.700195 0.378907 0.021485 0.015624
0 0.074217 0.602539 0.019531 0.017580
0 0.378909 0.012695 0.015623 0.017580
0 0.254882 0.538087 0.013674 0.013673
0 0.721680 0.147461 0.017577 0.017580
0 0.294922 0.054688 0.019531 0.019531
0 0.761720 0.590822 0.019531 0.017580
0 0.471679 0.819337 0.017577 0.017580
0 0.737303 0.587891 0.017577 0.019531
0 0.316407 0.631836 0.015623 0.017580
0 0.516604 0.869141 0.013674 0.011717
0 0.565431 0.391600 0.017577 0.017580
0 0.419920 0.368166 0.015623 0.017580
0 0.343750 0.416014 0.015623 0.019531
0 0.168947 0.100585 0.017577 0.017580
0 0.383789 0.351562 0.017577 0.015624
0 0.487307 0.790040 0.017577 0.017580
0 0.599608 0.791992 0.011720 0.013673
0 0.541015 0.964845 0.019531 0.015624
0 0.572266 0.089843 0.019531 0.015624
0 0.738280 0.460939 0.015623 0.015624
0 0.282665 0.171093 0.021571 0.024892
0 0.357342 0.361931 0.021571 0.024892
0 0.403811 0.288917 0.018255 0.018255
0 0.290963 0.381846 0.021571 0.028211
0 0.642771 0.065718 0.024892 0.029870
0 0.539056 0.015934 0.019916 0.023233
0 0.488441 0.160306 0.021571 0.026552
0 0.646922 0.207600 0.029869 0.021574
0 0.679282 0.361104 0.018255 0.026552
0 0.862124 0.046267 0.029737 0.028674
0 0.849908 0.064852 0.022305 0.021240
0 0.131955 0.017593 0.015932 0.020180
0 0.152134 0.014407 0.022305 0.020180
0 0.195145 0.045204 0.025490 0.026552
0 0.212671 0.068038 0.015932 0.019117
0 0.532353 0.445072 0.018053 0.019117
0 0.086818 0.062198 0.010621 0.024429
0 0.004643 0.443481 0.009285 0.015932
0 0.019907 0.444540 0.027616 0.022303
0 0.006766 0.920345 0.013533 0.018054
0 0.143634 0.931497 0.020179 0.016995
0 0.163287 0.938931 0.016995 0.021240
0 0.123986 0.944774 0.014869 0.020180
0 0.112307 0.965483 0.021242 0.019117
0 0.323125 0.855559 0.026553 0.026552
0 0.455352 0.762099 0.016995 0.020180
0 0.473937 0.762099 0.020179 0.022303
0 0.647054 0.772187 0.018053 0.019117
0 0.683696 0.775373 0.014869 0.019117
0 0.705465 0.778027 0.020179 0.024429
0 0.917883 0.979820 0.022305 0.022303
0 0.557843 0.673947 0.013805 0.018054
0 0.530758 0.566146 0.016995 0.016995
0 0.415526 0.536941 0.020179 0.018054
0 0.485621 0.605444 0.020179 0.025488
0 0.330562 0.653767 0.018053 0.015932
0 0.732550 0.480120 0.025490 0.016995
0 0.804240 0.468437 0.020179 0.021240
0 0.824950 0.474277 0.021242 0.018054
0 0.829729 0.494989 0.024427 0.019117
0 0.856282 0.488618 0.020179 0.019117
0 0.990631 0.500301 0.012742 0.019117
0 0.949741 0.597478 0.024427 0.018054
0 0.992129 0.596947 0.015743 0.023366
0 0.963546 0.989114 0.018053 0.021771
0 0.601385 0.123799 0.020179 0.015932
0 0.591827 0.143448 0.018053 0.021240
