0 0.418944 0.046876 0.013674 0.011717
0 0.992186 0.733397 0.015623 0.017580
0 0.016602 0.122070 0.013674 0.017580
0 0.375001 0.995116 0.019531 0.009767
0 0.143554 0.815428 0.017577 0.017580
0 0.424806 0.105470 0.017577 0.019531
0 0.889650 0.910157 0.013674 0.015624
0 0.105469 0.456054 0.015623 0.017580
0 0.785155 0.401368 0.015623 0.017580
0 0.100584 0.423830 0.017577 0.015624
0 0.006835 0.327150 0.013671 0.017580
0 0.758790 0.087890 0.017577 0.019531
0 0.378905 0.419923 0.015623 0.015624
0 0.481446 0.022462 0.017577 0.021483
0 0.399413 0.928712 0.017577 0.029297
0 0.550782 0.343750 0.015623 0.015624
0 0.388670 0.343750 0.011720 0.015624
0 0.167971 0.183594 0.015623 0.019531
0 0.506834 0.772463 0.021485 0.029297
0 0.260741 0.344726 0.017577 0.021483
0 0.348631 0.023438 0.013674 0.015624
0 0.910158 0.717773 0.023439 0.029297
0 0.031248 0.944336 0.019531 0.021483
0 0.858399 0.934570 0.013674 0.017580
0 0.363282 0.761718 0.015623 0.015624
0 0.007812 0.804687 0.015625 0.015624
0 0.461914 0.916991 0.017577 0.017580
0 0.496091 0.444337 0.019531 0.029297
0 0.086915 0.165039 0.013674 0.017580
0 0.573244 0.268553 0.017577 0.017580
0 0.801760 0.903322 0.021485 0.017580
0 0.140623 0.463868 0.015623 0.021483
0 0.548828 0.084963 0.023439 0.033204
0 0.438475 0.696290 0.017577 0.017580
0 0.120115 0.343750 0.013674 0.011717
0 0.193359 0.456054 0.015623 0.013673
0 0.122069 0.134766 0.017577 0.015624
0 0.322265 0.090821 0.019531 0.017580
0 0.834960 0.849608 0.021485 0.023438
0 0.370116 0.849608 0.033205 0.035155
0 0.416990 0.994140 0.017577 0.011719
0 0.706054 0.087890 0.017577 0.015624
0 0.583987 0.837891 0.015623 0.019531
0 0.748047 0.206056 0.015623 0.017580
0 0.269529 0.263670 0.023439 0.023438
0 0.146485 0.888670 0.015623 0.015624
0 0.661134 0.424806 0.017577 0.013673
0 0.588867 0.926756 0.017577 0.017580
0 0.632814 0.917970 0.015623 0.015624
0 0.509765 0.267577 0.015623 0.015624
0 0.465823 0.540041 0.017577 0.017580
0 0.520508 0.859373 0.021485 0.023438
0 0.027344 0.077149 0.015623 0.017580
0 0.414064 0.167970 0.019531 0.019531
0 0.140623 0.091797 0.019531 0.019531
0 0.067384 0.029297 0.017577 0.015624
0 0.430664 0.833984 0.017577 0.023438
0 0.910158 0.390626 0.019531 0.019531
0 0.468749 0.769532 0.019531 0.015624
0 0.578124 0.802735 0.015623 0.015624
0 0.474611 0.138673 0.015623 0.015624
0 0.358397 0.246094 0.017577 0.015624
0 0.549805 0.181643 0.029297 0.023438
0 0.680665 0.283201 0.013674 0.015624
0 0.243164 0.061525 0.017577 0.017580
0 0.941404 0.377930 0.015623 0.013673
0 0.949221 0.352540 0.015623 0.017580
0 0.193359 0.801760 0.023439 0.021483
0 0.735350 0.561524 0.017577 0.017580
0 0.706054 0.712890 0.017577 0.019531
0 0.758790 0.932619 0.017577 0.033204
0 0.714842 0.177736 0.019531 0.019531
0 0.658203 0.506837 0.019531 0.017580
0 0.125000 0.917970 0.015623 0.015624
0 0.135743 0.300781 0.017577 0.015624
0 0.678711 0.817384 0.017577 0.033204
0 0.288083 0.100587 0.013674 0.017580
0 0.249998 0.750001 0.023439 0.035155
0 0.475588 0.081056 0.021485 0.021483
0 0.260741 0.402343 0.013674 0.015624
0 0.779298 0.729494 0.019531 0.021483
0 0.741213 0.173829 0.033205 0.035155
0 0.822263 0.492189 0.031251 0.031248
0 0.204102 0.027345 0.021485 0.039062
0 0.597655 0.899415 0.019531 0.017580
0 0.534182 0.726562 0.017577 0.015624
0 0.590821 0.393554 0.021485 0.021483
0 0.135743 0.693359 0.017577 0.019531
0 0.119143 0.992187 0.019531 0.015626
0 0.793944 0.492189 0.033205 0.019531
0 0.325197 0.586913 0.029297 0.029297
0 0.828126 0.393554 0.015623 0.017580
0 0.965821 0.064452 0.017577 0.015624
0 0.904296 0.234373 0.011720 0.015624
0 0.814452 0.535158 0.019531 0.015624
0 0.680665 0.837891 0.017577 0.023438
0 0.276369 0.202149 0.017577 0.017580
0 0.185548 0.336916 0.015623 0.013673
0 0.023436 0.953126 0.023439 0.023438
0 0.952147 0.399412 0.017577 0.017580
0 0.271483 0.729494 0.019531 0.017580
0 0.971678 0.384764 0.017577 0.019531
0 0.013673 0.530272 0.027347 0.021483
0 0.346682 0.600586 0.021485 0.017580
0 0.775390 0.994140 0.023439 0.011719
0 0.018556 0.374998 0.013674 0.011717
0 0.587890 0.585938 0.015623 0.015624
0 0.246095 0.799804 0.011720 0.013673
