0 0.854491 0.291016 0.033205 0.023438
0 0.536131 0.478517 0.017577 0.019531
0 0.835937 0.666014 0.019531 0.019531
0 0.583010 0.714842 0.017577 0.019531
0 0.182616 0.635742 0.017577 0.017580
0 0.446287 0.506838 0.017577 0.017580
0 0.545896 0.594728 0.017577 0.017580
0 0.634763 0.875002 0.019531 0.019531
0 0.509765 0.875002 0.015623 0.015624
0 0.848634 0.584962 0.017577 0.017580
0 0.708008 0.951171 0.017577 0.019531
0 0.674803 0.634766 0.013674 0.015624
0 0.621095 0.945312 0.023439 0.019531
0 0.154297 0.951171 0.019531 0.015624
0 0.417967 0.727539 0.019531 0.017580
0 0.177736 0.828125 0.019531 0.015624
0 0.673826 0.470703 0.015623 0.015624
0 0.874022 0.841798 0.017577 0.019531
0 0.728516 0.804687 0.019531 0.019531
0 0.818360 0.875002 0.019531 0.019531
0 0.066407 0.470703 0.019531 0.023438
0 0.310546 0.798829 0.015623 0.019531
0 0.890627 0.552734 0.019531 0.019531
0 0.707031 0.468751 0.015623 0.019531
0 0.500977 0.978516 0.017577 0.019531
0 0.423829 0.405275 0.015623 0.017580
0 0.835937 0.357423 0.019531 0.019531
0 0.278318 0.067384 0.017577 0.017580
0 0.116212 0.640624 0.017577 0.015624
0 0.043944 0.872070 0.013674 0.017580
0 0.006835 0.651366 0.013671 0.017580
0 0.523439 0.914064 0.015623 0.019531
0 0.122069 0.769532 0.017577 0.015624
0 0.784178 0.536134 0.017577 0.017580
0 0.547850 0.824218 0.017577 0.019531
0 0.070315 0.033204 0.019531 0.019531
0 0.994141 0.358399 0.011717 0.017580
0 0.944335 0.957033 0.017577 0.015624
0 0.942381 0.649414 0.017577 0.017580
0 0.541993 0.868163 0.013674 0.021483
0 0.700196 0.507813 0.017577 0.019531
0 0.843749 0.031249 0.015623 0.019531
0 0.916016 0.055663 0.015623 0.017580
0 0.162108 0.880860 0.015623 0.019531
0 0.327151 0.480468 0.017577 0.015624
0 0.259764 0.745118 0.019531 0.017580
0 0.458006 0.955078 0.017577 0.019531
0 0.732424 0.496093 0.011720 0.015624
0 0.909181 0.727539 0.017577 0.017580
0 0.504885 0.804687 0.017577 0.015624
0 0.477537 0.162108 0.017577 0.015624
0 0.317385 0.369140 0.017577 0.019531
0 0.346682 0.897460 0.017577 0.017580
0 0.115235 0.840822 0.015623 0.017580
0 0.597655 0.060545 0.019531 0.019531
0 0.940432 0.129884 0.017577 0.017580
0 0.385744 0.264650 0.017577 0.017580
0 0.780275 0.715821 0.017577 0.017580
0 0.875976 0.164063 0.021485 0.023438
0 0.541993 0.333009 0.017577 0.013673
0 0.145508 0.183594 0.017577 0.015624
0 0.951170 0.812501 0.019531 0.019531
0 0.012694 0.447265 0.017577 0.019531
0 0.118166 0.159181 0.013674 0.013673
0 0.833006 0.760742 0.017577 0.017580
0 0.966798 0.294923 0.015623 0.015624
0 0.336916 0.530272 0.017577 0.017580
0 0.236330 0.104490 0.019531 0.021483
0 0.392578 0.657228 0.019531 0.021483
0 0.973632 0.825194 0.017577 0.017580
0 0.097657 0.787108 0.019531 0.019531
0 0.053710 0.426758 0.017577 0.017580
0 0.452149 0.327147 0.017577 0.017580
0 0.414064 0.776366 0.019531 0.017580
0 0.080081 0.539062 0.019531 0.015624
0 0.634763 0.776366 0.015623 0.013673
0 0.322265 0.560548 0.015623 0.015624
0 0.959963 0.669921 0.013674 0.015624
0 0.854491 0.713866 0.017577 0.021483
0 0.080081 0.852539 0.015623 0.017580
0 0.570313 0.870119 0.019531 0.017580
0 0.287111 0.856446 0.015623 0.017580
0 0.947267 0.056095 0.017501 0.024999
0 0.967263 0.066719 0.017501 0.021251
0 0.959766 0.086717 0.017501 0.018749
0 0.542266 0.354780 0.019000 0.018001
0 0.348768 0.546280 0.018002 0.015001
0 0.371265 0.561782 0.019000 0.019998
0 0.354265 0.576780 0.017000 0.016000
0 0.331267 0.586280 0.019000 0.016999
0 0.357764 0.599280 0.018002 0.016999
0 0.353764 0.618781 0.022002 0.021999
0 0.660263 0.660281 0.022999 0.019000
0 0.641765 0.713281 0.020002 0.023001
0 0.667766 0.735782 0.024001 0.019998
0 0.692765 0.742282 0.020002 0.019000
0 0.715267 0.745783 0.020999 0.021999
0 0.724765 0.722280 0.018002 0.021001
0 0.798267 0.702282 0.017000 0.019000
0 0.837263 0.805781 0.022999 0.021999
0 0.500764 0.771780 0.022002 0.019998
0 0.394766 0.841282 0.018002 0.019000
0 0.377766 0.854282 0.015998 0.016999
0 0.399767 0.862282 0.020002 0.019000
0 0.415765 0.878780 0.020002 0.019998
0 0.436764 0.931780 0.020002 0.021999
0 0.487764 0.946280 0.020002 0.021001
0 0.656765 0.936781 0.013998 0.018001
0 0.624765 0.922782 0.018002 0.016000
0 0.652265 0.762781 0.019000 0.021999
0 0.845763 0.906781 0.020002 0.019998
0 0.980765 0.784283 0.015998 0.016999
