0 0.901368 0.739259 0.017577 0.017580
0 0.771485 0.965819 0.019531 0.017580
0 0.656252 0.408202 0.015623 0.015624
0 0.422850 0.451171 0.017577 0.015624
0 0.295898 0.524413 0.017577 0.017580
0 0.724611 0.443358 0.015623 0.015624
0 0.817381 0.128908 0.017577 0.019531
0 0.888671 0.856446 0.015623 0.017580
0 0.026366 0.925781 0.017577 0.015624
0 0.414062 0.333009 0.015623 0.017580
0 0.411131 0.659179 0.017577 0.017580
0 0.561522 0.888670 0.017577 0.019531
0 0.248047 0.599610 0.015623 0.015624
0 0.478518 0.119142 0.015623 0.015624
0 0.702149 0.833984 0.013674 0.015624
0 0.686526 0.369140 0.013674 0.011717
0 0.887694 0.936522 0.017577 0.017580
0 0.850586 0.446289 0.017577 0.017580
0 0.508791 0.082032 0.017577 0.015624
0 0.393554 0.792970 0.017577 0.019531
0 0.347657 0.745118 0.015623 0.017580
0 0.192385 0.685549 0.017577 0.019531
0 0.565431 0.656248 0.017577 0.015624
0 0.596681 0.062501 0.013674 0.015624
0 0.485352 0.503906 0.017577 0.015624
0 0.795901 0.843749 0.017577 0.019531
0 0.688475 0.078125 0.017577 0.015624
0 0.341795 0.230471 0.019531 0.019531
0 0.828124 0.602538 0.019531 0.017580
0 0.145506 0.824218 0.017577 0.015624
0 0.422850 0.120118 0.013674 0.013673
0 0.370119 0.384764 0.017577 0.019531
0 0.028320 0.504882 0.017577 0.017580
0 0.442382 0.287108 0.017577 0.019531
0 0.822266 0.041994 0.015623 0.017580
0 0.808593 0.252929 0.015623 0.017580
0 0.740234 0.260743 0.015623 0.017580
0 0.990235 0.846681 0.019530 0.017580
0 0.162111 0.234374 0.019531 0.019531
0 0.635744 0.599610 0.017577 0.015624
0 0.239259 0.141601 0.017577 0.017580
0 0.575196 0.601562 0.013674 0.015624
0 0.747068 0.061525 0.017577 0.017580
0 0.194334 0.092773 0.017577 0.013673
0 0.245116 0.735352 0.017577 0.017580
0 0.935545 0.629883 0.015623 0.017580
0 0.063479 0.117187 0.013674 0.015624
0 0.583985 0.173829 0.015623 0.019531
0 0.404296 0.588869 0.019531 0.017580
0 0.212458 0.227832 0.029297 0.029297
0 0.478518 0.597655 0.015623 0.015624
0 0.774416 0.750001 0.017577 0.019531
0 0.625001 0.462892 0.015623 0.015624
0 0.945311 0.436523 0.015623 0.017580
0 0.507814 0.203125 0.015623 0.015624
0 0.625978 0.903319 0.017577 0.017580
0 0.114256 0.737304 0.009766 0.017580
0 0.658201 0.314454 0.019531 0.015624
0 0.542968 0.168946 0.015623 0.017580
0 0.900391 0.280274 0.015623 0.017580
0 0.087890 0.434572 0.015623 0.017580
0 0.819335 0.704100 0.021485 0.017580
0 0.592773 0.532227 0.017577 0.017580
0 0.746096 0.868163 0.015623 0.017580
0 0.010743 0.370116 0.013674 0.017580
0 0.489260 0.892577 0.017577 0.015624
0 0.436038 0.185250 0.023439 0.023438
0 0.928711 0.211915 0.017577 0.021483
0 0.464844 0.818360 0.015623 0.015624
0 0.472655 0.456054 0.015623 0.021483
0 0.983401 0.547851 0.017577 0.017580
0 0.713868 0.208008 0.017577 0.017580
0 0.523437 0.479492 0.011720 0.013673
0 0.870117 0.874022 0.017577 0.017580
0 0.085161 0.146237 0.015233 0.018001
0 0.105933 0.140697 0.020771 0.023541
0 0.434555 0.216919 0.033235 0.024926
0 0.610659 0.266013 0.030466 0.024926
0 0.731126 0.230702 0.022153 0.018001
0 0.747053 0.187084 0.018002 0.019387
0 0.767819 0.191241 0.020771 0.019387
0 0.944374 0.131699 0.022153 0.019387
0 0.965834 0.144160 0.018002 0.019387
0 0.993651 0.198854 0.012699 0.020769
0 0.969297 0.228625 0.022153 0.019387
0 0.902831 0.242472 0.019384 0.024926
0 0.982454 0.638502 0.020771 0.019387
0 0.807980 0.459179 0.018002 0.023541
0 0.793441 0.479952 0.016615 0.018001
0 0.778207 0.342175 0.024923 0.024926
0 0.778901 0.368483 0.020771 0.022155
0 0.273481 0.524261 0.020771 0.026309
0 0.083987 0.718749 0.029079 0.020769
0 0.223631 0.698735 0.026310 0.020769
0 0.763324 0.828205 0.020771 0.017310
0 0.767647 0.851575 0.022503 0.022500
0 0.495031 0.816955 0.020771 0.022500
0 0.509748 0.850709 0.022503 0.017310
0 0.807459 0.946774 0.019040 0.019041
0 0.829961 0.945908 0.019040 0.024232
