0 0.749998 0.435548 0.019531 0.019531
0 0.609377 0.238281 0.019531 0.019531
0 0.219727 0.461913 0.029297 0.021483
0 0.828123 0.372071 0.023439 0.037111
0 0.408203 0.519531 0.019531 0.019531
0 0.259766 0.263671 0.019531 0.015624
0 0.599612 0.701173 0.031251 0.031248
0 0.977537 0.500975 0.021485 0.021483
0 0.093751 0.705076 0.019531 0.019531
0 0.140625 0.452147 0.031251 0.033204
0 0.488282 0.248046 0.019531 0.019531
0 0.068358 0.046877 0.019531 0.019531
0 0.134768 0.336912 0.031251 0.017580
0 0.918944 0.360350 0.029297 0.033204
0 0.103517 0.236329 0.019531 0.019531
0 0.191407 0.738280 0.011720 0.011717
0 0.073243 0.451172 0.017577 0.019531
0 0.279297 0.192384 0.019531 0.017580
0 0.555664 0.046877 0.021485 0.019531
0 0.601561 0.450196 0.011720 0.013673
0 0.291017 0.015625 0.019531 0.019531
0 0.526367 0.371096 0.021485 0.019531
0 0.352541 0.015625 0.033205 0.031251
0 0.303708 0.170898 0.013674 0.021483
0 0.555664 0.344726 0.017577 0.017580
0 0.305663 0.038087 0.033205 0.021483
0 0.028319 0.168946 0.029297 0.033204
0 0.130860 0.246095 0.023439 0.023438
0 0.538087 0.330078 0.029297 0.023438
