0 0.128906 0.298829 0.019531 0.015624
0 0.564454 0.129884 0.015623 0.017580
0 0.445313 0.053711 0.019531 0.017580
0 0.571288 0.809570 0.017577 0.017580
0 0.460936 0.950195 0.019531 0.017580
0 0.064451 0.405275 0.015623 0.017580
0 0.168946 0.474610 0.017577 0.015624
0 0.531249 0.479492 0.015623 0.017580
0 0.142580 0.538086 0.015623 0.017580
0 0.117187 0.736328 0.015623 0.015624
0 0.983401 0.579103 0.017577 0.021483
0 0.637698 0.132811 0.017577 0.019531
0 0.960938 0.301757 0.019531 0.021483
0 0.489260 0.281250 0.029297 0.023438
0 0.458986 0.116211 0.019531 0.021483
0 0.756834 0.839842 0.017577 0.019531
0 0.287110 0.541017 0.023439 0.019531
0 0.848632 0.146484 0.017577 0.015624
0 0.382811 0.845705 0.019531 0.015624
0 0.492186 0.712890 0.015623 0.015624
0 0.230470 0.651366 0.015623 0.017580
0 0.929688 0.601562 0.019531 0.015624
0 0.701171 0.907226 0.019531 0.017580
0 0.969727 0.738280 0.017577 0.019531
0 0.125975 0.878905 0.017577 0.019531
0 0.702149 0.251953 0.017577 0.023438
0 0.304687 0.700197 0.019531 0.017580
0 0.425782 0.511720 0.019531 0.015624
0 0.583985 0.875001 0.015623 0.015624
0 0.365234 0.538086 0.015623 0.013673
0 0.936522 0.119142 0.017577 0.015624
0 0.030274 0.048828 0.017577 0.015624
0 0.781250 0.446289 0.019531 0.017580
0 0.885740 0.451171 0.017577 0.019531
0 0.140626 0.416016 0.015623 0.015624
0 0.174803 0.331054 0.017577 0.017580
0 0.321292 0.162108 0.017577 0.015624
0 0.616213 0.212891 0.013674 0.011717
0 0.522460 0.173829 0.013674 0.015624
0 0.772462 0.192384 0.013674 0.013673
0 0.984373 0.675779 0.019531 0.019531
0 0.135741 0.688476 0.017577 0.017580
0 0.284178 0.166991 0.013674 0.013673
0 0.120118 0.431640 0.013674 0.019531
0 0.694337 0.103514 0.029297 0.035155
0 0.795901 0.540037 0.017577 0.017580
0 0.968750 0.202150 0.015623 0.017580
0 0.432616 0.185546 0.017577 0.019531
0 0.337892 0.276367 0.015623 0.017580
0 0.855466 0.269533 0.019531 0.019531
0 0.451170 0.105470 0.019531 0.023438
0 0.407227 0.118163 0.017577 0.013673
0 0.264647 0.002929 0.017577 0.005859
0 0.135741 0.499023 0.013674 0.013673
0 0.204100 0.266602 0.029297 0.021483
0 0.867186 0.845705 0.019531 0.019531
0 0.312498 0.595703 0.019531 0.019531
0 0.681640 0.338868 0.019531 0.017580
0 0.655275 0.210939 0.017577 0.015624
0 0.723634 0.183594 0.017577 0.015624
0 0.422850 0.220705 0.017577 0.015624
0 0.408205 0.950195 0.015623 0.013673
0 0.353514 0.439454 0.015623 0.015624
0 0.916014 0.532227 0.019531 0.021483
0 0.732422 0.723631 0.015623 0.017580
0 0.405273 0.905274 0.017577 0.017580
0 0.570311 0.376954 0.019531 0.015624
0 0.898437 0.135742 0.015623 0.017580
0 0.355469 0.124025 0.019531 0.017580
0 0.967773 0.309571 0.021485 0.021483
0 0.374023 0.504882 0.017577 0.017580
0 0.368165 0.298829 0.017577 0.015624
0 0.778319 0.653321 0.017577 0.017580
0 0.899414 0.422851 0.021485 0.017580
0 0.306641 0.212891 0.015623 0.015624
0 0.851563 0.717773 0.015623 0.013673
0 0.649412 0.964843 0.017577 0.019531
0 0.645509 0.082032 0.013674 0.015624
0 0.365234 0.125977 0.019531 0.013673
0 0.218751 0.091797 0.019531 0.015624
0 0.640624 0.171873 0.019531 0.019531
0 0.883791 0.165039 0.013674 0.017580
0 0.745119 0.691407 0.017577 0.019531
0 0.188477 0.096680 0.029297 0.029297
0 0.338869 0.224608 0.013674 0.015624
0 0.636721 0.333009 0.015623 0.017580
0 0.764650 0.022463 0.017577 0.017580
0 0.741211 0.014649 0.013674 0.013673
0 0.590819 0.019531 0.021485 0.023438
0 0.664063 0.738280 0.019531 0.019531
0 0.512695 0.050780 0.017577 0.015624
0 0.599608 0.008790 0.019531 0.017580
0 0.419924 0.242188 0.015623 0.019531
0 0.030274 0.237305 0.017577 0.013673
0 0.830078 0.165039 0.015623 0.013673
0 0.714845 0.048828 0.015623 0.011717
0 0.476563 0.554686 0.015623 0.019531
0 0.290041 0.033204 0.017577 0.019531
0 0.399416 0.732421 0.037108 0.035155
0 0.512695 0.014649 0.017577 0.017580
0 0.988281 0.468751 0.019531 0.019531
0 0.498049 0.213867 0.023439 0.029297
0 0.409182 0.304688 0.021485 0.023438
0 0.765627 0.684569 0.023439 0.029297
0 0.446290 0.725587 0.017577 0.017580
0 0.827147 0.967774 0.029297 0.033204
0 0.685549 0.593752 0.035154 0.035155
0 0.494140 0.234374 0.019531 0.019531
0 0.915037 0.372071 0.017577 0.017580
0 0.348634 0.011717 0.017577 0.019531
