0 0.257815 0.970702 0.019531 0.031248
0 0.585936 0.314454 0.019531 0.019531
0 0.387693 0.881836 0.017577 0.017580
0 0.809572 0.613283 0.017577 0.019531
0 0.541016 0.636717 0.019531 0.015624
0 0.935547 0.383788 0.019531 0.017580
0 0.698242 0.546876 0.021485 0.019531
0 0.717890 0.855546 0.023748 0.023749
0 0.721013 0.878047 0.022498 0.016251
0 0.880391 0.660546 0.021252 0.016251
0 0.886643 0.682420 0.021252 0.019998
0 0.865391 0.673672 0.013750 0.022500
0 0.961639 0.544297 0.028750 0.021251
0 0.945388 0.563673 0.028750 0.027501
