0 0.898440 0.743163 0.015623 0.017580
0 0.350586 0.137694 0.031251 0.031248
0 0.260742 0.184570 0.017577 0.017580
0 0.978513 0.776366 0.015623 0.013673
0 0.988279 0.889650 0.015623 0.017580
0 0.825195 0.021483 0.017577 0.015624
0 0.351563 0.335936 0.015623 0.019531
0 0.859377 0.526369 0.019531 0.021483
0 0.940428 0.930664 0.017577 0.017580
0 0.762694 0.854491 0.017577 0.017580
0 0.125001 0.929688 0.023439 0.031248
0 0.810545 0.439454 0.015623 0.019531
0 0.411134 0.481444 0.017577 0.017580
0 0.450196 0.558593 0.013674 0.015624
0 0.868166 0.600586 0.017577 0.017580
0 0.215822 0.753908 0.017577 0.019531
0 0.501955 0.488282 0.023439 0.019531
0 0.090819 0.755859 0.013674 0.015624
0 0.127927 0.813477 0.017577 0.017580
0 0.315432 0.394530 0.011720 0.011717
0 0.339843 0.669921 0.015623 0.015624
0 0.433596 0.764649 0.015623 0.017580
0 0.451173 0.394530 0.015623 0.015624
0 0.604536 0.351614 0.029297 0.029297
0 0.842018 0.922755 0.037108 0.039062
0 0.589845 0.656248 0.015623 0.011717
0 0.830076 0.112304 0.015623 0.017580
0 0.316404 0.547851 0.015623 0.017580
0 0.284181 0.305664 0.026310 0.024926
0 0.294549 0.327633 0.023541 0.018001
0 0.344400 0.227934 0.020771 0.023541
0 0.617188 0.683502 0.020771 0.029080
0 0.735579 0.865593 0.019384 0.024926
