0 0.623903 0.350703 0.033205 0.033204
0 0.143553 0.509765 0.033205 0.035155
0 0.703126 0.558593 0.023439 0.023438
0 0.217774 0.671876 0.017577 0.015624
0 0.401366 0.661131 0.017577 0.017580
0 0.057617 0.169922 0.017577 0.015624
0 0.079102 0.424806 0.021485 0.021483
0 0.101565 0.724611 0.015623 0.019531
0 0.236328 0.505858 0.023439 0.019531
0 0.061525 0.095704 0.017577 0.019531
0 0.274414 0.987306 0.017577 0.017580
0 0.493164 0.809570 0.017577 0.013673
0 0.107422 0.476561 0.019531 0.031248
0 0.311522 0.567383 0.021485 0.029297
0 0.431640 0.984374 0.015623 0.019531
0 0.109376 0.380861 0.019531 0.019531
0 0.056640 0.890626 0.019531 0.019531
0 0.124022 0.988281 0.017577 0.015624
0 0.416017 0.878905 0.023439 0.031248
0 0.832033 0.917967 0.019531 0.023438
0 0.220706 0.775391 0.015623 0.015624
0 0.167970 0.440430 0.019531 0.017580
0 0.389646 0.766601 0.017577 0.017580
0 0.795897 0.253905 0.013674 0.007814
0 0.006379 0.956118 0.012758 0.015624
0 0.131838 0.756835 0.017577 0.013673
0 0.112302 0.777342 0.017577 0.019531
0 0.036132 0.937498 0.005857 0.007814
0 0.028320 0.374999 0.017577 0.019531
0 0.165377 0.063997 0.024923 0.019387
0 0.010419 0.531567 0.018691 0.023791
0 0.044531 0.611104 0.019916 0.013278
0 0.540848 0.512662 0.018053 0.020180
0 0.553064 0.536028 0.021242 0.022303
0 0.525979 0.531248 0.020179 0.019117
0 0.038491 0.558862 0.018053 0.021240
0 0.068228 0.579574 0.020179 0.020180
0 0.040617 0.583819 0.024427 0.026552
0 0.006236 0.685781 0.012472 0.024429
0 0.408620 0.773401 0.021242 0.021240
0 0.842472 0.945453 0.020179 0.023366
0 0.820171 0.937487 0.018053 0.015932
0 0.438889 0.891818 0.022305 0.018054
0 0.417647 0.903501 0.024427 0.018054
