0 0.210938 0.531249 0.015623 0.019531
0 0.876956 0.818357 0.031251 0.023438
0 0.408203 0.672850 0.019531 0.021483
0 0.812500 0.860351 0.031251 0.029297
0 0.144533 0.866210 0.015623 0.017580
0 0.392581 0.873048 0.019531 0.019531
0 0.768552 0.387697 0.021485 0.021483
0 0.524413 0.664064 0.021485 0.019531
0 0.137694 0.455076 0.017577 0.015624
0 0.935549 0.370117 0.023439 0.021483
0 0.711913 0.771485 0.021485 0.031248
0 0.275389 0.582032 0.015623 0.019531
0 0.441408 0.907227 0.015623 0.029297
0 0.179687 0.930665 0.019531 0.017580
0 0.430666 0.006835 0.017577 0.013671
0 0.493162 0.375976 0.029297 0.021483
0 0.587892 0.847658 0.019531 0.031248
0 0.263674 0.786133 0.019531 0.017580
0 0.282228 0.541015 0.017577 0.015624
0 0.154299 0.142578 0.019531 0.019531
0 0.521482 0.509766 0.023439 0.035155
0 0.565430 0.544922 0.017577 0.015624
0 0.047850 0.916993 0.017577 0.013673
0 0.446289 0.322265 0.017577 0.019531
0 0.285154 0.985352 0.015623 0.017580
0 0.573241 0.319334 0.017577 0.017580
0 0.275389 0.458007 0.019531 0.017580
0 0.313479 0.376952 0.017577 0.019531
0 0.539064 0.984376 0.019531 0.015624
0 0.460940 0.425780 0.019531 0.019531
0 0.005859 0.723633 0.011719 0.021483
0 0.392581 0.563477 0.019531 0.017580
0 0.408203 0.780275 0.019531 0.013673
0 0.433592 0.089843 0.023439 0.023438
0 0.478517 0.891603 0.015623 0.017580
0 0.224607 0.871092 0.019531 0.015624
0 0.131837 0.916993 0.017577 0.017580
0 0.306640 0.944338 0.019531 0.017580
0 0.259766 0.656250 0.019531 0.035155
0 0.159179 0.987303 0.021485 0.009766
0 0.033204 0.071288 0.015623 0.013673
0 0.407226 0.977538 0.017577 0.017580
0 0.161133 0.535156 0.017577 0.019531
0 0.420900 0.803709 0.013674 0.017580
0 0.347671 0.117561 0.017000 0.021999
0 0.322171 0.118563 0.015998 0.027998
0 0.460671 0.106064 0.022999 0.024999
0 0.270671 0.209062 0.033002 0.021001
0 0.275171 0.231562 0.018002 0.018001
0 0.715669 0.192564 0.030998 0.040000
0 0.207172 0.433563 0.020002 0.018001
0 0.230171 0.447562 0.015998 0.019998
0 0.189169 0.461064 0.022002 0.024999
0 0.042671 0.432561 0.020999 0.013999
0 0.020674 0.406062 0.015000 0.015001
0 0.040170 0.412062 0.018002 0.019000
0 0.066672 0.424063 0.017000 0.019000
0 0.140671 0.522061 0.015000 0.016999
0 0.536669 0.539063 0.022999 0.021001
0 0.549670 0.597562 0.015000 0.018001
0 0.601171 0.622564 0.026001 0.029999
0 0.526170 0.605562 0.020002 0.019998
0 0.538674 0.621064 0.017000 0.016999
0 0.391173 0.798063 0.028001 0.021001
0 0.443671 0.824562 0.022999 0.018001
0 0.444674 0.843561 0.015000 0.018001
0 0.459674 0.920064 0.020999 0.024999
0 0.373672 0.909562 0.028998 0.019998
0 0.391669 0.923064 0.020999 0.021001
0 0.326672 0.945063 0.019000 0.023001
0 0.033173 0.879062 0.020002 0.016999
0 0.059671 0.007281 0.022999 0.014563
0 0.109172 0.613064 0.024001 0.019000
0 0.100672 0.633564 0.020999 0.018001
