0 0.966795 0.379883 0.019531 0.029297
0 0.305663 0.861327 0.017577 0.015624
0 0.508791 0.251955 0.017577 0.019531
0 0.813478 0.701171 0.017577 0.019531
0 0.407227 0.415038 0.017577 0.017580
0 0.587893 0.028319 0.015623 0.013673
0 0.644532 0.594725 0.019531 0.017580
0 0.964841 0.945314 0.015623 0.015624
0 0.943361 0.504884 0.015623 0.017580
0 0.633789 0.008789 0.017577 0.017578
0 0.839843 0.946289 0.019531 0.017580
0 0.472655 0.330079 0.015623 0.015624
0 0.599607 0.174806 0.019531 0.017580
0 0.451170 0.750978 0.019531 0.017580
0 0.730468 0.356445 0.015623 0.013673
0 0.865237 0.027343 0.015623 0.019531
0 0.408204 0.512694 0.019531 0.017580
0 0.701171 0.691405 0.019531 0.019531
0 0.134764 0.831054 0.015623 0.017580
0 0.092775 0.879882 0.013674 0.017580
0 0.609373 0.215820 0.019531 0.017580
0 0.505860 0.699219 0.015623 0.015624
0 0.583984 0.777344 0.015623 0.019531
0 0.232424 0.502928 0.015623 0.013673
0 0.464844 0.824220 0.015623 0.015624
0 0.907225 0.583008 0.017577 0.017580
0 0.731445 0.828127 0.013674 0.015624
0 0.369142 0.413087 0.011720 0.017580
0 0.964841 0.196289 0.011720 0.017580
0 0.627932 0.883789 0.017577 0.017580
0 0.943361 0.884765 0.015623 0.019531
0 0.767576 0.161134 0.019531 0.017580
0 0.566407 0.253906 0.015623 0.019531
0 0.802735 0.753906 0.019531 0.019531
0 0.633789 0.711916 0.013674 0.021483
0 0.686525 0.792968 0.013674 0.011717
0 0.859374 0.706054 0.023439 0.017580
0 0.361331 0.739257 0.015623 0.017580
0 0.279298 0.902344 0.019531 0.015624
0 0.500975 0.533205 0.017577 0.015624
0 0.020508 0.220703 0.033205 0.035155
0 0.332029 0.959962 0.019531 0.021483
0 0.609373 0.503908 0.019531 0.019531
0 0.049805 0.723633 0.017577 0.017580
0 0.150391 0.330079 0.015623 0.019531
0 0.830078 0.061523 0.019531 0.017580
0 0.701171 0.082030 0.015623 0.015624
0 0.679686 0.527342 0.015623 0.015624
0 0.461912 0.161134 0.017577 0.013673
0 0.639647 0.338865 0.017577 0.017580
0 0.854494 0.338865 0.013674 0.017580
0 0.195311 0.950196 0.019531 0.013673
0 0.285155 0.955079 0.019531 0.015624
0 0.916991 0.833985 0.017577 0.015624
0 0.328126 0.400390 0.015623 0.015624
0 0.548830 0.824220 0.015623 0.019531
0 0.819335 0.115233 0.017577 0.019531
0 0.851563 0.257813 0.011720 0.011717
0 0.701171 0.915037 0.019531 0.017580
0 0.707034 0.616212 0.015623 0.017580
0 0.751953 0.693361 0.015623 0.015624
0 0.369142 0.988283 0.015623 0.015624
0 0.814455 0.246093 0.019531 0.019531
0 0.856443 0.420897 0.017577 0.017580
0 0.583007 0.695312 0.017577 0.015624
0 0.557619 0.062498 0.021485 0.019531
0 0.821289 0.891603 0.017577 0.017580
0 0.938476 0.715819 0.013674 0.013673
0 0.483398 0.654298 0.017577 0.019531
0 0.720702 0.461914 0.015623 0.017580
0 0.216796 0.090819 0.015623 0.017580
0 0.545899 0.138671 0.017577 0.015624
0 0.875974 0.413087 0.017577 0.017580
0 0.250978 0.249024 0.017577 0.017580
0 0.665040 0.228517 0.017577 0.015624
0 0.368165 0.492187 0.013674 0.015624
0 0.753907 0.736330 0.015623 0.015624
0 0.773438 0.460939 0.015623 0.015624
0 0.688474 0.420897 0.017577 0.017580
0 0.469729 0.439452 0.017577 0.019531
0 0.820312 0.179689 0.015623 0.019531
0 0.671875 0.149413 0.015623 0.017580
0 0.972658 0.445311 0.019531 0.015624
0 0.843751 0.757813 0.015623 0.015624
0 0.753907 0.787109 0.015623 0.015624
0 0.421873 0.958007 0.015623 0.013673
0 0.071290 0.959962 0.017577 0.017580
0 0.571288 0.136720 0.013674 0.015624
0 0.034182 0.602539 0.021485 0.021483
0 0.480466 0.624022 0.015623 0.017580
0 0.775392 0.562501 0.019531 0.019531
0 0.911133 0.043947 0.017577 0.017580
0 0.913087 0.191406 0.017577 0.019531
0 0.823243 0.143554 0.017577 0.017580
0 0.382811 0.230468 0.015623 0.011717
0 0.714845 0.539063 0.015623 0.015624
0 0.546876 0.099609 0.019531 0.019531
0 0.919922 0.290038 0.019531 0.021483
0 0.982423 0.577150 0.019531 0.013673
0 0.709960 0.960938 0.013674 0.019531
0 0.313611 0.042064 0.017000 0.021001
0 0.453549 0.011039 0.013294 0.017724
0 0.470716 0.006627 0.018833 0.013255
0 0.326156 0.122926 0.019941 0.019941
0 0.441916 0.179974 0.018833 0.021046
0 0.858438 0.045382 0.014403 0.015510
0 0.844592 0.110738 0.015506 0.017724
0 0.863976 0.119600 0.014403 0.017724
0 0.840157 0.205455 0.017724 0.018833
0 0.858438 0.220407 0.018833 0.019941
0 0.992638 0.558279 0.014724 0.022155
0 0.950935 0.549413 0.019941 0.017724
0 0.852899 0.558279 0.021050 0.015510
0 0.835176 0.568800 0.016615 0.016615
0 0.517245 0.512307 0.018833 0.016615
0 0.757628 0.527813 0.018833 0.016615
0 0.806370 0.424792 0.016615 0.018833
0 0.817452 0.442516 0.016615 0.014402
0 0.717199 0.405960 0.022153 0.016615
0 0.719968 0.425897 0.014403 0.018833
0 0.650728 0.431437 0.024371 0.021046
0 0.647407 0.409837 0.017724 0.019941
0 0.556571 0.712258 0.017724 0.017724
0 0.455761 0.644685 0.019941 0.019941
0 0.451889 0.790910 0.018833 0.024372
0 0.384314 0.952642 0.014403 0.019941
0 0.484567 0.917748 0.015506 0.016615
0 0.434717 0.937689 0.013294 0.014402
0 0.543829 0.962612 0.023262 0.015510
0 0.549372 0.987398 0.025480 0.025200
0 0.589249 0.922734 0.016615 0.022155
0 0.755968 0.971474 0.022153 0.017724
0 0.928224 0.738843 0.016615 0.024372
0 0.904410 0.742720 0.017724 0.016615
0 0.275749 0.990723 0.023262 0.018553
0 0.107370 0.969815 0.016615 0.016615
0 0.009887 0.939349 0.018833 0.017724
0 0.130081 0.850175 0.015506 0.014402
