0 0.718752 0.387695 0.015623 0.017580
0 0.791015 0.461913 0.015623 0.021483
0 0.399415 0.666993 0.017577 0.017580
0 0.041992 0.225588 0.017577 0.013673
0 0.723633 0.969726 0.021485 0.017580
0 0.495116 0.821291 0.017577 0.017580
0 0.093751 0.447264 0.015623 0.015624
0 0.990234 0.602537 0.019532 0.021483
0 0.483397 0.540041 0.017577 0.017580
0 0.718752 0.848632 0.015623 0.017580
0 0.473631 0.890625 0.017577 0.019531
0 0.049804 0.416992 0.017577 0.017580
0 0.202150 0.407226 0.021485 0.021483
0 0.216795 0.448244 0.019531 0.017580
0 0.552733 0.061525 0.019531 0.021483
0 0.342776 0.839842 0.017577 0.019531
0 0.809569 0.802735 0.017577 0.019531
0 0.443358 0.956053 0.019531 0.017580
0 0.378907 0.492189 0.015623 0.019531
0 0.039061 0.277343 0.015623 0.019531
0 0.049804 0.945312 0.017577 0.015624
0 0.295897 0.787111 0.021485 0.019531
0 0.124025 0.363281 0.017577 0.015624
0 0.631834 0.853515 0.017577 0.015624
0 0.729490 0.800780 0.017577 0.019531
0 0.972657 0.492189 0.019531 0.019531
0 0.771483 0.392578 0.019531 0.019531
0 0.487305 0.957033 0.017577 0.015624
0 0.137694 0.917970 0.017577 0.015624
0 0.282228 0.481444 0.017577 0.017580
0 0.410158 0.800780 0.015623 0.019531
0 0.123048 0.733397 0.031251 0.037111
0 0.457031 0.481444 0.015623 0.017580
0 0.723633 0.456054 0.017577 0.017580
0 0.438477 0.428713 0.017577 0.017580
0 0.974611 0.726562 0.019531 0.015624
0 0.519533 0.372071 0.015623 0.013673
0 0.842774 0.582031 0.013674 0.023438
0 0.127928 0.532227 0.017577 0.017580
0 0.511716 0.576172 0.015623 0.019531
0 0.212892 0.244139 0.015623 0.015624
0 0.764649 0.863280 0.017577 0.019531
0 0.587892 0.933595 0.019531 0.023438
0 0.326171 0.322267 0.015623 0.015624
0 0.265623 0.560548 0.019531 0.019531
0 0.218750 0.749025 0.019531 0.017580
0 0.557618 0.462892 0.017577 0.019531
0 0.248046 0.433596 0.019531 0.015624
0 0.908201 0.940429 0.031251 0.021483
0 0.356444 0.265626 0.017577 0.019531
0 0.221681 0.638672 0.017577 0.015624
0 0.992188 0.907225 0.015623 0.017580
0 0.490236 0.250977 0.019531 0.017580
0 0.126951 0.268553 0.019531 0.013673
0 0.065432 0.169922 0.017577 0.015624
0 0.618166 0.813477 0.017577 0.017580
0 0.583984 0.657228 0.019531 0.017580
0 0.192384 0.167970 0.017577 0.019531
0 0.272463 0.038086 0.017577 0.017580
0 0.964846 0.843749 0.031251 0.023438
0 0.566407 0.281250 0.019531 0.019531
0 0.367187 0.787111 0.015623 0.019531
0 0.846682 0.716797 0.017577 0.019531
0 0.267577 0.459961 0.019531 0.017580
0 0.253909 0.639648 0.015623 0.013673
0 0.298828 0.396485 0.019531 0.019531
0 0.452146 0.611327 0.017577 0.015624
0 0.731444 0.074218 0.021485 0.019531
0 0.286131 0.662110 0.017577 0.007814
0 0.455077 0.287108 0.019531 0.019531
0 0.389649 0.605469 0.017577 0.015624
0 0.099609 0.934570 0.015623 0.017580
0 0.546876 0.722655 0.019531 0.019531
0 0.188476 0.133790 0.029297 0.021483
0 0.684570 0.564455 0.021485 0.019531
0 0.977537 0.801760 0.017577 0.017580
0 0.872070 0.916015 0.017577 0.015624
0 0.137694 0.293946 0.017577 0.017580
0 0.531248 0.458009 0.019531 0.017580
0 0.052735 0.510740 0.015623 0.017580
0 0.442380 0.825194 0.013674 0.013673
0 0.744141 0.924805 0.015623 0.021483
0 0.174807 0.228515 0.017577 0.015624
0 0.136717 0.435547 0.015623 0.015624
0 0.271486 0.693359 0.015623 0.015624
0 0.084963 0.963867 0.013674 0.017580
0 0.354490 0.546875 0.017577 0.015624
0 0.333982 0.463868 0.023439 0.013673
0 0.381838 0.013673 0.021485 0.019531
0 0.563475 0.344726 0.017577 0.017580
0 0.384764 0.382812 0.015623 0.019531
0 0.491213 0.649414 0.029297 0.017580
0 0.922852 0.054686 0.017577 0.031248
0 0.094728 0.015624 0.017577 0.015624
0 0.031250 0.963867 0.015623 0.013673
0 0.080078 0.260743 0.019531 0.017580
0 0.991211 0.708983 0.017577 0.015624
0 0.319336 0.747069 0.017577 0.017580
0 0.864259 0.474609 0.017577 0.019531
