0 0.294920 0.401368 0.015623 0.017580
0 0.979491 0.568358 0.017577 0.015624
0 0.660154 0.022463 0.015623 0.013673
0 0.225584 0.232422 0.017577 0.019531
0 0.089843 0.057618 0.015623 0.017580
0 0.856447 0.681642 0.017577 0.015624
0 0.761718 0.310547 0.019531 0.019531
0 0.909178 0.518555 0.017577 0.017580
0 0.446289 0.386720 0.017577 0.019531
0 0.833008 0.277343 0.017577 0.015624
0 0.208007 0.949219 0.021485 0.019531
0 0.088866 0.137694 0.017577 0.017580
0 0.615234 0.916015 0.015623 0.011717
0 0.365233 0.589845 0.015623 0.015624
0 0.566407 0.161132 0.015623 0.013673
0 0.101563 0.397461 0.023439 0.021483
0 0.074220 0.246095 0.015623 0.011717
0 0.256835 0.441406 0.017577 0.015624
0 0.923829 0.130860 0.023439 0.031248
0 0.789060 0.365233 0.015623 0.015624
0 0.978514 0.968750 0.019531 0.015624
0 0.267577 0.819336 0.019531 0.017580
0 0.447266 0.468751 0.015623 0.013673
0 0.795900 0.522462 0.021485 0.017580
0 0.884767 0.956054 0.019531 0.017580
0 0.412112 0.630859 0.015623 0.015624
0 0.343748 0.646483 0.015623 0.015624
0 0.804688 0.484375 0.019531 0.015624
0 0.927732 0.288084 0.015623 0.013673
0 0.693359 0.700194 0.019531 0.017580
0 0.861328 0.316405 0.019531 0.015624
0 0.313479 0.124025 0.017577 0.017580
0 0.964846 0.876953 0.015623 0.015624
0 0.191407 0.047852 0.019531 0.017580
0 0.609377 0.971681 0.023439 0.021483
0 0.926755 0.014649 0.017577 0.017580
0 0.473631 0.833984 0.017577 0.019531
0 0.147459 0.280274 0.017577 0.017580
0 0.560549 0.593748 0.015623 0.015624
0 0.216795 0.305664 0.019531 0.017580
0 0.609377 0.525389 0.015623 0.015624
0 0.222658 0.003906 0.015623 0.007812
0 0.648439 0.915040 0.015623 0.013673
0 0.872070 0.877929 0.013674 0.017580
0 0.925783 0.211915 0.015623 0.017580
0 0.318359 0.193360 0.015623 0.015624
0 0.595703 0.296874 0.015623 0.015624
0 0.715821 0.889650 0.017577 0.017580
0 0.712890 0.160156 0.015623 0.015624
0 0.052735 0.836915 0.019531 0.017580
0 0.369141 0.333009 0.015623 0.017580
0 0.714844 0.579100 0.015623 0.013673
0 0.634766 0.416992 0.019531 0.021483
0 0.937498 0.408202 0.015623 0.019531
0 0.780272 0.669921 0.017577 0.015624
0 0.563475 0.672852 0.029297 0.017580
0 0.921875 0.335937 0.019531 0.015624
0 0.848631 0.829101 0.017577 0.017580
0 0.636720 0.463868 0.015623 0.013673
0 0.639651 0.522462 0.013674 0.013673
0 0.741210 0.041994 0.017577 0.013673
0 0.783203 0.833984 0.019531 0.015624
0 0.460940 0.883788 0.015623 0.017580
0 0.295897 0.220701 0.017577 0.015624
0 0.648439 0.772459 0.019531 0.017580
0 0.856447 0.986330 0.013674 0.015624
0 0.332033 0.553710 0.015623 0.017580
0 0.680662 0.613283 0.013674 0.015624
0 0.071289 0.075194 0.017577 0.017580
0 0.440431 0.755859 0.017577 0.015624
0 0.279297 0.468751 0.019531 0.019531
0 0.606446 0.657228 0.021485 0.021483
0 0.412112 0.711914 0.015623 0.013673
0 0.686271 0.262182 0.020771 0.022500
0 0.743392 0.121979 0.017309 0.022500
0 0.009075 0.147946 0.018151 0.019041
0 0.031133 0.147080 0.019040 0.024232
0 0.898826 0.268242 0.022153 0.018001
0 0.300630 0.491870 0.019384 0.019387
0 0.329016 0.508489 0.020771 0.019387
0 0.326247 0.531335 0.018002 0.020769
0 0.130313 0.460022 0.019384 0.019387
0 0.092233 0.509871 0.020771 0.022155
0 0.024922 0.643905 0.027500 0.026252
0 0.173673 0.654532 0.020002 0.019998
0 0.149920 0.778280 0.020002 0.027501
0 0.805549 0.983281 0.018752 0.017500
0 0.547422 0.532030 0.017501 0.017500
0 0.604294 0.468907 0.021252 0.018749
0 0.590545 0.483905 0.011249 0.018749
0 0.831170 0.557655 0.012499 0.018749
0 0.789298 0.564531 0.016251 0.017500
0 0.813047 0.564531 0.016251 0.022500
0 0.814297 0.588907 0.026249 0.018749
0 0.701798 0.628907 0.021252 0.013748
0 0.711174 0.650781 0.022498 0.019998
0 0.741797 0.648905 0.021252 0.026252
0 0.663672 0.665782 0.017501 0.019998
0 0.654919 0.851408 0.020002 0.018749
0 0.866172 0.830157 0.020002 0.018749
0 0.970546 0.770781 0.018752 0.027501
0 0.939295 0.797655 0.016251 0.016251
0 0.961798 0.818907 0.018752 0.016251
0 0.971174 0.842030 0.020002 0.019998
0 0.944297 0.847657 0.021252 0.021251
0 0.936799 0.872655 0.018752 0.016251
0 0.945547 0.929532 0.016251 0.022500
0 0.978049 0.908908 0.016251 0.018749
0 0.744298 0.751406 0.018752 0.018749
0 0.774921 0.741405 0.017501 0.023749
0 0.428671 0.733279 0.019000 0.019000
0 0.562174 0.850781 0.020002 0.021999
0 0.586171 0.857282 0.020002 0.027000
0 0.595673 0.882781 0.022999 0.019998
0 0.859672 0.933280 0.017000 0.019000
0 0.950169 0.658280 0.020002 0.021001
0 0.934172 0.654783 0.013998 0.019998
0 0.546172 0.800780 0.013998 0.024000
0 0.670674 0.887782 0.017000 0.019998
0 0.604173 0.713783 0.024001 0.019998
