0 0.863281 0.840822 0.015623 0.017580
0 0.208983 0.519531 0.015623 0.015624
0 0.180663 0.568358 0.017577 0.015624
0 0.594725 0.986330 0.013674 0.015624
0 0.057619 0.681642 0.017577 0.015624
0 0.337889 0.336912 0.015623 0.017580
0 0.674804 0.415041 0.013674 0.015624
0 0.110350 0.518555 0.017577 0.017580
0 0.876955 0.917967 0.019531 0.015624
0 0.034180 0.277343 0.017577 0.015624
0 0.988279 0.090822 0.015623 0.017580
0 0.502932 0.342775 0.017577 0.017580
0 0.842773 0.953126 0.017577 0.019531
0 0.940428 0.131835 0.017577 0.017580
0 0.762694 0.055663 0.017577 0.017580
0 0.965822 0.944336 0.013674 0.017580
0 0.125001 0.130860 0.023439 0.031248
0 0.734374 0.426758 0.019531 0.017580
0 0.179686 0.968750 0.019531 0.015624
0 0.368163 0.829101 0.017577 0.017580
0 0.085939 0.956054 0.019531 0.017580
0 0.727540 0.993164 0.017577 0.013672
0 0.212891 0.827150 0.015623 0.013673
0 0.770505 0.823243 0.017577 0.017580
0 0.511720 0.918947 0.015623 0.013673
0 0.007813 0.484375 0.015626 0.015624
0 0.917971 0.805663 0.015623 0.017580
0 0.128904 0.288084 0.015623 0.013673
0 0.923828 0.959961 0.015623 0.017580
0 0.062499 0.316405 0.019531 0.015624
0 0.166018 0.876953 0.015623 0.015624
0 0.965822 0.841798 0.009766 0.019531
0 0.213868 0.355468 0.017577 0.015624
0 0.127927 0.014649 0.017577 0.017580
0 0.316404 0.454103 0.015623 0.017580
0 0.990233 0.232422 0.019531 0.015624
0 0.755860 0.378906 0.019531 0.015624
0 0.553709 0.995117 0.017577 0.009765
0 0.073242 0.877929 0.013674 0.017580
0 0.516601 0.959961 0.013674 0.017580
0 0.126955 0.211915 0.015623 0.017580
0 0.392580 0.366213 0.015623 0.013673
0 0.634764 0.254885 0.015623 0.017580
0 0.464933 0.846734 0.015623 0.013673
0 0.217771 0.709959 0.017577 0.013673
0 0.874023 0.975585 0.021485 0.017580
0 0.762694 0.921874 0.017577 0.015624
0 0.962890 0.776366 0.015623 0.013673
0 0.656250 0.216798 0.015623 0.019531
0 0.524412 0.987306 0.017577 0.013673
0 0.405271 0.397461 0.017577 0.021483
0 0.736328 0.974609 0.019531 0.015624
0 0.666015 0.973633 0.019531 0.013673
0 0.478515 0.880860 0.013674 0.017580
0 0.927736 0.303712 0.015623 0.017580
0 0.393557 0.902343 0.017577 0.015624
0 0.138670 0.408202 0.015623 0.019531
0 0.729494 0.890626 0.013674 0.013673
0 0.123047 0.335937 0.019531 0.015624
0 0.049803 0.829101 0.017577 0.017580
0 0.782225 0.884767 0.017577 0.015624
0 0.951171 0.863281 0.015623 0.015624
0 0.408202 0.944336 0.015623 0.017580
0 0.958010 0.545900 0.017577 0.017580
0 0.992187 0.819336 0.015623 0.013673
0 0.235353 0.995117 0.013674 0.009765
0 0.057619 0.986330 0.013674 0.015624
0 0.842018 0.123927 0.037108 0.039062
0 0.936525 0.899416 0.017577 0.017580
0 0.557617 0.967774 0.013674 0.013673
0 0.515624 0.890626 0.015623 0.019531
0 0.452150 0.908202 0.017577 0.015624
0 0.735579 0.066765 0.019384 0.024926
0 0.099997 0.268242 0.022153 0.018001
0 0.244532 0.529687 0.024999 0.020313
0 0.008048 0.983281 0.016097 0.017500
0 0.032342 0.557655 0.012499 0.018749
0 0.014218 0.564531 0.016251 0.022500
0 0.015469 0.588907 0.026249 0.018749
0 0.067344 0.830157 0.020002 0.018749
0 0.171718 0.770781 0.018752 0.027501
0 0.140467 0.797655 0.016251 0.016251
0 0.162970 0.818907 0.018752 0.016251
0 0.172346 0.842030 0.020002 0.019998
0 0.145469 0.847657 0.021252 0.021251
0 0.137971 0.872655 0.018752 0.016251
0 0.146719 0.929532 0.016251 0.022500
0 0.179221 0.908908 0.016251 0.018749
0 0.656721 0.755157 0.018751 0.018749
0 0.657343 0.847030 0.022498 0.019998
0 0.539220 0.907655 0.018751 0.016251
0 0.474845 0.918282 0.017501 0.017500
0 0.457344 0.890781 0.017501 0.015001
0 0.434219 0.852031 0.018751 0.017500
0 0.409220 0.861405 0.018751 0.016251
0 0.411093 0.841407 0.020002 0.016251
0 0.060844 0.933280 0.017000 0.019000
0 0.151341 0.658280 0.020002 0.021001
0 0.135344 0.654783 0.013998 0.019998
0 0.813845 0.427282 0.022999 0.019000
0 0.808342 0.405780 0.022002 0.019998
0 0.815344 0.479280 0.020002 0.023001
0 0.801842 0.500782 0.024999 0.024000
0 0.861342 0.547779 0.024001 0.024000
0 0.886842 0.557780 0.020999 0.019998
0 0.927342 0.552282 0.026001 0.027000
0 0.865842 0.569281 0.015000 0.015001
0 0.882346 0.580281 0.018002 0.019000
0 0.847344 0.666781 0.020002 0.032000
0 0.868343 0.677781 0.015998 0.018001
0 0.885343 0.675780 0.011998 0.016000
0 0.899842 0.662783 0.017000 0.018001
0 0.919343 0.678783 0.020002 0.019998
0 0.898845 0.700782 0.017000 0.016000
0 0.875345 0.703782 0.020002 0.019998
0 0.827342 0.735782 0.020002 0.021999
0 0.828846 0.758282 0.020999 0.021001
0 0.808342 0.747282 0.018002 0.021001
0 0.265845 0.786781 0.033002 0.021999
0 0.259846 0.811780 0.020999 0.018001
0 0.283346 0.813280 0.015998 0.021001
0 0.259846 0.858280 0.020999 0.019000
0 0.291846 0.863281 0.020999 0.023001
0 0.260843 0.994890 0.019000 0.010221
0 0.539843 0.936279 0.017000 0.019000
0 0.382844 0.885280 0.015000 0.016999
0 0.363344 0.897282 0.020002 0.021001
0 0.433844 0.956281 0.019000 0.021001
0 0.451846 0.930280 0.015000 0.016999
0 0.410845 0.983281 0.017000 0.019000
0 0.391846 0.978280 0.017000 0.031001
0 0.841846 0.994890 0.019000 0.010221
0 0.963331 0.491954 0.019116 0.019117
0 0.953241 0.510008 0.022305 0.021240
0 0.936778 0.640640 0.027616 0.021240
0 0.933062 0.658166 0.020179 0.018054
0 0.937841 0.990058 0.019116 0.019117
