0 0.404298 0.408203 0.019531 0.019531
0 0.427732 0.916016 0.015623 0.015624
0 0.634763 0.076174 0.019531 0.019531
0 0.396487 0.235350 0.015623 0.017580
0 0.509765 0.076174 0.015623 0.015624
0 0.708008 0.152343 0.017577 0.019531
0 0.590821 0.275392 0.017577 0.015624
0 0.861331 0.223633 0.019531 0.017580
0 0.621095 0.146484 0.023439 0.019531
0 0.154297 0.152343 0.019531 0.015624
0 0.177736 0.029297 0.019531 0.015624
0 0.874022 0.042970 0.017577 0.019531
0 0.728516 0.007812 0.019531 0.015625
0 0.818360 0.076174 0.019531 0.019531
0 0.120115 0.519531 0.017577 0.019531
0 0.310546 0.004883 0.015623 0.009766
0 0.500977 0.179688 0.017577 0.019531
0 0.043944 0.073242 0.013674 0.017580
0 0.523439 0.115236 0.015623 0.019531
0 0.400390 0.987306 0.019531 0.017580
0 0.227541 0.355468 0.017577 0.019531
0 0.663088 0.232423 0.013674 0.019531
0 0.547850 0.025390 0.017577 0.019531
0 0.944335 0.158205 0.017577 0.015624
0 0.541993 0.069335 0.013674 0.021483
0 0.656249 0.322264 0.015623 0.015624
0 0.277346 0.381837 0.019531 0.017580
0 0.162108 0.082032 0.015623 0.019531
0 0.424806 0.265626 0.017577 0.015624
0 0.458006 0.156250 0.017577 0.019531
0 0.504885 0.006836 0.017577 0.013671
0 0.346682 0.098632 0.017577 0.017580
0 0.115235 0.041994 0.015623 0.017580
0 0.159182 0.359375 0.017577 0.019531
0 0.655272 0.533203 0.017577 0.019531
0 0.951170 0.013673 0.019531 0.019531
0 0.589844 0.408203 0.015623 0.015624
0 0.133789 0.271485 0.021485 0.015624
0 0.481446 0.391603 0.017577 0.013673
0 0.461914 0.491210 0.017577 0.017580
0 0.355470 0.316406 0.015623 0.015624
0 0.973632 0.026366 0.017577 0.017580
0 0.080081 0.053711 0.015623 0.017580
0 0.539062 0.366209 0.019531 0.013673
0 0.500977 0.379882 0.017577 0.017580
0 0.386721 0.269529 0.015623 0.019531
0 0.570313 0.071291 0.019531 0.017580
0 0.287111 0.057618 0.015623 0.017580
0 0.367185 0.573241 0.015623 0.017580
0 0.047265 0.216954 0.017501 0.017500
0 0.028514 0.236952 0.017501 0.019998
0 0.008631 0.221955 0.017262 0.022500
0 0.837263 0.008976 0.022999 0.017952
0 0.394766 0.042453 0.018002 0.019000
0 0.377766 0.055454 0.015998 0.016999
0 0.399767 0.063454 0.020002 0.019000
0 0.415765 0.079951 0.020002 0.019998
0 0.436764 0.132952 0.020002 0.021999
0 0.487764 0.147452 0.020002 0.021001
0 0.656765 0.137952 0.013998 0.018001
0 0.624765 0.123953 0.018002 0.016000
0 0.845763 0.107953 0.020002 0.019998
0 0.325303 0.841798 0.015506 0.016615
0 0.343579 0.850106 0.014403 0.017724
0 0.325303 0.862848 0.017724 0.021046
0 0.341918 0.869493 0.017724 0.014402
