0 0.062502 0.223633 0.019531 0.017580
0 0.657225 0.189453 0.021485 0.023438
0 0.670899 0.505858 0.021485 0.023438
0 0.075194 0.042970 0.017577 0.019531
0 0.690430 0.813477 0.021485 0.029297
0 0.609374 0.988282 0.015623 0.015624
0 0.019532 0.076174 0.019531 0.019531
0 0.283202 0.873046 0.031251 0.019531
0 0.145507 0.158205 0.017577 0.015624
0 0.923826 0.076174 0.019531 0.019531
0 0.743166 0.358399 0.017577 0.017580
0 0.819336 0.621093 0.033205 0.035155
0 0.949220 0.730470 0.015623 0.019531
0 0.747069 0.475586 0.017577 0.017580
0 0.735349 0.431641 0.017577 0.015624
0 0.669921 0.988282 0.019531 0.015624
0 0.912111 0.125001 0.015623 0.015624
0 0.152342 0.013673 0.019531 0.019531
0 0.502930 0.076174 0.017577 0.019531
0 0.282225 0.123046 0.017577 0.019531
0 0.174804 0.026366 0.017577 0.017580
0 0.765623 0.547852 0.035154 0.033204
0 0.748046 0.640625 0.019531 0.019531
0 0.642579 0.854491 0.019531 0.021483
0 0.749023 0.298830 0.021485 0.019531
0 0.220706 0.009766 0.019531 0.019531
0 0.782228 0.844726 0.041016 0.037111
0 0.674807 0.589845 0.029297 0.031248
0 0.038435 0.008976 0.022999 0.017952
0 0.046935 0.107953 0.020002 0.019998
0 0.599937 0.014953 0.015998 0.013999
0 0.716436 0.059452 0.017000 0.019000
0 0.994969 0.041952 0.010063 0.019998
0 0.977939 0.059452 0.018002 0.015001
0 0.741439 0.259954 0.019000 0.019998
0 0.743439 0.329953 0.020999 0.024000
0 0.765436 0.403954 0.019000 0.021999
0 0.758439 0.428953 0.019000 0.021999
0 0.751939 0.500953 0.018002 0.016000
0 0.759437 0.518452 0.020999 0.016999
0 0.777145 0.649600 0.022153 0.017724
0 0.786005 0.670650 0.024371 0.024372
0 0.545480 0.870738 0.020771 0.026309
