0 0.732422 0.615234 0.031251 0.031248
0 0.836912 0.747070 0.021485 0.017580
0 0.583008 0.677735 0.017577 0.015624
0 0.470701 0.612303 0.019531 0.021483
0 0.357423 0.379881 0.019531 0.017580
0 0.872071 0.652345 0.029297 0.039062
0 0.653321 0.732421 0.021485 0.023438
0 0.994140 0.200194 0.011719 0.017580
0 0.494140 0.927736 0.019531 0.031248
0 0.707029 0.449220 0.015623 0.015624
0 0.876952 0.447264 0.019531 0.019531
0 0.163088 0.949219 0.017577 0.019531
0 0.944333 0.530272 0.013674 0.013673
0 0.813478 0.103514 0.021485 0.019531
0 0.947265 0.556641 0.015623 0.019531
0 0.971681 0.862305 0.017577 0.017580
