0 0.898436 0.780274 0.019531 0.029297
0 0.440432 0.652346 0.017577 0.019531
0 0.338868 0.815429 0.017577 0.017580
0 0.519533 0.428710 0.015623 0.013673
0 0.439455 0.353516 0.015623 0.015624
0 0.576173 0.993163 0.019531 0.013674
0 0.875002 0.905274 0.015623 0.017580
0 0.753907 0.071291 0.015623 0.017580
0 0.565430 0.408203 0.017577 0.019531
0 0.404296 0.730470 0.015623 0.015624
0 0.531248 0.575197 0.019531 0.017580
0 0.662108 0.756836 0.015623 0.013673
0 0.796877 0.427734 0.015623 0.019531
0 0.339845 0.913085 0.019531 0.017580
0 0.473632 0.390623 0.017577 0.015624
0 0.848631 0.247071 0.017577 0.017580
0 0.781249 0.302733 0.023439 0.031248
0 0.541014 0.616211 0.019531 0.017580
0 0.164065 0.903319 0.015623 0.013673
0 0.192384 0.213867 0.029297 0.021483
0 0.838866 0.983399 0.017577 0.017580
0 0.300783 0.813477 0.011720 0.017580
0 0.896482 0.596680 0.011720 0.017580
0 0.699217 0.561524 0.019531 0.017580
0 0.498048 0.654297 0.015623 0.019531
0 0.965818 0.752929 0.017577 0.017580
0 0.469728 0.198243 0.017577 0.017580
0 0.056639 0.076174 0.019531 0.019531
0 0.345702 0.299806 0.015623 0.017580
0 0.596681 0.068360 0.017577 0.015624
0 0.731445 0.355468 0.017577 0.019531
0 0.432615 0.933595 0.017577 0.015624
0 0.541014 0.904299 0.019531 0.019531
0 0.873048 0.311523 0.015623 0.017580
0 0.458009 0.120119 0.017577 0.017580
0 0.968749 0.510741 0.019531 0.017580
0 0.082032 0.730470 0.015623 0.019531
0 0.761718 0.461913 0.019531 0.017580
0 0.632812 0.482420 0.015623 0.015624
0 0.957029 0.840819 0.019531 0.013673
0 0.611327 0.927733 0.015623 0.015624
0 0.393553 0.561524 0.017577 0.013673
0 0.571287 0.739256 0.017577 0.017580
0 0.786135 0.739256 0.013674 0.017580
0 0.617189 0.305664 0.015623 0.017580
0 0.299806 0.130860 0.017577 0.015624
0 0.259766 0.800781 0.015623 0.015624
0 0.142580 0.275392 0.015623 0.015624
0 0.619143 0.240233 0.015623 0.015624
0 0.044924 0.125001 0.015623 0.015624
0 0.750976 0.515624 0.017577 0.019531
0 0.783203 0.658204 0.011720 0.011717
0 0.550779 0.119139 0.015623 0.019531
0 0.746095 0.646483 0.019531 0.019531
0 0.558596 0.276368 0.015623 0.017580
0 0.788084 0.821287 0.017577 0.017580
0 0.489260 0.462889 0.021485 0.019531
0 0.231447 0.154298 0.017577 0.011717
0 0.852539 0.085939 0.017577 0.015624
0 0.861328 0.163088 0.015623 0.013673
0 0.700194 0.344726 0.013674 0.017580
0 0.441404 0.229491 0.015623 0.017580
0 0.518556 0.347658 0.017577 0.015624
0 0.652343 0.862305 0.015623 0.017580
0 0.148437 0.491210 0.015623 0.017580
0 0.836912 0.151367 0.017577 0.017580
0 0.477540 0.539062 0.017577 0.015624
0 0.807615 0.813477 0.017577 0.017580
0 0.182619 0.649414 0.017577 0.017580
0 0.596681 0.628907 0.017577 0.015624
0 0.979492 0.231447 0.013674 0.017580
0 0.299806 0.892578 0.013674 0.015624
0 0.546876 0.064453 0.019531 0.019531
0 0.705079 0.861329 0.015623 0.015624
0 0.792969 0.188477 0.015623 0.017580
0 0.620115 0.821287 0.017577 0.017580
0 0.529299 0.041994 0.015623 0.017580
0 0.401369 0.839843 0.017577 0.019531
0 0.861328 0.125001 0.011720 0.015624
0 0.751953 0.580080 0.015623 0.019531
0 0.233401 0.013673 0.017577 0.019531
0 0.241212 0.093749 0.017577 0.015624
0 0.555664 0.015625 0.017577 0.019531
0 0.510740 0.252929 0.013674 0.013673
0 0.603515 0.549803 0.015623 0.017580
0 0.904298 0.845701 0.019531 0.015624
0 0.909179 0.317381 0.021485 0.021483
0 0.368165 0.077149 0.017577 0.017580
0 0.912110 0.229491 0.019531 0.013673
0 0.502928 0.537110 0.013674 0.015624
0 0.707033 0.962892 0.019531 0.019531
0 0.842774 0.444338 0.017577 0.017580
0 0.390627 0.225584 0.015623 0.017580
0 0.667971 0.322264 0.015623 0.015624
0 0.844728 0.591797 0.017577 0.019531
0 0.754884 0.543945 0.017577 0.017580
0 0.898436 0.162108 0.015623 0.011717
0 0.314451 0.630859 0.015623 0.011717
0 0.646486 0.939454 0.015623 0.015624
0 0.478517 0.500000 0.019531 0.019531
0 0.851562 0.690428 0.019531 0.021483
0 0.914064 0.977540 0.019531 0.013673
0 0.131250 0.041952 0.017000 0.019998
0 0.110752 0.059452 0.018002 0.015001
0 0.145749 0.091953 0.026001 0.021999
0 0.180751 0.121451 0.015997 0.019000
0 0.201750 0.091953 0.018002 0.021999
0 0.253251 0.127951 0.020999 0.018001
0 0.245252 0.442454 0.017000 0.021001
0 0.500812 0.270467 0.018002 0.016615
0 0.431577 0.068299 0.015233 0.019387
0 0.450962 0.071071 0.018002 0.019387
0 0.651746 0.030220 0.029079 0.020769
0 0.646901 0.053070 0.016615 0.016615
0 0.666285 0.057914 0.022153 0.020769
0 0.553432 0.082841 0.018002 0.015233
0 0.529891 0.093916 0.020771 0.018001
0 0.523659 0.114689 0.022153 0.020769
0 0.642744 0.100147 0.019384 0.022155
0 0.678055 0.105687 0.029079 0.022155
0 0.799216 0.082841 0.016615 0.015233
0 0.814449 0.093916 0.022153 0.018001
0 0.793678 0.102919 0.016615 0.016615
0 0.564645 0.152768 0.017724 0.023263
0 0.529755 0.171046 0.023262 0.019941
0 0.564645 0.210925 0.019941 0.022155
0 0.446669 0.175477 0.018833 0.022155
0 0.644962 0.241941 0.016615 0.017724
0 0.641636 0.269081 0.021050 0.021046
0 0.655482 0.291790 0.022153 0.019941
0 0.677640 0.295667 0.019941 0.021046
0 0.599541 0.334441 0.016615 0.018833
0 0.557998 0.317826 0.017724 0.018833
0 0.577939 0.330010 0.015506 0.016615
0 0.385190 0.411430 0.013294 0.017724
0 0.402357 0.406445 0.018833 0.014402
0 0.412330 0.390384 0.018833 0.015510
0 0.491533 0.329455 0.019941 0.019941
0 0.257797 0.523316 0.019941 0.019941
0 0.373556 0.580364 0.018833 0.021046
0 0.790078 0.445773 0.014403 0.015510
0 0.776232 0.511128 0.015506 0.017724
0 0.795617 0.519990 0.014403 0.017724
0 0.771798 0.605845 0.017724 0.018833
0 0.790078 0.620797 0.018833 0.019941
0 0.992800 0.308964 0.014400 0.018833
0 0.973969 0.314500 0.021050 0.023263
0 0.941290 0.243050 0.019941 0.019941
0 0.943503 0.212033 0.015506 0.017724
0 0.903625 0.202063 0.017724 0.017724
0 0.927996 0.179908 0.015506 0.017724
0 0.924670 0.152214 0.017724 0.022155
0 0.901965 0.132272 0.016615 0.019941
0 0.842141 0.131164 0.014403 0.015510
0 0.837160 0.172705 0.015506 0.016615
0 0.819988 0.194864 0.016615 0.018833
0 0.799495 0.224772 0.017724 0.016615
0 0.777893 0.220895 0.016615 0.026586
0 0.786200 0.276838 0.019941 0.016615
0 0.749092 0.141134 0.018833 0.019941
0 0.766816 0.128950 0.018833 0.019941
0 0.782323 0.143352 0.021050 0.017724
0 0.992800 0.850660 0.014400 0.025477
0 0.976181 0.897187 0.018833 0.023263
0 0.966213 0.919896 0.016615 0.017724
0 0.934643 0.927649 0.017724 0.019941
0 0.926887 0.958670 0.019941 0.022155
0 0.882575 0.949804 0.019941 0.017724
0 0.784540 0.958670 0.021050 0.015510
0 0.766816 0.969191 0.016615 0.016615
0 0.448886 0.912697 0.018833 0.016615
0 0.689269 0.928204 0.018833 0.016615
0 0.738011 0.825183 0.016615 0.018833
0 0.749092 0.842907 0.016615 0.014402
0 0.648840 0.806351 0.022153 0.016615
0 0.651609 0.826288 0.014403 0.018833
0 0.582369 0.831828 0.024371 0.021046
0 0.579048 0.810227 0.017724 0.019941
0 0.914150 0.342748 0.018833 0.019941
