0 0.859375 0.099611 0.015623 0.019531
0 0.570312 0.580079 0.015623 0.019531
0 0.541015 0.008790 0.015623 0.017580
0 0.866210 0.299805 0.017577 0.017580
0 0.377932 0.493165 0.017577 0.017580
0 0.662110 0.407226 0.019531 0.013673
0 0.486330 0.558593 0.019531 0.015624
0 0.635744 0.337892 0.013674 0.015624
0 0.592774 0.724611 0.017577 0.015624
0 0.833010 0.670897 0.017577 0.017580
0 0.728515 0.576172 0.019531 0.015624
0 0.571289 0.056642 0.021485 0.023438
0 0.264648 0.681642 0.017577 0.019531
0 0.791993 0.393554 0.017577 0.017580
0 0.902346 0.050780 0.015623 0.015624
0 0.426759 0.135742 0.013674 0.017580
0 0.605471 0.104494 0.019531 0.017580
0 0.876952 0.192384 0.015623 0.017580
0 0.342773 0.938478 0.017577 0.017580
0 0.752931 0.454103 0.017577 0.017580
0 0.010743 0.613283 0.017577 0.019531
0 0.303710 0.382813 0.013674 0.015624
0 0.726561 0.323243 0.015623 0.017580
0 0.704103 0.231446 0.021485 0.017580
0 0.399412 0.797853 0.017577 0.017580
0 0.948243 0.221681 0.013674 0.013673
0 0.903318 0.538086 0.013674 0.013673
0 0.904295 0.576172 0.015623 0.015624
0 0.896483 0.630859 0.023439 0.019531
0 0.625979 0.513672 0.017577 0.015624
0 0.244140 0.038087 0.019531 0.017580
0 0.727538 0.005860 0.017577 0.011719
0 0.136719 0.383788 0.019531 0.017580
0 0.750977 0.176756 0.017577 0.017580
0 0.958985 0.171873 0.019531 0.019531
0 0.605471 0.660155 0.019531 0.015624
0 0.911134 0.385744 0.017577 0.017580
0 0.415040 0.320312 0.017577 0.015624
0 0.711915 0.143556 0.013674 0.017580
0 0.619140 0.552734 0.019531 0.015624
0 0.775389 0.162108 0.015623 0.015624
0 0.596561 0.301799 0.018751 0.026252
0 0.652810 0.240547 0.028750 0.023749
0 0.660935 0.263670 0.024999 0.019998
0 0.081563 0.660546 0.021252 0.016251
0 0.087815 0.682420 0.021252 0.019998
0 0.066563 0.673672 0.013750 0.022500
0 0.162811 0.544297 0.028750 0.021251
0 0.146560 0.563673 0.028750 0.027501
0 0.370935 0.463048 0.017501 0.018749
0 0.599062 0.531172 0.018751 0.019998
0 0.635937 0.463048 0.024999 0.016251
0 0.647186 0.438672 0.022498 0.015001
0 0.679064 0.433672 0.016251 0.019998
0 0.683438 0.534923 0.020002 0.024999
0 0.834437 0.178172 0.020999 0.019998
0 0.892439 0.070671 0.017000 0.013000
