0 0.573243 0.787109 0.017577 0.015624
0 0.457033 0.915037 0.015623 0.017580
0 0.670899 0.105468 0.021485 0.023438
0 0.690430 0.413087 0.021485 0.029297
0 0.609374 0.587891 0.015623 0.015624
0 0.933592 0.831054 0.015623 0.017580
0 0.891603 0.879882 0.013674 0.017580
0 0.715818 0.723633 0.017577 0.013673
0 0.509764 0.623046 0.019531 0.019531
0 0.639648 0.884765 0.021485 0.019531
0 0.283202 0.472656 0.031251 0.019531
0 0.625979 0.774412 0.017577 0.017580
0 0.819336 0.220703 0.033205 0.035155
0 0.848633 0.723633 0.017577 0.017580
0 0.949220 0.330079 0.015623 0.019531
0 0.685549 0.658202 0.019531 0.019531
0 0.747069 0.075195 0.017577 0.017580
0 0.735349 0.031250 0.017577 0.015624
0 0.992187 0.950196 0.015626 0.013673
0 0.669921 0.587891 0.019531 0.015624
0 0.750000 0.915037 0.015623 0.017580
0 0.782228 0.958007 0.017577 0.021483
0 0.603517 0.837892 0.019531 0.023438
0 0.765623 0.147461 0.035154 0.033204
0 0.316407 0.672850 0.015623 0.017580
0 0.759766 0.783202 0.019531 0.015624
0 0.748046 0.240234 0.019531 0.019531
0 0.642579 0.454101 0.019531 0.021483
0 0.870118 0.959962 0.017577 0.017580
0 0.833010 0.602539 0.021485 0.021483
0 0.782228 0.444335 0.041016 0.037111
0 0.674807 0.189455 0.029297 0.031248
0 0.765436 0.007281 0.019000 0.014563
0 0.758439 0.028562 0.019000 0.021999
0 0.751939 0.100562 0.018002 0.016000
0 0.759437 0.118062 0.020999 0.016999
0 0.777145 0.249210 0.022153 0.017724
0 0.786005 0.270260 0.024371 0.024372
0 0.906198 0.969815 0.016615 0.016615
0 0.808715 0.939349 0.018833 0.017724
0 0.928909 0.850175 0.015506 0.014402
0 0.545480 0.470347 0.020771 0.026309
