0 0.287109 0.009912 0.021875 0.019824
0 0.466797 0.341799 0.024609 0.027345
0 0.669922 0.460939 0.021875 0.024610
0 0.843749 0.877929 0.021875 0.028710
0 0.879882 0.454103 0.020508 0.023241
0 0.853517 0.448242 0.016407 0.025976
0 0.879882 0.371095 0.023242 0.027345
0 0.906248 0.363282 0.021875 0.021875
0 0.895507 0.336915 0.025976 0.015040
0 0.871093 0.333008 0.016407 0.020506
0 0.007129 0.371095 0.014258 0.024610
0 0.181642 0.317383 0.021875 0.023241
0 0.202147 0.360353 0.020508 0.023241
0 0.294921 0.366211 0.021875 0.023241
0 0.298827 0.410155 0.021875 0.024610
0 0.636718 0.350585 0.016407 0.023241
0 0.677735 0.314454 0.021875 0.041015
0 0.618164 0.273438 0.020508 0.021875
0 0.894530 0.007275 0.016407 0.014550
0 0.747068 0.141602 0.023242 0.023241
0 0.474609 0.033203 0.021875 0.021875
0 0.409178 0.035155 0.015041 0.021875
0 0.192383 0.062500 0.025976 0.027345
0 0.047850 0.213868 0.025976 0.025976
0 0.795649 0.039453 0.024987 0.021875
0 0.794088 0.064455 0.028111 0.018749
0 0.774568 0.091016 0.026549 0.025002
