0 0.021484 0.689454 0.021875 0.024610
0 0.047850 0.703125 0.028710 0.035546
0 0.082032 0.713867 0.016407 0.028710
0 0.067381 0.757811 0.020508 0.030080
0 0.129884 0.807617 0.023242 0.031445
0 0.320313 0.473632 0.027343 0.031445
0 0.335938 0.450197 0.016407 0.020506
0 0.470703 0.358398 0.021875 0.028710
0 0.523438 0.314454 0.016407 0.027345
0 0.563478 0.349608 0.025976 0.030080
0 0.005615 0.441407 0.011230 0.032811
0 0.673828 0.059571 0.021875 0.025976
0 0.583986 0.046874 0.021875 0.027345
0 0.474609 0.039061 0.016407 0.024610
0 0.442382 0.042968 0.023242 0.024610
