0 0.262695 0.018554 0.037108 0.037109
0 0.502931 0.125978 0.037108 0.037110
0 0.384764 0.152344 0.039063 0.039061
0 0.580078 0.357423 0.031249 0.031251
0 0.508791 0.012696 0.037108 0.025392
0 0.414062 0.345702 0.035158 0.035158
0 0.650389 0.356445 0.031249 0.037110
0 0.653319 0.583009 0.029298 0.029296
0 0.468749 0.619141 0.035158 0.035158
0 0.159181 0.268554 0.037108 0.037110
0 0.174805 0.734377 0.037108 0.035158
0 0.391603 0.661132 0.048827 0.048826
0 0.286134 0.903319 0.037108 0.037110
0 0.891600 0.400391 0.037108 0.035158
0 0.659178 0.871094 0.033203 0.035158
0 0.051757 0.412764 0.041017 0.039083
