0 0.251952 0.620117 0.023439 0.029295
0 0.070313 0.450194 0.023439 0.021484
0 0.124999 0.578124 0.023439 0.023436
0 0.480468 0.509764 0.023439 0.023436
0 0.353515 0.722655 0.023439 0.023436
0 0.328126 0.070312 0.023439 0.023436
0 0.186523 0.952147 0.021484 0.021484
0 0.516603 0.601564 0.021484 0.023436
0 0.453125 0.991211 0.023439 0.017578
0 0.462892 0.135741 0.023439 0.029295
0 0.357424 0.344728 0.023439 0.029295
0 0.253906 0.541014 0.019530 0.023436
0 0.277344 0.533204 0.023439 0.031251
0 0.161134 0.082030 0.017580 0.023436
0 0.164063 0.105470 0.019530 0.023436
0 0.141600 0.096679 0.013672 0.017577
0 0.027344 0.782228 0.023439 0.021484
0 0.039061 0.803713 0.019530 0.017577
0 0.017577 0.571289 0.015626 0.021484
0 0.039061 0.582031 0.019530 0.023436
0 0.843749 0.949220 0.019530 0.023436
0 0.822265 0.963869 0.015626 0.021484
