0 0.743165 0.747069 0.025976 0.025976
0 0.654297 0.847658 0.024609 0.024610
0 0.982420 0.824219 0.021875 0.024610
0 0.987158 0.676757 0.025684 0.025976
0 0.986330 0.960936 0.024609 0.024610
0 0.768554 0.554688 0.025976 0.024610
0 0.194337 0.986330 0.023242 0.024610
0 0.450194 0.767578 0.023242 0.024610
0 0.457033 0.644532 0.021875 0.021875
0 0.410155 0.639648 0.021875 0.023241
0 0.437498 0.553711 0.021875 0.023241
0 0.485350 0.540040 0.020508 0.023241
0 0.588866 0.458983 0.023242 0.016405
0 0.618164 0.380858 0.023242 0.021875
0 0.624025 0.317382 0.023242 0.020506
0 0.541991 0.372072 0.020508 0.023241
0 0.736327 0.382813 0.021875 0.021875
0 0.837891 0.348633 0.021875 0.023241
0 0.872069 0.327150 0.023242 0.023241
0 0.835936 0.199220 0.024609 0.021875
0 0.013672 0.612303 0.021875 0.023241
0 0.106446 0.767578 0.023242 0.024610
0 0.031251 0.802736 0.021875 0.021875
0 0.012694 0.749024 0.020508 0.023241
0 0.132812 0.627929 0.021875 0.023241
0 0.143553 0.663086 0.023242 0.020506
0 0.149414 0.704102 0.023242 0.020506
0 0.208007 0.695312 0.020508 0.024610
0 0.275390 0.671877 0.024609 0.016405
0 0.333009 0.686525 0.023242 0.023241
0 0.305665 0.682618 0.015041 0.023241
0 0.275390 0.701173 0.016407 0.021875
0 0.255859 0.719728 0.021875 0.023241
0 0.258787 0.785155 0.023242 0.021875
0 0.225587 0.796875 0.023242 0.024610
0 0.209962 0.860351 0.020508 0.023241
0 0.174806 0.856445 0.020508 0.023241
0 0.150392 0.819335 0.024609 0.020506
0 0.110353 0.856445 0.023242 0.025976
0 0.086915 0.864257 0.020508 0.023241
0 0.014649 0.854493 0.023242 0.023241
0 0.024413 0.875977 0.020508 0.015040
0 0.026368 0.903321 0.023242 0.020506
0 0.030274 0.927734 0.023242 0.027345
0 0.234377 0.929689 0.024609 0.024610
0 0.341799 0.888673 0.021875 0.027345
0 0.287108 0.832032 0.016407 0.021875
0 0.369142 0.787110 0.021875 0.024610
0 0.343750 0.764649 0.024609 0.020506
0 0.374022 0.935547 0.028710 0.021875
0 0.384767 0.908202 0.016407 0.016405
0 0.420900 0.922850 0.012307 0.023241
0 0.529295 0.956056 0.021875 0.023241
0 0.500978 0.975585 0.020508 0.020506
0 0.455078 0.968749 0.021875 0.016405
0 0.590821 0.993018 0.023242 0.013965
0 0.370116 0.441406 0.020508 0.021875
0 0.454100 0.272460 0.023242 0.023241
0 0.585937 0.139650 0.027343 0.025976
0 0.550781 0.082031 0.024609 0.030080
0 0.628905 0.041993 0.024609 0.023241
0 0.232422 0.039064 0.027343 0.027345
0 0.276367 0.071289 0.023242 0.028710
0 0.330076 0.135743 0.024609 0.023241
0 0.208985 0.134766 0.030077 0.024610
0 0.153321 0.107421 0.020508 0.021875
0 0.049805 0.153320 0.020508 0.023241
0 0.113281 0.170897 0.021875 0.023241
0 0.170900 0.222658 0.020508 0.021875
0 0.215819 0.239257 0.023242 0.020506
0 0.236328 0.201171 0.021875 0.021875
0 0.263671 0.315431 0.021875 0.025976
0 0.328125 0.291015 0.021875 0.021875
0 0.375977 0.248048 0.023242 0.021875
0 0.419922 0.197265 0.024609 0.021875
0 0.275390 0.434571 0.027343 0.025976
0 0.250975 0.397462 0.020508 0.025976
0 0.178713 0.392578 0.020508 0.021875
0 0.185548 0.443361 0.021875 0.021875
0 0.229493 0.469728 0.020508 0.020506
0 0.305665 0.481444 0.023242 0.023241
0 0.170900 0.499998 0.023242 0.021875
0 0.120116 0.541991 0.023242 0.020506
0 0.041015 0.432616 0.021875 0.020506
0 0.006592 0.390626 0.013185 0.024610
0 0.061523 0.376952 0.023242 0.021875
0 0.129880 0.383126 0.022490 0.021250
0 0.136753 0.414999 0.021238 0.022500
0 0.089901 0.493749 0.022490 0.019999
0 0.114263 0.479374 0.018741 0.018749
0 0.059916 0.501874 0.022490 0.021250
0 0.051168 0.469376 0.032483 0.026249
0 0.328530 0.405627 0.019989 0.021250
0 0.303542 0.364374 0.024987 0.016251
0 0.381002 0.401249 0.027485 0.027499
0 0.388497 0.369376 0.027485 0.023751
0 0.252315 0.061874 0.024987 0.021250
0 0.351642 0.110626 0.026236 0.023751
0 0.087400 0.373125 0.024987 0.026249
0 0.151744 0.529374 0.018741 0.021250
0 0.156742 0.554375 0.021238 0.016251
0 0.173608 0.578748 0.027485 0.022500
0 0.341023 0.836877 0.029986 0.021250
0 0.456586 0.887502 0.026236 0.017502
0 0.079279 0.961249 0.028737 0.025002
0 0.303027 0.419506 0.023475 0.022181
0 0.328457 0.345783 0.022169 0.020876
0 0.312806 0.814222 0.024781 0.026098
0 0.447139 0.912087 0.024781 0.023489
0 0.488217 0.906214 0.026083 0.022181
0 0.496698 0.877507 0.029997 0.019572
