0 0.321290 0.747069 0.025976 0.025976
0 0.232422 0.847658 0.024609 0.024610
0 0.560545 0.824219 0.021875 0.024610
0 0.646485 0.888673 0.024609 0.024610
0 0.725586 0.630858 0.025976 0.024610
0 0.565429 0.676757 0.025976 0.025976
0 0.564455 0.960936 0.024609 0.024610
0 0.840820 0.411132 0.023242 0.025976
0 0.895507 0.479492 0.025976 0.023241
0 0.346679 0.554688 0.025976 0.024610
0 0.028319 0.767578 0.023242 0.024610
0 0.035158 0.644532 0.021875 0.021875
0 0.015623 0.553711 0.021875 0.023241
0 0.063475 0.540040 0.020508 0.023241
0 0.166991 0.458983 0.023242 0.016405
0 0.196289 0.380858 0.023242 0.021875
0 0.202150 0.317382 0.023242 0.020506
0 0.120116 0.372072 0.020508 0.023241
0 0.314452 0.382813 0.021875 0.021875
0 0.416016 0.348633 0.021875 0.023241
0 0.450194 0.327150 0.023242 0.023241
0 0.414061 0.199220 0.024609 0.021875
0 0.107420 0.956056 0.021875 0.023241
0 0.079103 0.975585 0.020508 0.020506
0 0.033203 0.968749 0.021875 0.016405
0 0.168946 0.993018 0.023242 0.013965
0 0.032225 0.272460 0.023242 0.023241
0 0.164062 0.139650 0.027343 0.025976
0 0.128906 0.082031 0.024609 0.030080
0 0.207030 0.041993 0.024609 0.023241
0 0.918012 0.397656 0.031234 0.029688
0 0.034711 0.887502 0.026236 0.017502
0 0.025264 0.912087 0.024781 0.023489
0 0.066342 0.906214 0.026083 0.022181
0 0.074823 0.877507 0.029997 0.019572
