0 0.945313 0.597656 0.035158 0.035158
0 0.851564 0.573241 0.031249 0.033203
0 0.892577 0.633788 0.035158 0.037110
0 0.908201 0.940430 0.035158 0.033203
0 0.905275 0.350587 0.033203 0.033203
0 0.991212 0.351561 0.017576 0.035158
0 0.989258 0.135744 0.021483 0.033203
0 0.777343 0.543945 0.035158 0.033203
0 0.796877 0.141602 0.031249 0.033203
0 0.406249 0.415037 0.035158 0.033203
0 0.553711 0.713866 0.037108 0.037110
0 0.550781 0.476562 0.035158 0.035158
0 0.941404 0.219728 0.031249 0.029296
0 0.937499 0.178712 0.031249 0.029296
