0 0.200195 0.719725 0.029297 0.029295
0 0.186523 0.153319 0.021484 0.021484
0 0.969727 0.497071 0.029297 0.029295
0 0.263673 0.821287 0.023439 0.029295
0 0.453125 0.195312 0.023439 0.023436
0 0.582031 0.683595 0.023439 0.023436
0 0.762695 0.444337 0.037110 0.029295
0 0.063475 0.412110 0.021484 0.019532
0 0.040040 0.411134 0.021484 0.017577
0 0.039061 0.006837 0.019530 0.013673
0 0.843749 0.150391 0.019530 0.023436
0 0.822265 0.165041 0.015626 0.021484
0 0.028319 0.434570 0.021484 0.021484
0 0.052733 0.434570 0.011717 0.021484
