0 0.950194 0.416016 0.021484 0.023436
0 0.614259 0.138672 0.029297 0.023436
0 0.944335 0.815431 0.021484 0.021484
0 0.930663 0.582031 0.029297 0.023436
0 0.902345 0.168947 0.019530 0.013673
0 0.888673 0.188475 0.011717 0.017577
0 0.900391 0.310546 0.015626 0.019532
0 0.875002 0.315429 0.019530 0.021484
0 0.314452 0.240234 0.031252 0.015625
0 0.323244 0.265626 0.029297 0.023436
0 0.288088 0.263670 0.021484 0.023436
0 0.285158 0.239258 0.023439 0.017577
0 0.902345 0.014649 0.015626 0.017577
0 0.926759 0.013673 0.021484 0.019532
0 0.925780 0.037110 0.023439 0.023436
0 0.904295 0.036134 0.015626 0.021484
