0 0.265626 0.767577 0.031248 0.035158
0 0.374023 0.801757 0.029297 0.033202
0 0.578124 0.700195 0.031248 0.033202
0 0.851564 0.988282 0.031248 0.023437
0 0.741211 0.637696 0.029297 0.033202
0 0.019532 0.922851 0.031248 0.037110
0 0.355468 0.645508 0.023438 0.029297
0 0.138674 0.508789 0.023438 0.029297
0 0.106446 0.290038 0.029297 0.029297
0 0.110353 0.152345 0.033204 0.031250
0 0.053711 0.009766 0.029297 0.019532
0 0.605469 0.372070 0.023438 0.029297
0 0.803712 0.884767 0.029297 0.031250
0 0.269533 0.810547 0.015624 0.011720
