0 0.268555 0.923826 0.033203 0.039061
0 0.395508 0.947267 0.033203 0.039061
0 0.149412 0.866212 0.037108 0.041016
0 0.193359 0.782228 0.039063 0.037110
0 0.889650 0.050780 0.037108 0.035158
0 0.723634 0.048828 0.029298 0.031251
0 0.092774 0.659179 0.033203 0.033203
0 0.755858 0.306640 0.031249 0.031251
0 0.028320 0.097655 0.056640 0.085936
0 0.875001 0.388673 0.035158 0.035158
0 0.485352 0.059571 0.033203 0.033203
0 0.610351 0.609375 0.029298 0.035158
0 0.524415 0.322267 0.033203 0.035158
0 0.497072 0.327148 0.017579 0.033203
