0 0.244140 0.665039 0.035158 0.037110
0 0.261719 0.722657 0.035158 0.035158
0 0.209962 0.582032 0.037108 0.035158
0 0.237305 0.802734 0.041017 0.035158
0 0.690430 0.790040 0.033203 0.033203
0 0.681640 0.989257 0.035158 0.021487
0 0.326171 0.642579 0.035158 0.035158
0 0.244140 0.847658 0.035158 0.035158
0 0.146485 0.597656 0.035158 0.035158
0 0.220702 0.619142 0.035158 0.035158
0 0.631838 0.931642 0.033203 0.035158
0 0.682616 0.894532 0.033203 0.035158
0 0.575196 0.896484 0.037108 0.035158
0 0.495116 0.963867 0.033203 0.037110
0 0.205077 0.744139 0.035158 0.035158
0 0.382812 0.988282 0.035158 0.023437
0 0.348634 0.540038 0.033203 0.033203
0 0.449219 0.774412 0.031249 0.033203
0 0.052735 0.573241 0.031249 0.033203
0 0.742187 0.766602 0.031249 0.033203
0 0.093749 0.633788 0.035158 0.037110
0 0.457033 0.515623 0.035158 0.035158
0 0.291017 0.559569 0.035158 0.037110
0 0.218751 0.948243 0.035158 0.033203
0 0.333010 0.903320 0.033203 0.033203
0 0.426759 0.808593 0.037108 0.035158
0 0.409180 0.736329 0.037108 0.035158
0 0.363283 0.655274 0.035158 0.037110
0 0.575196 0.747072 0.033203 0.033203
0 0.109373 0.940430 0.035158 0.033203
0 0.106447 0.350587 0.033203 0.033203
0 0.939451 0.905272 0.031249 0.033203
0 0.812498 0.982421 0.035158 0.035157
0 0.473632 0.420900 0.033203 0.033203
0 0.200197 0.351561 0.033203 0.035158
0 0.667971 0.516601 0.035158 0.033203
0 0.197267 0.135744 0.035158 0.033203
0 0.887694 0.875976 0.033203 0.021486
0 0.897463 0.905272 0.033203 0.029296
0 0.729493 0.942381 0.037108 0.029296
0 0.741212 0.972655 0.037108 0.031251
0 0.573242 0.983398 0.033203 0.029296
0 0.568361 0.948243 0.023438 0.029296
0 0.536133 0.947266 0.021484 0.035158
0 0.317381 0.761718 0.029298 0.031251
0 0.347655 0.786133 0.031249 0.033203
0 0.512695 0.652345 0.021484 0.023437
0 0.543944 0.660155 0.021484 0.015624
0 0.561522 0.699219 0.033203 0.035158
0 0.709959 0.693361 0.029298 0.019531
0 0.720703 0.721679 0.031249 0.029296
0 0.653322 0.631836 0.033203 0.033203
0 0.499025 0.545897 0.041017 0.033203
0 0.517579 0.578125 0.031249 0.019531
0 0.548828 0.604492 0.035158 0.029296
0 0.586915 0.559569 0.029298 0.033203
0 0.546873 0.552733 0.031249 0.023437
0 0.142576 0.219728 0.031249 0.029296
0 0.138671 0.178712 0.031249 0.029296
0 0.659181 0.666991 0.029298 0.021486
