0 0.714842 0.177734 0.019531 0.019531
0 0.693362 0.112306 0.019531 0.021483
0 0.226564 0.423828 0.019531 0.019531
0 0.877930 0.301758 0.017577 0.021483
0 0.323243 0.437501 0.017577 0.019531
0 0.541993 0.102540 0.033205 0.021483
0 0.647460 0.436525 0.017577 0.017580
0 0.953124 0.199220 0.019531 0.019531
0 0.386721 0.623046 0.019531 0.019531
0 0.768555 0.351562 0.029297 0.023438
0 0.833983 0.206054 0.023439 0.029297
0 0.603518 0.339845 0.019531 0.019531
0 0.709962 0.288086 0.021485 0.021483
0 0.198244 0.630860 0.017577 0.019531
0 0.945312 0.466797 0.019531 0.019531
0 0.872068 0.119140 0.017577 0.019531
0 0.665037 0.819337 0.021485 0.021483
0 0.470703 0.077147 0.019531 0.017580
0 0.588867 0.970703 0.017577 0.019531
0 0.210936 0.497070 0.019531 0.021483
0 0.324220 0.516601 0.019531 0.029297
0 0.812498 0.153320 0.019531 0.017580
0 0.017579 0.535156 0.035154 0.031248
0 0.122069 0.703126 0.017577 0.019531
0 0.759767 0.582032 0.019531 0.019531
0 0.009767 0.952148 0.019531 0.021483
0 0.132811 0.994141 0.019531 0.011717
0 0.166993 0.908203 0.017577 0.019531
0 0.156251 0.853517 0.019531 0.019531
0 0.124023 0.855468 0.021485 0.019531
0 0.031248 0.829103 0.019531 0.017580
0 0.004884 0.366210 0.009767 0.017580
0 0.044921 0.681640 0.019531 0.019531
0 0.179685 0.751954 0.019531 0.019531
0 0.204102 0.773437 0.017577 0.019531
0 0.263672 0.855468 0.019531 0.019531
0 0.306643 0.938475 0.019531 0.021483
0 0.340820 0.975586 0.017577 0.017580
0 0.371093 0.976562 0.031251 0.023438
0 0.457029 0.945314 0.019531 0.019531
0 0.406252 0.797851 0.023439 0.033204
0 0.435549 0.795899 0.019531 0.021483
0 0.639649 0.976562 0.029297 0.019531
0 0.710939 0.936524 0.019531 0.017580
0 0.728516 0.822264 0.019531 0.019531
0 0.706054 0.735350 0.017577 0.021483
0 0.931639 0.933593 0.019531 0.019531
0 0.896485 0.765626 0.019531 0.019531
0 0.964843 0.749999 0.019531 0.019531
0 0.468749 0.333007 0.019531 0.021483
0 0.490234 0.196289 0.019531 0.021483
0 0.380859 0.388673 0.019531 0.019531
0 0.397459 0.550780 0.017577 0.019531
0 0.753904 0.056640 0.019531 0.019531
0 0.533205 0.412111 0.019531 0.019531
0 0.603518 0.480470 0.019531 0.019531
0 0.451172 0.484377 0.019531 0.019531
0 0.419921 0.476563 0.019531 0.019531
0 0.733396 0.538087 0.021485 0.021483
0 0.773435 0.487304 0.019531 0.017580
0 0.641603 0.288086 0.017577 0.017580
0 0.821291 0.681640 0.017577 0.019531
0 0.770509 0.687498 0.021485 0.015624
0 0.774412 0.706054 0.021485 0.021483
0 0.310546 0.562501 0.011720 0.019531
0 0.968752 0.561522 0.019531 0.017580
0 0.982420 0.579101 0.023439 0.017580
0 0.817383 0.237307 0.021485 0.021483
0 0.803709 0.212889 0.021485 0.015624
0 0.791018 0.294920 0.019531 0.019531
0 0.647460 0.336914 0.017577 0.017580
0 0.412110 0.498046 0.015623 0.019531
0 0.471680 0.465821 0.013674 0.013673
0 0.490234 0.449218 0.019531 0.019531
0 0.566404 0.440428 0.023439 0.037111
0 0.571290 0.472656 0.017577 0.011717
0 0.777313 0.670762 0.023895 0.015932
0 0.778640 0.273813 0.031863 0.013278
