0 0.742186 0.485351 0.015623 0.021483
0 0.436522 0.471679 0.017577 0.017580
0 0.635742 0.214843 0.017577 0.019531
0 0.188475 0.517579 0.017577 0.019531
0 0.582034 0.165039 0.019531 0.017580
0 0.328124 0.415041 0.015623 0.017580
0 0.481447 0.274416 0.017577 0.017580
0 0.790042 0.533203 0.021485 0.023438
0 0.269530 0.972657 0.019531 0.019531
0 0.427734 0.323244 0.015623 0.017580
0 0.437499 0.961916 0.019531 0.017580
0 0.167967 0.325195 0.015623 0.017580
0 0.756837 0.406251 0.017577 0.015624
0 0.465819 0.529296 0.017577 0.015624
0 0.940428 0.992187 0.017577 0.015626
0 0.666015 0.478517 0.015623 0.019531
0 0.689455 0.168946 0.015623 0.017580
0 0.754882 0.806639 0.017577 0.019531
0 0.810545 0.707032 0.019531 0.019531
0 0.328124 0.038087 0.015623 0.017580
0 0.569337 0.288084 0.017577 0.017580
0 0.363283 0.642580 0.019531 0.015624
0 0.596679 0.715821 0.021485 0.017580
0 0.241211 0.658204 0.017577 0.019531
0 0.278319 0.170898 0.017577 0.021483
0 0.193360 0.768556 0.015623 0.017580
0 0.408202 0.292967 0.015623 0.015624
0 0.163086 0.903319 0.017577 0.017580
0 0.364260 0.253905 0.017577 0.015624
0 0.543943 0.639649 0.017577 0.017580
0 0.021483 0.411134 0.019531 0.021483
0 0.163086 0.833008 0.013674 0.017580
0 0.074219 0.678711 0.015623 0.017580
0 0.589845 0.514648 0.015623 0.013673
0 0.623045 0.460937 0.019531 0.019531
0 0.520509 0.404295 0.017577 0.015624
0 0.082031 0.830077 0.015623 0.015624
0 0.679689 0.521486 0.019531 0.015624
0 0.635742 0.630859 0.017577 0.015624
0 0.165040 0.225584 0.017577 0.017580
0 0.874023 0.397461 0.017577 0.017580
0 0.006836 0.597655 0.013672 0.019531
0 0.164063 0.286133 0.015623 0.017580
0 0.994142 0.670897 0.011716 0.017580
0 0.847658 0.551758 0.015623 0.013673
0 0.490235 0.346678 0.015623 0.017580
0 0.481447 0.427734 0.017577 0.015624
0 0.315432 0.747070 0.017577 0.017580
0 0.235353 0.301757 0.017577 0.021483
0 0.161132 0.679687 0.013674 0.015624
0 0.313478 0.258788 0.017577 0.017580
0 0.396483 0.361330 0.015623 0.015624
0 0.209960 0.891602 0.017577 0.017580
0 0.865235 0.106446 0.015623 0.017580
0 0.359375 0.891602 0.015623 0.017580
0 0.866212 0.350585 0.017577 0.017580
0 0.561525 0.985350 0.017577 0.017580
0 0.287107 0.538086 0.015623 0.017580
0 0.898440 0.600586 0.015623 0.017580
0 0.291993 0.475586 0.017577 0.017580
0 0.082031 0.613283 0.015623 0.015624
0 0.882812 0.532227 0.019531 0.017580
0 0.316404 0.083983 0.015623 0.015624
0 0.244142 0.219726 0.019531 0.017580
0 0.039060 0.218750 0.015623 0.015624
0 0.106447 0.095704 0.017577 0.019531
0 0.631838 0.669921 0.017577 0.015624
0 0.888674 0.993164 0.015623 0.013672
0 0.281250 0.257812 0.019531 0.019531
0 0.277342 0.192384 0.015623 0.017580
0 0.458007 0.583983 0.017577 0.019531
0 0.976564 0.625000 0.019531 0.023438
0 0.117190 0.236329 0.015623 0.019531
0 0.611330 0.380861 0.015623 0.015624
0 0.881835 0.469727 0.013674 0.017580
0 0.647461 0.040038 0.017577 0.017580
0 0.647461 0.926757 0.017577 0.017580
0 0.265627 0.130860 0.015623 0.019531
0 0.678712 0.581055 0.017577 0.017580
0 0.713866 0.344726 0.017577 0.017580
0 0.120116 0.665038 0.017577 0.017580
0 0.679689 0.042970 0.019531 0.019531
0 0.453127 0.770508 0.015623 0.017580
0 0.578125 0.242188 0.019531 0.019531
0 0.153321 0.861329 0.017577 0.015624
0 0.461916 0.696290 0.021485 0.017580
0 0.740237 0.545900 0.015623 0.021483
0 0.897463 0.395509 0.017577 0.017580
0 0.967776 0.609376 0.017577 0.019531
0 0.966799 0.223633 0.015623 0.017580
0 0.589845 0.561524 0.015623 0.017580
0 0.862304 0.476561 0.009766 0.011717
0 0.058591 0.701173 0.015623 0.011717
0 0.971679 0.441406 0.017577 0.007814
0 0.215822 0.575197 0.013674 0.017580
0 0.183594 0.040038 0.019531 0.021483
0 0.191406 0.060545 0.019531 0.015624
0 0.989256 0.458006 0.013674 0.013673
0 0.378906 0.556641 0.019531 0.011717
0 0.364260 0.577148 0.013674 0.013673
0 0.535155 0.497072 0.019531 0.021483
0 0.263283 0.489061 0.021875 0.026563
0 0.556250 0.485158 0.020311 0.021874
0 0.726563 0.514845 0.014064 0.021874
0 0.873436 0.689061 0.017187 0.029688
0 0.853125 0.697657 0.017187 0.021874
0 0.371094 0.610937 0.024999 0.020313
0 0.369530 0.339061 0.028127 0.023438
0 0.846093 0.381248 0.024999 0.026563
0 0.512500 0.568750 0.026563 0.023438
