0 0.188475 0.309569 0.017577 0.017580
0 0.277342 0.185548 0.019531 0.019531
0 0.272462 0.281252 0.017577 0.015624
0 0.674804 0.212889 0.017577 0.023438
0 0.584960 0.675781 0.029297 0.019531
0 0.880858 0.020509 0.019531 0.021483
0 0.117190 0.594725 0.031251 0.017580
0 0.589845 0.580077 0.023439 0.023438
0 0.428711 0.161134 0.021485 0.017580
0 0.952148 0.090819 0.029297 0.021483
0 0.090819 0.008789 0.017577 0.017578
0 0.551760 0.778319 0.029297 0.029297
0 0.293947 0.437501 0.021485 0.019531
0 0.971679 0.034181 0.017577 0.017580
0 0.716797 0.023436 0.019531 0.019531
0 0.583006 0.507811 0.017577 0.015624
0 0.109373 0.863282 0.031251 0.019531
0 0.519532 0.518556 0.019531 0.017580
0 0.464062 0.367186 0.029687 0.034373
0 0.491405 0.389842 0.031251 0.032813
0 0.567970 0.522657 0.018751 0.017188
