0 0.446290 0.962892 0.021485 0.019531
0 0.119141 0.189453 0.019531 0.019531
0 0.442382 0.213867 0.017577 0.017580
0 0.087890 0.728514 0.015623 0.019531
0 0.125975 0.093749 0.017577 0.019531
0 0.375977 0.221681 0.017577 0.013673
0 0.594727 0.922853 0.017577 0.021483
0 0.979493 0.399412 0.017577 0.017580
0 0.634767 0.125977 0.023439 0.029297
0 0.523437 0.506837 0.019531 0.017580
0 0.429690 0.119142 0.015623 0.015624
0 0.592773 0.987305 0.017577 0.021483
0 0.307618 0.254884 0.021485 0.029297
0 0.608396 0.833984 0.029297 0.019531
0 0.529295 0.342774 0.015623 0.017580
0 0.623047 0.435547 0.015623 0.015624
0 0.414062 0.858398 0.019531 0.017580
0 0.911134 0.609376 0.017577 0.019531
0 0.546877 0.060545 0.019531 0.015624
0 0.041993 0.376954 0.017577 0.019531
0 0.784181 0.929688 0.017577 0.019531
0 0.461913 0.398437 0.017577 0.019531
0 0.337892 0.239256 0.019531 0.021483
0 0.659178 0.657228 0.017577 0.017580
0 0.252928 0.336916 0.013674 0.013673
0 0.042971 0.027345 0.019531 0.019531
0 0.224608 0.009766 0.019531 0.015624
0 0.832032 0.640624 0.019531 0.023438
0 0.183592 0.267577 0.015623 0.015624
0 0.424805 0.330078 0.017577 0.019531
0 0.587893 0.385744 0.019531 0.017580
0 0.234373 0.121094 0.015623 0.015624
0 0.515626 0.174805 0.015623 0.017580
0 0.725588 0.705080 0.017577 0.019531
0 0.505860 0.451171 0.015623 0.015624
0 0.516603 0.201170 0.017577 0.015624
0 0.634767 0.937502 0.019531 0.015624
0 0.486329 0.392578 0.015623 0.015624
0 0.241213 0.515623 0.017577 0.019531
0 0.423827 0.819335 0.019531 0.017580
0 0.597658 0.778322 0.019531 0.021483
0 0.208008 0.992187 0.013674 0.015626
0 0.229493 0.982423 0.017577 0.023438
0 0.673500 0.299171 0.026998 0.024000
0 0.670002 0.323171 0.035999 0.024000
0 0.521999 0.013586 0.034000 0.027173
0 0.551499 0.016672 0.019000 0.016999
0 0.013502 0.106172 0.026998 0.029999
0 0.005999 0.330670 0.011998 0.024999
0 0.710000 0.938170 0.024001 0.026001
