0 0.785156 0.725587 0.019531 0.017580
0 0.596679 0.846681 0.017577 0.029297
0 0.912108 0.245119 0.015623 0.017580
0 0.193360 0.448244 0.019531 0.021483
0 0.072265 0.718749 0.019531 0.019531
0 0.826173 0.168946 0.019531 0.021483
0 0.978513 0.161132 0.019531 0.021483
0 0.625976 0.064452 0.021485 0.023438
0 0.464842 0.365233 0.023439 0.031248
0 0.624022 0.520506 0.021485 0.021483
0 0.355466 0.681642 0.042971 0.031248
0 0.131835 0.411133 0.017577 0.017580
0 0.439453 0.979491 0.023439 0.021483
0 0.430665 0.741211 0.017577 0.017580
0 0.977541 0.587889 0.009766 0.011717
0 0.753905 0.975584 0.015623 0.017580
0 0.331055 0.942385 0.021485 0.025390
0 0.746094 0.992188 0.023439 0.015624
