0 0.319334 0.562501 0.021485 0.019531
0 0.319334 0.777344 0.021485 0.019531
0 0.029299 0.933593 0.019531 0.015624
0 0.334962 0.326172 0.029297 0.023438
0 0.405275 0.777344 0.017577 0.015624
0 0.071287 0.555663 0.013674 0.013673
0 0.276369 0.463866 0.029297 0.033204
0 0.193359 0.189455 0.015623 0.015624
0 0.635740 0.522459 0.021485 0.033204
0 0.269529 0.263672 0.035154 0.031248
0 0.018556 0.025392 0.021485 0.015624
0 0.130857 0.083009 0.015623 0.017580
0 0.042967 0.106443 0.019531 0.017580
0 0.319334 0.458983 0.013674 0.019531
0 0.804686 0.900389 0.019531 0.019531
0 0.069338 0.121096 0.021485 0.019531
0 0.157228 0.160158 0.013674 0.015624
0 0.294923 0.188475 0.015623 0.021483
0 0.193359 0.220703 0.019531 0.019531
0 0.095703 0.152344 0.019531 0.019531
