0 0.994141 0.884767 0.011717 0.015624
0 0.027344 0.967774 0.019531 0.021483
0 0.874999 0.782228 0.019531 0.017580
0 0.179685 0.959960 0.019531 0.021483
0 0.800783 0.762693 0.015623 0.017580
0 0.750978 0.575196 0.017577 0.017580
0 0.455080 0.933595 0.019531 0.019531
0 0.222656 0.481444 0.019531 0.017580
0 0.915039 0.848632 0.029297 0.029297
0 0.280272 0.834959 0.017577 0.017580
0 0.836914 0.544924 0.017577 0.015624
0 0.902342 0.947267 0.015623 0.015624
0 0.873045 0.644531 0.015623 0.019531
0 0.298826 0.390626 0.019531 0.023438
0 0.708008 0.219725 0.021485 0.021483
0 0.620118 0.155273 0.017577 0.017580
0 0.291992 0.967774 0.021485 0.033204
0 0.933593 0.633790 0.019531 0.017580
0 0.792967 0.588869 0.015623 0.017580
0 0.975586 0.033204 0.029297 0.015624
0 0.658203 0.514647 0.015623 0.017580
0 0.792891 0.391875 0.021252 0.026252
