0 0.702146 0.523438 0.033205 0.031248
0 0.596679 0.047852 0.017577 0.029297
0 0.425779 0.244139 0.019531 0.019531
0 0.284181 0.520506 0.017577 0.017580
0 0.422853 0.647463 0.017577 0.017580
0 0.312501 0.267578 0.019531 0.019531
0 0.594725 0.714842 0.021485 0.019531
0 0.879881 0.992187 0.033205 0.015626
0 0.116213 0.656248 0.037108 0.031248
0 0.439453 0.180663 0.023439 0.021483
0 0.055665 0.352540 0.017577 0.017580
0 0.841795 0.209960 0.019531 0.021483
0 0.330078 0.763673 0.042971 0.039062
0 0.992188 0.874022 0.015624 0.017580
0 0.250976 0.882812 0.021485 0.015624
0 0.107424 0.758791 0.015623 0.017580
0 0.163086 0.401368 0.017577 0.013673
0 0.303712 0.953126 0.029297 0.023438
0 0.169921 0.693359 0.019531 0.019531
0 0.412111 0.762694 0.031251 0.021483
0 0.340821 0.805663 0.021485 0.021483
0 0.881835 0.792970 0.029297 0.031248
0 0.876955 0.458986 0.019531 0.019531
0 0.753905 0.176756 0.015623 0.017580
0 0.862304 0.232422 0.017577 0.019531
0 0.439843 0.815626 0.028127 0.026563
0 0.788280 0.705467 0.021875 0.024999
0 0.331055 0.143556 0.021485 0.025390
0 0.746094 0.197267 0.023439 0.023438
