0 0.089843 0.420899 0.015623 0.013673
0 0.378907 0.336916 0.019531 0.017580
0 0.851562 0.294922 0.019531 0.019531
0 0.217772 0.835939 0.021485 0.019531
0 0.682616 0.182618 0.017577 0.017580
0 0.281251 0.655272 0.019531 0.021483
0 0.020507 0.179687 0.013674 0.015624
0 0.054689 0.458985 0.019531 0.015624
0 0.844728 0.429689 0.021485 0.019531
0 0.080078 0.816408 0.015623 0.015624
0 0.971680 0.974608 0.033205 0.035155
0 0.161133 0.747069 0.017577 0.017580
0 0.118163 0.650390 0.017577 0.019531
0 0.102540 0.281250 0.017577 0.019531
0 0.552733 0.253905 0.015623 0.019531
0 0.283205 0.979491 0.019531 0.017580
0 0.796877 0.271484 0.023439 0.023438
0 0.242189 0.995116 0.019531 0.009767
0 0.140625 0.971681 0.015623 0.013673
0 0.260743 0.919922 0.017577 0.015624
0 0.311525 0.604493 0.021485 0.017580
0 0.321291 0.713866 0.017577 0.017580
0 0.343748 0.205077 0.015623 0.019531
0 0.800780 0.057618 0.019531 0.021483
0 0.267577 0.761718 0.019531 0.019531
0 0.575195 0.465820 0.021485 0.017580
0 0.729490 0.933595 0.017577 0.019531
0 0.026370 0.968750 0.017577 0.019531
0 0.211915 0.638672 0.017577 0.015624
0 0.184573 0.883787 0.017577 0.017580
0 0.392581 0.209960 0.015623 0.017580
0 0.784180 0.835939 0.017577 0.019531
0 0.633789 0.467775 0.021485 0.017580
0 0.497071 0.917970 0.017577 0.019531
0 0.229492 0.331053 0.017577 0.017580
0 0.007813 0.279298 0.015627 0.019531
0 0.250000 0.047852 0.015623 0.013673
0 0.075197 0.725587 0.017577 0.013673
0 0.707033 0.605469 0.019531 0.015624
0 0.094728 0.514647 0.017577 0.017580
0 0.801757 0.936522 0.017577 0.017580
0 0.827151 0.957033 0.021485 0.023438
0 0.713867 0.014648 0.017577 0.017580
0 0.188476 0.073242 0.021485 0.021483
0 0.172853 0.007814 0.021485 0.015624
0 0.965823 0.013673 0.029297 0.019531
0 0.111328 0.881836 0.019531 0.017580
0 0.316405 0.081056 0.023439 0.017580
0 0.234377 0.059569 0.011720 0.009766
0 0.069335 0.854491 0.013674 0.017580
0 0.080078 0.632814 0.019531 0.015624
0 0.075197 0.655272 0.013674 0.017580
0 0.033984 0.708596 0.021875 0.020313
0 0.313671 0.401876 0.022498 0.023749
0 0.346173 0.410002 0.027499 0.022500
0 0.345545 0.440001 0.018752 0.024999
0 0.098044 0.245001 0.021252 0.017500
0 0.077420 0.235000 0.020002 0.019998
0 0.986797 0.778124 0.018752 0.023749
