0 0.945315 0.823244 0.031251 0.033204
0 0.083009 0.800782 0.017577 0.019531
0 0.061524 0.420897 0.017577 0.017580
0 0.589841 0.348635 0.019531 0.021483
0 0.194333 0.458983 0.017577 0.015624
0 0.037107 0.885741 0.019531 0.021483
0 0.508791 0.632812 0.029297 0.019531
0 0.043947 0.725585 0.021485 0.021483
0 0.491209 0.045898 0.021485 0.017580
0 0.501951 0.902344 0.023439 0.019531
0 0.677736 0.223634 0.015623 0.017580
0 0.830077 0.203123 0.019531 0.019531
0 0.285155 0.102540 0.019531 0.017580
0 0.152345 0.339845 0.019531 0.023438
0 0.352537 0.448242 0.017577 0.017580
0 0.693359 0.479494 0.023439 0.021483
0 0.987303 0.624022 0.017577 0.021483
0 0.673828 0.323241 0.019531 0.017580
0 0.317383 0.085937 0.021485 0.019531
0 0.064455 0.589843 0.011720 0.007814
0 0.979492 0.721681 0.021485 0.021483
0 0.200196 0.570311 0.017577 0.019531
0 0.149414 0.605471 0.017577 0.015624
0 0.286132 0.041016 0.021485 0.023438
0 0.981446 0.550780 0.013674 0.015624
0 0.492186 0.577150 0.019531 0.017580
0 0.615625 0.013439 0.033752 0.021251
0 0.363127 0.810312 0.023748 0.029999
0 0.381874 0.823438 0.023748 0.026252
0 0.918124 0.562813 0.021252 0.019998
0 0.968127 0.567813 0.016251 0.017500
0 0.868127 0.412187 0.028750 0.021251
0 0.893126 0.433438 0.031251 0.028750
