0 0.980467 0.033204 0.019531 0.019531
0 0.075196 0.106446 0.029297 0.021483
0 0.126955 0.147460 0.019531 0.021483
0 0.039060 0.852540 0.023439 0.021483
0 0.351563 0.316406 0.019531 0.019531
0 0.816407 0.935547 0.035154 0.031248
0 0.122070 0.943361 0.017577 0.019531
0 0.798830 0.766601 0.019531 0.017580
0 0.681638 0.687501 0.019531 0.019531
0 0.464842 0.669921 0.019531 0.019531
0 0.277342 0.684570 0.019531 0.021483
0 0.043945 0.760742 0.021485 0.017580
0 0.068362 0.906250 0.019531 0.019531
0 0.038088 0.938478 0.029297 0.033204
0 0.084962 0.947264 0.017577 0.019531
0 0.148435 0.972657 0.019531 0.019531
0 0.173829 0.982423 0.019531 0.031248
0 0.240234 0.929688 0.019531 0.019531
0 0.256834 0.952147 0.017577 0.021483
0 0.403322 0.877929 0.021485 0.017580
0 0.421876 0.993165 0.019531 0.013670
0 0.490235 0.990233 0.019531 0.019531
0 0.653319 0.970702 0.017577 0.019531
0 0.776368 0.927733 0.017577 0.019531
0 0.012695 0.486327 0.017577 0.023438
0 0.236331 0.366209 0.019531 0.017580
0 0.283204 0.249998 0.019531 0.019531
0 0.365232 0.171874 0.019531 0.019531
0 0.404299 0.170898 0.031251 0.029297
0 0.795899 0.052735 0.017577 0.015624
0 0.722655 0.362306 0.023439 0.021483
0 0.929686 0.132811 0.019531 0.019531
0 0.033203 0.462889 0.023439 0.023438
0 0.323183 0.448681 0.031529 0.031529
0 0.280040 0.526677 0.034850 0.031529
0 0.285017 0.604672 0.038166 0.038166
0 0.132347 0.485192 0.031529 0.034848
0 0.428711 0.790039 0.017577 0.021483
