0 0.252928 0.453127 0.033205 0.023438
0 0.042971 0.250977 0.023439 0.021483
0 0.660155 0.202149 0.031251 0.021483
0 0.333006 0.110352 0.021485 0.017580
0 0.360354 0.190428 0.017577 0.017580
0 0.230470 0.208984 0.015623 0.015624
0 0.228516 0.302736 0.019531 0.015624
0 0.668944 0.057618 0.017577 0.029297
0 0.945311 0.308595 0.019531 0.019531
0 0.993163 0.151366 0.013673 0.017580
0 0.770507 0.053711 0.017577 0.013673
0 0.320314 0.167970 0.019531 0.019531
0 0.032228 0.679686 0.017577 0.015624
0 0.745119 0.105470 0.017577 0.019531
0 0.021485 0.181643 0.015623 0.015624
0 0.844729 0.497072 0.017577 0.013673
0 0.934568 0.539061 0.029297 0.019531
0 0.979493 0.047852 0.021485 0.029297
0 0.386719 0.663086 0.015623 0.017580
0 0.772462 0.550782 0.041016 0.031248
0 0.807616 0.016600 0.013674 0.013673
0 0.026366 0.963867 0.017577 0.013673
0 0.147460 0.280274 0.017577 0.017580
0 0.871094 0.460937 0.019531 0.019531
0 0.196096 0.293749 0.023439 0.024999
