0 0.954102 0.426758 0.017577 0.017580
0 0.588868 0.447265 0.021485 0.023438
0 0.869143 0.306640 0.019531 0.015624
0 0.975587 0.195312 0.017577 0.015624
0 0.333009 0.801756 0.029297 0.021483
0 0.946290 0.717773 0.021485 0.017580
0 0.129881 0.193360 0.017577 0.019531
0 0.955079 0.268554 0.019531 0.017580
0 0.848635 0.183595 0.017577 0.019531
0 0.900389 0.089842 0.015623 0.015624
0 0.268553 0.976561 0.017577 0.019531
0 0.360352 0.606445 0.033205 0.033204
0 0.985353 0.860350 0.017577 0.017580
0 0.708009 0.657228 0.033205 0.029297
0 0.706055 0.020508 0.021485 0.021483
0 0.333009 0.931640 0.017577 0.015624
0 0.851561 0.602538 0.015623 0.017580
0 0.768556 0.296874 0.017577 0.019531
0 0.533201 0.859374 0.015623 0.015624
0 0.127927 0.279299 0.017577 0.015624
0 0.891600 0.542969 0.017577 0.015624
0 0.226565 0.582031 0.015623 0.015624
0 0.911131 0.643556 0.017577 0.017580
0 0.125001 0.811522 0.019531 0.017580
0 0.338866 0.220702 0.021485 0.023438
0 0.023437 0.449220 0.023439 0.023438
0 0.864845 0.100390 0.021875 0.024999
0 0.846093 0.114454 0.015623 0.018749
