0 0.885740 0.719725 0.017577 0.013673
0 0.470701 0.168946 0.019531 0.017580
0 0.728514 0.565431 0.019531 0.021483
0 0.413085 0.813477 0.017577 0.017580
0 0.316406 0.800781 0.023439 0.019531
0 0.416993 0.069335 0.017577 0.017580
0 0.825197 0.075194 0.013674 0.013673
0 0.212893 0.042970 0.015623 0.015624
0 0.532225 0.118163 0.017577 0.017580
0 0.698240 0.714842 0.017577 0.019531
0 0.794924 0.619142 0.019531 0.019531
0 0.390627 0.119139 0.015623 0.015624
0 0.659178 0.319337 0.017577 0.017580
0 0.851563 0.535155 0.015623 0.019531
0 0.802735 0.111329 0.015623 0.015624
0 0.802735 0.230467 0.015623 0.015624
0 0.667966 0.598631 0.015623 0.021483
0 0.879882 0.609376 0.021485 0.019531
0 0.351560 0.263671 0.015623 0.019531
0 0.730468 0.994141 0.015623 0.011718
0 0.674806 0.834960 0.017577 0.021483
0 0.814455 0.845701 0.019531 0.019531
0 0.364257 0.376954 0.021485 0.023438
0 0.979492 0.771484 0.021485 0.019531
0 0.785158 0.675780 0.015623 0.019531
0 0.796873 0.458986 0.015623 0.019531
0 0.811524 0.549803 0.013674 0.017580
0 0.881837 0.893553 0.017577 0.017580
0 0.545899 0.989257 0.017577 0.017580
0 0.467775 0.816405 0.017577 0.015624
0 0.574219 0.253905 0.023439 0.019531
0 0.990235 0.078125 0.019531 0.019531
0 0.198359 0.115703 0.022498 0.022500
0 0.753361 0.528829 0.020002 0.023749
0 0.643985 0.895080 0.023748 0.021251
0 0.718358 0.925079 0.020002 0.026252
0 0.084609 0.398828 0.024999 0.018749
0 0.068986 0.411954 0.018752 0.019998
