0 0.959962 0.328124 0.017577 0.019531
0 0.795897 0.405273 0.017577 0.017580
0 0.972654 0.630860 0.019531 0.019531
0 0.825193 0.625977 0.021485 0.017580
0 0.712892 0.416994 0.015623 0.021483
0 0.833010 0.291017 0.037108 0.035155
0 0.948243 0.266603 0.017577 0.017580
0 0.063474 0.390624 0.017577 0.019531
0 0.813479 0.087892 0.017577 0.019531
0 0.653322 0.006837 0.017577 0.013674
0 0.769531 0.541015 0.019531 0.019531
0 0.793948 0.746095 0.021485 0.023438
0 0.763674 0.200196 0.019531 0.017580
0 0.533204 0.061523 0.019531 0.017580
0 0.893552 0.013671 0.017577 0.019531
0 0.319338 0.208006 0.033205 0.021483
0 0.036132 0.099609 0.029297 0.023438
0 0.532226 0.799806 0.029297 0.033204
0 0.712892 0.792968 0.015623 0.015624
0 0.750000 0.436718 0.024999 0.026563
0 0.745312 0.724218 0.021875 0.032813
0 0.406251 0.737499 0.021875 0.028123
0 0.010156 0.753123 0.020312 0.028123
