0 0.350585 0.087891 0.013674 0.019531
0 0.155274 0.426758 0.017577 0.017580
0 0.222656 0.269529 0.015623 0.015624
0 0.366213 0.832033 0.017577 0.019531
0 0.070315 0.306640 0.019531 0.015624
0 0.261718 0.188477 0.019531 0.013673
0 0.483400 0.233398 0.017577 0.017580
0 0.719727 0.152343 0.017577 0.019531
0 0.202148 0.159181 0.017577 0.017580
0 0.176759 0.195312 0.017577 0.015624
0 0.147462 0.717773 0.021485 0.017580
0 0.328123 0.559569 0.015623 0.021483
0 0.156251 0.268554 0.019531 0.017580
0 0.546873 0.245115 0.015623 0.021483
0 0.049807 0.183595 0.017577 0.019531
0 0.101561 0.089842 0.015623 0.015624
0 0.186525 0.860350 0.017577 0.017580
0 0.258787 0.321288 0.017577 0.021483
0 0.474611 0.828126 0.019531 0.015624
0 0.256838 0.457030 0.017577 0.019531
0 0.052733 0.602538 0.015623 0.017580
0 0.354493 0.271485 0.021485 0.023438
0 0.264649 0.027342 0.017577 0.015624
0 0.353516 0.421875 0.019531 0.019531
0 0.408201 0.796874 0.015623 0.015624
0 0.361328 0.394530 0.019531 0.015624
0 0.710939 0.857422 0.015623 0.015624
0 0.434572 0.134767 0.017577 0.019531
0 0.328123 0.475586 0.015623 0.017580
0 0.392578 0.135743 0.019531 0.017580
0 0.092772 0.542969 0.017577 0.015624
0 0.581055 0.907226 0.013674 0.013673
0 0.112303 0.643556 0.017577 0.017580
0 0.587890 0.883788 0.015623 0.017580
0 0.406252 0.460937 0.011720 0.015624
0 0.334142 0.261328 0.013750 0.018749
0 0.296639 0.278201 0.018751 0.019998
0 0.619141 0.921954 0.023748 0.019998
0 0.607264 0.946330 0.020002 0.023749
0 0.066017 0.100390 0.021875 0.024999
0 0.047265 0.114454 0.015623 0.018749
