0 0.327151 0.198242 0.021485 0.017580
0 0.991209 0.215822 0.017577 0.017580
0 0.862303 0.331053 0.017577 0.017580
0 0.205079 0.761718 0.031251 0.031248
0 0.080081 0.146483 0.019531 0.019531
0 0.956055 0.816408 0.017577 0.019531
0 0.919924 0.374023 0.015623 0.017580
0 0.834960 0.541017 0.017577 0.019531
0 0.977540 0.273436 0.017577 0.019531
0 0.243164 0.566406 0.021485 0.019531
0 0.984375 0.865236 0.015623 0.019531
0 0.231444 0.635741 0.029297 0.021483
0 0.171874 0.505858 0.019531 0.019531
0 0.623049 0.016600 0.019531 0.017580
0 0.746093 0.533203 0.015623 0.019531
0 0.235352 0.492189 0.017577 0.015624
0 0.898439 0.407226 0.019531 0.017580
0 0.711916 0.572265 0.021485 0.023438
0 0.938478 0.464844 0.021485 0.023438
0 0.772463 0.119142 0.021485 0.019531
0 0.713865 0.273436 0.021485 0.019531
0 0.919139 0.032501 0.021252 0.022500
0 0.924764 0.065625 0.024999 0.026252
0 0.529139 0.008125 0.023748 0.016251
0 0.361642 0.010625 0.023748 0.021249
0 0.596015 0.072501 0.032501 0.032501
0 0.720391 0.310626 0.018751 0.023749
0 0.841015 0.223123 0.020002 0.021251
0 0.861639 0.218749 0.021252 0.022500
0 0.890389 0.637499 0.031251 0.024999
