0 0.007812 0.208008 0.015625 0.017580
0 0.281249 0.281250 0.019531 0.019531
0 0.630860 0.142577 0.031251 0.031248
0 0.654295 0.100587 0.019531 0.021483
0 0.823240 0.670897 0.017577 0.017580
0 0.557616 0.552734 0.017577 0.019531
0 0.261718 0.688476 0.019531 0.017580
0 0.621095 0.488282 0.023439 0.023438
0 0.852537 0.106446 0.029297 0.029297
0 0.298826 0.475585 0.039062 0.033204
0 0.199216 0.972657 0.019531 0.019531
0 0.097657 0.080076 0.019531 0.019531
0 0.400390 0.707031 0.019531 0.019531
0 0.285157 0.635741 0.015623 0.017580
0 0.952147 0.238281 0.013674 0.011717
0 0.759767 0.051759 0.019531 0.033204
0 0.782229 0.043945 0.017577 0.037111
0 0.214454 0.347266 0.021875 0.020313
