0 0.282228 0.740233 0.017577 0.015624
0 0.659182 0.568360 0.013674 0.011717
0 0.017576 0.811523 0.023439 0.029297
0 0.008788 0.284179 0.017576 0.017580
0 0.788088 0.868165 0.017577 0.017580
0 0.038084 0.752930 0.013674 0.013673
0 0.125002 0.922851 0.023439 0.021483
0 0.038084 0.859375 0.017577 0.019531
0 0.074220 0.787109 0.019531 0.015624
0 0.320313 0.732423 0.015623 0.015624
0 0.884767 0.873048 0.015623 0.011717
0 0.591795 0.970703 0.015623 0.015624
0 0.824219 0.852541 0.019531 0.017580
0 0.834962 0.697264 0.037108 0.031248
0 0.923829 0.411131 0.019531 0.017580
0 0.006836 0.974610 0.013673 0.023438
0 0.822265 0.048830 0.023439 0.023438
0 0.046483 0.814063 0.024999 0.024999
0 0.660655 0.842836 0.022153 0.018001
0 0.668963 0.862223 0.022153 0.018001
0 0.693197 0.919689 0.020771 0.019387
0 0.664811 0.941843 0.016615 0.019387
0 0.675888 0.958458 0.019384 0.019387
0 0.695273 0.968843 0.016615 0.018001
0 0.636426 0.970229 0.020771 0.012461
0 0.656504 0.978536 0.019384 0.020769
0 0.922366 0.918303 0.016615 0.022155
0 0.895363 0.940457 0.031848 0.019387
0 0.906445 0.959149 0.023541 0.018001
0 0.715700 0.239623 0.025966 0.038945
