0 0.120116 0.729494 0.017577 0.017580
0 0.031249 0.797853 0.015623 0.017580
0 0.259765 0.830077 0.015623 0.019531
0 0.389648 0.864256 0.017577 0.017580
0 0.995116 0.696290 0.009767 0.017580
0 0.188475 0.119142 0.021485 0.023438
0 0.492189 0.583986 0.015623 0.019531
0 0.243165 0.686524 0.017577 0.017580
0 0.127927 0.794921 0.021485 0.019531
0 0.976564 0.446288 0.019531 0.017580
0 0.871092 0.639648 0.019531 0.017580
0 0.476561 0.655272 0.015623 0.017580
0 0.958982 0.270508 0.019531 0.017580
0 0.805664 0.260743 0.029297 0.021483
0 0.909177 0.443361 0.013674 0.015624
0 0.211914 0.841798 0.013674 0.015624
0 0.310547 0.841798 0.015623 0.015624
0 0.913086 0.594727 0.017577 0.017580
0 0.680666 0.654296 0.017577 0.015624
0 0.588868 0.595703 0.017577 0.019531
0 0.181640 0.760742 0.015623 0.017580
0 0.440430 0.702149 0.013674 0.021483
0 0.515624 0.110352 0.015623 0.017580
0 0.675781 0.957033 0.023439 0.031248
0 0.242188 0.914063 0.019531 0.019531
0 0.666015 0.711914 0.019531 0.017580
0 0.284181 0.693359 0.033205 0.031248
0 0.754882 0.354491 0.017577 0.021483
0 0.580079 0.720704 0.019531 0.019531
0 0.993165 0.981447 0.013670 0.017580
0 0.914063 0.497072 0.015623 0.017580
0 0.979490 0.333985 0.017577 0.019531
0 0.266599 0.524413 0.017577 0.017580
0 0.798830 0.570313 0.019531 0.015624
0 0.147463 0.446288 0.017577 0.017580
0 0.756837 0.608400 0.021485 0.021483
0 0.734374 0.488282 0.015623 0.015624
0 0.649415 0.545899 0.017577 0.017580
0 0.719728 0.642579 0.017577 0.019531
0 0.590822 0.671876 0.017577 0.019531
0 0.445311 0.911132 0.019531 0.017580
0 0.792968 0.952150 0.011720 0.013673
0 0.656250 0.779297 0.015623 0.019531
0 0.494138 0.042969 0.011720 0.011717
0 0.929686 0.977540 0.015623 0.021483
0 0.869143 0.496092 0.015623 0.015624
0 0.702146 0.955077 0.017577 0.019531
0 0.469727 0.931639 0.017577 0.019531
0 0.971679 0.894532 0.017577 0.019531
0 0.693748 0.012499 0.017187 0.024999
0 0.855469 0.121876 0.021875 0.021874
0 0.735939 0.233595 0.026563 0.023438
0 0.462969 0.787498 0.018751 0.022500
0 0.221720 0.937502 0.023748 0.024999
0 0.292970 0.988124 0.023748 0.023751
0 0.741720 0.628751 0.016251 0.019998
0 0.683592 0.633752 0.017501 0.019998
0 0.835467 0.598748 0.026249 0.035000
0 0.839841 0.626249 0.017501 0.017500
