0 0.751951 0.372071 0.015623 0.017580
0 0.786133 0.685545 0.017577 0.015624
0 0.590822 0.847657 0.021485 0.023438
0 0.840818 0.528320 0.021485 0.029297
0 0.824218 0.285157 0.015623 0.015624
0 0.480470 0.571290 0.019531 0.021483
0 0.804687 0.313478 0.015623 0.017580
0 0.562502 0.648438 0.019531 0.019531
0 0.642576 0.400392 0.015623 0.015624
0 0.383791 0.716797 0.021485 0.023438
0 0.041014 0.273436 0.031251 0.019531
0 0.344729 0.452147 0.017577 0.017580
0 0.623045 0.582031 0.023439 0.019531
0 0.360352 0.967774 0.017577 0.017580
0 0.557617 0.862305 0.021485 0.017580
0 0.639650 0.533203 0.021485 0.023438
0 0.006836 0.521486 0.013672 0.019531
0 0.666992 0.102539 0.017577 0.017580
0 0.805664 0.958985 0.021485 0.023438
0 0.605468 0.650390 0.019531 0.019531
0 0.675781 0.334961 0.015623 0.021483
0 0.221680 0.401368 0.017577 0.017580
0 0.161132 0.692383 0.021485 0.021483
0 0.016603 0.328126 0.017577 0.019531
0 0.558594 0.272460 0.019531 0.017580
0 0.124024 0.852539 0.021485 0.021483
0 0.256834 0.542969 0.017577 0.019531
0 0.654296 0.708983 0.019531 0.019531
0 0.191406 0.713281 0.043750 0.034373
0 0.578125 0.463280 0.029687 0.031248
0 0.268751 0.254687 0.051562 0.023438
