0 0.219727 0.099611 0.017577 0.019531
0 0.740233 0.767576 0.015623 0.015624
0 0.108398 0.796873 0.017577 0.019531
0 0.378907 0.953126 0.015623 0.015624
0 0.021485 0.204101 0.015623 0.017580
0 0.835940 0.409178 0.015623 0.017580
0 0.254881 0.084959 0.017577 0.017580
0 0.600584 0.992187 0.017577 0.015626
0 0.191407 0.709963 0.019531 0.017580
0 0.559573 0.295898 0.033205 0.029297
0 0.333983 0.183594 0.035154 0.042969
0 0.095701 0.518555 0.015623 0.017580
0 0.942384 0.793946 0.017577 0.017580
0 0.364256 0.848632 0.013674 0.017580
0 0.485351 0.835939 0.017577 0.015624
0 0.095701 0.091797 0.031251 0.031248
0 0.370119 0.124025 0.037108 0.033204
0 0.421873 0.163087 0.023439 0.021483
0 0.123048 0.160156 0.015623 0.011717
0 0.246249 0.856173 0.017501 0.015001
0 0.580622 0.831170 0.018752 0.017500
0 0.600624 0.836171 0.021252 0.019998
0 0.091874 0.174296 0.013750 0.018749
0 0.106874 0.190546 0.016251 0.013748
0 0.124375 0.201170 0.016251 0.015001
0 0.063124 0.203046 0.018752 0.016251
0 0.083126 0.214922 0.021252 0.022500
0 0.088127 0.286171 0.018752 0.017500
