0 0.804687 0.208008 0.019531 0.017580
0 0.786133 0.536134 0.017577 0.017580
0 0.476561 0.208984 0.019531 0.019531
0 0.071288 0.971681 0.021485 0.017580
0 0.525389 0.282226 0.015623 0.017580
0 0.041014 0.275391 0.035154 0.031248
0 0.527343 0.181639 0.019531 0.019531
0 0.610353 0.329102 0.017577 0.017580
0 0.797853 0.876953 0.017577 0.015624
0 0.785156 0.283202 0.019531 0.019531
0 0.312501 0.392578 0.015623 0.015624
0 0.414065 0.777342 0.019531 0.019531
0 0.994139 0.972657 0.011721 0.019531
0 0.212891 0.748045 0.015623 0.015624
0 0.515624 0.624024 0.019531 0.013673
0 0.896486 0.080076 0.019531 0.019531
0 0.785156 0.153322 0.019531 0.017580
0 0.582034 0.284181 0.015623 0.013673
0 0.581056 0.156249 0.017577 0.019531
0 0.577148 0.611327 0.017577 0.019531
0 0.074219 0.817384 0.019531 0.021483
0 0.055346 0.809171 0.013998 0.021999
