0 0.844728 0.411133 0.041016 0.021483
0 0.876956 0.212891 0.035154 0.035155
0 0.743164 0.188477 0.017577 0.017580
0 0.855470 0.692383 0.019531 0.021483
0 0.847654 0.539061 0.019531 0.019531
0 0.637697 0.418947 0.017577 0.017580
0 0.540041 0.054686 0.021485 0.023438
0 0.500002 0.875001 0.015623 0.019531
0 0.550784 0.705080 0.035154 0.031248
0 0.374022 0.576172 0.017577 0.019531
0 0.427735 0.251953 0.031251 0.042969
0 0.302736 0.975584 0.015623 0.017580
0 0.406249 0.927736 0.019531 0.019531
0 0.782226 0.584962 0.017577 0.017580
0 0.598634 0.882811 0.017577 0.015624
0 0.035158 0.736328 0.015623 0.015624
0 0.538087 0.861329 0.017577 0.019531
0 0.406249 0.975584 0.015623 0.021483
0 0.818671 0.672001 0.028998 0.026001
0 0.375672 0.850500 0.024999 0.019000
0 0.385174 0.871501 0.018002 0.021001
0 0.370670 0.948000 0.015000 0.018001
0 0.387174 0.966001 0.015998 0.016000
0 0.347170 0.975501 0.020002 0.016999
0 0.366170 0.985502 0.011998 0.019000
0 0.608673 0.948000 0.022999 0.024000
0 0.616672 0.966498 0.022999 0.016999
0 0.634669 0.923001 0.022999 0.027998
0 0.650672 0.902999 0.024999 0.019998
