0 0.316405 0.798829 0.023439 0.023438
0 0.472654 0.362306 0.019531 0.017580
0 0.598634 0.301757 0.017577 0.017580
0 0.217772 0.037111 0.021485 0.019531
0 0.561521 0.561524 0.017577 0.017580
0 0.249023 0.520506 0.017577 0.017580
0 0.080078 0.017580 0.015623 0.015624
0 0.971680 0.175780 0.033205 0.035155
0 0.270509 0.376954 0.029297 0.023438
0 0.283205 0.180663 0.019531 0.017580
0 0.208984 0.969726 0.015623 0.017580
0 0.366210 0.517579 0.017577 0.015624
0 0.167968 0.278319 0.019531 0.017580
0 0.531248 0.631834 0.019531 0.017580
0 0.193361 0.518555 0.019531 0.017580
0 0.242189 0.201170 0.019531 0.019531
0 0.458008 0.918946 0.017577 0.017580
0 0.082032 0.291015 0.019531 0.015624
0 0.140625 0.172853 0.015623 0.013673
0 0.235349 0.987305 0.017577 0.017580
0 0.260743 0.121094 0.017577 0.015624
0 0.231446 0.920898 0.021485 0.037111
0 0.102540 0.960936 0.017577 0.015624
0 0.848631 0.468751 0.021485 0.019531
0 0.430666 0.559568 0.017577 0.017580
0 0.449220 0.416992 0.015623 0.017580
0 0.326171 0.274416 0.019531 0.017580
0 0.729490 0.134766 0.017577 0.019531
0 0.218750 0.477541 0.015623 0.017580
0 0.143556 0.491210 0.017577 0.017580
0 0.905275 0.268553 0.033205 0.037111
0 0.026370 0.169922 0.017577 0.019531
0 0.125002 0.589845 0.019531 0.019531
0 0.184573 0.084959 0.017577 0.017580
0 0.784180 0.037111 0.017577 0.019531
0 0.326171 0.512696 0.019531 0.017580
0 0.497071 0.119142 0.017577 0.019531
0 0.892578 0.604493 0.015623 0.017580
0 0.905275 0.894533 0.017577 0.019531
0 0.024415 0.405275 0.017577 0.017580
0 0.367187 0.395509 0.015623 0.013673
0 0.915041 0.407226 0.013674 0.017580
0 0.152345 0.777342 0.019531 0.015624
0 0.362307 0.994140 0.013674 0.011717
0 0.391604 0.351564 0.017577 0.019531
0 0.060546 0.860353 0.019531 0.017580
0 0.034181 0.913084 0.017577 0.017580
0 0.020507 0.231446 0.017577 0.017580
0 0.980468 0.259767 0.015623 0.015624
0 0.146482 0.878905 0.015623 0.015624
0 0.801757 0.137694 0.017577 0.017580
0 0.827151 0.158205 0.021485 0.023438
0 0.406249 0.743163 0.015623 0.017580
0 0.329102 0.863280 0.017577 0.019531
0 0.285154 0.513672 0.019531 0.015624
0 0.296874 0.543944 0.023439 0.021483
0 0.501951 0.799804 0.015623 0.013673
0 0.701170 0.863280 0.023439 0.023438
0 0.262697 0.230471 0.017577 0.019531
0 0.111328 0.083007 0.019531 0.017580
0 0.822265 0.207032 0.031251 0.019531
0 0.069335 0.055662 0.013674 0.017580
0 0.005859 0.823242 0.011719 0.013673
0 0.982423 0.838867 0.019531 0.021483
0 0.990234 0.859374 0.019531 0.015624
0 0.249297 0.493674 0.018752 0.024999
0 0.272422 0.944298 0.027499 0.026252
0 0.331172 0.933048 0.017501 0.023749
0 0.343672 0.949921 0.022498 0.022500
