0 0.288086 0.099611 0.017577 0.019531
0 0.808592 0.767576 0.015623 0.015624
0 0.176757 0.796873 0.017577 0.019531
0 0.447267 0.953126 0.015623 0.015624
0 0.089844 0.204101 0.015623 0.017580
0 0.904299 0.409178 0.015623 0.017580
0 0.323240 0.084959 0.017577 0.017580
0 0.668943 0.992187 0.017577 0.015626
0 0.068359 0.500975 0.019531 0.017580
0 0.259767 0.709963 0.019531 0.017580
0 0.627932 0.295898 0.033205 0.029297
0 0.402342 0.183594 0.035154 0.042969
0 0.164060 0.518555 0.015623 0.017580
0 0.432616 0.848632 0.013674 0.017580
0 0.553711 0.835939 0.017577 0.015624
0 0.164060 0.091797 0.031251 0.031248
0 0.438478 0.124025 0.037108 0.033204
0 0.490232 0.163087 0.023439 0.021483
0 0.191408 0.160156 0.015623 0.011717
0 0.314609 0.856173 0.017501 0.015001
0 0.648982 0.831170 0.018752 0.017500
0 0.668984 0.836171 0.021252 0.019998
0 0.160233 0.174296 0.013750 0.018749
0 0.175233 0.190546 0.016251 0.013748
0 0.192734 0.201170 0.016251 0.015001
0 0.131483 0.203046 0.018752 0.016251
0 0.151485 0.214922 0.021252 0.022500
0 0.156487 0.286171 0.018752 0.017500
