0 0.817380 0.719725 0.017577 0.013673
0 0.402341 0.168946 0.019531 0.017580
0 0.660154 0.565431 0.019531 0.021483
0 0.344725 0.813477 0.017577 0.017580
0 0.248047 0.800781 0.023439 0.019531
0 0.348633 0.069335 0.017577 0.017580
0 0.756838 0.075194 0.013674 0.013673
0 0.144534 0.042970 0.015623 0.015624
0 0.463866 0.118163 0.017577 0.017580
0 0.629881 0.714842 0.017577 0.019531
0 0.726564 0.619142 0.019531 0.019531
0 0.322268 0.119139 0.015623 0.015624
0 0.590818 0.319337 0.017577 0.017580
0 0.783203 0.535155 0.015623 0.019531
0 0.734376 0.111329 0.015623 0.015624
0 0.734376 0.230467 0.015623 0.015624
0 0.599607 0.598631 0.015623 0.021483
0 0.811523 0.609376 0.021485 0.019531
0 0.283201 0.263671 0.015623 0.019531
0 0.662108 0.994141 0.015623 0.011718
0 0.606446 0.834960 0.017577 0.021483
0 0.746095 0.845701 0.019531 0.019531
0 0.295897 0.376954 0.021485 0.023438
0 0.911133 0.771484 0.021485 0.019531
0 0.716799 0.675780 0.015623 0.019531
0 0.728513 0.458986 0.015623 0.019531
0 0.743164 0.549803 0.013674 0.017580
0 0.813477 0.893553 0.017577 0.017580
0 0.477540 0.989257 0.017577 0.017580
0 0.399415 0.816405 0.017577 0.015624
0 0.505859 0.253905 0.023439 0.019531
0 0.960938 0.378906 0.019531 0.019531
0 0.921875 0.078125 0.019531 0.019531
0 0.129999 0.115703 0.022498 0.022500
0 0.685001 0.528829 0.020002 0.023749
0 0.575626 0.895080 0.023748 0.021251
0 0.649999 0.925079 0.020002 0.026252
0 0.016250 0.398828 0.024999 0.018749
0 0.005001 0.411954 0.010003 0.019998
