0 0.317384 0.800780 0.017577 0.019531
0 0.037109 0.105470 0.019531 0.015624
0 0.231443 0.801760 0.021485 0.021483
0 0.229494 0.583986 0.021485 0.019531
0 0.184569 0.489258 0.029297 0.029297
0 0.718749 0.921874 0.019531 0.019531
0 0.177735 0.286133 0.031251 0.033204
0 0.004883 0.176756 0.009766 0.021483
0 0.101565 0.213867 0.015623 0.017580
0 0.545900 0.542968 0.021485 0.035155
0 0.062502 0.184570 0.015623 0.017580
0 0.201169 0.209960 0.015623 0.017580
0 0.098634 0.244139 0.017577 0.019531
0 0.229494 0.482423 0.017577 0.023438
0 0.213279 0.328126 0.026563 0.021874
0 0.239842 0.346875 0.023439 0.028123
