0 0.533202 0.995116 0.015623 0.009767
0 0.613281 0.991211 0.019531 0.017577
0 0.124998 0.539062 0.019531 0.015624
0 0.931642 0.035155 0.019531 0.019531
0 0.688474 0.274416 0.017577 0.017580
0 0.055662 0.095704 0.017577 0.019531
0 0.095701 0.608400 0.019531 0.017580
0 0.021485 0.897460 0.015623 0.017580
0 0.408204 0.993164 0.015623 0.013672
0 0.067382 0.778322 0.017577 0.017580
0 0.874025 0.763673 0.017577 0.019531
0 0.928710 0.161132 0.017577 0.017580
0 0.693360 0.807618 0.015623 0.017580
0 0.645509 0.962892 0.017577 0.011717
0 0.979492 0.619141 0.021485 0.023438
0 0.343749 0.011717 0.019531 0.019531
0 0.630858 0.903319 0.015623 0.013673
0 0.862305 0.163087 0.021485 0.017580
0 0.267578 0.839842 0.023439 0.023438
0 0.543945 0.231446 0.017577 0.017580
0 0.412108 0.442382 0.015623 0.017580
0 0.704102 0.487306 0.013674 0.017580
0 0.159180 0.277343 0.017577 0.019531
0 0.884768 0.432616 0.015623 0.017580
0 0.575196 0.517579 0.013674 0.015624
0 0.972658 0.411133 0.019531 0.017580
0 0.656252 0.748045 0.015623 0.019531
0 0.557619 0.830077 0.017577 0.019531
0 0.603516 0.465820 0.019531 0.017580
0 0.458009 0.578124 0.017577 0.019531
0 0.682617 0.855470 0.017577 0.015624
0 0.914065 0.705080 0.019531 0.019531
0 0.785158 0.314454 0.015623 0.019531
0 0.034182 0.339843 0.017577 0.015624
0 0.012696 0.393554 0.017577 0.017580
0 0.535157 0.147459 0.031251 0.033204
0 0.949218 0.935546 0.019531 0.019531
0 0.478517 0.380861 0.015623 0.019531
0 0.472655 0.867187 0.015623 0.019531
0 0.289063 0.110353 0.015623 0.017580
0 0.864260 0.232422 0.017577 0.015624
0 0.831055 0.574221 0.017577 0.019531
0 0.822266 0.420899 0.015623 0.017580
0 0.645236 0.939298 0.018752 0.018749
0 0.548360 0.811799 0.017501 0.018749
0 0.945234 0.400548 0.016251 0.018749
0 0.904608 0.220545 0.015000 0.018749
0 0.804608 0.314921 0.017501 0.022500
0 0.748986 0.404295 0.023748 0.018749
0 0.360860 0.110546 0.020002 0.023749
