0 0.994140 0.420897 0.011720 0.021483
0 0.140625 0.390624 0.019531 0.019531
0 0.093751 0.233400 0.035154 0.029297
0 0.752929 0.731447 0.017577 0.021483
0 0.652343 0.388673 0.019531 0.015624
0 0.147459 0.256838 0.017577 0.021483
0 0.561521 0.681640 0.017577 0.015624
0 0.912110 0.570311 0.019531 0.019531
0 0.578126 0.741213 0.015623 0.013673
0 0.971680 0.249999 0.017577 0.019531
0 0.994141 0.124999 0.011718 0.015624
0 0.914064 0.139647 0.015623 0.021483
0 0.616211 0.588867 0.017577 0.017580
0 0.074220 0.794923 0.019531 0.015624
0 0.682616 0.754881 0.017577 0.017580
0 0.018553 0.893555 0.017577 0.017580
0 0.984377 0.034181 0.015623 0.017580
0 0.261720 0.938475 0.031251 0.029297
0 0.613280 0.671874 0.019531 0.019531
0 0.098632 0.018553 0.017577 0.013673
0 0.599612 0.383790 0.019531 0.017580
0 0.659182 0.831054 0.017577 0.017580
0 0.726564 0.560546 0.015623 0.015624
0 0.586915 0.958007 0.017577 0.021483
0 0.824219 0.468749 0.019531 0.015624
0 0.900390 0.497070 0.015623 0.017580
0 0.882813 0.288086 0.015623 0.017580
0 0.853516 0.173827 0.015623 0.019531
0 0.978514 0.195313 0.015623 0.015624
0 0.107420 0.967772 0.031251 0.021483
0 0.359376 0.755861 0.019531 0.015624
0 0.005859 0.566404 0.011719 0.019531
0 0.652343 0.955079 0.015623 0.015624
0 0.295897 0.733399 0.021485 0.021483
0 0.278320 0.744140 0.013674 0.019531
0 0.328125 0.650391 0.015623 0.019531
0 0.341799 0.667967 0.023439 0.019531
0 0.502928 0.369142 0.029297 0.019531
0 0.939923 0.099689 0.017501 0.021251
0 0.856174 0.407813 0.024999 0.019998
