0 0.006836 0.643553 0.013672 0.017580
0 0.472656 0.464842 0.015623 0.015624
0 0.455079 0.224610 0.019531 0.015624
0 0.041017 0.428711 0.019531 0.017580
0 0.249025 0.728516 0.013674 0.015624
0 0.774416 0.155275 0.017577 0.017580
0 0.709961 0.188475 0.021485 0.029297
0 0.136719 0.515625 0.019531 0.015624
0 0.080079 0.662108 0.015623 0.011717
0 0.655276 0.399414 0.017577 0.017580
0 0.111330 0.829103 0.015623 0.017580
0 0.829102 0.576170 0.017577 0.015624
0 0.805662 0.428711 0.017577 0.017580
0 0.120119 0.730467 0.021485 0.023438
0 0.604494 0.350586 0.017577 0.017580
0 0.201169 0.768554 0.015623 0.017580
0 0.502930 0.431642 0.017577 0.019531
0 0.845702 0.617188 0.015623 0.015624
0 0.296876 0.047850 0.015623 0.017580
0 0.634767 0.215820 0.015623 0.017580
0 0.672853 0.633788 0.017577 0.017580
0 0.469725 0.306641 0.017577 0.015624
0 0.801759 0.695312 0.017577 0.015624
0 0.075194 0.529298 0.017577 0.019531
0 0.364258 0.106443 0.021485 0.017580
0 0.239260 0.601564 0.017577 0.019531
0 0.750000 0.401366 0.023439 0.029297
0 0.499022 0.384766 0.021485 0.035155
0 0.796874 0.520508 0.015623 0.013673
0 0.544923 0.976562 0.019531 0.019531
0 0.458010 0.920900 0.017577 0.017580
0 0.994141 0.032226 0.011718 0.017580
0 0.933592 0.652343 0.023439 0.031248
0 0.909180 0.642577 0.017577 0.019531
0 0.920900 0.841796 0.017577 0.019531
0 0.882815 0.613281 0.019531 0.019531
0 0.452148 0.286134 0.017577 0.017580
0 0.480467 0.275389 0.019531 0.019531
0 0.890626 0.156251 0.035154 0.039062
0 0.441405 0.046874 0.023439 0.019531
0 0.798828 0.606446 0.027343 0.029297
