0 0.891599 0.294922 0.029297 0.035155
0 0.107423 0.335936 0.023439 0.015624
0 0.626952 0.419923 0.019531 0.019531
0 0.586913 0.373047 0.017577 0.019531
0 0.587890 0.975584 0.015623 0.017580
0 0.179685 0.295898 0.015623 0.017580
0 0.959963 0.260743 0.017577 0.017580
0 0.585936 0.934571 0.019531 0.017580
0 0.665037 0.034180 0.021485 0.021483
0 0.829103 0.557617 0.017577 0.017580
0 0.678711 0.771483 0.021485 0.019531
0 0.347654 0.674804 0.015623 0.017580
0 0.401367 0.294922 0.017577 0.019531
0 0.708008 0.134766 0.017577 0.019531
0 0.208982 0.607420 0.015623 0.015624
0 0.184570 0.358399 0.017577 0.017580
0 0.320311 0.609376 0.019531 0.019531
0 0.208010 0.709963 0.017577 0.017580
0 0.818360 0.158205 0.019531 0.015624
0 0.241210 0.048828 0.033205 0.035155
0 0.366213 0.123046 0.017577 0.015624
0 0.195313 0.182619 0.015623 0.017580
0 0.549805 0.710938 0.017577 0.015624
0 0.289061 0.041994 0.015623 0.017580
0 0.194336 0.648438 0.017577 0.015624
0 0.183593 0.985350 0.015623 0.017580
0 0.622072 0.070311 0.017577 0.019531
0 0.583010 0.864256 0.017577 0.017580
0 0.016602 0.461913 0.017577 0.017580
0 0.586913 0.151366 0.017577 0.017580
0 0.484377 0.074218 0.015623 0.019531
0 0.702150 0.230471 0.017577 0.019531
0 0.527342 0.429689 0.015623 0.019531
0 0.130857 0.178712 0.015623 0.021483
0 0.431641 0.110353 0.019531 0.017580
0 0.802732 0.047852 0.015623 0.013673
0 0.056641 0.331054 0.019531 0.021483
0 0.172851 0.095704 0.017577 0.019531
0 0.923513 0.273671 0.017501 0.022500
0 0.769765 0.304297 0.020002 0.018749
0 0.173514 0.614923 0.027500 0.027501
