0 0.481443 0.012694 0.021485 0.017580
0 0.316406 0.190429 0.019531 0.021483
0 0.061524 0.821287 0.017577 0.017580
0 0.354491 0.022459 0.021485 0.029297
0 0.296874 0.219726 0.019531 0.017580
0 0.589841 0.749025 0.019531 0.021483
0 0.816408 0.344726 0.015623 0.017580
0 0.501951 0.157225 0.019531 0.017580
0 0.194333 0.859374 0.017577 0.015624
0 0.270509 0.026366 0.017577 0.021483
0 0.430666 0.375975 0.033205 0.021483
0 0.759764 0.340820 0.019531 0.021483
0 0.491209 0.446289 0.021485 0.017580
0 0.677736 0.624025 0.015623 0.017580
0 0.830077 0.603514 0.019531 0.019531
0 0.285155 0.502931 0.019531 0.017580
0 0.152345 0.740236 0.019531 0.023438
0 0.352537 0.848633 0.017577 0.017580
0 0.349610 0.069335 0.015623 0.013673
0 0.693359 0.879885 0.023439 0.021483
0 0.673828 0.723632 0.019531 0.017580
0 0.317383 0.486327 0.021485 0.019531
0 0.064455 0.990233 0.011720 0.007814
0 0.200196 0.970702 0.017577 0.019531
0 0.286132 0.441406 0.021485 0.023438
0 0.981446 0.951171 0.013674 0.015624
0 0.492186 0.977540 0.019531 0.017580
0 0.615625 0.413830 0.033752 0.021251
0 0.918124 0.963203 0.021252 0.019998
0 0.968127 0.968204 0.016251 0.017500
0 0.868127 0.812577 0.028750 0.021251
0 0.893126 0.833829 0.031251 0.028750
