0 0.229493 0.831053 0.021485 0.021483
0 0.886717 0.427734 0.019531 0.019531
0 0.206054 0.749025 0.017577 0.017580
0 0.820312 0.488282 0.019531 0.019531
0 0.923830 0.362306 0.019531 0.029297
0 0.496094 0.562500 0.019531 0.019531
0 0.257813 0.343750 0.019531 0.019531
0 0.994140 0.400392 0.011719 0.019531
0 0.718748 0.593748 0.023439 0.023438
0 0.356445 0.870119 0.029297 0.021483
0 0.282229 0.288084 0.037108 0.021483
0 0.916014 0.128908 0.019531 0.019531
0 0.892579 0.737304 0.019531 0.021483
0 0.880860 0.559569 0.023439 0.029297
0 0.800781 0.673828 0.019531 0.019531
0 0.619138 0.738280 0.023439 0.023438
0 0.462889 0.421875 0.019531 0.019531
0 0.591796 0.990233 0.019531 0.019531
0 0.585939 0.473634 0.019531 0.021483
0 0.215819 0.498048 0.021485 0.019531
0 0.842774 0.675780 0.021485 0.019531
0 0.804689 0.296874 0.019531 0.019531
0 0.242190 0.536134 0.019531 0.021483
0 0.862305 0.608400 0.029297 0.021483
0 0.398439 0.709959 0.031251 0.029297
0 0.511717 0.275392 0.042970 0.023438
0 0.791992 0.888670 0.029297 0.019531
0 0.823243 0.873046 0.029297 0.031248
0 0.120118 0.838867 0.021485 0.025390
0 0.092775 0.404295 0.025388 0.023438
0 0.426758 0.730470 0.029297 0.027345
0 0.165037 0.241212 0.029297 0.033204
0 0.138672 0.291991 0.023439 0.041014
