0 0.627928 0.740235 0.017577 0.015624
0 0.569335 0.617186 0.017577 0.019531
0 0.192381 0.215822 0.017577 0.017580
0 0.063474 0.331053 0.017577 0.017580
0 0.854490 0.894532 0.017577 0.019531
0 0.699218 0.182618 0.019531 0.017580
0 0.577146 0.814452 0.017577 0.023438
0 0.358401 0.720704 0.017577 0.019531
0 0.458010 0.262694 0.017577 0.017580
0 0.267579 0.518554 0.019531 0.017580
0 0.439451 0.797853 0.019531 0.021483
0 0.219728 0.696290 0.017577 0.017580
0 0.541015 0.863280 0.011720 0.015624
0 0.621094 0.900391 0.019531 0.019531
0 0.748046 0.185546 0.019531 0.019531
0 0.157227 0.816408 0.017577 0.019531
0 0.304687 0.281250 0.019531 0.019531
0 0.989259 0.442382 0.013674 0.017580
0 0.295899 0.337892 0.017577 0.015624
0 0.733400 0.314453 0.017577 0.019531
0 0.121096 0.374023 0.015623 0.017580
0 0.411132 0.440430 0.021485 0.017580
0 0.036132 0.541017 0.017577 0.019531
0 0.178712 0.273436 0.017577 0.019531
0 0.470702 0.864256 0.019531 0.017580
0 0.393555 0.688476 0.017577 0.017580
0 0.185547 0.865236 0.015623 0.019531
0 0.668944 0.583986 0.017577 0.015624
0 0.273437 0.875977 0.015623 0.017580
0 0.429686 0.832032 0.019531 0.019531
0 0.542969 0.050779 0.019531 0.019531
0 0.445314 0.402343 0.019531 0.019531
0 0.932620 0.441406 0.017577 0.019531
0 0.583985 0.311522 0.015623 0.017580
0 0.317384 0.047852 0.017577 0.017580
0 0.518553 0.724611 0.017577 0.015624
0 0.435548 0.621093 0.019531 0.023438
0 0.643556 0.959960 0.017577 0.017580
0 0.452148 0.495116 0.017577 0.017580
0 0.639648 0.634765 0.021485 0.023438
0 0.099611 0.407226 0.019531 0.017580
0 0.375000 0.161132 0.019531 0.017580
0 0.361327 0.259767 0.023439 0.019531
0 0.383789 0.951170 0.017577 0.015624
0 0.139650 0.464844 0.021485 0.023438
0 0.498044 0.951170 0.015623 0.019531
0 0.474610 0.628907 0.015623 0.015624
0 0.908203 0.229491 0.015623 0.017580
0 0.294922 0.426757 0.019531 0.017580
0 0.327150 0.567382 0.017577 0.013673
0 0.216797 0.315429 0.019531 0.017580
0 0.431640 0.706055 0.019531 0.017580
0 0.431640 0.633790 0.019531 0.021483
0 0.669921 0.057618 0.031251 0.017580
0 0.679687 0.692383 0.019531 0.017580
0 0.604063 0.023749 0.016251 0.022500
0 0.582811 0.040627 0.018751 0.018749
0 0.247188 0.011877 0.020002 0.018749
0 0.120311 0.032501 0.021252 0.022500
0 0.125936 0.065625 0.024999 0.026252
0 0.042187 0.223123 0.020002 0.021251
0 0.062811 0.218749 0.021252 0.022500
0 0.292188 0.390000 0.017501 0.022500
0 0.202815 0.528749 0.016251 0.024999
0 0.267812 0.588125 0.028750 0.021251
0 0.261565 0.607500 0.016251 0.019998
0 0.296562 0.606251 0.018751 0.022500
0 0.091561 0.637499 0.031251 0.024999
0 0.699061 0.418750 0.023748 0.027501
0 0.694687 0.390626 0.022498 0.023749
0 0.665937 0.380625 0.024999 0.026252
0 0.429063 0.215625 0.018751 0.018749
0 0.450938 0.224999 0.017501 0.022500
0 0.601562 0.982031 0.024999 0.026563
