0 0.090822 0.882813 0.017577 0.019531
0 0.702149 0.266603 0.037108 0.029297
0 0.190432 0.977538 0.017577 0.017580
0 0.176758 0.758788 0.017577 0.013673
0 0.753908 0.425780 0.019531 0.019531
0 0.692384 0.832030 0.017577 0.015624
0 0.229494 0.712892 0.017577 0.019531
0 0.637694 0.931641 0.017577 0.019531
0 0.189455 0.653319 0.019531 0.021483
0 0.023435 0.648436 0.015623 0.019531
0 0.541015 0.464842 0.015623 0.015624
0 0.706052 0.053712 0.017577 0.017580
0 0.588866 0.179689 0.017577 0.019531
0 0.079102 0.006837 0.017577 0.013674
0 0.297853 0.207030 0.017577 0.015624
0 0.092771 0.071288 0.017577 0.017580
0 0.067383 0.746095 0.017577 0.015624
0 0.019532 0.881837 0.019531 0.017580
0 0.223632 0.078126 0.029297 0.015624
0 0.217774 0.603515 0.017577 0.019531
0 0.137696 0.061523 0.017577 0.017580
0 0.882815 0.970703 0.035154 0.031248
0 0.977539 0.789061 0.017577 0.015624
0 0.614259 0.603515 0.017577 0.019531
0 0.155273 0.044923 0.013674 0.015624
0 0.169924 0.919920 0.019531 0.019531
0 0.250002 0.203123 0.019531 0.015624
0 0.285156 0.335938 0.019531 0.019531
0 0.124999 0.833010 0.019531 0.029297
0 0.458010 0.250975 0.013674 0.017580
0 0.617185 0.010743 0.015623 0.017580
0 0.135742 0.331055 0.021485 0.017580
0 0.004883 0.513673 0.009766 0.015624
0 0.117188 0.634767 0.015623 0.015624
0 0.481445 0.461914 0.021485 0.021483
0 0.758789 0.290038 0.021485 0.021483
0 0.049806 0.971679 0.017577 0.017580
0 0.944689 0.680311 0.024999 0.015001
0 0.960312 0.701562 0.026249 0.024999
0 0.917189 0.767187 0.020002 0.026252
0 0.894064 0.776562 0.021252 0.024999
0 0.710310 0.934063 0.018751 0.015001
0 0.402814 0.911563 0.021252 0.019998
0 0.007344 0.280936 0.014687 0.018749
0 0.218438 0.400314 0.024999 0.022500
0 0.250939 0.439061 0.020002 0.024999
0 0.004844 0.243438 0.009688 0.018749
0 0.867815 0.011563 0.018752 0.019998
