0 0.101564 0.234375 0.023439 0.019531
0 0.228516 0.927734 0.015623 0.015624
0 0.370119 0.935548 0.013674 0.015624
0 0.939453 0.390624 0.019531 0.019531
0 0.160157 0.807616 0.015623 0.017580
0 0.148438 0.415038 0.019531 0.021483
0 0.892579 0.233400 0.035154 0.029297
0 0.359377 0.716799 0.015623 0.015624
0 0.351560 0.877930 0.019531 0.017580
0 0.374023 0.612305 0.021485 0.021483
0 0.413085 0.670898 0.017577 0.017580
0 0.196288 0.238282 0.017577 0.015624
0 0.440427 0.163085 0.017577 0.017580
0 0.168946 0.773437 0.017577 0.015624
0 0.285155 0.030274 0.015623 0.017580
0 0.043948 0.257813 0.017577 0.019531
0 0.250978 0.704102 0.017577 0.017580
0 0.307618 0.789061 0.017577 0.019531
0 0.779296 0.142578 0.019531 0.015624
0 0.668944 0.421876 0.017577 0.015624
0 0.649412 0.211913 0.017577 0.017580
0 0.946288 0.256838 0.017577 0.021483
0 0.124998 0.664064 0.015623 0.019531
0 0.182620 0.377931 0.013674 0.017580
0 0.303709 0.594725 0.017577 0.017580
0 0.417970 0.038085 0.023439 0.013673
0 0.187500 0.471680 0.019531 0.017580
0 0.873048 0.794923 0.019531 0.015624
0 0.584962 0.874999 0.017577 0.015624
0 0.817381 0.893555 0.017577 0.017580
0 0.060548 0.022460 0.015623 0.017580
0 0.489260 0.166992 0.017577 0.017580
0 0.436524 0.399414 0.013674 0.017580
0 0.897460 0.018553 0.017577 0.013673
0 0.208985 0.605471 0.019531 0.019531
0 0.406250 0.562501 0.019531 0.019531
0 0.726565 0.426759 0.015623 0.017580
0 0.060548 0.540039 0.015623 0.013673
0 0.471678 0.296876 0.017577 0.019531
0 0.108398 0.982420 0.017577 0.011717
0 0.032228 0.400390 0.017577 0.015624
0 0.326172 0.289062 0.019531 0.019531
0 0.330080 0.019533 0.015623 0.015624
0 0.165037 0.679688 0.017577 0.015624
0 0.329103 0.956055 0.017577 0.013673
0 0.089844 0.693361 0.015623 0.015624
0 0.906248 0.967772 0.031251 0.021483
0 0.118164 0.134764 0.017577 0.019531
0 0.799804 0.566404 0.021485 0.019531
0 0.199219 0.836913 0.019531 0.013673
0 0.005859 0.848634 0.011717 0.017580
0 0.034182 0.311524 0.021485 0.017580
0 0.030274 0.364259 0.017577 0.017580
0 0.171877 0.586915 0.019531 0.013673
0 0.166992 0.610353 0.017577 0.017580
0 0.028320 0.579101 0.021485 0.017580
0 0.408751 0.362186 0.027500 0.023749
0 0.171249 0.192188 0.017501 0.023749
0 0.191251 0.200936 0.017501 0.026252
0 0.271877 0.839844 0.024999 0.020313
0 0.348123 0.005781 0.013750 0.011561
0 0.439374 0.367186 0.018752 0.021251
