0 0.284180 0.385740 0.033205 0.037111
0 0.674803 0.632814 0.033205 0.023438
0 0.240233 0.726563 0.019531 0.019531
0 0.823240 0.448241 0.017577 0.017580
0 0.081052 0.200195 0.033205 0.029297
0 0.329100 0.167971 0.013674 0.015624
0 0.261718 0.877929 0.035154 0.029297
0 0.760744 0.535155 0.017577 0.019531
0 0.786132 0.486327 0.013674 0.015624
0 0.958009 0.739256 0.017577 0.017580
0 0.611329 0.321288 0.019531 0.021483
0 0.196290 0.075194 0.021485 0.017580
0 0.945312 0.970702 0.031251 0.019531
0 0.056641 0.671877 0.023439 0.023438
0 0.994141 0.479493 0.011717 0.021483
0 0.882811 0.891602 0.015623 0.017580
0 0.036133 0.602538 0.017577 0.017580
0 0.461914 0.204102 0.017577 0.013673
0 0.375979 0.616211 0.017577 0.017580
0 0.441406 0.136718 0.019531 0.019531
0 0.246095 0.629883 0.015623 0.017580
0 0.523439 0.401368 0.019531 0.017580
0 0.336916 0.591797 0.017577 0.015624
0 0.161131 0.700194 0.017577 0.017580
0 0.855468 0.928712 0.019531 0.013673
0 0.783201 0.981443 0.046874 0.033204
0 0.600587 0.403320 0.017577 0.017580
0 0.684568 0.485351 0.013674 0.029297
0 0.351015 0.532577 0.020002 0.021251
0 0.206643 0.714455 0.023748 0.024999
0 0.109767 0.254296 0.028127 0.029688
