0 0.200194 0.821287 0.021485 0.021483
0 0.658204 0.174805 0.015623 0.017580
0 0.724609 0.272461 0.015623 0.017580
0 0.365232 0.748046 0.019531 0.019531
0 0.959959 0.266602 0.021485 0.017580
0 0.195314 0.087891 0.015623 0.015624
0 0.710940 0.117187 0.019531 0.015624
0 0.113281 0.970702 0.019531 0.019531
0 0.799807 0.249998 0.021485 0.019531
0 0.265627 0.585938 0.019531 0.019531
0 0.870115 0.956054 0.013674 0.013673
0 0.172852 0.650390 0.017577 0.019531
0 0.237303 0.510741 0.017577 0.013673
0 0.730471 0.798829 0.015623 0.019531
0 0.196291 0.525389 0.013674 0.015624
0 0.115236 0.540038 0.015623 0.021483
0 0.155275 0.237305 0.029297 0.029297
0 0.049803 0.294923 0.021485 0.019531
0 0.271485 0.698242 0.019531 0.017580
0 0.185549 0.434572 0.015623 0.017580
0 0.193360 0.208984 0.019531 0.015624
0 0.992187 0.589845 0.015623 0.015624
0 0.025391 0.869139 0.019531 0.015624
0 0.817384 0.425782 0.021485 0.015624
0 0.101562 0.897460 0.015623 0.017580
0 0.929686 0.483400 0.015623 0.017580
0 0.083985 0.688477 0.015623 0.017580
0 0.382814 0.058594 0.019531 0.019531
0 0.585937 0.691408 0.035154 0.031248
0 0.455076 0.838867 0.015623 0.017580
0 0.054688 0.574217 0.015623 0.019531
0 0.179686 0.595704 0.015623 0.015624
0 0.841795 0.506834 0.019531 0.017580
0 0.714843 0.031249 0.007811 0.011717
0 0.868166 0.521486 0.021485 0.019531
0 0.956056 0.560548 0.013674 0.015624
0 0.693358 0.059570 0.015623 0.021483
0 0.791014 0.509765 0.019531 0.019531
0 0.934571 0.374023 0.017577 0.017580
0 0.418945 0.359375 0.017577 0.019531
0 0.262696 0.866212 0.017577 0.013673
0 0.991211 0.621093 0.017578 0.019531
0 0.894531 0.552734 0.019531 0.019531
0 0.141095 0.500079 0.017501 0.021251
0 0.057346 0.808203 0.024999 0.019998
0 0.222343 0.054452 0.020002 0.024999
