0 0.631835 0.742187 0.021485 0.019531
0 0.323240 0.698242 0.021485 0.021483
0 0.835940 0.776366 0.019531 0.021483
0 0.592773 0.590821 0.017577 0.021483
0 0.249024 0.708007 0.021485 0.021483
0 0.287109 0.566407 0.019531 0.019531
0 0.847654 0.927736 0.019531 0.019531
0 0.536133 0.302733 0.017577 0.019531
0 0.564453 0.770508 0.023439 0.037111
0 0.643554 0.279298 0.021485 0.039062
0 0.760741 0.073242 0.029297 0.021483
0 0.726564 0.625000 0.023439 0.019531
0 0.762695 0.648438 0.021485 0.019531
0 0.799803 0.668945 0.029297 0.021483
0 0.360353 0.220705 0.029297 0.023438
0 0.291994 0.056642 0.025388 0.027345
0 0.077147 0.283202 0.017577 0.023438
0 0.091798 0.183594 0.019531 0.035155
0 0.140625 0.788087 0.023439 0.025390
0 0.538087 0.374999 0.017577 0.023438
0 0.533202 0.454103 0.023439 0.029297
