0 0.151369 0.800782 0.017577 0.019531
0 0.129883 0.420897 0.017577 0.017580
0 0.658201 0.348635 0.019531 0.021483
0 0.262693 0.458983 0.017577 0.015624
0 0.105467 0.885741 0.019531 0.021483
0 0.577150 0.632812 0.029297 0.019531
0 0.112306 0.725585 0.021485 0.021483
0 0.559568 0.045898 0.021485 0.017580
0 0.570311 0.902344 0.023439 0.019531
0 0.746096 0.223634 0.015623 0.017580
0 0.898437 0.203123 0.019531 0.019531
0 0.353514 0.102540 0.019531 0.017580
0 0.220705 0.339845 0.019531 0.023438
0 0.420896 0.448242 0.017577 0.017580
0 0.761719 0.479494 0.023439 0.021483
0 0.742188 0.323241 0.019531 0.017580
0 0.385742 0.085937 0.021485 0.019531
0 0.132814 0.589843 0.011720 0.007814
0 0.005860 0.607422 0.011719 0.019531
0 0.268555 0.570311 0.017577 0.019531
0 0.217773 0.605471 0.017577 0.015624
0 0.354491 0.041016 0.021485 0.023438
0 0.560545 0.577150 0.019531 0.017580
0 0.683984 0.013439 0.033752 0.021251
0 0.431487 0.810312 0.023748 0.029999
0 0.450233 0.823438 0.023748 0.026252
0 0.986484 0.562813 0.021252 0.019998
0 0.936486 0.412187 0.028750 0.021251
0 0.961485 0.433438 0.031251 0.028750
