0 0.296874 0.951171 0.019531 0.019531
0 0.738279 0.443358 0.015623 0.019531
0 0.535156 0.275392 0.019531 0.019531
0 0.498048 0.743163 0.019531 0.017580
0 0.783203 0.397461 0.015623 0.013673
0 0.782226 0.245119 0.017577 0.017580
0 0.671874 0.312498 0.019531 0.019531
0 0.464843 0.200194 0.015623 0.017580
0 0.544922 0.193360 0.019531 0.019531
0 0.665040 0.863281 0.017577 0.015624
0 0.663086 0.225584 0.017577 0.017580
0 0.934572 0.639649 0.017577 0.013673
0 0.169922 0.820311 0.015623 0.015624
0 0.543945 0.630859 0.017577 0.019531
0 0.618166 0.721680 0.017577 0.017580
0 0.590818 0.448240 0.017577 0.017580
0 0.237304 0.604493 0.017577 0.017580
0 0.221681 0.493165 0.017577 0.017580
0 0.320314 0.385744 0.019531 0.017580
0 0.414061 0.975585 0.019531 0.021483
0 0.628909 0.387696 0.015623 0.017580
0 0.488283 0.491210 0.015623 0.017580
0 0.869139 0.260743 0.019531 0.017580
0 0.899413 0.685545 0.017577 0.019531
0 0.820312 0.375978 0.015623 0.017580
0 0.574218 0.945312 0.019531 0.015624
0 0.160157 0.278319 0.019531 0.017580
0 0.384765 0.805663 0.019531 0.017580
0 0.614258 0.232422 0.017577 0.019531
0 0.033204 0.889650 0.023439 0.021483
0 0.339845 0.194336 0.015623 0.013673
0 0.913087 0.349609 0.017577 0.019531
0 0.968749 0.447265 0.015623 0.015624
0 0.867185 0.959961 0.019531 0.021483
0 0.983400 0.493165 0.017577 0.017580
0 0.625000 0.008790 0.015623 0.017580
0 0.891602 0.487307 0.017577 0.013673
0 0.150391 0.423827 0.019531 0.023438
0 0.577150 0.164063 0.017577 0.011717
0 0.512694 0.866212 0.017577 0.017580
0 0.467774 0.875002 0.017577 0.015624
0 0.562499 0.104490 0.015623 0.013673
0 0.070312 0.970702 0.015623 0.015624
0 0.230470 0.308595 0.019531 0.019531
0 0.756838 0.743163 0.017577 0.017580
0 0.303709 0.572265 0.017577 0.019531
0 0.581053 0.230467 0.017577 0.019531
0 0.199219 0.041014 0.023439 0.023438
0 0.768553 0.500975 0.017577 0.017580
0 0.791015 0.318361 0.019531 0.019531
0 0.517579 0.549803 0.015623 0.017580
0 0.124026 0.208984 0.017577 0.019531
0 0.759764 0.554686 0.015623 0.015624
0 0.385742 0.587890 0.017577 0.019531
0 0.588869 0.510741 0.013674 0.017580
0 0.708010 0.264650 0.017577 0.017580
0 0.075198 0.223633 0.017577 0.017580
0 0.946287 0.008790 0.017577 0.017580
0 0.931641 0.184570 0.019531 0.017580
0 0.414061 0.209960 0.015623 0.013673
0 0.724610 0.991211 0.019531 0.017577
0 0.764649 0.666994 0.017577 0.017580
0 0.489260 0.031249 0.017577 0.019531
0 0.462889 0.655273 0.015623 0.017580
0 0.456055 0.834960 0.013674 0.017580
0 0.697268 0.334961 0.019531 0.017580
0 0.614258 0.056642 0.017577 0.015624
0 0.260743 0.312498 0.017577 0.015624
0 0.741210 0.932615 0.017577 0.017580
0 0.953126 0.897460 0.015623 0.017580
0 0.876951 0.211915 0.015623 0.017580
0 0.362302 0.673828 0.021485 0.019531
0 0.846682 0.611328 0.017577 0.015624
0 0.131837 0.981447 0.033205 0.029297
0 0.937498 0.601562 0.015623 0.015624
0 0.981446 0.551758 0.017577 0.017580
0 0.127929 0.475586 0.017577 0.017580
0 0.880859 0.136718 0.019531 0.019531
0 0.814454 0.542969 0.019531 0.019531
0 0.465820 0.300781 0.013674 0.019531
0 0.404296 0.068359 0.015623 0.019531
0 0.989257 0.138674 0.013674 0.019531
0 0.156248 0.851564 0.015623 0.015624
0 0.727541 0.294923 0.017577 0.019531
0 0.664063 0.615235 0.015623 0.019531
0 0.979492 0.011718 0.021485 0.019531
0 0.251955 0.843750 0.019531 0.019531
0 0.464843 0.806639 0.011720 0.015624
0 0.288086 0.806639 0.021485 0.019531
0 0.668943 0.546876 0.021485 0.023438
0 0.672851 0.585938 0.017577 0.011717
0 0.282811 0.861720 0.028127 0.034373
0 0.420313 0.639842 0.015623 0.021874
0 0.374999 0.650781 0.028127 0.021874
0 0.564843 0.462502 0.020311 0.026563
0 0.855471 0.457812 0.020311 0.023438
0 0.838284 0.464844 0.014064 0.015624
0 0.892189 0.527345 0.021875 0.031248
0 0.924999 0.429689 0.015623 0.023438
0 0.465623 0.261719 0.028750 0.021251
0 0.576876 0.140470 0.018752 0.018749
0 0.480000 0.012971 0.017501 0.018749
