0 0.319334 0.962892 0.021485 0.019531
0 0.389647 0.130860 0.017577 0.019531
0 0.161131 0.266602 0.021485 0.017580
0 0.334962 0.726563 0.029297 0.023438
0 0.005861 0.249998 0.011722 0.019531
0 0.071287 0.956054 0.013674 0.013673
0 0.276369 0.864257 0.029297 0.033204
0 0.193359 0.589845 0.015623 0.015624
0 0.635740 0.922850 0.021485 0.033204
0 0.269529 0.664063 0.035154 0.031248
0 0.018556 0.425782 0.021485 0.015624
0 0.130857 0.483400 0.015623 0.017580
0 0.042967 0.506834 0.019531 0.017580
0 0.319334 0.859374 0.013674 0.019531
0 0.069338 0.521486 0.021485 0.019531
0 0.157228 0.560548 0.013674 0.015624
0 0.135743 0.374023 0.017577 0.017580
0 0.294923 0.588866 0.015623 0.021483
0 0.193359 0.621093 0.019531 0.019531
0 0.095703 0.552734 0.019531 0.019531
0 0.316641 0.055705 0.021252 0.019998
0 0.290392 0.341328 0.026249 0.026252
