0 0.845701 0.578125 0.019531 0.019531
0 0.265624 0.306641 0.019531 0.019531
0 0.032228 0.538087 0.021485 0.021483
0 0.959961 0.664064 0.029297 0.023438
0 0.501952 0.753906 0.019531 0.019531
0 0.915037 0.461914 0.017577 0.029297
0 0.919922 0.599608 0.019531 0.019531
0 0.816404 0.820313 0.023439 0.019531
0 0.835935 0.211913 0.019531 0.021483
0 0.749022 0.040040 0.021485 0.021483
0 0.340823 0.212889 0.029297 0.031248
0 0.326172 0.657226 0.019531 0.021483
0 0.226562 0.783202 0.023439 0.023438
0 0.160157 0.868165 0.019531 0.021483
0 0.073244 0.792968 0.021485 0.023438
0 0.338869 0.787109 0.021485 0.039062
0 0.541014 0.826171 0.019531 0.019531
0 0.951173 0.762695 0.019531 0.017580
0 0.976561 0.449218 0.019531 0.019531
0 0.792970 0.392580 0.015623 0.015624
0 0.838866 0.404297 0.021485 0.023438
0 0.876202 0.357785 0.029869 0.023233
