0 0.267578 0.990235 0.019531 0.019531
0 0.862306 0.607421 0.017577 0.019531
0 0.293944 0.047852 0.017577 0.017580
0 0.598631 0.234374 0.017577 0.019531
0 0.455078 0.200194 0.019531 0.021483
0 0.532226 0.725587 0.017577 0.017580
0 0.144529 0.262695 0.019531 0.017580
0 0.623047 0.750001 0.019531 0.015624
0 0.367188 0.442382 0.019531 0.017580
0 0.083987 0.554686 0.019531 0.019531
0 0.555665 0.208984 0.017577 0.019531
0 0.192385 0.572265 0.013674 0.015624
0 0.430662 0.442382 0.017577 0.017580
0 0.603516 0.942381 0.019531 0.021483
0 0.202151 0.517579 0.017577 0.015624
0 0.172854 0.991211 0.017577 0.017577
0 0.082033 0.266602 0.015623 0.017580
0 0.242190 0.123046 0.019531 0.019531
0 0.413085 0.605469 0.017577 0.019531
0 0.059570 0.078125 0.013674 0.015624
0 0.362303 0.817384 0.017577 0.017580
0 0.227539 0.317381 0.017577 0.017580
0 0.678709 0.729494 0.017577 0.017580
0 0.037108 0.274416 0.019531 0.017580
0 0.061525 0.644531 0.013674 0.019531
0 0.992189 0.478517 0.015622 0.015624
0 0.901368 0.162108 0.017577 0.015624
0 0.805667 0.639649 0.017577 0.017580
0 0.479495 0.943361 0.017577 0.019531
0 0.769530 0.829101 0.015623 0.017580
0 0.263670 0.947264 0.019531 0.015624
0 0.163088 0.675780 0.017577 0.019531
0 0.347657 0.500975 0.015623 0.017580
0 0.726565 0.921874 0.019531 0.015624
0 0.284178 0.890626 0.021485 0.011717
0 0.365234 0.707032 0.011720 0.015624
0 0.349611 0.995116 0.015623 0.009767
0 0.601562 0.834960 0.015623 0.017580
0 0.515626 0.302733 0.019531 0.015624
0 0.896483 0.462889 0.015623 0.019531
0 0.291990 0.264650 0.017577 0.017580
0 0.666017 0.215819 0.015623 0.017580
0 0.182620 0.005859 0.017577 0.011718
0 0.329103 0.737304 0.021485 0.021483
0 0.171877 0.745118 0.019531 0.017580
0 0.072267 0.960936 0.015623 0.015624
0 0.503906 0.460937 0.019531 0.019531
0 0.359377 0.138674 0.019531 0.015624
0 0.859375 0.061525 0.019531 0.017580
0 0.802735 0.471679 0.019531 0.017580
0 0.833009 0.114256 0.017577 0.017580
0 0.155272 0.602538 0.017577 0.017580
0 0.266601 0.308595 0.021485 0.019531
0 0.319337 0.094725 0.017577 0.017580
0 0.446290 0.267578 0.017577 0.015624
0 0.806639 0.509765 0.019531 0.019531
0 0.945311 0.080076 0.015623 0.015624
0 0.991212 0.827150 0.013674 0.017580
0 0.832032 0.244139 0.015623 0.015624
0 0.393554 0.086915 0.017577 0.017580
0 0.557619 0.019532 0.017577 0.015624
0 0.952150 0.683594 0.017577 0.015624
0 0.174803 0.704101 0.017577 0.017580
0 0.800781 0.024414 0.019531 0.013673
0 0.714845 0.903319 0.019531 0.009766
0 0.872071 0.499024 0.021485 0.013673
0 0.631835 0.172853 0.013674 0.013673
0 0.388673 0.531252 0.027343 0.031248
0 0.968750 0.392969 0.031251 0.018749
0 0.974217 0.414843 0.026563 0.018749
0 0.553751 0.259843 0.020002 0.017500
