0 0.658204 0.973633 0.015623 0.017580
0 0.130858 0.595704 0.019531 0.019531
0 0.573240 0.333985 0.021485 0.019531
0 0.328124 0.757811 0.031251 0.023438
0 0.547852 0.209960 0.017577 0.017580
0 0.446288 0.542969 0.017577 0.019531
0 0.071288 0.172853 0.021485 0.017580
0 0.188475 0.497072 0.017577 0.017580
0 0.544920 0.450196 0.019531 0.017580
0 0.195314 0.886719 0.015623 0.015624
0 0.710940 0.916015 0.019531 0.015624
0 0.797853 0.078125 0.017577 0.015624
0 0.483401 0.266602 0.021485 0.017580
0 0.509766 0.425782 0.019531 0.015624
0 0.994139 0.173829 0.011721 0.019531
0 0.382814 0.857422 0.019531 0.019531
0 0.714843 0.830077 0.007811 0.011717
0 0.137693 0.533203 0.017577 0.019531
0 0.693358 0.858398 0.015623 0.021483
0 0.659181 0.555665 0.021485 0.021483
0 0.074219 0.018556 0.019531 0.021483
0 0.021721 0.480780 0.021252 0.024999
0 0.222343 0.853280 0.020002 0.024999
0 0.055346 0.010671 0.013998 0.021343
