0 0.229493 0.032225 0.021485 0.021483
0 0.356445 0.071291 0.029297 0.021483
0 0.253904 0.547852 0.015623 0.017580
0 0.591796 0.191405 0.019531 0.019531
0 0.469729 0.360351 0.021485 0.021483
0 0.747068 0.260743 0.021485 0.021483
0 0.495117 0.504882 0.021485 0.029297
0 0.479494 0.640625 0.021485 0.023438
0 0.421873 0.790039 0.042970 0.021483
0 0.606447 0.352540 0.021485 0.029297
0 0.791992 0.089842 0.029297 0.019531
0 0.823243 0.074218 0.029297 0.031248
0 0.695314 0.897460 0.039062 0.048828
0 0.970704 0.330078 0.039062 0.042969
0 0.864260 0.991211 0.037108 0.017579
0 0.169923 0.764649 0.023439 0.025390
0 0.105467 0.330078 0.031251 0.023438
0 0.120118 0.040039 0.021485 0.025390
