0 0.161134 0.032225 0.021485 0.021483
0 0.288086 0.071291 0.029297 0.021483
0 0.185545 0.547852 0.015623 0.017580
0 0.523436 0.191405 0.019531 0.019531
0 0.401369 0.360351 0.021485 0.021483
0 0.678708 0.260743 0.021485 0.021483
0 0.426758 0.504882 0.021485 0.029297
0 0.411135 0.640625 0.021485 0.023438
0 0.353514 0.790039 0.042970 0.021483
0 0.538087 0.352540 0.021485 0.029297
0 0.723633 0.089842 0.029297 0.019531
0 0.970703 0.191405 0.023439 0.023438
0 0.754884 0.074218 0.029297 0.031248
0 0.626955 0.897460 0.039062 0.048828
0 0.902344 0.330078 0.039062 0.042969
0 0.795900 0.991211 0.037108 0.017579
0 0.101563 0.764649 0.023439 0.025390
0 0.037107 0.330078 0.031251 0.023438
0 0.051758 0.040039 0.021485 0.025390
