0 0.384765 0.659181 0.015623 0.017580
0 0.318360 0.666015 0.019531 0.019531
0 0.818358 0.778319 0.015623 0.017580
0 0.455078 0.711916 0.019531 0.017580
0 0.671874 0.826171 0.019531 0.015624
0 0.416015 0.868165 0.019531 0.021483
0 0.219727 0.117189 0.029297 0.031248
0 0.557619 0.707033 0.017577 0.015624
0 0.726564 0.903320 0.019531 0.017580
0 0.739256 0.754881 0.017577 0.017580
0 0.140625 0.943358 0.031251 0.019531
0 0.908202 0.569336 0.019531 0.017580
0 0.314451 0.690429 0.019531 0.017580
0 0.923830 0.497070 0.019531 0.017580
0 0.578127 0.358400 0.015623 0.017580
0 0.614258 0.674805 0.017577 0.017580
0 0.411135 0.776368 0.017577 0.017580
0 0.949218 0.022460 0.015623 0.017580
0 0.430666 0.942382 0.017577 0.017580
0 0.697268 0.437501 0.015623 0.015624
0 0.175779 0.693361 0.015623 0.019531
0 0.688479 0.743164 0.017577 0.017580
0 0.298829 0.547853 0.019531 0.013673
0 0.151368 0.622070 0.017577 0.017580
0 0.875979 0.825196 0.017577 0.017580
0 0.672851 0.600588 0.017577 0.017580
0 0.359376 0.339845 0.015623 0.015624
0 0.649412 0.851561 0.017577 0.019531
0 0.546876 0.640626 0.011720 0.015624
0 0.872071 0.617188 0.017577 0.023438
0 0.821289 0.928710 0.021485 0.017580
0 0.892579 0.706054 0.015623 0.013673
0 0.898436 0.847658 0.015623 0.015624
0 0.324217 0.458007 0.015623 0.017580
0 0.540042 0.462890 0.033205 0.035155
0 0.245115 0.870116 0.017577 0.017580
0 0.294920 0.945314 0.015623 0.015624
0 0.619143 0.031250 0.015623 0.015624
0 0.361330 0.699219 0.019531 0.023438
0 0.183596 0.272462 0.046874 0.037111
0 0.959961 0.929686 0.017577 0.019531
0 0.711913 0.606446 0.029297 0.029297
0 0.576173 0.468749 0.035154 0.042969
0 0.130860 0.032226 0.019531 0.017580
0 0.066404 0.652343 0.023439 0.031248
0 0.041993 0.642577 0.017577 0.019531
0 0.053712 0.841796 0.017577 0.019531
0 0.015627 0.613281 0.019531 0.019531
0 0.641600 0.755861 0.017577 0.019531
0 0.853517 0.927734 0.019531 0.019531
0 0.864259 0.983400 0.017577 0.017580
0 0.344725 0.874999 0.017577 0.031248
0 0.371096 0.878906 0.023439 0.019531
0 0.133791 0.596681 0.017577 0.013673
0 0.170899 0.352538 0.017577 0.017580
0 0.176756 0.198240 0.033205 0.021483
0 0.023439 0.156251 0.035154 0.039062
