0 0.906251 0.335936 0.023439 0.015624
0 0.259765 0.031248 0.015623 0.019531
0 0.108396 0.772459 0.017577 0.017580
0 0.389648 0.065428 0.017577 0.017580
0 0.390625 0.215822 0.015623 0.017580
0 0.978513 0.295898 0.015623 0.017580
0 0.091796 0.613283 0.031251 0.023438
0 0.086916 0.321288 0.017577 0.021483
0 0.237303 0.533203 0.017577 0.015624
0 0.370117 0.606445 0.017577 0.017580
0 0.048826 0.373047 0.019531 0.015624
0 0.583006 0.653321 0.017577 0.021483
0 0.054688 0.295898 0.015623 0.017580
0 0.492189 0.713866 0.019531 0.021483
0 0.484373 0.563475 0.019531 0.017580
0 0.211914 0.042969 0.013674 0.015624
0 0.310547 0.042969 0.015623 0.015624
0 0.296873 0.709963 0.015623 0.017580
0 0.983399 0.358399 0.017577 0.017580
0 0.529297 0.215822 0.015623 0.017580
0 0.755860 0.657228 0.015623 0.017580
0 0.675781 0.158205 0.023439 0.031248
0 0.242188 0.115235 0.019531 0.019531
0 0.075196 0.510741 0.029297 0.021483
0 0.399414 0.358399 0.017577 0.017580
0 0.993165 0.182619 0.013670 0.017580
0 0.608399 0.334961 0.017577 0.017580
0 0.098631 0.519530 0.013674 0.015624
0 0.518555 0.466796 0.021485 0.019531
0 0.622073 0.668945 0.017577 0.017580
0 0.601565 0.951171 0.019531 0.019531
0 0.992188 0.648438 0.015624 0.015624
0 0.982422 0.985350 0.015623 0.017580
0 0.549806 0.585938 0.017577 0.019531
0 0.005859 0.230471 0.011718 0.019531
0 0.724609 0.306640 0.019531 0.019531
0 0.815430 0.461913 0.017577 0.017580
0 0.374998 0.755859 0.015623 0.015624
0 0.573240 0.297850 0.017577 0.017580
0 0.458984 0.682618 0.019531 0.017580
0 0.445311 0.112304 0.019531 0.017580
0 0.085939 0.469727 0.015623 0.017580
0 0.276365 0.312498 0.021485 0.019531
0 0.792968 0.153322 0.011720 0.013673
0 0.640627 0.338868 0.019531 0.021483
0 0.929686 0.178712 0.015623 0.021483
0 0.424802 0.211915 0.013674 0.017580
0 0.702146 0.156249 0.017577 0.019531
0 0.249999 0.304688 0.019531 0.019531
0 0.542971 0.476561 0.015623 0.019531
0 0.855469 0.331054 0.019531 0.021483
0 0.338866 0.489258 0.021485 0.017580
0 0.469727 0.132811 0.017577 0.019531
0 0.369140 0.498048 0.015623 0.019531
0 0.971679 0.095704 0.017577 0.019531
0 0.972342 0.614923 0.027500 0.027501
0 0.221720 0.138673 0.023748 0.024999
0 0.292970 0.190546 0.023748 0.026252
0 0.434841 0.271796 0.020002 0.021251
0 0.195471 0.502422 0.023748 0.024999
0 0.218592 0.494296 0.020002 0.031248
0 0.064843 0.462422 0.022498 0.017500
