0 0.292967 0.112306 0.019531 0.017580
0 0.217774 0.064454 0.013674 0.019531
0 0.666995 0.085937 0.017577 0.019531
0 0.831055 0.574218 0.029297 0.035155
0 0.492186 0.316407 0.019531 0.019531
0 0.937499 0.788085 0.019531 0.017580
0 0.418947 0.467773 0.017577 0.013673
0 0.208008 0.210937 0.029297 0.023438
0 0.914065 0.508791 0.019531 0.017580
0 0.813478 0.114257 0.021485 0.017580
0 0.778319 0.277345 0.017577 0.019531
0 0.481444 0.546873 0.029297 0.019531
0 0.389650 0.505859 0.017577 0.015624
0 0.356446 0.025392 0.017577 0.019531
0 0.544922 0.160158 0.015623 0.015624
0 0.320314 0.558594 0.042971 0.031248
0 0.319337 0.063478 0.017577 0.013673
0 0.762499 0.099218 0.018752 0.020313
0 0.742967 0.114064 0.023439 0.031248
0 0.807813 0.182032 0.021875 0.023438
0 0.828908 0.175000 0.017187 0.021874
0 0.528125 0.050781 0.021875 0.023438
