0 0.788084 0.609376 0.033205 0.031248
0 0.946287 0.903319 0.013674 0.017580
0 0.166991 0.743163 0.033205 0.021483
0 0.710937 0.665038 0.015623 0.013673
0 0.606447 0.444337 0.021485 0.021483
0 0.760742 0.920898 0.017577 0.013673
0 0.287109 0.454103 0.019531 0.017580
0 0.035154 0.973633 0.019531 0.021483
0 0.842774 0.672852 0.017577 0.013673
0 0.379885 0.245119 0.017577 0.017580
0 0.040039 0.363282 0.021485 0.023438
0 0.313475 0.754884 0.029297 0.029297
0 0.337891 0.790039 0.031251 0.029297
0 0.206054 0.369140 0.017577 0.011717
