0 0.194334 0.013673 0.017577 0.019531
0 0.101564 0.634766 0.023439 0.019531
0 0.609373 0.050780 0.031251 0.023438
0 0.939453 0.791015 0.019531 0.019531
0 0.148438 0.815429 0.019531 0.021483
0 0.892579 0.633790 0.035154 0.029297
0 0.914065 0.046877 0.023439 0.023438
0 0.263670 0.201170 0.019531 0.019531
0 0.196288 0.638673 0.017577 0.015624
0 0.440427 0.563476 0.017577 0.017580
0 0.821289 0.115236 0.017577 0.019531
0 0.285155 0.430665 0.015623 0.017580
0 0.043948 0.658204 0.017577 0.019531
0 0.779296 0.542969 0.019531 0.015624
0 0.668944 0.822267 0.017577 0.015624
0 0.649412 0.612304 0.017577 0.017580
0 0.946288 0.657228 0.017577 0.021483
0 0.197265 0.189453 0.019531 0.019531
0 0.182620 0.778322 0.013674 0.017580
0 0.303709 0.993163 0.017577 0.013674
0 0.088867 0.339844 0.017577 0.015624
0 0.417970 0.438475 0.023439 0.013673
0 0.187500 0.872071 0.019531 0.017580
0 0.812501 0.375975 0.019531 0.017580
0 0.960938 0.176757 0.015623 0.017580
0 0.060548 0.422851 0.015623 0.017580
0 0.722657 0.100587 0.019531 0.017580
0 0.489260 0.567383 0.017577 0.017580
0 0.436524 0.799805 0.013674 0.017580
0 0.897460 0.418944 0.017577 0.013673
0 0.845701 0.253905 0.023439 0.023438
0 0.406250 0.962892 0.019531 0.019531
0 0.726565 0.827150 0.015623 0.017580
0 0.271487 0.363282 0.019531 0.015624
0 0.060548 0.940430 0.015623 0.013673
0 0.471678 0.697266 0.017577 0.019531
0 0.733399 0.195312 0.021485 0.015624
0 0.032228 0.800781 0.017577 0.015624
0 0.326172 0.689452 0.019531 0.019531
0 0.330080 0.419924 0.015623 0.015624
0 0.118164 0.535155 0.017577 0.019531
0 0.799804 0.966795 0.021485 0.019531
0 0.906248 0.355468 0.015623 0.015624
0 0.757811 0.216798 0.015623 0.015624
0 0.034182 0.711915 0.021485 0.017580
0 0.030274 0.764649 0.017577 0.017580
0 0.171877 0.987306 0.019531 0.013673
0 0.028320 0.979492 0.021485 0.017580
0 0.945624 0.034453 0.026249 0.022500
0 0.408751 0.762576 0.027500 0.023749
0 0.171249 0.592579 0.017501 0.023749
0 0.191251 0.601327 0.017501 0.026252
0 0.348123 0.403202 0.013750 0.017500
0 0.439374 0.767577 0.018752 0.021251
0 0.209998 0.305080 0.030000 0.023749
