0 0.006836 0.419921 0.013672 0.023438
0 0.513669 0.183592 0.023439 0.023438
0 0.389648 0.258789 0.029297 0.033204
0 0.069334 0.156251 0.017577 0.031248
0 0.769533 0.777344 0.023439 0.031248
0 0.404299 0.942382 0.019531 0.017580
0 0.547852 0.451173 0.021485 0.019531
0 0.855469 0.271486 0.023439 0.023438
0 0.837892 0.697264 0.015623 0.015624
0 0.834961 0.202147 0.017577 0.017580
0 0.494138 0.497070 0.031251 0.033204
0 0.413088 0.757813 0.021485 0.019531
0 0.531252 0.004884 0.019531 0.009767
0 0.291016 0.289062 0.019531 0.019531
0 0.269530 0.540039 0.023439 0.021483
0 0.959959 0.299803 0.017577 0.017580
0 0.382814 0.337890 0.019531 0.019531
0 0.279686 0.569533 0.026563 0.023438
