0 0.503905 0.986329 0.023439 0.027343
0 0.098632 0.587890 0.021485 0.019531
0 0.256835 0.848632 0.021485 0.021483
0 0.425781 0.883788 0.023439 0.021483
0 0.177733 0.867188 0.019531 0.031248
0 0.585938 0.994141 0.023439 0.011719
0 0.644531 0.945312 0.023439 0.019531
0 0.360353 0.826170 0.021485 0.023438
0 0.138671 0.677735 0.019531 0.019531
0 0.515625 0.825194 0.031251 0.021483
0 0.036135 0.680662 0.013674 0.013673
0 0.126951 0.879884 0.019531 0.021483
0 0.633789 0.781249 0.029297 0.023438
0 0.356444 0.954102 0.021485 0.017580
0 0.056638 0.623049 0.019531 0.015624
0 0.806643 0.952147 0.019531 0.021483
0 0.115237 0.806639 0.031251 0.023438
0 0.432615 0.993164 0.017577 0.013672
0 0.427735 0.779298 0.023439 0.023438
0 0.390626 0.597655 0.023439 0.019531
0 0.213869 0.985350 0.017577 0.017580
0 0.114260 0.916015 0.021485 0.019531
0 0.190430 0.742187 0.033205 0.031248
0 0.167968 0.465820 0.023439 0.021483
0 0.377930 0.708983 0.021485 0.023438
0 0.698244 0.774415 0.021485 0.021483
0 0.034181 0.583983 0.037108 0.023438
0 0.171876 0.415041 0.019531 0.013673
0 0.416015 0.638673 0.035154 0.023438
0 0.123048 0.380861 0.023439 0.019531
0 0.777346 0.898436 0.019531 0.011717
0 0.464843 0.285157 0.015623 0.015624
0 0.466797 0.301757 0.015623 0.029297
0 0.444335 0.301757 0.021485 0.037111
0 0.293943 0.800780 0.029297 0.019531
0 0.318359 0.809570 0.035154 0.021483
0 0.588869 0.864256 0.033205 0.033204
0 0.724610 0.446289 0.023439 0.029297
0 0.019920 0.534376 0.031251 0.029688
