0 0.141600 0.398437 0.029297 0.031248
0 0.278318 0.363282 0.029297 0.031248
0 0.562501 0.076174 0.035154 0.035155
0 0.600587 0.864257 0.021485 0.037111
0 0.647460 0.345702 0.021485 0.031248
0 0.529296 0.696291 0.031251 0.033204
0 0.648437 0.183595 0.019531 0.031248
0 0.514651 0.844726 0.033205 0.037111
0 0.713865 0.711915 0.021485 0.033204
0 0.577147 0.526369 0.029297 0.029297
0 0.699219 0.295899 0.023439 0.029297
0 0.558593 0.219726 0.031251 0.033204
0 0.676757 0.135743 0.033205 0.033204
0 0.385744 0.099608 0.029297 0.023438
0 0.416018 0.100587 0.023439 0.029297
0 0.400390 0.131836 0.019531 0.021483
0 0.244141 0.684570 0.015623 0.021483
