0 0.909179 0.048828 0.048828 0.046876
0 0.924807 0.144532 0.041016 0.042969
0 0.881837 0.181639 0.037108 0.042969
0 0.770507 0.128905 0.056639 0.046876
0 0.720702 0.113280 0.042970 0.050779
0 0.651366 0.065428 0.060548 0.056642
0 0.536134 0.061525 0.037108 0.041014
0 0.461912 0.076174 0.060548 0.042969
0 0.535157 0.153318 0.035154 0.041014
0 0.422850 0.143553 0.029297 0.029297
0 0.340822 0.190429 0.029297 0.041014
0 0.289063 0.129884 0.023439 0.033204
0 0.219727 0.105470 0.037108 0.042969
0 0.166991 0.132811 0.037108 0.023438
0 0.191408 0.179688 0.058593 0.050779
0 0.286132 0.015624 0.044920 0.031249
0 0.725588 0.181639 0.037108 0.042969
0 0.692383 0.226564 0.037108 0.042969
