0 0.791015 0.006837 0.019531 0.013673
0 0.708987 0.099608 0.015623 0.023438
0 0.724610 0.096680 0.019531 0.029297
0 0.636720 0.078125 0.023439 0.023438
0 0.098632 0.297850 0.021485 0.013673
0 0.098632 0.326171 0.021485 0.023438
0 0.200196 0.319337 0.021485 0.013673
0 0.200196 0.342775 0.021485 0.029297
0 0.216795 0.381837 0.019531 0.013673
0 0.274412 0.423827 0.044920 0.023438
0 0.389649 0.383789 0.029297 0.029297
0 0.367187 0.279299 0.023439 0.023438
0 0.330079 0.289064 0.019531 0.023438
0 0.291994 0.259764 0.021485 0.023438
0 0.342776 0.229491 0.021485 0.021483
0 0.310548 0.209960 0.019531 0.021483
0 0.302736 0.184571 0.019531 0.013673
0 0.337890 0.170898 0.019531 0.021483
0 0.930664 0.271485 0.017577 0.023438
0 0.904298 0.293947 0.019531 0.021483
0 0.876956 0.334961 0.023439 0.029297
0 0.959960 0.165039 0.017577 0.021483
0 0.858396 0.082032 0.029297 0.015624
0 0.836916 0.102539 0.013674 0.021483
0 0.060546 0.494141 0.031251 0.031248
0 0.124025 0.468751 0.033205 0.023438
0 0.261720 0.460937 0.031251 0.042969
0 0.264646 0.512696 0.021485 0.029297
0 0.250977 0.561524 0.021485 0.017580
0 0.266600 0.593748 0.033205 0.035155
0 0.411135 0.536135 0.021485 0.029297
0 0.524413 0.338868 0.029297 0.029297
0 0.644531 0.347658 0.023439 0.031248
0 0.757815 0.448241 0.023439 0.033204
0 0.662108 0.263671 0.031251 0.035155
0 0.683593 0.254881 0.039062 0.033204
0 0.669920 0.209960 0.015623 0.013673
0 0.643554 0.194336 0.021485 0.021483
0 0.582029 0.085939 0.039062 0.031248
0 0.510744 0.062501 0.021485 0.023438
0 0.466797 0.071291 0.019531 0.021483
0 0.393553 0.046877 0.029297 0.031248
0 0.486672 0.408954 0.022999 0.027998
