0 0.624025 0.048828 0.029297 0.031248
0 0.659179 0.104490 0.029297 0.029297
0 0.398440 0.086915 0.023439 0.029297
0 0.390623 0.147460 0.023439 0.029297
0 0.268556 0.106446 0.029297 0.029297
0 0.208009 0.079101 0.029297 0.029297
0 0.169924 0.052735 0.023439 0.023438
0 0.178712 0.215819 0.029297 0.029297
0 0.048829 0.192384 0.023439 0.029297
0 0.139650 0.385744 0.029297 0.029297
0 0.125976 0.418944 0.029297 0.029297
0 0.185547 0.513672 0.023439 0.023438
0 0.367189 0.596679 0.023439 0.029297
0 0.428709 0.636717 0.033205 0.035155
0 0.517576 0.632814 0.019531 0.031248
0 0.557615 0.507813 0.029297 0.031248
0 0.586912 0.393554 0.029297 0.021483
0 0.564454 0.312498 0.019531 0.023438
0 0.504884 0.266602 0.029297 0.033204
0 0.345704 0.260743 0.023439 0.029297
0 0.400389 0.263671 0.023439 0.031248
0 0.370115 0.334961 0.029297 0.029297
0 0.281248 0.348633 0.023439 0.029297
0 0.406251 0.432616 0.023439 0.029297
0 0.258791 0.633790 0.033205 0.033204
0 0.166992 0.649414 0.021485 0.029297
0 0.101565 0.646483 0.023439 0.031248
0 0.112302 0.705076 0.029297 0.031248
0 0.156250 0.789063 0.031251 0.031248
0 0.177735 0.851564 0.023439 0.031248
0 0.216797 0.821287 0.023439 0.029297
0 0.278322 0.847657 0.021485 0.035155
0 0.414063 0.836915 0.023439 0.033204
0 0.498044 0.913084 0.031251 0.033204
0 0.020509 0.962892 0.021485 0.031248
0 0.706052 0.937498 0.029297 0.039062
0 0.965820 0.931640 0.037108 0.023438
0 0.980470 0.976563 0.039061 0.046874
0 0.922854 0.770508 0.033205 0.037111
0 0.976562 0.423827 0.046874 0.023438
0 0.974608 0.392578 0.035154 0.023438
0 0.885741 0.503906 0.041016 0.035155
0 0.754880 0.496093 0.033205 0.062500
0 0.697264 0.529296 0.023439 0.023438
0 0.667967 0.491210 0.023439 0.021483
0 0.928711 0.671876 0.033205 0.035155
0 0.020312 0.828281 0.023748 0.027501
0 0.247810 0.827032 0.013750 0.024999
0 0.384685 0.663280 0.020002 0.015001
0 0.384685 0.686407 0.017501 0.018749
0 0.405937 0.733279 0.024999 0.027501
0 0.308439 0.537657 0.020002 0.023749
0 0.329063 0.548907 0.018751 0.021251
0 0.290315 0.391405 0.033752 0.033750
0 0.438859 0.116614 0.015233 0.022155
0 0.413936 0.129079 0.018002 0.019387
0 0.577328 0.222547 0.037387 0.029080
0 0.633411 0.182387 0.027692 0.029080
0 0.637567 0.219084 0.036004 0.027694
0 0.716491 0.217698 0.036004 0.027694
0 0.715803 0.154002 0.029079 0.022155
0 0.745570 0.085460 0.022153 0.020769
0 0.728955 0.101385 0.016615 0.019387
0 0.906198 0.173388 0.019384 0.022155
