0 0.084963 0.141601 0.029297 0.033204
0 0.031250 0.872070 0.031251 0.037111
0 0.546876 0.060545 0.035154 0.035155
0 0.667971 0.048828 0.035154 0.035155
0 0.210939 0.008788 0.031251 0.017576
0 0.129883 0.036131 0.029297 0.029297
0 0.780272 0.182619 0.037108 0.037111
0 0.015626 0.583007 0.031253 0.033204
0 0.012695 0.505858 0.025390 0.031248
0 0.063478 0.433592 0.029297 0.031248
0 0.046873 0.377930 0.031251 0.029297
0 0.045896 0.300781 0.029297 0.031248
0 0.136717 0.204101 0.023439 0.029297
0 0.125975 0.581055 0.033205 0.033204
0 0.093752 0.604493 0.031251 0.033204
0 0.145506 0.619142 0.033205 0.035155
0 0.214842 0.648438 0.031251 0.035155
0 0.201173 0.703125 0.023439 0.035155
0 0.198242 0.769532 0.029297 0.035155
0 0.440432 0.348633 0.033205 0.033204
0 0.362302 0.450196 0.033205 0.037111
0 0.590818 0.491210 0.033205 0.033204
0 0.229493 0.050780 0.033205 0.023438
0 0.226561 0.085939 0.023439 0.023438
0 0.225584 0.125977 0.029297 0.029297
0 0.214842 0.163088 0.031251 0.033204
0 0.026365 0.153322 0.021485 0.029297
0 0.410158 0.160156 0.031251 0.031248
0 0.392576 0.231447 0.031251 0.033204
0 0.427735 0.129884 0.023439 0.021483
0 0.443358 0.214843 0.023439 0.019531
0 0.557619 0.247071 0.029297 0.021483
0 0.593750 0.192384 0.031251 0.029297
0 0.440624 0.095313 0.021875 0.023438
0 0.458596 0.074218 0.023439 0.024999
0 0.480471 0.054687 0.026563 0.029688
0 0.864841 0.142968 0.029687 0.031248
0 0.620312 0.228906 0.024999 0.021874
0 0.278123 0.233596 0.021875 0.018749
0 0.196095 0.230467 0.020311 0.024999
0 0.275779 0.203126 0.026563 0.026563
