0 0.007812 0.352540 0.015623 0.029297
0 0.160155 0.083983 0.023439 0.023438
0 0.641604 0.900391 0.029297 0.023438
0 0.204103 0.065428 0.021485 0.021483
0 0.249022 0.319337 0.029297 0.029297
0 0.141601 0.843750 0.029297 0.023438
0 0.593748 0.940429 0.023439 0.029297
0 0.522463 0.623049 0.029297 0.023438
0 0.395506 0.667969 0.029297 0.023438
0 0.619142 0.310547 0.023439 0.023438
0 0.083985 0.839843 0.019531 0.019531
0 0.481447 0.912108 0.029297 0.023438
0 0.413088 0.559569 0.029297 0.029297
0 0.098631 0.121094 0.029297 0.023438
0 0.198240 0.137694 0.021485 0.021483
0 0.362306 0.333985 0.029297 0.023438
0 0.751951 0.991211 0.023439 0.017577
0 0.812499 0.117187 0.023439 0.023438
0 0.162109 0.163088 0.023439 0.021483
0 0.314455 0.951171 0.023439 0.023438
0 0.278319 0.676759 0.029297 0.029297
0 0.521486 0.896484 0.023439 0.023438
0 0.618165 0.737304 0.021485 0.021483
0 0.208983 0.352540 0.023439 0.021483
0 0.052734 0.464844 0.023439 0.019531
0 0.032226 0.803712 0.021485 0.021483
0 0.977541 0.702149 0.033205 0.029297
0 0.582034 0.355468 0.023439 0.023438
0 0.703123 0.257812 0.023439 0.023438
0 0.216794 0.722656 0.023439 0.023438
0 0.687501 0.864256 0.023439 0.021483
0 0.972656 0.529296 0.031251 0.023438
0 0.905274 0.364257 0.021485 0.021483
0 0.217771 0.033204 0.029297 0.031248
0 0.537109 0.763673 0.031251 0.023438
0 0.432619 0.726563 0.037108 0.023438
0 0.134767 0.501955 0.023439 0.023438
0 0.947268 0.267578 0.023439 0.031248
0 0.270508 0.723632 0.029297 0.029297
0 0.254885 0.235350 0.021485 0.021483
0 0.222657 0.764649 0.023439 0.021483
0 0.268553 0.932615 0.029297 0.029297
0 0.143555 0.733397 0.017577 0.017580
0 0.238280 0.701173 0.023439 0.011717
0 0.174841 0.586405 0.022498 0.023749
0 0.214845 0.578906 0.012499 0.021251
0 0.476718 0.797655 0.018751 0.023749
0 0.497343 0.817031 0.017501 0.019998
0 0.173596 0.320779 0.027499 0.017500
0 0.177970 0.342030 0.026249 0.022500
0 0.290398 0.089614 0.023541 0.020769
0 0.298012 0.111074 0.024923 0.019387
0 0.705807 0.084075 0.026310 0.023541
