0 0.606447 0.544921 0.029297 0.023438
0 0.514649 0.190429 0.029297 0.029297
0 0.485352 0.110353 0.029297 0.029297
0 0.622070 0.612304 0.029297 0.029297
0 0.958984 0.991211 0.023439 0.017579
0 0.769530 0.799805 0.031251 0.033204
0 0.633790 0.450196 0.029297 0.029297
0 0.626955 0.298830 0.023439 0.023438
0 0.773439 0.934571 0.031251 0.033204
0 0.569334 0.765625 0.033205 0.031248
0 0.736330 0.920898 0.039062 0.041014
0 0.906248 0.821287 0.023439 0.029297
0 0.744142 0.292967 0.023439 0.023438
0 0.701171 0.929688 0.031251 0.031248
0 0.802735 0.265626 0.023439 0.023438
0 0.318360 0.950195 0.046874 0.041014
0 0.280275 0.541993 0.033205 0.029297
0 0.776365 0.287109 0.029297 0.023438
0 0.556642 0.929688 0.031251 0.031248
0 0.866406 0.950389 0.017187 0.024999
0 0.828908 0.973049 0.023439 0.023438
0 0.482811 0.975391 0.018752 0.028123
0 0.513282 0.966017 0.020311 0.021874
0 0.895627 0.030702 0.026249 0.022500
0 0.872502 0.030079 0.020002 0.026252
