0 0.458986 0.069335 0.042970 0.048828
0 0.339845 0.174805 0.035154 0.033204
0 0.372068 0.262695 0.033205 0.033204
0 0.333006 0.339843 0.033205 0.035155
0 0.475586 0.476561 0.033205 0.031248
0 0.489260 0.524413 0.033205 0.037111
0 0.659178 0.639649 0.037108 0.041014
0 0.800781 0.448240 0.035154 0.037111
0 0.835940 0.541017 0.031251 0.042969
0 0.891602 0.602538 0.044920 0.044921
0 0.956053 0.709959 0.044920 0.044921
0 0.879882 0.728514 0.037108 0.050779
0 0.831055 0.735353 0.021485 0.029297
0 0.812501 0.774415 0.035154 0.041014
0 0.909179 0.847657 0.048828 0.046876
0 0.924807 0.943361 0.041016 0.042969
0 0.881837 0.979491 0.037108 0.041017
0 0.770507 0.927733 0.056639 0.046876
0 0.720702 0.912108 0.042970 0.050779
0 0.651366 0.864256 0.060548 0.056642
0 0.543945 0.796873 0.037108 0.035155
0 0.594727 0.789063 0.033205 0.039062
0 0.536134 0.860353 0.037108 0.041014
0 0.461912 0.875002 0.060548 0.042969
0 0.535157 0.952147 0.035154 0.041014
0 0.422850 0.942381 0.029297 0.029297
0 0.340822 0.984375 0.029297 0.031250
0 0.289063 0.928712 0.023439 0.033204
0 0.219727 0.904298 0.037108 0.042969
0 0.166991 0.931640 0.037108 0.023438
0 0.191408 0.976563 0.058593 0.046874
0 0.124026 0.770508 0.033205 0.037111
0 0.220705 0.786132 0.031251 0.033204
0 0.286132 0.806639 0.044920 0.046876
0 0.415039 0.761718 0.041016 0.042969
0 0.258790 0.633790 0.029297 0.033204
0 0.309572 0.636717 0.041016 0.039062
0 0.360354 0.640624 0.033205 0.042969
0 0.337891 0.511720 0.031251 0.035155
0 0.253904 0.487307 0.039062 0.037111
0 0.267578 0.419923 0.023439 0.031248
0 0.177734 0.423827 0.046874 0.023438
0 0.175780 0.392578 0.035154 0.023438
0 0.086913 0.503906 0.041016 0.035155
0 0.129883 0.671876 0.033205 0.035155
0 0.738279 0.541993 0.039062 0.041014
0 0.873048 0.326171 0.035154 0.039062
0 0.877928 0.278319 0.033205 0.037111
0 0.827146 0.235350 0.041016 0.021483
0 0.836912 0.305664 0.037108 0.044921
0 0.725588 0.979491 0.037108 0.041017
0 0.107370 0.173388 0.019384 0.022155
