0 0.432615 0.842773 0.029297 0.029297
0 0.458009 0.537110 0.033205 0.031248
0 0.339845 0.349609 0.023439 0.023438
0 0.384765 0.427733 0.031251 0.031248
0 0.748044 0.765625 0.031251 0.023438
0 0.906248 0.702149 0.039062 0.033204
0 0.298829 0.222656 0.031251 0.031248
0 0.698245 0.643555 0.033205 0.029297
0 0.436523 0.325195 0.029297 0.029297
0 0.892579 0.788087 0.050782 0.033204
0 0.235350 0.376954 0.033205 0.039062
0 0.700194 0.061525 0.029297 0.029297
0 0.492186 0.658203 0.031251 0.023438
0 0.601561 0.081056 0.023439 0.029297
0 0.320314 0.039062 0.023439 0.019531
0 0.974612 0.331053 0.031251 0.029297
0 0.903321 0.418947 0.033205 0.029297
0 0.603515 0.465820 0.031251 0.029297
0 0.528322 0.429689 0.029297 0.023438
0 0.467774 0.588869 0.029297 0.029297
0 0.424804 0.683593 0.029297 0.023438
0 0.563476 0.899415 0.033205 0.029297
0 0.484374 0.929688 0.042970 0.031248
0 0.481443 0.953126 0.033205 0.023438
0 0.918944 0.950195 0.037108 0.033204
0 0.708010 0.830077 0.033205 0.031248
0 0.703125 0.748045 0.023439 0.023438
0 0.708982 0.712890 0.031251 0.023438
0 0.973635 0.433596 0.033205 0.023438
0 0.294530 0.118751 0.020311 0.018749
0 0.508593 0.175780 0.014064 0.020313
0 0.021095 0.882033 0.020311 0.017188
0 0.015627 0.649220 0.018752 0.020313
0 0.058593 0.700782 0.014064 0.014064
0 0.289843 0.538283 0.014064 0.020313
0 0.389063 0.585155 0.015623 0.017188
0 0.457811 0.387501 0.021875 0.021874
0 0.477342 0.403908 0.017187 0.017188
0 0.371096 0.691407 0.026563 0.029688
