0 0.305663 0.321288 0.021485 0.029297
0 0.570311 0.057618 0.046874 0.029297
0 0.195311 0.213867 0.023439 0.029297
0 0.297852 0.633790 0.021485 0.033204
0 0.311526 0.472655 0.021485 0.031248
0 0.580076 0.841798 0.023439 0.039062
0 0.166991 0.133787 0.021485 0.029297
0 0.538088 0.979492 0.033205 0.041017
0 0.504883 0.990234 0.033205 0.019532
0 0.423827 0.315430 0.023439 0.029297
0 0.455078 0.309571 0.019531 0.029297
0 0.483398 0.288085 0.029297 0.029297
0 0.245116 0.789063 0.029297 0.035155
0 0.231447 0.955078 0.033205 0.050779
0 0.443358 0.822267 0.031251 0.039062
0 0.750976 0.905274 0.033205 0.044921
0 0.679686 0.938478 0.039062 0.044921
0 0.375976 0.948244 0.029297 0.029297
0 0.416016 0.931640 0.031251 0.015624
0 0.449221 0.956054 0.023439 0.033204
0 0.282421 0.565234 0.018752 0.020313
0 0.184766 0.987696 0.026563 0.024609
