0 0.982422 0.138674 0.023439 0.031248
0 0.135744 0.177736 0.021485 0.023438
0 0.445311 0.451172 0.023439 0.023438
0 0.630861 0.065428 0.023439 0.029297
0 0.081054 0.174805 0.029297 0.029297
0 0.918943 0.074218 0.021485 0.023438
0 0.920897 0.107422 0.029297 0.031248
0 0.233399 0.201170 0.021485 0.023438
0 0.073242 0.021483 0.029297 0.031248
0 0.238280 0.335937 0.023439 0.031248
0 0.918943 0.988282 0.017577 0.023436
0 0.692381 0.369140 0.021485 0.023438
0 0.765625 0.993164 0.019531 0.013672
0 0.601565 0.301757 0.023439 0.029297
0 0.839841 0.354492 0.019531 0.021483
0 0.043945 0.193360 0.029297 0.031248
0 0.390625 0.390627 0.031251 0.031248
0 0.466796 0.565431 0.023439 0.029297
0 0.233399 0.582031 0.021485 0.023438
0 0.679689 0.055663 0.015623 0.021483
0 0.339843 0.710939 0.023439 0.023438
0 0.978513 0.213867 0.023439 0.021483
0 0.218749 0.250978 0.023439 0.029297
0 0.125978 0.074218 0.029297 0.031248
0 0.221680 0.132811 0.021485 0.023438
0 0.657227 0.923829 0.029297 0.031248
0 0.678712 0.814453 0.029297 0.023438
0 0.183594 0.217774 0.023439 0.029297
0 0.913086 0.648438 0.029297 0.031248
0 0.657227 0.869139 0.017577 0.023438
0 0.285938 0.115627 0.020311 0.020313
0 0.266407 0.139843 0.028127 0.024999
