0 0.989259 0.336916 0.021482 0.033204
0 0.197263 0.779297 0.023439 0.023438
0 0.162109 0.867187 0.023439 0.023438
0 0.255862 0.888670 0.019531 0.019531
0 0.312501 0.977540 0.023439 0.029297
0 0.321289 0.632814 0.029297 0.023438
0 0.326170 0.802735 0.019531 0.019531
0 0.349609 0.869139 0.023439 0.023438
0 0.554686 0.796877 0.035154 0.035155
0 0.506835 0.713866 0.033205 0.029297
0 0.656250 0.648438 0.023439 0.023438
0 0.682615 0.676759 0.029297 0.029297
0 0.809573 0.528320 0.029297 0.029297
0 0.729494 0.746094 0.021485 0.023438
0 0.842773 0.796877 0.029297 0.023438
0 0.792968 0.847656 0.023439 0.023438
0 0.832030 0.901367 0.023439 0.021483
0 0.858400 0.933595 0.029297 0.023438
0 0.923828 0.847656 0.023439 0.023438
0 0.942382 0.879884 0.029297 0.029297
0 0.918943 0.726562 0.029297 0.023438
0 0.944336 0.704100 0.021485 0.021483
0 0.974610 0.727538 0.023439 0.021483
0 0.716797 0.893557 0.031251 0.029297
0 0.720706 0.966798 0.023439 0.023438
0 0.694335 0.992188 0.021485 0.015624
0 0.616210 0.958009 0.037108 0.037111
0 0.575194 0.955077 0.021485 0.023438
0 0.537109 0.957033 0.023439 0.023438
0 0.620119 0.989257 0.029297 0.021486
0 0.941405 0.947267 0.035154 0.023438
0 0.955079 0.994140 0.023439 0.011721
