0 0.547850 0.260743 0.029297 0.029297
0 0.114257 0.781249 0.021485 0.023438
0 0.481446 0.065428 0.029297 0.029297
0 0.183593 0.937502 0.023439 0.031248
0 0.633791 0.256836 0.017577 0.017580
0 0.120115 0.873046 0.021485 0.023438
0 0.517577 0.712890 0.023439 0.023438
0 0.397459 0.022463 0.021485 0.029297
0 0.122069 0.906250 0.029297 0.031248
0 0.130857 0.556641 0.023439 0.023438
0 0.587890 0.131835 0.023439 0.029297
0 0.852537 0.235353 0.029297 0.029297
0 0.140623 0.748045 0.019531 0.023438
0 0.212890 0.862305 0.023439 0.029297
0 0.057618 0.641600 0.021485 0.029297
0 0.424806 0.214843 0.029297 0.023438
0 0.006835 0.761718 0.013671 0.023438
0 0.728516 0.920898 0.023439 0.029297
0 0.500000 0.244139 0.023439 0.023438
0 0.407224 0.309571 0.029297 0.029297
0 0.738281 0.856446 0.023439 0.021483
0 0.464846 0.383788 0.023439 0.029297
0 0.091795 0.416992 0.023439 0.029297
0 0.814452 0.947267 0.023439 0.031248
0 0.384767 0.774415 0.023439 0.029297
0 0.140623 0.056642 0.023439 0.023438
0 0.451172 0.717773 0.019531 0.021483
0 0.053710 0.297850 0.029297 0.029297
0 0.614260 0.650390 0.021485 0.023438
0 0.274415 0.610352 0.021485 0.029297
0 0.053710 0.417968 0.021485 0.023438
0 0.750978 0.164063 0.021485 0.031248
0 0.958009 0.270509 0.029297 0.029297
0 0.628906 0.366213 0.023439 0.029297
0 0.291015 0.537110 0.019531 0.019531
0 0.165039 0.558593 0.021485 0.023438
0 0.651368 0.800780 0.021485 0.023438
0 0.674610 0.808203 0.020311 0.020313
0 0.862110 0.701173 0.017187 0.024999
0 0.876953 0.728514 0.028127 0.020313
