0 0.682615 0.785156 0.021485 0.023438
0 0.913086 0.781249 0.021485 0.023438
0 0.982422 0.937502 0.023439 0.031248
0 0.223634 0.330078 0.029297 0.031248
0 0.135744 0.976564 0.021485 0.023438
0 0.630861 0.864256 0.023439 0.029297
0 0.081054 0.973633 0.029297 0.029297
0 0.918943 0.873046 0.021485 0.023438
0 0.920897 0.906250 0.029297 0.031248
0 0.399414 0.482424 0.029297 0.031248
0 0.228514 0.729494 0.031251 0.033204
0 0.393557 0.611327 0.021485 0.023438
0 0.929686 0.556641 0.023439 0.023438
0 0.939451 0.748045 0.019531 0.023438
0 0.233399 0.994140 0.021485 0.011721
0 0.856446 0.641600 0.021485 0.029297
0 0.743163 0.468751 0.029297 0.031248
0 0.291016 0.440430 0.023439 0.029297
0 0.073242 0.820311 0.029297 0.031248
0 0.800779 0.761718 0.023439 0.023438
0 0.568360 0.708007 0.023439 0.029297
0 0.698243 0.738280 0.021485 0.023438
0 0.418945 0.534179 0.021485 0.029297
0 0.621096 0.434572 0.023439 0.021483
0 0.890623 0.416992 0.023439 0.029297
0 0.746094 0.434572 0.023439 0.029297
0 0.043945 0.988282 0.029297 0.023436
0 0.345701 0.729494 0.023439 0.029297
0 0.939451 0.056642 0.023439 0.023438
0 0.715820 0.376954 0.021485 0.019531
0 0.226565 0.473634 0.023439 0.029297
0 0.852538 0.297850 0.029297 0.029297
0 0.455076 0.790039 0.023439 0.029297
0 0.722655 0.051759 0.023439 0.029297
0 0.679689 0.854491 0.015623 0.021483
0 0.852538 0.417968 0.021485 0.023438
0 0.695312 0.434572 0.023439 0.029297
0 0.264650 0.264650 0.021485 0.021483
0 0.314455 0.643555 0.042971 0.041014
0 0.125978 0.873046 0.029297 0.031248
0 0.221680 0.931639 0.021485 0.023438
0 0.963868 0.558593 0.021485 0.023438
0 0.192383 0.476561 0.033205 0.031248
0 0.295314 0.344924 0.032810 0.028123
0 0.285938 0.914455 0.020311 0.020313
0 0.266407 0.938671 0.028127 0.024999
