0 0.553710 0.601562 0.029297 0.023438
0 0.636720 0.238281 0.035154 0.035155
0 0.432615 0.466796 0.021485 0.023438
0 0.377930 0.497072 0.029297 0.029297
0 0.361330 0.531251 0.019531 0.019531
0 0.089843 0.322264 0.035154 0.035155
0 0.730467 0.319336 0.023439 0.021483
0 0.809569 0.390626 0.033205 0.031248
0 0.944338 0.870119 0.021485 0.021483
0 0.703125 0.539062 0.015623 0.015624
0 0.118163 0.208008 0.021485 0.017580
0 0.671874 0.219725 0.023439 0.021483
0 0.796877 0.267577 0.039062 0.035155
0 0.121094 0.159180 0.019531 0.017580
0 0.222658 0.251953 0.015623 0.019531
0 0.714845 0.363281 0.023439 0.023438
0 0.780272 0.527344 0.013674 0.019531
