0 0.381838 0.715821 0.021485 0.021483
0 0.553710 0.589845 0.021485 0.023438
0 0.287109 0.670897 0.023439 0.021483
0 0.587892 0.625976 0.023439 0.021483
0 0.377930 0.387696 0.021485 0.021483
0 0.418946 0.647463 0.021485 0.021483
0 0.913087 0.709959 0.029297 0.029297
0 0.497071 0.715821 0.021485 0.029297
0 0.654297 0.574217 0.023439 0.023438
0 0.357422 0.792970 0.023439 0.023438
0 0.544922 0.469727 0.019531 0.021483
0 0.471678 0.448240 0.021485 0.021483
0 0.647463 0.517579 0.021485 0.019531
0 0.644532 0.658204 0.023439 0.031248
0 0.759764 0.555665 0.023439 0.021483
0 0.314451 0.411134 0.019531 0.017580
0 0.258789 0.348633 0.021485 0.021483
0 0.411135 0.776366 0.021485 0.021483
0 0.808592 0.702149 0.031251 0.033204
0 0.938475 0.436523 0.037108 0.029297
0 0.239258 0.462889 0.021485 0.019531
0 0.343748 0.281250 0.019531 0.019531
0 0.331056 0.620117 0.021485 0.021483
0 0.913087 0.247071 0.029297 0.021483
0 0.507814 0.256836 0.019531 0.017580
0 0.835940 0.433592 0.023439 0.023438
0 0.501951 0.856446 0.046874 0.029297
0 0.950195 0.698242 0.033205 0.033204
0 0.430666 0.235350 0.017577 0.017580
0 0.441404 0.729494 0.023439 0.029297
0 0.941407 0.509765 0.023439 0.023438
0 0.098632 0.932615 0.021485 0.029297
0 0.837889 0.264650 0.023439 0.021483
0 0.804689 0.755859 0.031251 0.031248
0 0.683594 0.240232 0.023439 0.035155
0 0.089843 0.529296 0.019531 0.023438
0 0.944338 0.071291 0.021485 0.021483
0 0.349610 0.237305 0.019531 0.041014
