0 0.481447 0.199220 0.033205 0.035155
0 0.296873 0.181641 0.031251 0.031248
0 0.376952 0.321290 0.031251 0.033204
0 0.323244 0.254882 0.021485 0.029297
0 0.764648 0.158202 0.029297 0.031248
0 0.310547 0.955079 0.042971 0.046876
0 0.287107 0.138671 0.019531 0.023438
0 0.256834 0.490235 0.029297 0.031248
0 0.212891 0.484377 0.023439 0.031248
0 0.015626 0.756837 0.023439 0.037111
0 0.092773 0.853517 0.029297 0.039062
0 0.503904 0.914062 0.023439 0.039062
0 0.745117 0.385742 0.029297 0.033204
0 0.713866 0.400390 0.029297 0.031248
0 0.430665 0.952148 0.021485 0.044921
0 0.971679 0.868165 0.029297 0.037111
0 0.431642 0.901369 0.023439 0.033204
0 0.940428 0.682615 0.033205 0.021483
0 0.569220 0.124061 0.028750 0.027501
0 0.553592 0.105312 0.022498 0.019998
0 0.817187 0.607031 0.023439 0.023438
0 0.709963 0.899413 0.037108 0.041014
