0 0.938475 0.483400 0.033205 0.033204
0 0.338868 0.348633 0.029297 0.029297
0 0.261720 0.398437 0.023439 0.023438
0 0.851562 0.588866 0.019531 0.033204
0 0.255858 0.542969 0.023439 0.031248
0 0.745118 0.087891 0.021485 0.023438
0 0.500002 0.091798 0.023439 0.023438
0 0.425781 0.326171 0.023439 0.023438
0 0.339845 0.185546 0.023439 0.031248
0 0.296874 0.661131 0.023439 0.029297
0 0.975588 0.734373 0.021485 0.031248
0 0.918944 0.383789 0.021485 0.029297
0 0.705079 0.209960 0.019531 0.021483
0 0.205860 0.651954 0.021875 0.024999
0 0.252734 0.731639 0.034374 0.028123
0 0.908201 0.650390 0.026563 0.021874
0 0.908986 0.682421 0.021875 0.020313
0 0.901954 0.755860 0.023439 0.023438
