0 0.806641 0.007812 0.019531 0.015625
0 0.334963 0.990236 0.029297 0.019529
0 0.690432 0.011718 0.021485 0.023437
0 0.760740 0.861329 0.017577 0.019531
0 0.886720 0.109373 0.023439 0.023438
0 0.298827 0.594728 0.023439 0.021483
0 0.395506 0.791991 0.021485 0.021483
0 0.916994 0.401368 0.021485 0.021483
0 0.855469 0.354492 0.023439 0.029297
0 0.835938 0.447265 0.019531 0.019531
0 0.937502 0.833008 0.023439 0.021483
0 0.198240 0.758791 0.029297 0.029297
0 0.906251 0.628907 0.023439 0.023438
0 0.277342 0.193360 0.023439 0.023438
0 0.242188 0.846681 0.023439 0.029297
0 0.812499 0.838867 0.023439 0.021483
0 0.378906 0.932616 0.023439 0.029297
0 0.436522 0.513672 0.029297 0.035155
0 0.716797 0.730470 0.023439 0.023438
