0 0.215821 0.344726 0.029297 0.029297
0 0.319334 0.008788 0.029297 0.017576
0 0.013671 0.117187 0.023439 0.023438
0 0.178713 0.702149 0.033205 0.029297
0 0.978517 0.436523 0.031251 0.029297
0 0.379882 0.028321 0.029297 0.029297
0 0.627929 0.418944 0.029297 0.029297
0 0.173828 0.529296 0.031251 0.023438
0 0.106446 0.364257 0.021485 0.021483
0 0.847657 0.501955 0.023439 0.023438
0 0.148439 0.267578 0.023439 0.031248
0 0.925781 0.125001 0.023439 0.023438
0 0.490234 0.703125 0.031251 0.023438
0 0.685545 0.167970 0.023439 0.019531
0 0.757888 0.546405 0.026249 0.021251
0 0.470389 0.680157 0.023748 0.021251
0 0.337266 0.668907 0.024999 0.026252
