0 0.330078 0.345702 0.023439 0.023438
0 0.012695 0.471678 0.021485 0.029297
0 0.201171 0.506837 0.015623 0.017580
0 0.595702 0.742187 0.023439 0.019531
0 0.309570 0.665038 0.021485 0.029297
0 0.485350 0.563475 0.021485 0.021483
0 0.920897 0.063476 0.017577 0.017580
0 0.254885 0.385744 0.021485 0.021483
0 0.679689 0.966798 0.023439 0.023438
0 0.799807 0.313478 0.033205 0.033204
0 0.794922 0.291015 0.023439 0.015624
0 0.461916 0.260743 0.013674 0.013673
0 0.496093 0.338867 0.019531 0.017580
0 0.529297 0.332033 0.019531 0.023438
0 0.389648 0.757811 0.033205 0.031248
0 0.413088 0.756835 0.021485 0.017580
0 0.923828 0.641600 0.019531 0.017580
0 0.951171 0.626951 0.019531 0.023438
0 0.966095 0.667498 0.022498 0.024999
0 0.937345 0.681873 0.022498 0.023749
0 0.512343 0.355999 0.013998 0.013999
0 0.439342 0.243999 0.013998 0.018001
0 0.423344 0.264999 0.013998 0.018001
0 0.254343 0.323999 0.024001 0.018001
0 0.259846 0.348500 0.022999 0.021001
0 0.131344 0.387501 0.022002 0.029001
0 0.760846 0.112000 0.017000 0.021999
0 0.781845 0.118500 0.013001 0.015001
0 0.791844 0.136999 0.009001 0.013999
0 0.702344 0.032000 0.020002 0.024000
0 0.675346 0.037502 0.013998 0.016999
0 0.647846 0.042001 0.017000 0.024000
0 0.661844 0.015001 0.020999 0.016000
0 0.687845 0.011501 0.020999 0.016999
