0 0.778321 0.030273 0.029297 0.029297
0 0.968752 0.052735 0.023439 0.023438
0 0.977540 0.215819 0.029297 0.029297
0 0.847657 0.192384 0.023439 0.029297
0 0.938478 0.385744 0.029297 0.029297
0 0.924804 0.418944 0.029297 0.029297
0 0.984375 0.513672 0.023439 0.023438
0 0.227541 0.100587 0.029297 0.029297
0 0.262695 0.126953 0.029297 0.023438
0 0.294923 0.183594 0.031251 0.035155
0 0.319334 0.335937 0.029297 0.031248
0 0.341797 0.402344 0.023439 0.023438
0 0.407224 0.383789 0.021485 0.029297
0 0.451172 0.395509 0.042971 0.037111
0 0.528319 0.277343 0.029297 0.042969
0 0.633791 0.273436 0.021485 0.019531
0 0.638672 0.185546 0.023439 0.023438
0 0.655272 0.315430 0.021485 0.029297
0 0.746093 0.348633 0.019531 0.021483
0 0.788086 0.366213 0.021485 0.029297
0 0.965821 0.649414 0.021485 0.029297
0 0.900393 0.646483 0.023439 0.031248
0 0.911130 0.705076 0.029297 0.031248
0 0.955078 0.789063 0.031251 0.031248
0 0.976563 0.851564 0.023439 0.031248
0 0.025390 0.090822 0.031251 0.021483
0 0.007814 0.160156 0.015627 0.023438
0 0.010742 0.361330 0.021485 0.031248
0 0.112303 0.273436 0.029297 0.023438
0 0.147462 0.372071 0.029297 0.029297
0 0.083984 0.434572 0.019531 0.021483
0 0.171874 0.488282 0.031251 0.023438
0 0.200193 0.513672 0.029297 0.031248
0 0.324220 0.486327 0.031251 0.031248
0 0.355470 0.602538 0.023439 0.029297
0 0.399413 0.675780 0.029297 0.031248
0 0.337888 0.699218 0.023439 0.031248
0 0.384767 0.722656 0.019531 0.023438
0 0.488280 0.605469 0.023439 0.031248
0 0.526365 0.613283 0.029297 0.031248
0 0.569336 0.608400 0.021485 0.029297
0 0.635740 0.585938 0.029297 0.031248
0 0.624026 0.450196 0.029297 0.033204
0 0.668945 0.453123 0.021485 0.023438
0 0.711916 0.452147 0.021485 0.029297
0 0.693362 0.604493 0.023439 0.029297
0 0.703127 0.637697 0.019531 0.021483
0 0.787109 0.599610 0.023439 0.023438
0 0.014649 0.794922 0.029299 0.023438
0 0.123046 0.770508 0.019531 0.021483
0 0.139651 0.719728 0.021485 0.037111
0 0.123046 0.689452 0.019531 0.023438
0 0.306643 0.768556 0.023439 0.021483
0 0.361328 0.835939 0.019531 0.023438
0 0.399413 0.819336 0.021485 0.029297
0 0.539062 0.865236 0.031251 0.031248
0 0.588867 0.875977 0.021485 0.029297
0 0.600587 0.812501 0.033205 0.035155
0 0.636718 0.725587 0.031251 0.033204
0 0.689454 0.863281 0.023439 0.031248
0 0.739259 0.833984 0.029297 0.031248
0 0.789063 0.791991 0.023439 0.029297
0 0.819337 0.962892 0.021485 0.031248
0 0.715819 0.946288 0.021485 0.029297
0 0.208982 0.970702 0.031251 0.023438
0 0.167971 0.842774 0.019531 0.021483
0 0.819140 0.828281 0.023748 0.027501
0 0.577891 0.990780 0.018751 0.017500
0 0.550392 0.980783 0.021252 0.027501
0 0.307893 0.793908 0.028750 0.023749
0 0.182267 0.865156 0.020002 0.018749
0 0.118515 0.711280 0.015998 0.021001
0 0.690724 0.007765 0.031848 0.015530
