0 0.619140 0.693359 0.031251 0.031248
0 0.053709 0.235353 0.029297 0.029297
0 0.488279 0.846681 0.023439 0.029297
0 0.551758 0.730470 0.021485 0.031248
0 0.762697 0.694335 0.033205 0.033204
0 0.535158 0.582031 0.031251 0.031248
0 0.015624 0.947267 0.023439 0.031248
0 0.493164 0.334961 0.021485 0.029297
0 0.807616 0.395509 0.033205 0.029297
0 0.407228 0.043945 0.029297 0.029297
0 0.588866 0.781249 0.033205 0.031248
0 0.952151 0.940429 0.029297 0.033204
0 0.249025 0.106446 0.029297 0.029297
0 0.395509 0.936522 0.029297 0.033204
0 0.159181 0.270509 0.029297 0.029297
0 0.330076 0.269533 0.023439 0.023438
0 0.985351 0.688476 0.029297 0.029297
0 0.220706 0.950195 0.031251 0.033204
0 0.580077 0.449220 0.023439 0.023438
0 0.991211 0.834960 0.017578 0.029297
0 0.926757 0.719728 0.029297 0.033204
0 0.990235 0.734377 0.019530 0.023438
0 0.881838 0.550782 0.029297 0.031248
0 0.840821 0.356447 0.029297 0.029297
0 0.872072 0.317381 0.021485 0.021483
0 0.917969 0.276367 0.023439 0.021483
0 0.708984 0.123046 0.023439 0.023438
0 0.491210 0.375978 0.021485 0.021483
0 0.246094 0.450196 0.019531 0.021483
0 0.303710 0.596679 0.029297 0.033204
0 0.286133 0.638673 0.017577 0.031248
0 0.308596 0.641600 0.023439 0.021483
0 0.344727 0.621093 0.021485 0.031248
0 0.893552 0.952150 0.021485 0.029297
0 0.888282 0.083205 0.020311 0.017188
0 0.674999 0.335545 0.021875 0.021874
0 0.625781 0.448047 0.026563 0.024999
0 0.714061 0.938671 0.028127 0.024999
0 0.063282 0.701173 0.017187 0.024999
0 0.078125 0.728514 0.028127 0.020313
0 0.871095 0.637890 0.023439 0.023438
0 0.845312 0.622266 0.021875 0.026563
0 0.822657 0.616017 0.020311 0.020313
0 0.350002 0.765234 0.018751 0.018749
0 0.342970 0.801171 0.020311 0.021874
0 0.448437 0.874610 0.021875 0.021874
