0 0.160155 0.882812 0.023439 0.023438
0 0.204103 0.864256 0.021485 0.021483
0 0.098631 0.919922 0.029297 0.023438
0 0.198240 0.936522 0.021485 0.021483
0 0.812499 0.916015 0.023439 0.023438
0 0.162109 0.961916 0.023439 0.021483
0 0.341798 0.746094 0.023439 0.023438
0 0.034180 0.785156 0.029297 0.031248
0 0.217771 0.832032 0.029297 0.031248
0 0.857423 0.711914 0.031251 0.029297
0 0.341798 0.248046 0.031251 0.031248
0 0.328124 0.624024 0.019531 0.021483
0 0.249549 0.328327 0.022153 0.024926
0 0.250931 0.356713 0.024923 0.018001
0 0.290398 0.888442 0.023541 0.020769
0 0.298012 0.909902 0.024923 0.019387
0 0.705807 0.882903 0.026310 0.023541
