0 0.860352 0.184570 0.029297 0.029297
0 0.898437 0.313478 0.023439 0.021483
0 0.793947 0.337892 0.033205 0.035155
0 0.941407 0.548827 0.019531 0.015624
0 0.941407 0.391602 0.023439 0.021483
0 0.992186 0.290039 0.015627 0.029297
0 0.533203 0.210939 0.023439 0.019531
0 0.451170 0.440430 0.031251 0.029297
0 0.293944 0.444337 0.033205 0.033204
0 0.442382 0.644531 0.029297 0.023438
0 0.163088 0.593752 0.044920 0.035155
0 0.207031 0.641600 0.023439 0.021483
0 0.050782 0.643555 0.031251 0.029297
0 0.058593 0.729494 0.035154 0.033204
0 0.089844 0.794921 0.031251 0.023438
0 0.975584 0.646483 0.021485 0.023438
0 0.978515 0.806642 0.023439 0.023438
0 0.924433 0.622012 0.021050 0.018833
0 0.916125 0.643058 0.024371 0.021046
0 0.927202 0.662445 0.026588 0.024372
0 0.856858 0.081420 0.029909 0.029908
0 0.843564 0.500713 0.027692 0.026586
0 0.568838 0.605397 0.021050 0.023263
0 0.609829 0.657459 0.018833 0.018833
0 0.347287 0.568286 0.018833 0.019941
0 0.389934 0.874584 0.019941 0.018833
0 0.571055 0.844117 0.027692 0.022155
0 0.840795 0.989792 0.017724 0.018833
0 0.903940 0.990742 0.024371 0.018515
