0 0.206053 0.517577 0.029297 0.031248
0 0.092774 0.700195 0.029297 0.033204
0 0.309571 0.660157 0.029297 0.031248
0 0.257812 0.643553 0.031251 0.044921
0 0.160156 0.598632 0.023439 0.033204
0 0.278320 0.482421 0.029297 0.031248
0 0.107420 0.420897 0.023439 0.029297
0 0.213869 0.678712 0.021485 0.029297
0 0.797854 0.133789 0.033205 0.033204
0 0.226171 0.782033 0.024999 0.026563
0 0.323047 0.764062 0.021875 0.015624
0 0.134768 0.882031 0.017187 0.017188
0 0.009179 0.660939 0.018358 0.024999
0 0.067578 0.549998 0.017187 0.024999
0 0.030080 0.572658 0.023439 0.023438
