0 0.276368 0.461913 0.017577 0.021483
0 0.272460 0.858398 0.017577 0.017580
0 0.072268 0.680663 0.015623 0.017580
0 0.231443 0.361326 0.013674 0.011717
0 0.580077 0.830077 0.019531 0.015624
0 0.395509 0.781249 0.017577 0.015624
0 0.375977 0.301757 0.017577 0.017580
0 0.181638 0.559569 0.019531 0.017580
0 0.612305 0.422851 0.017577 0.017580
0 0.560546 0.017576 0.015623 0.015624
0 0.310545 0.128905 0.019531 0.015624
0 0.327150 0.857422 0.021485 0.019531
0 0.457033 0.346678 0.015623 0.017580
0 0.394532 0.962892 0.019531 0.015624
0 0.004883 0.739256 0.009766 0.021483
0 0.340818 0.447265 0.021485 0.019531
0 0.488279 0.558593 0.015623 0.015624
0 0.163084 0.223633 0.017577 0.021483
0 0.139650 0.336913 0.017577 0.017580
0 0.346681 0.917967 0.017577 0.015624
0 0.623048 0.509765 0.015623 0.015624
0 0.568358 0.118163 0.019531 0.017580
0 0.599608 0.116212 0.019531 0.017580
