0 0.084961 0.763673 0.013674 0.011717
0 0.466795 0.796873 0.015623 0.015624
0 0.545896 0.191405 0.013674 0.015624
0 0.397459 0.704101 0.013674 0.013673
0 0.422852 0.599610 0.009766 0.011717
0 0.595701 0.669921 0.015623 0.015624
0 0.843749 0.771484 0.015623 0.015624
0 0.724608 0.646483 0.015623 0.011717
0 0.449218 0.924805 0.015623 0.013673
0 0.091795 0.427734 0.015623 0.015624
0 0.166993 0.778322 0.017577 0.017580
0 0.581055 0.233398 0.013674 0.013673
0 0.289061 0.716797 0.015623 0.019531
0 0.495119 0.907226 0.013674 0.013673
0 0.921873 0.432616 0.015623 0.017580
0 0.994140 0.222657 0.011720 0.011717
0 0.450195 0.538086 0.017577 0.017580
