0 0.118163 0.353516 0.017577 0.015624
0 0.596680 0.354492 0.021485 0.017580
0 0.279297 0.315430 0.011720 0.013673
0 0.323245 0.780274 0.013674 0.017580
0 0.458985 0.284182 0.015623 0.013673
0 0.990234 0.584962 0.019532 0.021483
0 0.864259 0.187502 0.017577 0.019531
0 0.208007 0.768556 0.021485 0.021483
0 0.837888 0.857422 0.023439 0.031248
0 0.509767 0.008789 0.023439 0.017578
0 0.545898 0.468751 0.013674 0.015624
0 0.249023 0.490234 0.029297 0.031248
0 0.534179 0.898436 0.017577 0.015624
0 0.514648 0.912109 0.013674 0.015624
0 0.534179 0.916991 0.017577 0.017580
0 0.533202 0.941405 0.019531 0.023438
0 0.863282 0.061525 0.015623 0.013673
0 0.879882 0.062501 0.017577 0.015624
0 0.874024 0.079101 0.017577 0.017580
