0 0.779296 0.055663 0.019531 0.029297
0 0.468752 0.079101 0.019531 0.021483
0 0.859374 0.977540 0.019531 0.017580
0 0.685548 0.046877 0.015623 0.015624
0 0.875002 0.757811 0.015623 0.015624
0 0.390627 0.478517 0.023439 0.023438
0 0.762696 0.108397 0.017577 0.013673
0 0.956053 0.245119 0.017577 0.017580
0 0.448244 0.467772 0.017577 0.021483
0 0.324217 0.897460 0.015623 0.017580
0 0.949218 0.727539 0.011720 0.013673
0 0.942384 0.973633 0.013674 0.013673
0 0.506837 0.408202 0.013674 0.011717
0 0.336914 0.402344 0.017577 0.019531
0 0.909179 0.220701 0.017577 0.019531
0 0.948241 0.268553 0.021485 0.033204
