0 0.266602 0.357423 0.017577 0.015624
0 0.141604 0.401368 0.013674 0.017580
0 0.219728 0.681642 0.017577 0.015624
0 0.212889 0.719728 0.015623 0.013673
0 0.170901 0.808594 0.013674 0.015624
0 0.016601 0.638673 0.013674 0.015624
0 0.303710 0.807619 0.017577 0.013673
0 0.083006 0.730470 0.017577 0.015624
0 0.156250 0.431641 0.015623 0.015624
0 0.112302 0.660155 0.017577 0.015624
0 0.057617 0.261719 0.017577 0.019531
0 0.499022 0.971681 0.017577 0.013673
0 0.244140 0.943361 0.019531 0.019531
0 0.064452 0.813477 0.019531 0.017580
0 0.012698 0.603517 0.017577 0.015624
0 0.187501 0.768556 0.015623 0.017580
0 0.173827 0.758791 0.015623 0.017580
0 0.525392 0.724611 0.015623 0.015624
0 0.678710 0.794922 0.017577 0.015624
0 0.677733 0.811522 0.011720 0.021483
0 0.698241 0.812501 0.009766 0.011717
0 0.753908 0.806639 0.015623 0.015624
