0 0.284177 0.612303 0.017577 0.021483
0 0.840819 0.294922 0.017577 0.015624
0 0.920898 0.883787 0.017577 0.017580
0 0.449220 0.876953 0.015623 0.019531
0 0.566407 0.756835 0.015623 0.017580
0 0.254881 0.805663 0.017577 0.013673
0 0.550784 0.722656 0.015623 0.015624
0 0.448243 0.944336 0.017577 0.017580
0 0.443358 0.794922 0.015623 0.015624
0 0.639651 0.625976 0.017577 0.017580
0 0.448243 0.418944 0.017577 0.013673
0 0.948241 0.479492 0.013674 0.013673
0 0.750975 0.175780 0.017577 0.019531
0 0.230469 0.986330 0.015623 0.019531
0 0.667971 0.995116 0.015623 0.009767
0 0.034181 0.429689 0.017577 0.015624
0 0.725587 0.791015 0.021485 0.015624
0 0.399415 0.779297 0.017577 0.015624
0 0.116209 0.404295 0.017577 0.015624
0 0.105471 0.459961 0.011720 0.017580
0 0.122071 0.455078 0.017577 0.031248
0 0.704102 0.800780 0.013674 0.015624
0 0.866213 0.872070 0.017577 0.013673
0 0.865236 0.891601 0.015623 0.017580
0 0.903321 0.624024 0.017577 0.017580
0 0.373044 0.936522 0.015623 0.021483
0 0.342776 0.934571 0.021485 0.029297
0 0.272463 0.911132 0.013674 0.017580
0 0.240235 0.920898 0.015623 0.013673
0 0.234377 0.936522 0.015623 0.013673
