0 0.534180 0.233400 0.017577 0.013673
0 0.331057 0.235351 0.021485 0.017580
0 0.644532 0.112306 0.019531 0.017580
0 0.324218 0.145509 0.015623 0.013673
0 0.854494 0.336914 0.017577 0.017580
0 0.802735 0.004883 0.019531 0.009766
0 0.201174 0.031250 0.019531 0.019531
0 0.731445 0.414062 0.021485 0.019531
0 0.851563 0.516601 0.019531 0.017580
0 0.310549 0.749023 0.019531 0.021483
0 0.162111 0.636719 0.019531 0.019531
0 0.461913 0.292969 0.021485 0.023438
0 0.231447 0.217772 0.021485 0.021483
0 0.358400 0.081054 0.017577 0.021483
0 0.425782 0.661133 0.015623 0.017580
0 0.739257 0.014650 0.013674 0.013673
0 0.414062 0.160158 0.015623 0.011717
0 0.208008 0.511718 0.013674 0.015624
0 0.300783 0.361328 0.019531 0.019531
0 0.988281 0.555663 0.015623 0.013673
0 0.122072 0.541015 0.017577 0.019531
0 0.804689 0.473632 0.019531 0.017580
0 0.265624 0.511718 0.015623 0.015624
0 0.118164 0.063478 0.017577 0.017580
0 0.405273 0.287110 0.021485 0.019531
0 0.556642 0.932617 0.015623 0.017580
0 0.530272 0.646484 0.017577 0.015624
0 0.940430 0.541991 0.009766 0.013673
0 0.951173 0.113282 0.015623 0.015624
0 0.823244 0.050781 0.017577 0.019531
0 0.096679 0.153320 0.013674 0.021483
0 0.112306 0.138671 0.021485 0.019531
0 0.410159 0.448242 0.019531 0.021483
0 0.255859 0.481446 0.011720 0.013673
0 0.051759 0.433594 0.017577 0.019531
0 0.374023 0.713868 0.017577 0.017580
0 0.787107 0.414062 0.023439 0.023438
0 0.843752 0.427735 0.023439 0.019531
0 0.890625 0.457032 0.015623 0.015624
0 0.707029 0.473632 0.031251 0.017580
0 0.431639 0.556639 0.015623 0.019531
0 0.390623 0.750978 0.019531 0.017580
0 0.366211 0.603515 0.017577 0.019531
