0 0.471681 0.730469 0.017577 0.019531
0 0.994139 0.107421 0.011721 0.023438
0 0.686523 0.644531 0.017577 0.019531
0 0.370117 0.704100 0.017577 0.017580
0 0.051757 0.166015 0.013674 0.015624
0 0.413088 0.401368 0.017577 0.017580
0 0.333986 0.378905 0.015623 0.015624
0 0.104493 0.196291 0.017577 0.013673
0 0.693358 0.152342 0.023439 0.031248
0 0.644530 0.906250 0.015623 0.019531
0 0.138670 0.784180 0.019531 0.017580
0 0.030272 0.719728 0.017577 0.017580
0 0.690432 0.938477 0.017577 0.013673
0 0.017580 0.744142 0.019531 0.015624
0 0.691404 0.314453 0.019531 0.019531
0 0.736328 0.630858 0.019531 0.019531
