0 0.605470 0.833008 0.015623 0.013673
0 0.651366 0.600587 0.017577 0.017580
0 0.208985 0.795898 0.015623 0.013673
0 0.266601 0.597655 0.013674 0.015624
0 0.970704 0.156250 0.015623 0.015624
0 0.952150 0.966795 0.013674 0.015624
0 0.926756 0.384765 0.017577 0.015624
0 0.885740 0.791015 0.013674 0.011717
0 0.006837 0.757811 0.013674 0.015624
0 0.724611 0.826170 0.015623 0.015624
0 0.023439 0.866212 0.015623 0.013673
0 0.504883 0.660156 0.013674 0.015624
0 0.447267 0.959961 0.015623 0.013673
0 0.156249 0.812501 0.015623 0.015624
0 0.960938 0.863281 0.015623 0.011717
0 0.666994 0.343751 0.017577 0.019531
0 0.688474 0.802736 0.017577 0.015624
0 0.717771 0.995118 0.013674 0.009765
0 0.120118 0.771484 0.017577 0.019531
0 0.102541 0.845701 0.017577 0.015624
0 0.081055 0.863281 0.017577 0.019531
0 0.563476 0.931640 0.013674 0.011717
0 0.595704 0.925781 0.015623 0.019531
0 0.702148 0.390623 0.021485 0.035155
0 0.674806 0.400392 0.021485 0.015624
