0 0.880859 0.045897 0.019531 0.017580
0 0.168945 0.237305 0.017577 0.017580
0 0.448243 0.702149 0.017577 0.013673
0 0.617189 0.754884 0.019531 0.017580
0 0.321291 0.741211 0.017577 0.013673
0 0.035158 0.539062 0.015623 0.019531
0 0.353513 0.987306 0.015623 0.013673
0 0.507813 0.746094 0.015623 0.019531
0 0.941406 0.367189 0.019531 0.019531
0 0.494139 0.705077 0.015623 0.011717
0 0.498048 0.722656 0.011720 0.015624
0 0.465820 0.798829 0.017577 0.019531
0 0.313479 0.834960 0.013674 0.013673
0 0.295897 0.857422 0.013674 0.011717
