0 0.868165 0.081056 0.021485 0.021483
0 0.386721 0.742187 0.019531 0.019531
0 0.121092 0.650390 0.019531 0.019531
0 0.994141 0.279299 0.011717 0.019531
0 0.041013 0.619142 0.019531 0.019531
0 0.194336 0.992188 0.013674 0.011717
0 0.216798 0.469727 0.019531 0.017580
0 0.286134 0.921874 0.021485 0.015624
0 0.709962 0.105470 0.021485 0.019531
0 0.650391 0.950195 0.031251 0.029297
0 0.190428 0.666994 0.021485 0.017580
0 0.056641 0.408202 0.019531 0.019531
0 0.566404 0.914064 0.019531 0.019531
0 0.717773 0.185546 0.013674 0.015624
0 0.302734 0.949219 0.011720 0.011717
0 0.136720 0.356443 0.015623 0.017580
0 0.687499 0.155274 0.019531 0.017580
0 0.678711 0.180663 0.017577 0.017580
0 0.195313 0.416992 0.011720 0.017580
0 0.214844 0.419923 0.015623 0.015624
0 0.166993 0.382813 0.021485 0.015624
0 0.953124 0.702149 0.015623 0.013673
0 0.210936 0.701173 0.023439 0.023438
0 0.234375 0.697266 0.019531 0.023438
0 0.940432 0.717773 0.017577 0.017580
