0 0.028322 0.791015 0.017577 0.015624
0 0.666991 0.980468 0.017577 0.019531
0 0.750978 0.985350 0.017577 0.017580
0 0.313477 0.851564 0.017577 0.015624
0 0.197267 0.991213 0.015623 0.013673
0 0.438475 0.996093 0.017577 0.007813
0 0.743162 0.954102 0.013674 0.013673
0 0.218752 0.968750 0.019531 0.019531
0 0.180662 0.736329 0.017577 0.015624
0 0.541016 0.610352 0.019531 0.017580
0 0.303711 0.996093 0.017577 0.007813
0 0.899416 0.958009 0.017577 0.021483
0 0.006837 0.718749 0.013673 0.015624
0 0.094726 0.914064 0.017577 0.015624
0 0.176759 0.709959 0.017577 0.017580
0 0.156251 0.881836 0.023439 0.017580
0 0.208010 0.920898 0.017577 0.013673
0 0.888673 0.819336 0.015623 0.013673
