0 0.823243 0.750977 0.019334 0.023632
0 0.618166 0.156249 0.023632 0.021483
0 0.286132 0.530272 0.023632 0.023632
0 0.325195 0.478517 0.032228 0.025781
0 0.860351 0.694335 0.019334 0.015039
0 0.564453 0.129884 0.012894 0.015039
0 0.857420 0.733397 0.017187 0.015039
0 0.844728 0.026366 0.019334 0.019337
0 0.708983 0.696290 0.021485 0.023632
0 0.742188 0.738280 0.017187 0.012890
0 0.022462 0.849608 0.010743 0.008596
0 0.283201 0.989649 0.025783 0.020702
0 0.315429 0.528320 0.019334 0.019337
0 0.155272 0.379881 0.019334 0.019337
