0 0.361329 0.730469 0.034374 0.025781
0 0.961913 0.957033 0.019334 0.017188
0 0.049803 0.889650 0.015041 0.015039
0 0.658204 0.113280 0.017187 0.017188
0 0.561525 0.247070 0.019334 0.019337
0 0.173829 0.457030 0.021485 0.025781
0 0.291016 0.102538 0.012894 0.015039
0 0.414065 0.345702 0.012894 0.012890
0 0.210937 0.711914 0.021485 0.015039
0 0.331055 0.176756 0.019334 0.015039
0 0.328124 0.195311 0.021485 0.021483
0 0.315432 0.185546 0.019334 0.021483
0 0.462893 0.593752 0.021485 0.021483
0 0.447265 0.584962 0.012894 0.015039
0 0.982422 0.110352 0.017187 0.019337
0 0.967776 0.109377 0.015041 0.025781
