0 0.016604 0.095704 0.013674 0.015624
0 0.049804 0.381837 0.017577 0.017580
0 0.363279 0.127928 0.015623 0.013673
0 0.050781 0.561524 0.019531 0.017580
0 0.442380 0.808594 0.013674 0.011717
0 0.872070 0.529296 0.017577 0.019531
0 0.203127 0.131835 0.015623 0.013673
0 0.105471 0.432616 0.011720 0.013673
0 0.218750 0.737304 0.015623 0.017580
0 0.084963 0.500975 0.013674 0.017580
0 0.234377 0.429689 0.019531 0.019531
0 0.277343 0.108397 0.015623 0.017580
0 0.264646 0.022462 0.021485 0.021483
0 0.323245 0.024414 0.017577 0.013673
0 0.337890 0.067383 0.015623 0.029297
0 0.294920 0.096680 0.015623 0.013673
0 0.005859 0.519530 0.011719 0.019531
