0 0.702150 0.085939 0.017577 0.015624
0 0.279295 0.984375 0.015623 0.015624
0 0.702150 0.270509 0.013674 0.013673
0 0.940432 0.672852 0.013674 0.013673
0 0.990232 0.542969 0.015623 0.015624
0 0.826172 0.474610 0.015623 0.011717
0 0.793944 0.636718 0.013674 0.011717
0 0.588867 0.076174 0.021485 0.011717
0 0.517577 0.152343 0.015623 0.015624
0 0.481446 0.329102 0.013674 0.013673
0 0.522462 0.067384 0.017577 0.017580
0 0.722659 0.750001 0.015623 0.015624
0 0.851565 0.700194 0.015623 0.017580
0 0.667968 0.168946 0.019531 0.017580
0 0.969729 0.009766 0.013674 0.015624
0 0.571290 0.250978 0.017577 0.013673
0 0.204102 0.003906 0.013674 0.007813
0 0.565427 0.168946 0.017577 0.017580
0 0.663088 0.080077 0.013674 0.011717
0 0.680665 0.932616 0.013674 0.017580
0 0.743162 0.967775 0.017577 0.017580
0 0.401367 0.526369 0.017577 0.013673
0 0.670900 0.809570 0.017577 0.017580
0 0.050779 0.514648 0.015623 0.017580
0 0.037110 0.513672 0.011720 0.015624
0 0.962889 0.269529 0.019531 0.019531
0 0.750001 0.529296 0.019531 0.019531
0 0.532228 0.524414 0.017577 0.017580
0 0.436521 0.648439 0.017577 0.019531
0 0.213867 0.631835 0.017577 0.017580
0 0.409178 0.377930 0.017577 0.017580
0 0.533205 0.809570 0.019531 0.017580
0 0.750001 0.883788 0.019531 0.017580
0 0.778321 0.878905 0.017577 0.015624
0 0.933593 0.964843 0.019531 0.019531
0 0.934570 0.881836 0.017577 0.017580
0 0.467772 0.924805 0.017577 0.017580
0 0.863280 0.014649 0.019531 0.017580
0 0.772463 0.053711 0.017577 0.017580
