0 0.807616 0.332033 0.021485 0.019531
0 0.844724 0.991211 0.029297 0.017578
0 0.097656 0.683593 0.019531 0.015624
0 0.827148 0.440430 0.017577 0.017580
0 0.531249 0.146483 0.019531 0.019531
0 0.104491 0.538086 0.017577 0.029297
0 0.958985 0.641600 0.019531 0.021483
0 0.625002 0.547851 0.019531 0.017580
0 0.010743 0.897460 0.013674 0.017580
0 0.007812 0.581055 0.015624 0.017580
0 0.922854 0.342774 0.017577 0.017580
0 0.596677 0.440430 0.017577 0.021483
0 0.333007 0.523437 0.021485 0.019531
0 0.093748 0.397461 0.019531 0.017580
0 0.561523 0.515623 0.017577 0.015624
0 0.208986 0.083007 0.019531 0.017580
0 0.958985 0.385744 0.019531 0.017580
0 0.392577 0.723631 0.011720 0.017580
0 0.408205 0.708007 0.011720 0.013673
0 0.422851 0.722655 0.017577 0.023438
0 0.409177 0.738280 0.017577 0.015624
0 0.682618 0.827149 0.021485 0.017580
0 0.708984 0.587889 0.015623 0.015624
0 0.563477 0.558592 0.017577 0.015624
0 0.883787 0.437499 0.017577 0.019531
0 0.906249 0.418947 0.015623 0.017580
0 0.662110 0.938477 0.015623 0.017580
0 0.647459 0.946288 0.013674 0.013673
