0 0.729491 0.061525 0.017577 0.017580
0 0.815432 0.095704 0.013674 0.015624
0 0.455078 0.340819 0.019531 0.021483
0 0.848632 0.381837 0.017577 0.017580
0 0.325195 0.286133 0.017577 0.017580
0 0.407227 0.494141 0.021485 0.019531
0 0.308595 0.797853 0.019531 0.021483
0 0.294921 0.410157 0.019531 0.023438
0 0.794924 0.047852 0.019531 0.017580
0 0.782227 0.458985 0.017577 0.019531
0 0.048828 0.484375 0.015623 0.019531
0 0.223631 0.266601 0.021485 0.021483
0 0.191408 0.082031 0.019531 0.019531
0 0.725588 0.459961 0.017577 0.017580
0 0.119141 0.591796 0.019531 0.019531
0 0.407227 0.208984 0.017577 0.015624
0 0.636721 0.159180 0.019531 0.021483
0 0.110352 0.113280 0.017577 0.015624
0 0.849609 0.561524 0.019531 0.017580
0 0.398439 0.333985 0.019531 0.019531
0 0.904299 0.432616 0.011720 0.013673
0 0.527345 0.281250 0.019531 0.019531
0 0.883791 0.500975 0.013674 0.017580
0 0.351560 0.126952 0.015623 0.015624
0 0.556642 0.980467 0.015623 0.015624
0 0.421873 0.708983 0.019531 0.019531
0 0.425782 0.603517 0.015623 0.015624
0 0.102541 0.188477 0.017577 0.017580
0 0.092775 0.204101 0.017577 0.017580
0 0.801758 0.519530 0.017577 0.019531
