0 0.526366 0.113282 0.013674 0.011717
0 0.281250 0.344728 0.015623 0.013673
0 0.078127 0.708985 0.015623 0.011717
0 0.920897 0.849610 0.017577 0.015624
0 0.975587 0.950196 0.017577 0.017580
0 0.227537 0.729492 0.029297 0.029297
0 0.192383 0.184572 0.021485 0.021483
0 0.039060 0.457032 0.023439 0.031248
0 0.984376 0.721681 0.015623 0.013673
0 0.426757 0.246093 0.013674 0.015624
0 0.828127 0.958007 0.015623 0.017580
0 0.849607 0.114257 0.015623 0.017580
0 0.835938 0.113282 0.011720 0.015624
0 0.314455 0.584960 0.011720 0.017580
0 0.330078 0.593750 0.015623 0.019531
