0 0.523435 0.665038 0.023439 0.021483
0 0.069334 0.090821 0.017577 0.017580
0 0.670901 0.814452 0.021485 0.019531
0 0.041014 0.183594 0.019531 0.019531
0 0.363283 0.108397 0.015623 0.021483
0 0.640627 0.448244 0.019531 0.017580
0 0.035157 0.286133 0.019531 0.017580
0 0.201171 0.042969 0.019531 0.019531
0 0.028323 0.370116 0.017577 0.021483
0 0.416991 0.758790 0.017577 0.017580
0 0.453127 0.458985 0.019531 0.015624
0 0.456053 0.476561 0.013674 0.015624
0 0.462893 0.494141 0.015623 0.011717
0 0.481447 0.499999 0.017577 0.015624
0 0.804687 0.274415 0.011720 0.017580
0 0.825195 0.270508 0.013674 0.013673
0 0.820310 0.288084 0.019531 0.017580
0 0.405271 0.772463 0.013674 0.013673
0 0.470704 0.635741 0.019531 0.017580
0 0.467773 0.653321 0.013674 0.017580
