0 0.629882 0.406250 0.021485 0.019531
0 0.054686 0.414061 0.019531 0.019531
0 0.194335 0.877929 0.017577 0.017580
0 0.424805 0.726562 0.013674 0.015624
0 0.701172 0.400392 0.015623 0.019531
0 0.727538 0.484375 0.017577 0.015624
0 0.671876 0.443361 0.015623 0.015624
0 0.396486 0.518554 0.015623 0.013673
0 0.018555 0.677735 0.017577 0.015624
0 0.470702 0.457030 0.011720 0.015624
0 0.888672 0.277343 0.015623 0.015624
0 0.156250 0.119142 0.015623 0.019531
0 0.177735 0.108397 0.015623 0.021483
0 0.051760 0.467775 0.009766 0.013673
0 0.124999 0.462892 0.019531 0.015624
0 0.565431 0.404295 0.017577 0.015624
0 0.579100 0.430664 0.017577 0.017580
0 0.651367 0.422850 0.017577 0.013673
0 0.397463 0.552734 0.013674 0.015624
0 0.332030 0.634765 0.015623 0.011717
0 0.330076 0.654296 0.015623 0.015624
0 0.784182 0.480468 0.017577 0.011717
0 0.780274 0.497072 0.013674 0.017580
0 0.801759 0.515623 0.009766 0.019531
0 0.751954 0.811525 0.015623 0.013673
0 0.740234 0.943360 0.015623 0.019531
0 0.084960 0.614258 0.013674 0.013673
0 0.087891 0.807618 0.019531 0.017580
