0 0.710936 0.055663 0.019531 0.029297
0 0.400392 0.079101 0.019531 0.021483
0 0.791015 0.977540 0.019531 0.017580
0 0.617189 0.046877 0.015623 0.015624
0 0.806643 0.757811 0.015623 0.015624
0 0.989257 0.072266 0.013674 0.015624
0 0.937498 0.717773 0.015623 0.013673
0 0.322268 0.478517 0.023439 0.023438
0 0.694336 0.108397 0.017577 0.013673
0 0.887694 0.245119 0.017577 0.017580
0 0.379884 0.467772 0.017577 0.021483
0 0.255858 0.897460 0.015623 0.017580
0 0.880859 0.727539 0.011720 0.013673
0 0.874025 0.973633 0.013674 0.013673
0 0.438478 0.408202 0.013674 0.011717
0 0.268555 0.402344 0.017577 0.019531
0 0.840820 0.220701 0.017577 0.019531
0 0.879882 0.268553 0.021485 0.033204
