0 0.057617 0.348633 0.019334 0.019337
0 0.079102 0.565431 0.019334 0.019337
0 0.273437 0.268553 0.012894 0.015039
0 0.161135 0.069335 0.019334 0.019337
0 0.185547 0.294922 0.017187 0.012890
0 0.468748 0.322267 0.021485 0.017188
0 0.015624 0.529296 0.017187 0.012890
0 0.435548 0.975584 0.017187 0.019337
0 0.370115 0.342774 0.019334 0.019337
0 0.375977 0.654296 0.015041 0.017188
0 0.006249 0.405275 0.012498 0.019337
0 0.499999 0.954102 0.017187 0.019337
0 0.027343 0.984374 0.021485 0.021483
0 0.267579 0.559572 0.017187 0.015039
0 0.324218 0.137694 0.017187 0.019337
0 0.383789 0.007814 0.015041 0.012890
0 0.320310 0.065432 0.012894 0.015039
0 0.128907 0.230470 0.017187 0.017188
0 0.246094 0.685549 0.017187 0.017188
0 0.127930 0.669921 0.019334 0.021483
0 0.574220 0.242187 0.017187 0.017188
0 0.024412 0.887694 0.015041 0.015039
0 0.009766 0.902343 0.012894 0.021483
0 0.267579 0.635741 0.025783 0.019337
0 0.252928 0.649414 0.015041 0.019337
0 0.113279 0.475585 0.021485 0.019337
0 0.086914 0.478516 0.019334 0.017188
0 0.266602 0.476561 0.015041 0.017188
0 0.573243 0.483399 0.023632 0.019337
0 0.084960 0.124025 0.019334 0.019337
