0 0.515624 0.779295 0.015623 0.015624
0 0.467773 0.711916 0.017577 0.021483
0 0.208006 0.911134 0.017577 0.013673
0 0.863281 0.793944 0.015623 0.017580
0 0.572268 0.931641 0.019531 0.019531
0 0.875977 0.716799 0.017577 0.015624
0 0.838869 0.142578 0.013674 0.015624
0 0.214845 0.202147 0.019531 0.017580
0 0.309570 0.422852 0.017577 0.017580
0 0.407225 0.052733 0.017577 0.019531
0 0.456053 0.838868 0.017577 0.017580
0 0.801756 0.017578 0.021485 0.019531
0 0.128904 0.247072 0.023439 0.021483
0 0.628907 0.363283 0.023439 0.019531
0 0.633787 0.383790 0.021485 0.017580
0 0.571291 0.711916 0.021485 0.021483
