0 0.643557 0.621095 0.017577 0.019531
0 0.064453 0.793944 0.015623 0.017580
0 0.589844 0.949221 0.015623 0.015624
0 0.994141 0.956055 0.011717 0.017580
0 0.461914 0.977538 0.017577 0.017580
0 0.077149 0.716799 0.017577 0.015624
0 0.040041 0.142578 0.013674 0.015624
0 0.818360 0.641602 0.019531 0.017580
0 0.674803 0.970703 0.017577 0.019531
0 0.748047 0.325197 0.015623 0.013673
0 0.877930 0.092775 0.017577 0.021483
0 0.489257 0.832030 0.017577 0.023438
0 0.006835 0.017578 0.013671 0.019531
0 0.453126 0.341797 0.019531 0.023438
0 0.835937 0.439452 0.023439 0.023438
