0 0.032225 0.013673 0.017577 0.015624
0 0.796875 0.407227 0.023439 0.029297
0 0.343751 0.044921 0.023439 0.023438
0 0.865234 0.006836 0.031251 0.013673
0 0.882811 0.478517 0.015623 0.019531
0 0.201170 0.438475 0.023439 0.021483
0 0.945312 0.298830 0.015623 0.015624
0 0.050779 0.157225 0.019531 0.021483
0 0.176759 0.508789 0.017577 0.017580
0 0.928712 0.586914 0.017577 0.017580
0 0.198244 0.065428 0.013674 0.033204
0 0.356447 0.103515 0.017577 0.019531
0 0.333985 0.106446 0.023439 0.021483
0 0.486326 0.180663 0.019531 0.021483
0 0.964843 0.572265 0.015623 0.023438
0 0.217269 0.063215 0.018645 0.019892
