0 0.656252 0.168946 0.015623 0.017580
0 0.450198 0.532227 0.013674 0.017580
0 0.009765 0.332033 0.019531 0.019531
0 0.270509 0.169922 0.017577 0.019531
0 0.045896 0.991211 0.029297 0.017578
0 0.692383 0.374023 0.013674 0.017580
0 0.212893 0.369140 0.019531 0.019531
0 0.028319 0.440430 0.017577 0.017580
0 0.609373 0.404295 0.015623 0.015624
0 0.956053 0.535158 0.017577 0.015624
0 0.503906 0.983398 0.015623 0.017580
0 0.160157 0.641600 0.019531 0.021483
0 0.720702 0.569338 0.015623 0.017580
0 0.913087 0.611327 0.017577 0.015624
0 0.889648 0.360350 0.017577 0.017580
0 0.985350 0.583986 0.017577 0.023438
0 0.124026 0.342774 0.017577 0.017580
0 0.858397 0.943360 0.013674 0.015624
0 0.160157 0.385744 0.019531 0.017580
0 0.599607 0.496092 0.015623 0.019531
0 0.084959 0.437499 0.017577 0.019531
0 0.107421 0.418947 0.015623 0.017580
0 0.464844 0.472658 0.023439 0.023438
0 0.568362 0.502930 0.011720 0.013673
0 0.509763 0.231446 0.015623 0.017580
0 0.964841 0.432616 0.015623 0.013673
0 0.727537 0.396485 0.017577 0.019531
0 0.569334 0.670900 0.013674 0.017580
0 0.609373 0.672852 0.015623 0.017580
0 0.865237 0.788087 0.019531 0.021483
0 0.315429 0.740235 0.017577 0.015624
0 0.216796 0.842773 0.015623 0.013673
0 0.230470 0.829101 0.015623 0.013673
