0 0.247070 0.664062 0.017577 0.015624
0 0.539060 0.833984 0.015623 0.015624
0 0.208008 0.752928 0.013674 0.017580
0 0.244139 0.992187 0.015623 0.015626
0 0.528322 0.284181 0.013674 0.013673
0 0.779296 0.830077 0.015623 0.015624
0 0.450193 0.875002 0.013674 0.015624
0 0.720703 0.962892 0.015623 0.015624
0 0.492186 0.662111 0.019531 0.015624
0 0.646486 0.830077 0.019531 0.015624
0 0.348634 0.208984 0.017577 0.015624
0 0.348634 0.991211 0.021485 0.017577
0 0.054685 0.668945 0.015623 0.013673
0 0.177734 0.402344 0.015623 0.019531
0 0.379885 0.907226 0.017577 0.017580
0 0.010743 0.400392 0.013674 0.015624
0 0.102541 0.749025 0.017577 0.013673
0 0.695314 0.702149 0.019531 0.017580
0 0.558596 0.750977 0.015623 0.017580
0 0.688475 0.741211 0.017577 0.017580
0 0.587893 0.681642 0.015623 0.015624
0 0.297852 0.729494 0.017577 0.013673
0 0.195311 0.976564 0.015623 0.015624
0 0.395508 0.161132 0.017577 0.017580
0 0.332029 0.505858 0.019531 0.015624
0 0.973635 0.992188 0.017577 0.015624
0 0.017577 0.215819 0.015623 0.013673
0 0.423827 0.584962 0.019531 0.017580
0 0.414062 0.650390 0.015623 0.015624
0 0.340823 0.901367 0.017577 0.017580
0 0.487306 0.624024 0.017577 0.013673
0 0.341795 0.777342 0.019531 0.019531
0 0.457032 0.102539 0.019531 0.017580
0 0.079102 0.125977 0.017577 0.017580
0 0.231447 0.465820 0.017577 0.017580
0 0.199219 0.574217 0.011720 0.011717
0 0.200197 0.891602 0.017577 0.017580
0 0.124998 0.271485 0.015623 0.019531
0 0.617190 0.422851 0.015623 0.017580
0 0.272459 0.292967 0.017577 0.015624
0 0.209962 0.531252 0.017577 0.011717
0 0.103518 0.251953 0.015623 0.011717
0 0.233396 0.386720 0.017577 0.015624
0 0.084959 0.060545 0.017577 0.019531
0 0.104490 0.065428 0.013674 0.017580
0 0.396485 0.253905 0.019531 0.019531
0 0.454101 0.260743 0.017577 0.017580
0 0.405273 0.736328 0.013674 0.011717
0 0.392577 0.721680 0.011720 0.009766
0 0.428713 0.718749 0.017577 0.015624
0 0.430662 0.736328 0.017577 0.019531
0 0.297852 0.774415 0.017577 0.017580
0 0.264647 0.898436 0.033205 0.011717
0 0.649412 0.780273 0.017577 0.017580
0 0.664063 0.790039 0.015623 0.017580
0 0.995118 0.743163 0.009765 0.017580
0 0.113284 0.380861 0.019531 0.019531
0 0.036131 0.367189 0.017577 0.015624
0 0.740234 0.378906 0.019531 0.019531
0 0.629881 0.453123 0.017577 0.019531
0 0.327149 0.534179 0.017577 0.017580
0 0.204100 0.442382 0.017577 0.013673
0 0.193357 0.461913 0.015623 0.013673
0 0.186523 0.596679 0.017577 0.017580
0 0.195311 0.620117 0.019531 0.017580
