0 0.818359 0.043945 0.015623 0.017580
0 0.846679 0.523438 0.021485 0.019531
0 0.854490 0.358399 0.017577 0.017580
0 0.068360 0.835939 0.015623 0.019531
0 0.906249 0.598635 0.015623 0.017580
0 0.426759 0.445313 0.021485 0.019531
0 0.987305 0.083983 0.013674 0.015624
0 0.776366 0.117187 0.017577 0.015624
0 0.019532 0.508789 0.019531 0.021483
0 0.230471 0.433592 0.015623 0.015624
0 0.424805 0.911133 0.021485 0.017580
0 0.023435 0.855471 0.019531 0.019531
0 0.587889 0.071291 0.015623 0.017580
0 0.828125 0.415041 0.023439 0.017580
0 0.648436 0.252929 0.015623 0.017580
0 0.878907 0.915040 0.019531 0.017580
0 0.116211 0.860353 0.017577 0.017580
0 0.115233 0.878905 0.019531 0.019531
0 0.402343 0.884767 0.019531 0.019531
0 0.821290 0.436523 0.017577 0.013673
0 0.843752 0.416016 0.019531 0.019531
0 0.828125 0.455079 0.019531 0.015624
