0 0.221678 0.129884 0.021485 0.029297
0 0.534181 0.442382 0.017577 0.017580
0 0.496095 0.468751 0.015623 0.015624
0 0.297853 0.610352 0.017577 0.017580
0 0.024412 0.381837 0.017577 0.017580
0 0.249025 0.468751 0.017577 0.019531
0 0.419920 0.534179 0.019531 0.017580
0 0.323241 0.093749 0.017577 0.015624
0 0.676756 0.546876 0.017577 0.019531
0 0.771485 0.109373 0.011720 0.011717
0 0.527346 0.016600 0.019531 0.017580
0 0.513672 0.008790 0.011720 0.013673
0 0.326173 0.073242 0.015623 0.013673
0 0.207032 0.777342 0.019531 0.019531
0 0.499022 0.753908 0.017577 0.015624
0 0.493164 0.771484 0.017577 0.019531
