0 0.904296 0.134766 0.011720 0.011717
0 0.944335 0.759766 0.017577 0.019531
0 0.759767 0.671876 0.019531 0.015624
0 0.545896 0.990233 0.013674 0.015624
0 0.644529 0.581055 0.011720 0.013673
0 0.387693 0.742187 0.013674 0.011717
0 0.969729 0.461913 0.017577 0.017580
0 0.857422 0.043945 0.019531 0.017580
0 0.078126 0.471678 0.015623 0.017580
0 0.847657 0.209960 0.015623 0.017580
0 0.437498 0.513672 0.011720 0.015624
0 0.647460 0.765625 0.013674 0.015624
0 0.616209 0.526369 0.013674 0.013673
0 0.136720 0.164063 0.015623 0.015624
0 0.680858 0.160547 0.017187 0.021874
0 0.755079 0.426173 0.021875 0.015624
