0 0.547853 0.325195 0.021485 0.029297
0 0.807615 0.096680 0.017577 0.017580
0 0.927733 0.930663 0.015623 0.017580
0 0.725588 0.097656 0.013674 0.011717
0 0.575196 0.165039 0.013674 0.013673
0 0.344726 0.253905 0.013674 0.015624
0 0.804689 0.069335 0.015623 0.017580
0 0.884768 0.283201 0.019531 0.015624
0 0.860351 0.069335 0.013674 0.021483
0 0.761719 0.179687 0.015623 0.015624
0 0.480466 0.199218 0.015623 0.019531
0 0.857420 0.791994 0.015623 0.017580
0 0.213865 0.404295 0.013674 0.011717
0 0.944338 0.371095 0.013674 0.019531
0 0.230470 0.194335 0.015623 0.013673
0 0.329103 0.342774 0.017577 0.017580
0 0.399416 0.021483 0.029297 0.019531
0 0.502929 0.225588 0.013674 0.013673
0 0.673829 0.205077 0.019531 0.023438
0 0.089844 0.277343 0.015623 0.015624
0 0.374022 0.038086 0.013674 0.013673
0 0.750976 0.004883 0.013674 0.009766
0 0.831055 0.079100 0.013674 0.013673
0 0.849609 0.123045 0.015623 0.015624
0 0.869140 0.144532 0.019531 0.019531
0 0.828124 0.333009 0.015623 0.017580
0 0.950196 0.996093 0.013674 0.007814
0 0.969727 0.994140 0.021485 0.011719
0 0.003907 0.515623 0.007814 0.019531
0 0.328126 0.936522 0.015623 0.021483
