0 0.055666 0.737304 0.017577 0.017580
0 0.006836 0.402344 0.013673 0.015624
0 0.240235 0.785156 0.019531 0.015624
0 0.273440 0.380858 0.019531 0.019531
0 0.052735 0.916991 0.019531 0.017580
0 0.051758 0.205077 0.017577 0.015624
0 0.284177 0.465820 0.017577 0.013673
0 0.189453 0.956054 0.015623 0.013673
0 0.007813 0.874022 0.015627 0.017580
0 0.267577 0.639649 0.015623 0.013673
0 0.141602 0.942381 0.009766 0.013673
0 0.152345 0.513672 0.015623 0.015624
0 0.234377 0.075194 0.019531 0.017580
0 0.263674 0.074218 0.019531 0.015624
0 0.339845 0.214843 0.019531 0.031248
0 0.333982 0.382813 0.015623 0.011717
0 0.345702 0.423827 0.019531 0.019531
0 0.372072 0.486327 0.013674 0.015624
0 0.350587 0.569334 0.017577 0.021483
0 0.210938 0.488283 0.015623 0.015624
0 0.024415 0.451172 0.017577 0.019531
0 0.040038 0.256836 0.017577 0.017580
0 0.878905 0.889650 0.023439 0.017580
0 0.044924 0.828126 0.023439 0.019531
0 0.091797 0.857422 0.015623 0.015624
