0 0.166018 0.434572 0.015623 0.013673
0 0.082031 0.844725 0.019531 0.017580
0 0.069334 0.432616 0.017577 0.017580
0 0.552737 0.215819 0.019531 0.017580
0 0.310547 0.541993 0.019531 0.017580
0 0.127927 0.649414 0.017577 0.013673
0 0.783202 0.847657 0.015623 0.015624
0 0.758791 0.256836 0.017577 0.017580
0 0.728517 0.429689 0.015623 0.019531
0 0.850584 0.409178 0.017577 0.013673
0 0.817384 0.872070 0.017577 0.013673
0 0.779299 0.417968 0.019531 0.019531
0 0.368163 0.677735 0.021485 0.015624
0 0.959959 0.298830 0.017577 0.015624
0 0.775391 0.866212 0.011720 0.009766
