0 0.758791 0.748046 0.017577 0.015624
0 0.827150 0.791015 0.017577 0.015624
0 0.480470 0.553710 0.019531 0.013673
0 0.203126 0.166015 0.019531 0.015624
0 0.600588 0.620118 0.013674 0.013673
0 0.564451 0.816405 0.019531 0.019531
0 0.599611 0.781249 0.019531 0.015624
0 0.599611 0.990233 0.015623 0.015624
0 0.607422 0.829101 0.015623 0.021483
0 0.994142 0.991213 0.011716 0.013673
0 0.136721 0.781249 0.015623 0.015624
0 0.455076 0.668945 0.019531 0.017580
0 0.654296 0.797853 0.019531 0.017580
0 0.528320 0.839843 0.017577 0.019531
0 0.669924 0.732422 0.019531 0.019531
0 0.391603 0.800781 0.017577 0.015624
0 0.979490 0.736329 0.017577 0.015624
0 0.708009 0.949219 0.013674 0.011717
0 0.567383 0.863281 0.017577 0.015624
0 0.419922 0.825194 0.015623 0.017580
0 0.464842 0.841798 0.015623 0.015624
0 0.180663 0.863281 0.017577 0.019531
0 0.578125 0.702149 0.015623 0.017580
0 0.420899 0.747070 0.017577 0.017580
0 0.805664 0.718749 0.013674 0.015624
0 0.781248 0.720704 0.015623 0.019531
0 0.432619 0.847657 0.017577 0.015624
0 0.413088 0.864257 0.017577 0.017580
0 0.434568 0.872071 0.017577 0.013673
0 0.416991 0.884767 0.017577 0.011717
0 0.416991 0.901367 0.013674 0.013673
0 0.424802 0.919923 0.017577 0.015624
0 0.447265 0.912109 0.019531 0.015624
0 0.578125 0.844726 0.015623 0.017580
0 0.598633 0.865232 0.017577 0.015624
0 0.594725 0.885743 0.017577 0.009766
0 0.583006 0.900392 0.013674 0.011717
0 0.605468 0.904299 0.015623 0.015624
0 0.646484 0.903319 0.019531 0.013673
0 0.665038 0.932616 0.013674 0.013673
0 0.632810 0.954102 0.011720 0.013673
0 0.646484 0.948244 0.015623 0.013673
0 0.650392 0.966795 0.015623 0.019531
0 0.626953 0.979492 0.015623 0.017580
0 0.893554 0.914064 0.017577 0.015624
0 0.975587 0.709959 0.017577 0.017580
0 0.955079 0.881836 0.023439 0.017580
