0 0.278502 0.275856 0.009318 0.012394
0 0.098854 0.056794 0.009223 0.012216
0 0.481640 0.827985 0.008801 0.011711
0 0.488736 0.047469 0.008999 0.011827
0 0.254939 0.011125 0.009536 0.013368
0 0.278131 0.337596 0.008818 0.011473
0 0.019914 0.167799 0.009499 0.012748
0 0.051957 0.199096 0.009646 0.012779
0 0.520410 0.543247 0.008825 0.011662
0 0.301308 0.626905 0.008818 0.011703
0 0.512962 0.469526 0.009003 0.012234
0 0.706903 0.878946 0.007758 0.010017
0 0.350319 0.058754 0.009612 0.012626
0 0.786185 0.473250 0.009278 0.012368
0 0.385424 0.032519 0.009431 0.012819
0 0.322132 0.282520 0.010426 0.013734
0 0.808862 0.775049 0.008300 0.010600
0 0.805693 0.601052 0.009279 0.012312
0 0.653852 0.213372 0.009158 0.012553
0 0.420338 0.471535 0.009498 0.011921
0 0.099247 0.256138 0.010043 0.012573
0 0.016789 0.188872 0.009969 0.013036
0 0.136764 0.889039 0.008861 0.011537
0 0.603625 0.430823 0.008666 0.012125
0 0.137256 0.205723 0.009331 0.011957
0 0.572207 0.548006 0.008962 0.011958
0 0.339986 0.422530 0.009201 0.011849
0 0.387792 0.689315 0.008884 0.012084
0 0.816340 0.939373 0.008777 0.011483
0 0.199431 0.097913 0.008722 0.011054
0 0.606363 0.410409 0.009315 0.012215
0 0.701962 0.357582 0.010335 0.013690
0 0.646196 0.555112 0.008710 0.011682
0 0.381545 0.463160 0.009283 0.011851
0 0.146173 0.292769 0.010260 0.013232
0 0.174144 0.285535 0.009936 0.013880
0 0.558999 0.318871 0.009992 0.012489
0 0.416616 0.058835 0.009045 0.012032
0 0.439622 0.824731 0.009076 0.012337
0 0.194141 0.923328 0.009973 0.012675
0 0.074938 0.766470 0.009808 0.012645
0 0.317241 0.144945 0.009056 0.011782
0 0.111532 0.348050 0.009376 0.012730
0 0.243128 0.202298 0.008762 0.011824
0 0.539564 0.454382 0.009293 0.012612
0 0.455115 0.339930 0.009079 0.012265
0 0.717871 0.805450 0.009030 0.011495
0 0.684586 0.943066 0.008485 0.011130
0 0.541204 0.225078 0.008693 0.011544
0 0.563037 0.074746 0.009192 0.012482
0 0.801401 0.420706 0.009618 0.012778
0 0.029125 0.092618 0.009951 0.013239
0 0.044957 0.029419 0.011844 0.015617
0 0.052120 0.807557 0.010152 0.013841
0 0.352843 0.375140 0.010536 0.013819
0 0.818230 0.367174 0.009725 0.012595
0 0.372097 0.184704 0.008809 0.011027
0 0.192225 0.993620 0.008532 0.010083
0 0.192423 0.050124 0.010620 0.013929
0 0.661726 0.534425 0.008932 0.011735
0 0.192247 0.350031 0.008591 0.011182
0 0.162228 0.079511 0.009615 0.012434
0 0.349511 0.693533 0.009502 0.012020
0 0.320966 0.854930 0.010092 0.013261
0 0.379534 0.589702 0.008832 0.011549
0 0.191153 0.232686 0.009204 0.012092
0 0.393258 0.568646 0.008149 0.011889
0 0.342663 0.119885 0.009941 0.012662
0 0.126419 0.410276 0.009497 0.012738
0 0.451650 0.410782 0.008304 0.010494
0 0.321557 0.396927 0.009419 0.012245
0 0.039669 0.330800 0.009510 0.012391
0 0.462996 0.596288 0.008473 0.011374
0 0.365318 0.162871 0.009114 0.011822
0 0.242839 0.264168 0.009936 0.013127
0 0.588996 0.680372 0.008481 0.010943
0 0.600791 0.943670 0.010261 0.013507
0 0.222950 0.370170 0.008727 0.011391
0 0.189342 0.200806 0.009359 0.012567
0 0.563715 0.963314 0.009470 0.012950
0 0.371026 0.599245 0.008633 0.011319
0 0.357842 0.647982 0.008530 0.010756
0 0.235929 0.376545 0.010177 0.012905
0 0.236872 0.294998 0.008830 0.011753
0 0.667836 0.795014 0.008212 0.009860
0 0.083620 0.707304 0.009334 0.012219
0 0.567327 0.858619 0.008408 0.010559
0 0.315634 0.690512 0.010057 0.012503
0 0.299190 0.699977 0.009187 0.012239
0 0.069442 0.192745 0.010296 0.013554
0 0.354246 0.554218 0.008263 0.010786
0 0.559915 0.908658 0.009082 0.011338
0 0.600388 0.886635 0.009317 0.012372
0 0.021675 0.681911 0.009021 0.011919
0 0.067335 0.751213 0.009857 0.013244
0 0.721283 0.806086 0.008610 0.012164
0 0.536392 0.850420 0.008748 0.011402
0 0.689840 0.992816 0.008825 0.010702
0 0.122096 0.825217 0.008859 0.011897
0 0.105981 0.709185 0.009019 0.012042
0 0.069697 0.370927 0.010428 0.012859
0 0.373749 0.110995 0.010220 0.012932
0 0.352461 0.569486 0.008532 0.011784
0 0.489864 0.278463 0.008517 0.011098
0 0.667495 0.807880 0.009006 0.011815
0 0.161542 0.351294 0.008717 0.011181
0 0.290934 0.195897 0.009943 0.012914
0 0.157990 0.153628 0.008908 0.011801
0 0.448240 0.713156 0.008651 0.011322
0 0.728927 0.794772 0.007202 0.009449
0 0.093414 0.534447 0.008907 0.011269
0 0.122651 0.995036 0.009078 0.008936
0 0.816452 0.533832 0.010818 0.013328
0 0.708660 0.299188 0.007648 0.009528
0 0.212028 0.178710 0.009426 0.012214
0 0.410986 0.414244 0.008586 0.011160
0 0.497749 0.608488 0.007739 0.010396
0 0.419700 0.841120 0.009806 0.012753
0 0.493419 0.091477 0.008561 0.011729
0 0.111225 0.249870 0.010097 0.013683
0 0.405413 0.643201 0.008771 0.010698
0 0.121796 0.795832 0.007785 0.010249
0 0.091223 0.131688 0.009489 0.012159
0 0.115368 0.647430 0.009952 0.013328
0 0.290165 0.178722 0.009554 0.012050
0 0.795429 0.472169 0.008250 0.011992
0 0.153780 0.627937 0.009122 0.012276
0 0.130642 0.289092 0.009249 0.012113
0 0.007510 0.846251 0.010007 0.012823
0 0.028026 0.422556 0.008799 0.011204
0 0.632476 0.495243 0.007452 0.009186
0 0.087743 0.648222 0.010155 0.013680
0 0.427009 0.221436 0.008475 0.011233
0 0.276505 0.150374 0.008921 0.012124
0 0.107884 0.630045 0.009919 0.011799
0 0.134552 0.606435 0.009538 0.012551
0 0.627409 0.714876 0.008350 0.011225
0 0.108977 0.596235 0.009832 0.012604
0 0.201501 0.183311 0.008786 0.011612
0 0.029084 0.393139 0.009734 0.012412
0 0.482779 0.143932 0.009291 0.011598
0 0.569949 0.780292 0.009656 0.012806
0 0.339982 0.372714 0.009010 0.011736
0 0.519685 0.277800 0.008617 0.011039
0 0.138794 0.575920 0.010228 0.012658
0 0.368719 0.516255 0.008130 0.011720
0 0.141381 0.313047 0.010273 0.012941
0 0.587037 0.946161 0.008411 0.012178
0 0.509283 0.646497 0.009167 0.012106
0 0.105223 0.521680 0.010001 0.013631
0 0.319948 0.584736 0.008831 0.011516
0 0.436428 0.060734 0.009517 0.011807
0 0.548924 0.539376 0.008912 0.012316
0 0.261742 0.159538 0.008939 0.010840
0 0.552704 0.078722 0.009477 0.012181
0 0.028325 0.237898 0.008853 0.011579
0 0.134839 0.269071 0.008925 0.012405
0 0.083925 0.506634 0.010190 0.013000
0 0.373009 0.700916 0.008740 0.010841
0 0.086649 0.207669 0.010190 0.014239
0 0.270354 0.477269 0.008719 0.012111
0 0.245854 0.251527 0.009756 0.012825
0 0.131486 0.649557 0.009155 0.011596
0 0.122134 0.278007 0.009979 0.012501
0 0.149986 0.882338 0.008538 0.011012
0 0.633618 0.059471 0.008892 0.012142
0 0.557176 0.995091 0.008076 0.008526
0 0.193072 0.419049 0.009491 0.012416
0 0.345111 0.041461 0.009014 0.011904
0 0.136822 0.515666 0.009474 0.012398
0 0.354633 0.596125 0.007954 0.010350
0 0.571799 0.747490 0.009899 0.013275
0 0.709814 0.288952 0.008925 0.010363
0 0.446586 0.603307 0.009601 0.013219
0 0.111289 0.143273 0.008887 0.011902
0 0.701462 0.309879 0.010926 0.013443
0 0.085124 0.227950 0.009570 0.012037
0 0.183497 0.994391 0.007550 0.008821
0 0.151099 0.555133 0.008667 0.010935
0 0.237430 0.362547 0.008024 0.010512
0 0.525347 0.377426 0.008196 0.010979
0 0.200348 0.403662 0.009476 0.012164
0 0.146650 0.564402 0.009077 0.011609
0 0.235045 0.248284 0.008034 0.011578
0 0.051355 0.750253 0.009165 0.012288
0 0.288776 0.163353 0.009641 0.012393
0 0.216333 0.933953 0.007725 0.009712
0 0.085338 0.754054 0.009669 0.012773
0 0.417257 0.539969 0.009124 0.011987
0 0.097129 0.992620 0.008996 0.010829
0 0.215143 0.390360 0.009675 0.012419
0 0.800609 0.943874 0.008359 0.010063
0 0.808759 0.771102 0.009358 0.012557
0 0.552913 0.488365 0.009434 0.012243
0 0.329467 0.008758 0.010010 0.013649
0 0.450751 0.359487 0.007171 0.008516
0 0.138917 0.684628 0.009117 0.010484
0 0.393011 0.738001 0.008809 0.011881
0 0.573190 0.899049 0.009300 0.012313
0 0.603557 0.777057 0.007474 0.009904
0 0.590824 0.702383 0.008123 0.009601
0 0.141447 0.994801 0.008100 0.008942
0 0.369861 0.461989 0.009647 0.012253
0 0.285309 0.318729 0.008390 0.011432
0 0.473556 0.287804 0.007495 0.009094
0 0.326862 0.695357 0.008647 0.011328
0 0.009670 0.312738 0.010505 0.013107
0 0.385758 0.567355 0.007711 0.011265
0 0.103219 0.295120 0.008924 0.011757
0 0.126070 0.974665 0.009285 0.012633
0 0.468788 0.563218 0.008927 0.012536
0 0.450982 0.352752 0.008612 0.009783
0 0.063490 0.802939 0.010363 0.013883
0 0.819113 0.118368 0.010169 0.012895
0 0.491196 0.519046 0.009874 0.012722
0 0.068331 0.142704 0.009103 0.011823
0 0.166101 0.991125 0.011464 0.013873
0 0.586156 0.502130 0.007713 0.010325
0 0.798658 0.086694 0.010398 0.014541
0 0.545645 0.580831 0.009501 0.011571
0 0.661553 0.787932 0.006708 0.008471
0 0.129449 0.899550 0.008330 0.010989
0 0.455209 0.865704 0.009500 0.012356
0 0.108158 0.157150 0.009132 0.011872
0 0.281938 0.170479 0.008011 0.012220
0 0.332490 0.620115 0.007984 0.010929
0 0.436635 0.589896 0.008998 0.011045
0 0.359167 0.514787 0.009022 0.011456
0 0.130758 0.195501 0.007758 0.009923
0 0.032565 0.005943 0.007129 0.010310
0 0.353941 0.635863 0.008676 0.011400
0 0.191810 0.079064 0.007959 0.010566
0 0.306303 0.158838 0.007900 0.010514
0 0.446405 0.641862 0.007884 0.010862
0 0.781926 0.128827 0.011500 0.014888
0 0.340899 0.268428 0.008050 0.010316
0 0.230553 0.707603 0.008148 0.010794
0 0.128289 0.689485 0.008333 0.010233
0 0.767203 0.421771 0.007186 0.010152
0 0.121052 0.905526 0.008316 0.010530
0 0.338022 0.700216 0.009904 0.012526
0 0.362471 0.514774 0.007089 0.011574
0 0.478969 0.898484 0.008135 0.010849
0 0.095975 0.962155 0.009081 0.012588
0 0.728242 0.669470 0.007840 0.009979
0 0.114879 0.435255 0.010031 0.012909
0 0.809012 0.430619 0.007756 0.009314
0 0.573419 0.945460 0.008227 0.011103
0 0.448339 0.782729 0.009340 0.012408
0 0.251696 0.367975 0.008955 0.011991
0 0.347279 0.025974 0.007424 0.009879
0 0.489989 0.607976 0.007034 0.009405
0 0.571997 0.455554 0.008017 0.010477
0 0.268586 0.496911 0.007923 0.010572
0 0.086787 0.729818 0.009065 0.011521
0 0.171133 0.174828 0.008542 0.010204
0 0.107014 0.316506 0.012176 0.016410
0 0.171521 0.180394 0.008611 0.011407
0 0.354966 0.474165 0.007811 0.010109
0 0.369333 0.138963 0.007707 0.010799
0 0.135725 0.692005 0.007760 0.010876
0 0.147489 0.893918 0.009219 0.011427
0 0.559901 0.461552 0.007529 0.009784
0 0.384447 0.642481 0.008358 0.011243
0 0.174114 0.174625 0.006891 0.009647
0 0.474854 0.737834 0.009427 0.012162
0 0.447007 0.861602 0.008771 0.011468
0 0.578263 0.448723 0.008684 0.012265
0 0.302891 0.373718 0.009787 0.012199
0 0.464391 0.547639 0.007889 0.011205
0 0.303788 0.167202 0.008886 0.011588
0 0.133458 0.903398 0.008613 0.010094
0 0.178952 0.927555 0.009215 0.012210
0 0.177737 0.182637 0.008487 0.011783
0 0.165217 0.434475 0.008941 0.011967
0 0.559355 0.852340 0.008074 0.010402
0 0.165184 0.968174 0.008726 0.011420
0 0.331372 0.221948 0.005807 0.007255
0 0.287285 0.732290 0.009035 0.011431
0 0.276285 0.172273 0.010491 0.013855
0 0.210436 0.929947 0.007482 0.010725
0 0.037431 0.793946 0.009649 0.012001
0 0.074339 0.258797 0.008546 0.011548
0 0.123498 0.394224 0.006720 0.009442
0 0.441630 0.635111 0.007321 0.010363
0 0.147518 0.104671 0.008761 0.011639
0 0.135784 0.112318 0.008949 0.012022
0 0.695891 0.394863 0.008678 0.012301
0 0.458663 0.738446 0.009228 0.011804
0 0.692970 0.397660 0.008615 0.012367
0 0.463228 0.702224 0.008199 0.010868
0 0.016129 0.872991 0.007924 0.010953
0 0.125324 0.616965 0.008105 0.010537
0 0.279860 0.621114 0.009027 0.010892
0 0.438890 0.674733 0.007329 0.009986
0 0.180658 0.121356 0.010118 0.013275
0 0.125778 0.785163 0.009423 0.012030
0 0.559067 0.856969 0.007364 0.009274
0 0.460002 0.404071 0.008628 0.011033
0 0.476046 0.479530 0.009178 0.012676
0 0.123439 0.935132 0.008932 0.011567
0 0.729742 0.994115 0.007166 0.008507
0 0.044534 0.736075 0.008748 0.010432
0 0.010582 0.539996 0.008498 0.011360
0 0.236025 0.180238 0.008699 0.011666
0 0.339243 0.795239 0.009235 0.012002
0 0.266521 0.530530 0.009648 0.014047
0 0.003852 0.883988 0.006934 0.011113
0 0.393210 0.170970 0.006588 0.008238
0 0.588616 0.435424 0.008479 0.012040
0 0.447811 0.589590 0.007206 0.010237
0 0.035476 0.855311 0.009665 0.012682
0 0.368142 0.540083 0.009028 0.012433
0 0.523344 0.715154 0.008576 0.010750
0 0.645957 0.044334 0.005646 0.007363
0 0.046972 0.807617 0.009100 0.014205
0 0.419513 0.784358 0.007657 0.010148
0 0.021082 0.484171 0.008435 0.011236
0 0.265418 0.688657 0.008994 0.011450
0 0.551969 0.083303 0.009044 0.012520
0 0.812874 0.039805 0.008281 0.011367
0 0.455731 0.409346 0.007560 0.012572
0 0.144571 0.858326 0.007367 0.010363
0 0.216088 0.925737 0.007864 0.009987
0 0.444688 0.322241 0.010533 0.013699
0 0.127750 0.126778 0.008459 0.011659
0 0.017990 0.888403 0.009731 0.012690
0 0.151445 0.857593 0.008083 0.011645
0 0.044108 0.010495 0.012124 0.016124
0 0.582968 0.505391 0.007176 0.008561
0 0.804321 0.441340 0.008615 0.011581
0 0.179419 0.179251 0.007569 0.011050
0 0.261622 0.488070 0.008188 0.010787
0 0.818105 0.532699 0.007142 0.009119
0 0.584634 0.877535 0.008025 0.010473
0 0.029246 0.268207 0.007731 0.010587
0 0.119416 0.617103 0.008156 0.011099
0 0.099326 0.921514 0.008358 0.011617
0 0.347426 0.228883 0.008823 0.012309
0 0.331131 0.639941 0.007697 0.009838
0 0.188737 0.072999 0.007935 0.011179
0 0.324530 0.787930 0.008879 0.011366
0 0.587622 0.246240 0.008605 0.011622
0 0.347218 0.473256 0.007971 0.009275
0 0.587652 0.659478 0.008347 0.010708
0 0.798044 0.460765 0.009256 0.011484
0 0.584589 0.244065 0.008436 0.010579
0 0.586343 0.777865 0.010286 0.014768
0 0.491622 0.779294 0.009005 0.011493
0 0.023817 0.881783 0.008243 0.012067
0 0.214944 0.045713 0.007075 0.009509
0 0.110742 0.910631 0.008052 0.011156
0 0.262120 0.639084 0.008518 0.010939
0 0.363534 0.135179 0.007778 0.010629
0 0.207271 0.120128 0.009734 0.012443
0 0.370872 0.342141 0.009252 0.012308
0 0.594206 0.914167 0.008101 0.011076
0 0.229147 0.205845 0.009037 0.011795
0 0.791417 0.435072 0.008518 0.012203
0 0.359174 0.645263 0.009014 0.010328
0 0.272148 0.173086 0.009230 0.013001
0 0.417654 0.718551 0.008726 0.011754
0 0.290091 0.167414 0.010444 0.014052
0 0.386827 0.422336 0.007335 0.010724
0 0.442084 0.683221 0.005428 0.007115
0 0.219138 0.043025 0.008206 0.010782
0 0.024036 0.478645 0.009608 0.013371
0 0.442481 0.640714 0.007564 0.008850
0 0.526844 0.320330 0.008845 0.011297
0 0.818845 0.366002 0.006445 0.008666
0 0.800711 0.936356 0.007789 0.010068
0 0.043481 0.745486 0.007020 0.007566
0 0.231446 0.337089 0.007372 0.010203
0 0.498663 0.864117 0.008556 0.011052
0 0.589092 0.709065 0.008244 0.011246
0 0.812405 0.434757 0.008518 0.009793
0 0.769095 0.728452 0.008053 0.010930
0 0.809671 0.329024 0.008787 0.011125
0 0.281714 0.623560 0.008831 0.011784
0 0.274601 0.679319 0.008694 0.011169
0 0.182510 0.893136 0.009571 0.012476
0 0.344838 0.481163 0.009466 0.013248
0 0.503686 0.565675 0.009449 0.011505
0 0.360209 0.510994 0.008585 0.012150
0 0.768672 0.734674 0.008037 0.009251
0 0.093311 0.920710 0.008098 0.010954
0 0.275905 0.633170 0.007201 0.009610
0 0.566255 0.858273 0.011318 0.015712
0 0.109780 0.148126 0.011012 0.014765
0 0.392211 0.201859 0.010238 0.012269
0 0.494669 0.604682 0.007642 0.011489
0 0.332944 0.587913 0.007439 0.010430
0 0.352150 0.463526 0.009144 0.012430
0 0.719382 0.643761 0.007872 0.011613
0 0.810893 0.333469 0.009638 0.013219
0 0.424813 0.789409 0.007549 0.010214
0 0.587736 0.184926 0.007831 0.010549
0 0.822946 0.244344 0.008210 0.010807
0 0.772876 0.732131 0.008541 0.011245
0 0.516204 0.691985 0.009111 0.011519
0 0.103897 0.904332 0.007487 0.010570
0 0.504641 0.761595 0.007162 0.009778
0 0.314842 0.362013 0.008373 0.011781
0 0.795803 0.463075 0.010136 0.013571
0 0.778812 0.133379 0.011697 0.015971
0 0.173960 0.287349 0.014406 0.019222
0 0.509104 0.753833 0.006318 0.007720
0 0.601130 0.477296 0.006881 0.008591
0 0.237057 0.335014 0.008159 0.011805
0 0.713492 0.640815 0.007180 0.010066
0 0.128848 0.895393 0.007932 0.010398
0 0.349475 0.455809 0.009798 0.012219
0 0.035018 0.274341 0.007823 0.010489
0 0.563205 0.854083 0.007428 0.011303
0 0.589179 0.851856 0.007531 0.010534
0 0.226363 0.713575 0.008351 0.010912
0 0.528893 0.119017 0.005702 0.007989
0 0.180949 0.897606 0.011237 0.015460
0 0.760322 0.423893 0.007361 0.010238
0 0.707861 0.666595 0.008090 0.010888
0 0.117709 0.768420 0.008424 0.011384
0 0.470662 0.296686 0.007083 0.008696
0 0.157284 0.154206 0.012493 0.016987
0 0.266063 0.986735 0.009511 0.012142
0 0.008495 0.692443 0.006408 0.006306
0 0.033709 0.268225 0.007120 0.010566
0 0.338848 0.570053 0.006578 0.009746
0 0.421955 0.713764 0.007792 0.010520
0 0.270523 0.745786 0.008329 0.010776
0 0.331535 0.580327 0.006665 0.008568
0 0.452027 0.357490 0.009784 0.012958
0 0.706923 0.673429 0.007359 0.009054
0 0.100389 0.910873 0.008504 0.010858
0 0.450329 0.540833 0.007988 0.010709
0 0.101623 0.919795 0.009299 0.012245
0 0.221057 0.134026 0.008828 0.011566
0 0.408631 0.826250 0.007733 0.009543
0 0.417745 0.813076 0.006658 0.009699
0 0.527513 0.325302 0.009076 0.011462
0 0.099084 0.059037 0.013620 0.017798
0 0.097190 0.937429 0.008687 0.012074
0 0.437672 0.678228 0.008641 0.011092
0 0.313751 0.766662 0.008277 0.011104
0 0.626313 0.716343 0.012197 0.016640
0 0.415994 0.059875 0.013611 0.018009
0 0.136611 0.638254 0.007370 0.008932
0 0.769545 0.321801 0.008189 0.010948
0 0.670377 0.809452 0.011617 0.014484
0 0.316275 0.165743 0.010653 0.014914
0 0.150031 0.854484 0.007263 0.011522
0 0.320552 0.168416 0.014511 0.017202
0 0.306405 0.860506 0.005417 0.006688
0 0.559972 0.320181 0.014871 0.019869
0 0.710215 0.295228 0.010649 0.014294
0 0.457710 0.546667 0.007128 0.011669
0 0.190729 0.076853 0.011807 0.014270
0 0.513158 0.692638 0.008620 0.011049
0 0.824487 0.125264 0.007848 0.012786
0 0.576737 0.549258 0.012141 0.012112
0 0.198171 0.407132 0.010115 0.013876
0 0.446678 0.861491 0.012886 0.018030
0 0.120836 0.990927 0.011534 0.012121
0 0.367392 0.513848 0.005987 0.009622
0 0.106493 0.908962 0.009936 0.012006
