0 0.294031 0.586684 0.009128 0.012238
0 0.340735 0.285432 0.008756 0.011284
0 0.333397 0.444609 0.009336 0.012370
0 0.356642 0.251891 0.009049 0.012210
0 0.247544 0.353232 0.009757 0.012702
0 0.348345 0.626857 0.009132 0.011788
0 0.040304 0.806953 0.009563 0.013051
0 0.122212 0.870971 0.009046 0.011981
0 0.372220 0.650131 0.008507 0.010995
0 0.580108 0.388913 0.009576 0.012944
0 0.430647 0.793749 0.009192 0.011988
0 0.298711 0.224749 0.008904 0.012050
0 0.084054 0.711209 0.008137 0.010682
0 0.428540 0.658274 0.009631 0.012443
0 0.306462 0.370099 0.008912 0.012167
0 0.574813 0.805154 0.009297 0.012101
0 0.314231 0.933026 0.008937 0.011741
0 0.434301 0.838522 0.009336 0.012274
0 0.092435 0.713903 0.008601 0.011813
0 0.483488 0.971438 0.008757 0.010907
0 0.471119 0.439821 0.009435 0.012829
0 0.425558 0.522954 0.008910 0.011317
0 0.465479 0.505417 0.009008 0.012372
0 0.079559 0.955250 0.008461 0.011624
0 0.615106 0.454032 0.009218 0.011905
0 0.110135 0.141578 0.009643 0.012992
0 0.024504 0.621965 0.008002 0.010568
0 0.184721 0.950612 0.009026 0.011242
0 0.108534 0.292862 0.010345 0.013092
0 0.269499 0.755947 0.010321 0.013388
0 0.141516 0.847058 0.008249 0.010534
0 0.441219 0.589227 0.009189 0.012095
0 0.724161 0.873547 0.008818 0.010851
0 0.127689 0.742679 0.008797 0.012128
0 0.370252 0.202008 0.009563 0.012503
0 0.027672 0.959141 0.009017 0.012242
0 0.233082 0.944007 0.009526 0.011827
0 0.075537 0.921106 0.006894 0.008993
0 0.307594 0.909808 0.008909 0.011912
0 0.149717 0.870347 0.009233 0.011997
0 0.286058 0.788171 0.008504 0.011321
0 0.513217 0.451870 0.009209 0.012246
0 0.131305 0.950843 0.009497 0.011528
0 0.625602 0.464823 0.010378 0.014081
0 0.466111 0.528637 0.008795 0.011243
0 0.219425 0.584311 0.009982 0.012951
0 0.724088 0.694681 0.009785 0.012618
0 0.073113 0.946041 0.008298 0.011210
0 0.338288 0.149303 0.009203 0.012564
0 0.357539 0.805489 0.008944 0.011234
0 0.701852 0.683383 0.009629 0.012254
0 0.504528 0.820481 0.008360 0.011328
0 0.135310 0.799173 0.009324 0.012825
0 0.349079 0.735281 0.009068 0.011838
0 0.190374 0.314767 0.008243 0.010820
0 0.134119 0.982089 0.008955 0.012091
0 0.500882 0.535369 0.009790 0.013323
0 0.292443 0.806341 0.008914 0.011933
0 0.496444 0.441168 0.009821 0.012696
0 0.401791 0.626195 0.009330 0.012180
0 0.050345 0.906728 0.008924 0.012011
0 0.052754 0.893004 0.009697 0.011904
0 0.599445 0.350961 0.008635 0.011292
0 0.177637 0.929430 0.009176 0.011769
0 0.315436 0.857415 0.009837 0.012901
0 0.362381 0.178692 0.008797 0.011905
0 0.379023 0.807728 0.009529 0.012353
0 0.103724 0.828798 0.009042 0.012151
0 0.196439 0.759107 0.009201 0.012673
0 0.011812 0.942837 0.009580 0.012152
0 0.244407 0.192605 0.009335 0.012438
0 0.335556 0.918760 0.007195 0.009386
0 0.599979 0.513909 0.007136 0.009602
0 0.360289 0.279336 0.008451 0.011457
0 0.006281 0.695534 0.008584 0.011516
0 0.208296 0.923028 0.007875 0.011942
0 0.099148 0.903121 0.008772 0.011336
0 0.532834 0.727446 0.008751 0.011779
0 0.013672 0.556506 0.009272 0.011944
0 0.069290 0.877307 0.008660 0.010808
0 0.391365 0.631431 0.008112 0.011583
0 0.426064 0.891154 0.008893 0.011723
0 0.716967 0.876856 0.006768 0.010346
0 0.664898 0.485900 0.008846 0.011996
0 0.288445 0.973577 0.009323 0.012371
0 0.284948 0.868391 0.009431 0.012499
0 0.176319 0.995103 0.007990 0.008234
0 0.362421 0.717346 0.008854 0.012465
0 0.326536 0.778853 0.008746 0.010997
0 0.564320 0.549209 0.008482 0.011999
0 0.098910 0.212913 0.008939 0.010276
0 0.305794 0.715408 0.008204 0.010805
0 0.363543 0.153425 0.009034 0.011374
0 0.501469 0.332140 0.010267 0.013668
0 0.606981 0.577933 0.008015 0.009688
0 0.256215 0.648329 0.009540 0.012422
0 0.153711 0.928337 0.008298 0.011483
0 0.203989 0.908554 0.008452 0.011231
0 0.459106 0.671277 0.009842 0.012810
0 0.596963 0.957035 0.009012 0.011970
0 0.121306 0.930683 0.008858 0.011872
0 0.231146 0.909850 0.009002 0.011762
0 0.259283 0.892697 0.008136 0.010739
0 0.261848 0.590754 0.008300 0.010802
0 0.441931 0.493643 0.007977 0.011291
0 0.412448 0.542991 0.008823 0.011639
0 0.341667 0.660138 0.007529 0.010167
0 0.440511 0.526699 0.008947 0.011860
0 0.354084 0.710843 0.007730 0.009978
0 0.090755 0.853402 0.008451 0.011078
0 0.364488 0.545111 0.009263 0.012476
0 0.010346 0.893355 0.008716 0.011260
0 0.631652 0.383692 0.009146 0.011632
0 0.424858 0.290190 0.009049 0.012091
0 0.276547 0.535772 0.008975 0.012012
0 0.143945 0.932297 0.008770 0.011024
0 0.173480 0.709271 0.009235 0.012414
0 0.721916 0.720335 0.009424 0.012507
0 0.307927 0.883489 0.007827 0.010595
0 0.110347 0.677541 0.009756 0.012680
0 0.740349 0.828071 0.011021 0.013413
0 0.519881 0.704500 0.009451 0.012366
0 0.052451 0.996122 0.007636 0.006980
0 0.215086 0.922168 0.008769 0.013035
0 0.606978 0.514514 0.006735 0.009770
0 0.006063 0.314668 0.010081 0.013029
0 0.425266 0.445804 0.008929 0.011795
0 0.027593 0.978586 0.008879 0.012428
0 0.077022 0.862464 0.009453 0.011937
0 0.261567 0.689548 0.007356 0.010376
0 0.131467 0.821098 0.008018 0.009109
0 0.113586 0.933672 0.007223 0.008877
0 0.076624 0.952190 0.009037 0.010473
0 0.222390 0.921259 0.008958 0.012081
0 0.698083 0.146805 0.006942 0.009353
0 0.369978 0.967796 0.008707 0.011678
0 0.112812 0.924077 0.007924 0.009982
0 0.240596 0.174546 0.010596 0.013600
0 0.096846 0.225603 0.008754 0.010713
0 0.231805 0.925776 0.008345 0.011229
0 0.494947 0.826235 0.008256 0.011685
0 0.609506 0.579275 0.008883 0.010188
0 0.610383 0.589128 0.007957 0.009392
0 0.161915 0.886369 0.009324 0.012019
0 0.132430 0.801054 0.010860 0.014474
0 0.369902 0.608843 0.007540 0.009858
0 0.219342 0.897181 0.010610 0.014065
0 0.171104 0.954838 0.008889 0.010736
0 0.152998 0.495630 0.007189 0.008975
0 0.761773 0.861157 0.010733 0.013635
0 0.608691 0.522249 0.007029 0.009335
0 0.071933 0.502290 0.008524 0.012073
0 0.752204 0.557353 0.007374 0.009594
0 0.033298 0.882337 0.008374 0.011135
0 0.368870 0.600903 0.006873 0.008741
0 0.065502 0.503325 0.006439 0.009635
0 0.766814 0.987919 0.008611 0.011603
0 0.196006 0.217004 0.008671 0.012221
0 0.459830 0.592818 0.007465 0.009955
0 0.209983 0.684326 0.006516 0.008795
0 0.122966 0.183675 0.007441 0.009739
0 0.559707 0.548339 0.009971 0.014719
0 0.385809 0.570527 0.008144 0.011180
0 0.246403 0.910632 0.008524 0.011827
0 0.289162 0.773364 0.007632 0.009056
0 0.195938 0.760119 0.006090 0.008573
0 0.327487 0.942394 0.007821 0.011116
0 0.096372 0.664121 0.008655 0.011422
0 0.133854 0.828599 0.007208 0.009740
0 0.012936 0.425128 0.008975 0.011583
0 0.363617 0.607861 0.006441 0.008719
0 0.214740 0.688717 0.007319 0.010586
0 0.326791 0.457192 0.006402 0.008672
0 0.020113 0.696720 0.007223 0.009426
0 0.464628 0.594365 0.006716 0.010246
0 0.354206 0.663252 0.007758 0.010200
0 0.347940 0.662216 0.006955 0.010570
0 0.304769 0.884000 0.008299 0.011399
0 0.099595 0.273070 0.007480 0.009928
0 0.753416 0.784555 0.008225 0.011270
0 0.214732 0.684987 0.006447 0.009463
0 0.552427 0.548116 0.009963 0.012196
0 0.527898 0.987470 0.007657 0.009668
0 0.690872 0.721321 0.008895 0.011722
0 0.747074 0.556810 0.006784 0.009140
0 0.310889 0.888315 0.007289 0.009858
0 0.245942 0.917007 0.007806 0.011825
0 0.188506 0.996649 0.006244 0.005869
0 0.553432 0.552117 0.009301 0.012591
0 0.533260 0.392817 0.007708 0.010353
0 0.253465 0.910762 0.007202 0.009963
0 0.437205 0.497336 0.007725 0.009992
0 0.724493 0.695817 0.013993 0.018365
0 0.702385 0.737655 0.008421 0.011497
0 0.334504 0.445088 0.013031 0.018702
0 0.734692 0.104523 0.007370 0.009826
0 0.510112 0.692364 0.008666 0.011540
0 0.130495 0.828744 0.007155 0.008477
0 0.144477 0.488824 0.007646 0.010238
0 0.268688 0.757396 0.015623 0.019506
0 0.068533 0.500191 0.009117 0.011873
0 0.040067 0.808728 0.013598 0.019076
0 0.008124 0.895036 0.010429 0.015901
0 0.264006 0.685758 0.009372 0.010382
0 0.366169 0.602585 0.008005 0.010018
0 0.473345 0.854574 0.007787 0.011646
0 0.532425 0.396377 0.008447 0.011784
0 0.229302 0.136364 0.006733 0.010170
0 0.740920 0.830296 0.014949 0.019885
0 0.337699 0.148255 0.013501 0.018295
0 0.024180 0.145139 0.008131 0.011119
0 0.725021 0.874254 0.012286 0.016886
0 0.434431 0.840487 0.013768 0.017446
