0 0.379244 0.165381 0.003858 0.004630
0 0.424576 0.529064 0.004244 0.005658
0 0.572338 0.650977 0.004244 0.005658
0 0.429398 0.194444 0.003858 0.005144
0 0.322531 0.051955 0.003858 0.005144
0 0.121721 0.290638 0.004244 0.005144
0 0.405093 0.298868 0.003858 0.005144
0 0.428048 0.158436 0.004244 0.005144
0 0.369792 0.045010 0.004244 0.005658
0 0.422647 0.065329 0.004244 0.005144
0 0.410494 0.359311 0.003858 0.005658
0 0.268904 0.091564 0.003858 0.005144
0 0.323495 0.382716 0.004244 0.005144
0 0.297068 0.050412 0.003858 0.005144
0 0.449267 0.197016 0.004244 0.006173
0 0.276620 0.498457 0.004630 0.006173
0 0.380980 0.281121 0.005787 0.008745
0 0.453704 0.142490 0.003858 0.005144
0 0.557677 0.147891 0.004244 0.005658
0 0.308256 0.038580 0.003858 0.006173
0 0.359182 0.261317 0.003858 0.005144
0 0.691358 0.337191 0.004630 0.005658
0 0.222608 0.153292 0.003858 0.005144
0 0.090856 0.327160 0.004244 0.005144
0 0.588156 0.574331 0.004244 0.005658
0 0.307485 0.055556 0.003858 0.005144
0 0.362269 0.056070 0.003858 0.006173
0 0.590471 0.263117 0.004244 0.005658
0 0.582369 0.533436 0.004244 0.006173
0 0.348958 0.463220 0.004244 0.005658
0 0.541474 0.574846 0.004244 0.005658
0 0.472415 0.210648 0.004244 0.005658
0 0.354552 0.488169 0.003858 0.005144
0 0.525463 0.021348 0.004630 0.005658
0 0.389853 0.360854 0.004244 0.005658
0 0.262731 0.457047 0.003858 0.005658
0 0.381944 0.525463 0.004630 0.005658
0 0.544946 0.320730 0.004244 0.005658
0 0.397377 0.537809 0.003858 0.005658
0 0.382523 0.260031 0.004244 0.005658
0 0.550733 0.535237 0.004244 0.005658
0 0.541667 0.246656 0.003858 0.005658
0 0.331983 0.028549 0.004244 0.005658
0 0.362269 0.314300 0.003858 0.005144
0 0.440779 0.540895 0.004244 0.005658
0 0.553627 0.515432 0.004630 0.006173
0 0.616705 0.226080 0.004244 0.005658
0 0.376543 0.150463 0.003858 0.005658
0 0.320409 0.212191 0.004244 0.005658
0 0.639082 0.220165 0.004244 0.005144
0 0.484954 0.233796 0.004630 0.005658
0 0.389275 0.021862 0.004630 0.006687
0 0.455826 0.260031 0.004244 0.005658
0 0.489198 0.213220 0.003858 0.005658
0 0.314236 0.098765 0.004244 0.005144
0 0.540702 0.165895 0.004244 0.005658
0 0.612847 0.240998 0.004244 0.005658
0 0.522569 0.453189 0.004244 0.005144
0 0.369599 0.520319 0.003858 0.005658
0 0.505594 0.140175 0.004244 0.005658
0 0.477238 0.036008 0.003858 0.005144
0 0.571566 0.186986 0.004244 0.005658
0 0.638889 0.316358 0.003858 0.005144
0 0.572338 0.541409 0.004244 0.005658
0 0.383488 0.245370 0.003858 0.005144
0 0.594715 0.538066 0.004244 0.005144
0 0.574267 0.452418 0.004244 0.005658
0 0.365934 0.186728 0.004244 0.005144
0 0.361111 0.510288 0.004630 0.006173
0 0.444830 0.134516 0.003858 0.005658
0 0.505787 0.212191 0.003858 0.005658
0 0.213735 0.245885 0.003858 0.005144
0 0.409144 0.319187 0.004244 0.005658
0 0.313850 0.065586 0.004244 0.005658
0 0.272762 0.069187 0.003858 0.005658
0 0.354938 0.304012 0.003858 0.005144
0 0.423997 0.104681 0.005401 0.006687
0 0.447917 0.223765 0.003858 0.005144
0 0.240934 0.204733 0.004244 0.005144
0 0.522184 0.176183 0.004244 0.005658
0 0.462963 0.382973 0.003858 0.005658
0 0.326775 0.388889 0.003858 0.005144
0 0.439236 0.434671 0.003472 0.005144
0 0.445602 0.160237 0.003858 0.005658
0 0.390818 0.605710 0.003858 0.005658
0 0.651620 0.176183 0.003858 0.005658
0 0.432677 0.463992 0.004244 0.005144
0 0.519483 0.667181 0.004244 0.006173
0 0.357446 0.350823 0.004244 0.005144
0 0.144869 0.192644 0.004244 0.005658
0 0.334105 0.189300 0.003858 0.005144
0 0.643326 0.103395 0.004244 0.005144
0 0.583526 0.521091 0.004244 0.006173
0 0.382716 0.133230 0.010802 0.010288
0 0.160494 0.395833 0.003858 0.005658
0 0.454668 0.243313 0.004244 0.006173
0 0.424576 0.420782 0.004244 0.005144
0 0.344907 0.180298 0.003858 0.005658
0 0.328318 0.239198 0.003858 0.006173
0 0.686535 0.099023 0.004244 0.005658
0 0.285108 0.260545 0.003858 0.005658
0 0.506559 0.630658 0.004630 0.006173
0 0.475502 0.472479 0.004244 0.005658
0 0.382330 0.312243 0.003858 0.005144
0 0.574460 0.672068 0.004630 0.005658
0 0.197338 0.218364 0.004244 0.005658
0 0.375386 0.352366 0.003858 0.005144
0 0.383681 0.296039 0.004244 0.005658
0 0.587963 0.130916 0.010031 0.010802
0 0.368441 0.426183 0.003858 0.005658
0 0.270255 0.263889 0.004244 0.005144
0 0.327739 0.073302 0.004244 0.005658
0 0.341435 0.216049 0.006173 0.007202
0 0.407793 0.262603 0.003858 0.005658
0 0.349537 0.475823 0.003858 0.005144
0 0.286844 0.061728 0.004244 0.005144
0 0.440972 0.021605 0.003858 0.005144
0 0.456983 0.181842 0.004244 0.005658
0 0.620563 0.166924 0.004244 0.005658
0 0.203704 0.059928 0.003858 0.005658
0 0.395255 0.324846 0.004244 0.005658
0 0.438079 0.142747 0.004244 0.005658
0 0.404128 0.450874 0.004244 0.005658
0 0.174961 0.005401 0.005015 0.005658
0 0.562886 0.536265 0.003858 0.005658
0 0.606674 0.177212 0.004244 0.005658
0 0.613426 0.677212 0.004630 0.005658
0 0.039545 0.304270 0.004244 0.005658
0 0.521991 0.753858 0.004630 0.006687
0 0.536844 0.292695 0.004244 0.006173
0 0.545332 0.442644 0.004244 0.005658
0 0.024691 0.203704 0.003858 0.005144
0 0.391590 0.310700 0.003858 0.005144
0 0.484375 0.225051 0.004244 0.005658
0 0.453125 0.525463 0.004244 0.005658
0 0.519290 0.195988 0.005401 0.007202
0 0.222029 0.178241 0.004244 0.005658
0 0.065779 0.367027 0.004244 0.005658
0 0.422454 0.553755 0.004630 0.005658
0 0.406250 0.030607 0.003858 0.005658
0 0.473573 0.064300 0.004244 0.005144
0 0.546296 0.228395 0.003858 0.005144
0 0.564236 0.681842 0.004244 0.005658
0 0.080054 0.208076 0.004244 0.005658
0 0.378858 0.179527 0.006173 0.009259
0 0.374421 0.495628 0.004244 0.005658
0 0.613426 0.022634 0.003858 0.005144
0 0.477431 0.055556 0.004244 0.005144
0 0.301505 0.072788 0.004244 0.005658
0 0.434028 0.076132 0.006173 0.007202
0 0.374807 0.219650 0.004244 0.005144
0 0.503279 0.690586 0.004244 0.005658
0 0.622106 0.499486 0.004244 0.006173
0 0.433449 0.233282 0.004244 0.005658
0 0.547840 0.857767 0.004630 0.006687
0 0.255787 0.490741 0.007716 0.011317
0 0.235918 0.563272 0.004244 0.005144
0 0.518711 0.776235 0.004244 0.006173
0 0.420525 0.396091 0.003858 0.005144
0 0.497299 0.289609 0.003858 0.005144
0 0.417438 0.151749 0.003858 0.005144
0 0.399498 0.043467 0.004244 0.005658
0 0.429591 0.226080 0.005015 0.005658
0 0.611690 0.100823 0.004244 0.006173
0 0.335841 0.468364 0.004244 0.005658
0 0.323881 0.102366 0.006559 0.008230
0 0.233410 0.102366 0.003858 0.005144
0 0.069252 0.187243 0.004244 0.005144
0 0.339506 0.391204 0.003858 0.005658
0 0.159336 0.286265 0.003858 0.005658
0 0.367863 0.087706 0.004244 0.005658
0 0.126736 0.357253 0.004244 0.005658
0 0.283951 0.518004 0.004630 0.006173
0 0.560957 0.159465 0.003858 0.005144
0 0.439429 0.118313 0.007716 0.009259
0 0.307099 0.011574 0.003858 0.005658
0 0.583333 0.359825 0.003858 0.005658
0 0.555363 0.299126 0.004244 0.005658
0 0.379437 0.397119 0.004244 0.005144
0 0.370563 0.443673 0.004244 0.005658
0 0.552083 0.559414 0.004630 0.005658
0 0.232060 0.208076 0.004244 0.005658
0 0.244406 0.326389 0.005787 0.010802
0 0.528935 0.441615 0.003858 0.005658
0 0.496142 0.095679 0.003858 0.005144
0 0.516397 0.146605 0.004244 0.005144
0 0.193673 0.049383 0.003858 0.005144
0 0.538387 0.196245 0.003472 0.004630
0 0.238619 0.143261 0.004244 0.005658
0 0.401813 0.175926 0.004244 0.005144
0 0.220486 0.251286 0.004244 0.005658
0 0.337384 0.370113 0.004244 0.005658
0 0.407407 0.545267 0.003858 0.005144
0 0.692323 0.321245 0.004244 0.005658
0 0.099344 0.351337 0.004244 0.006173
0 0.185571 0.297582 0.003858 0.004630
0 0.158951 0.198045 0.004630 0.006173
0 0.158179 0.302984 0.004630 0.005144
0 0.126157 0.022634 0.005401 0.008230
0 0.415702 0.285494 0.007330 0.006173
0 0.476080 0.286008 0.003858 0.005144
0 0.201196 0.005144 0.003472 0.005144
0 0.392168 0.090792 0.004244 0.005658
0 0.258295 0.235340 0.007330 0.014918
0 0.083140 0.360340 0.005015 0.006687
0 0.639660 0.012603 0.003858 0.005658
0 0.142168 0.029578 0.004244 0.005658
0 0.329668 0.354167 0.004244 0.005658
0 0.630787 0.125000 0.010802 0.010288
0 0.560764 0.006430 0.004244 0.005658
0 0.440779 0.325360 0.006559 0.006687
0 0.457948 0.197788 0.005401 0.005658
0 0.282600 0.293210 0.005787 0.007202
0 0.651427 0.238683 0.004244 0.006173
0 0.257716 0.075874 0.006173 0.011831
0 0.194637 0.016204 0.004244 0.005658
0 0.456404 0.312243 0.003858 0.005144
0 0.313079 0.360340 0.004244 0.005658
0 0.476659 0.197274 0.004244 0.005658
0 0.093557 0.313014 0.006559 0.008745
0 0.351466 0.118056 0.009259 0.007716
0 0.265046 0.377058 0.004630 0.006173
0 0.183063 0.587706 0.004244 0.005658
0 0.213349 0.546553 0.004630 0.005658
0 0.298032 0.424126 0.004244 0.005658
0 0.535108 0.328189 0.003858 0.005144
0 0.556327 0.529064 0.004630 0.005658
0 0.421296 0.443158 0.003086 0.004630
0 0.550926 0.629115 0.004630 0.006173
0 0.543210 0.382973 0.004630 0.005658
0 0.392747 0.382459 0.003858 0.005658
0 0.158951 0.427212 0.003858 0.005658
0 0.441937 0.170525 0.006559 0.008745
0 0.313272 0.378344 0.003858 0.005658
0 0.195409 0.271605 0.004244 0.005144
0 0.281250 0.723508 0.003858 0.005658
0 0.342785 0.197788 0.004244 0.005658
0 0.592207 0.648920 0.003858 0.005658
0 0.483218 0.081533 0.004244 0.005658
0 0.291281 0.075360 0.003858 0.005658
0 0.197338 0.127829 0.009645 0.008745
0 0.348958 0.071245 0.004244 0.005658
0 0.601659 0.559156 0.005015 0.010288
0 0.345872 0.322274 0.004244 0.005658
0 0.528549 0.767747 0.004630 0.005658
0 0.426698 0.271862 0.004630 0.005658
0 0.415702 0.119599 0.004244 0.004630
0 0.583719 0.341307 0.003858 0.005658
0 0.051505 0.283179 0.004244 0.005658
0 0.289352 0.426698 0.004630 0.005658
0 0.797840 0.859568 0.004630 0.006173
0 0.462963 0.281636 0.003858 0.005658
0 0.318673 0.170525 0.003858 0.005658
0 0.277199 0.104424 0.004244 0.005144
0 0.466628 0.434414 0.004244 0.005658
0 0.586034 0.619084 0.003858 0.005658
0 0.502508 0.297068 0.004244 0.005658
0 0.519097 0.099794 0.002701 0.005144
0 0.464892 0.092078 0.003858 0.005144
0 0.449074 0.197788 0.003858 0.003601
0 0.318866 0.151492 0.004244 0.005658
0 0.383102 0.006944 0.003858 0.005658
0 0.374807 0.480710 0.004244 0.005658
0 0.575039 0.031121 0.006559 0.008745
0 0.324267 0.315844 0.009645 0.010288
0 0.450424 0.030864 0.004244 0.005144
0 0.173804 0.020062 0.006559 0.008230
0 0.419753 0.136574 0.004630 0.005658
0 0.609375 0.205504 0.004244 0.005658
0 0.355903 0.251286 0.004244 0.005658
0 0.686535 0.537294 0.004244 0.005658
0 0.338542 0.329475 0.005787 0.009774
0 0.549576 0.373971 0.005015 0.008230
0 0.219715 0.949588 0.002701 0.005144
0 0.659529 0.771348 0.004244 0.005658
0 0.673997 0.298354 0.003858 0.006173
0 0.515239 0.112912 0.004244 0.005658
0 0.458526 0.426955 0.004244 0.005144
0 0.270640 0.327418 0.005015 0.005658
0 0.470486 0.648405 0.004244 0.005658
0 0.151813 0.376543 0.003472 0.004115
0 0.379051 0.038323 0.005787 0.006687
0 0.391397 0.165638 0.004244 0.005144
0 0.497106 0.592335 0.004244 0.005658
0 0.507909 0.273405 0.004244 0.005658
0 0.483989 0.372171 0.004244 0.005658
0 0.297647 0.146862 0.004244 0.005658
0 0.466242 0.068930 0.005787 0.007202
0 0.282022 0.698045 0.004630 0.006173
0 0.516590 0.399177 0.003858 0.005144
0 0.520640 0.209105 0.004244 0.005658
0 0.391204 0.467078 0.003858 0.005144
0 0.125579 0.316358 0.004244 0.007202
0 0.599923 0.288066 0.003858 0.005144
0 0.452546 0.539866 0.003858 0.004630
0 0.437886 0.183128 0.003858 0.005144
0 0.084684 0.295267 0.004244 0.005144
0 0.532986 0.177212 0.004244 0.005658
0 0.367670 0.466564 0.003858 0.005144
0 0.434799 0.482253 0.004630 0.005658
0 0.079668 0.378601 0.004244 0.007202
0 0.438850 0.370628 0.004244 0.005658
0 0.451003 0.474280 0.004630 0.006173
0 0.390046 0.148148 0.003858 0.005144
0 0.476080 0.160751 0.003858 0.005658
0 0.208719 0.027006 0.003858 0.005658
0 0.495949 0.062757 0.005015 0.005144
0 0.292438 0.457819 0.006944 0.008230
0 0.552083 0.327160 0.003858 0.005144
0 0.372106 0.463477 0.004244 0.006173
0 0.161073 0.029064 0.004244 0.005658
0 0.330440 0.179527 0.004244 0.005144
0 0.400463 0.010288 0.004630 0.006173
0 0.215471 0.014918 0.005787 0.009259
0 0.321566 0.355195 0.004244 0.005658
0 0.655864 0.327675 0.003858 0.005144
0 0.244213 0.508488 0.006944 0.014918
0 0.246721 0.097737 0.004244 0.005144
0 0.305363 0.273148 0.008873 0.010288
0 0.207948 0.287809 0.003858 0.005658
0 0.626929 0.321759 0.003858 0.005658
0 0.484375 0.482767 0.004244 0.005658
0 0.337191 0.294239 0.006173 0.011317
0 0.476080 0.119599 0.003858 0.004630
0 0.537809 0.029064 0.003858 0.005658
0 0.468557 0.444959 0.004244 0.006173
0 0.428434 0.480195 0.004244 0.005658
0 0.700424 0.092593 0.004244 0.006173
0 0.464892 0.114455 0.008488 0.007716
0 0.430363 0.333848 0.004244 0.005144
0 0.380401 0.453447 0.004630 0.007716
0 0.473573 0.523148 0.004244 0.006173
0 0.226080 0.158436 0.003858 0.005144
0 0.326968 0.040895 0.004244 0.005658
0 0.414159 0.028035 0.004244 0.005658
0 0.225309 0.011317 0.003858 0.005144
0 0.253279 0.262088 0.004244 0.005658
0 0.279128 0.372428 0.004244 0.006173
0 0.224151 0.034465 0.003858 0.005144
0 0.494020 0.139660 0.004244 0.005658
0 0.416088 0.516461 0.004244 0.005144
0 0.173804 0.283693 0.005015 0.007716
0 0.120370 0.009002 0.003858 0.005658
0 0.172840 0.497685 0.004630 0.005658
0 0.464506 0.787037 0.004630 0.006173
0 0.433835 0.753344 0.004244 0.005658
0 0.387153 0.478395 0.004244 0.005144
0 0.158179 0.329475 0.005401 0.007716
0 0.475694 0.092078 0.003858 0.005144
0 0.380594 0.282922 0.005015 0.008230
0 0.269869 0.167695 0.005015 0.008230
0 0.289352 0.690072 0.004630 0.005658
0 0.216242 0.221708 0.004244 0.007202
0 0.445216 0.446502 0.003858 0.005144
0 0.303434 0.209619 0.005787 0.005658
0 0.206019 0.349794 0.003858 0.005144
0 0.557292 0.280093 0.004244 0.005658
0 0.324653 0.111368 0.004244 0.005658
0 0.499807 0.178241 0.004244 0.005658
0 0.036651 0.177469 0.003858 0.005144
0 0.419560 0.486111 0.004244 0.005144
0 0.218557 0.487912 0.004244 0.005658
0 0.148148 0.605453 0.005401 0.007202
0 0.399884 0.481224 0.004244 0.005658
0 0.490162 0.329475 0.004244 0.005658
0 0.203897 0.371656 0.004244 0.005658
0 0.573302 0.864198 0.004630 0.008230
0 0.008681 0.472222 0.004244 0.005144
0 0.281443 0.270576 0.005015 0.004115
0 0.381366 0.468107 0.004244 0.006173
0 0.444059 0.066615 0.003858 0.005658
0 0.322531 0.051955 0.003858 0.005144
0 0.080247 0.193930 0.003858 0.005144
0 0.513696 0.208076 0.004244 0.005658
0 0.676890 0.272119 0.004244 0.006173
0 0.513503 0.157665 0.005401 0.005658
0 0.548611 0.184156 0.003858 0.005144
0 0.763889 0.389660 0.005401 0.005658
0 0.386767 0.127315 0.011188 0.006687
0 0.141590 0.461163 0.004630 0.005658
0 0.268519 0.119599 0.007716 0.006687
0 0.695795 0.178755 0.004244 0.005658
0 0.339313 0.021862 0.004244 0.005658
0 0.142554 0.236883 0.006559 0.006687
0 0.342014 0.532665 0.004244 0.005658
0 0.513117 0.486111 0.002315 0.003086
0 0.650463 0.508488 0.003858 0.005658
0 0.405671 0.140947 0.005787 0.011317
0 0.344329 0.044496 0.004244 0.005658
0 0.329475 0.644547 0.004630 0.007202
0 0.452353 0.429012 0.004244 0.005144
0 0.379244 0.165123 0.003858 0.005144
0 0.372106 0.592850 0.005015 0.006687
0 0.080054 0.208333 0.004244 0.005144
0 0.565201 0.789095 0.004630 0.006173
0 0.008295 0.231739 0.004244 0.005658
0 0.658565 0.471965 0.004630 0.005658
0 0.533565 0.125514 0.008488 0.009259
0 0.474344 0.250772 0.004244 0.005658
0 0.187114 0.619084 0.006173 0.005658
0 0.479745 0.014660 0.004244 0.005658
0 0.432292 0.208848 0.003472 0.005144
0 0.538002 0.181070 0.004244 0.005144
0 0.153935 0.261060 0.003858 0.005658
0 0.185185 0.548354 0.005401 0.007202
0 0.347994 0.539609 0.005401 0.008230
0 0.443094 0.100566 0.003472 0.004630
0 0.249035 0.484311 0.006559 0.011831
0 0.521991 0.087706 0.003858 0.005658
0 0.388117 0.103138 0.003086 0.004630
0 0.535108 0.656893 0.006173 0.008230
0 0.211613 0.313014 0.004244 0.005658
0 0.129244 0.303241 0.003858 0.005658
0 0.410880 0.051183 0.003858 0.005658
0 0.479552 0.155093 0.003858 0.003601
0 0.153742 0.366255 0.004244 0.005144
0 0.450810 0.702675 0.005015 0.006173
0 0.247685 0.540638 0.006173 0.013374
0 0.273920 0.448045 0.005401 0.008230
0 0.385224 0.459362 0.004244 0.005144
0 0.350502 0.366512 0.004244 0.005658
0 0.138503 0.268776 0.005401 0.004630
0 0.403356 0.157150 0.004244 0.005658
0 0.374421 0.074331 0.004244 0.005658
0 0.326389 0.529064 0.003858 0.004630
0 0.425540 0.662294 0.004630 0.005658
0 0.442708 0.949846 0.004244 0.005658
0 0.453125 0.341307 0.004244 0.005658
0 0.276042 0.035237 0.004244 0.006687
0 0.387731 0.291409 0.003858 0.004630
0 0.359375 0.363940 0.004244 0.005658
0 0.578704 0.760031 0.006173 0.007716
0 0.652585 0.198560 0.004244 0.005144
0 0.350694 0.377058 0.005401 0.006173
0 0.409722 0.371656 0.006944 0.006687
0 0.445988 0.313786 0.003858 0.005144
0 0.215085 0.113940 0.008873 0.007716
0 0.477623 0.145062 0.005401 0.006173
0 0.590471 0.201132 0.007330 0.009259
0 0.554398 0.164352 0.005401 0.006687
0 0.415316 0.388374 0.003472 0.005144
0 0.414352 0.378858 0.003858 0.005658
0 0.292631 0.459105 0.007330 0.009774
0 0.353974 0.153807 0.006559 0.009259
0 0.411844 0.623714 0.004244 0.005658
0 0.397569 0.487397 0.004244 0.005658
0 0.482060 0.498200 0.004244 0.005658
0 0.239198 0.555041 0.005401 0.006173
0 0.414352 0.069187 0.003858 0.005658
0 0.465856 0.083333 0.004244 0.005144
0 0.450231 0.347737 0.003858 0.005144
0 0.367863 0.087706 0.004244 0.005658
0 0.229745 0.394547 0.007330 0.008230
0 0.535108 0.653035 0.006173 0.007716
0 0.528549 0.004887 0.003858 0.006687
0 0.465856 0.523663 0.004244 0.005144
0 0.086998 0.276235 0.007330 0.010288
0 0.288002 0.606224 0.004244 0.005658
0 0.101080 0.608025 0.004630 0.005144
0 0.568480 0.255658 0.003472 0.005144
0 0.474923 0.483796 0.006173 0.009774
0 0.557099 0.683899 0.004630 0.006687
0 0.479167 0.124743 0.006944 0.006687
0 0.403356 0.496399 0.004244 0.005144
0 0.405285 0.386574 0.004244 0.005658
0 0.520255 0.553241 0.004244 0.005658
0 0.396026 0.389660 0.004244 0.005658
0 0.468171 0.272119 0.004244 0.005144
0 0.414738 0.285494 0.006173 0.006173
0 0.374228 0.094650 0.006173 0.008230
0 0.324267 0.168467 0.004244 0.005658
0 0.445602 0.364969 0.003858 0.005658
0 0.007523 0.198302 0.004244 0.005658
0 0.468750 0.855710 0.004630 0.006687
0 0.333719 0.086420 0.003858 0.005144
0 0.359761 0.011831 0.004244 0.005144
0 0.459298 0.151492 0.005015 0.009774
0 0.472801 0.428241 0.004244 0.005658
0 0.513696 0.208076 0.004244 0.005658
0 0.538966 0.648920 0.004630 0.005658
0 0.304012 0.353395 0.003858 0.005144
0 0.438272 0.389660 0.003858 0.005658
0 0.403164 0.269805 0.003858 0.005658
0 0.690394 0.170525 0.005787 0.006687
0 0.561728 0.178498 0.006944 0.005144
0 0.041281 0.279578 0.004630 0.005658
0 0.257523 0.100051 0.004244 0.007716
0 0.446759 0.211163 0.003858 0.008745
0 0.486690 0.164866 0.004244 0.005658
0 0.335262 0.094136 0.003858 0.005144
0 0.407215 0.204218 0.005787 0.010288
0 0.406057 0.203704 0.005787 0.008230
0 0.489198 0.046039 0.005401 0.007716
0 0.616705 0.694702 0.005015 0.010802
0 0.621335 0.506944 0.008102 0.005658
0 0.513503 0.617027 0.003858 0.005658
0 0.527778 0.548354 0.003858 0.006173
0 0.161265 0.344393 0.003858 0.006687
0 0.553627 0.190072 0.003858 0.005658
0 0.168789 0.323302 0.004244 0.005658
0 0.608603 0.428755 0.004244 0.005658
0 0.083912 0.200103 0.004244 0.005144
0 0.296296 0.347222 0.003858 0.005144
0 0.677469 0.056842 0.006173 0.005658
0 0.494406 0.084619 0.004244 0.005658
0 0.349730 0.043210 0.004244 0.005144
0 0.557099 0.280607 0.003858 0.004630
0 0.425347 0.110082 0.007330 0.011317
0 0.352431 0.376543 0.007330 0.006173
0 0.338542 0.330761 0.006559 0.009259
0 0.288387 0.344393 0.005015 0.007716
0 0.590664 0.200874 0.007716 0.008745
0 0.553241 0.122428 0.009259 0.008230
0 0.414738 0.498714 0.004630 0.005658
0 0.693673 0.764403 0.002315 0.003086
0 0.670139 0.699331 0.004630 0.005658
0 0.140239 0.237140 0.006559 0.007202
0 0.392747 0.182099 0.004630 0.007202
0 0.526813 0.130916 0.006559 0.009774
0 0.607446 0.012346 0.005015 0.006173
0 0.489198 0.173611 0.003858 0.005658
0 0.405285 0.386574 0.004244 0.005658
0 0.131752 0.349794 0.003472 0.009259
0 0.406250 0.030607 0.003858 0.005658
0 0.116127 0.317901 0.006944 0.009259
0 0.240162 0.101595 0.003472 0.005658
0 0.498843 0.506687 0.005401 0.007202
0 0.411458 0.604424 0.007330 0.007202
0 0.172454 0.020319 0.006173 0.008745
0 0.393326 0.190586 0.004244 0.005658
0 0.245370 0.107510 0.003858 0.005144
0 0.443287 0.170782 0.006944 0.009259
0 0.081790 0.224280 0.003086 0.004115
0 0.225116 0.332047 0.006559 0.011831
0 0.434028 0.326132 0.005401 0.005144
0 0.009838 0.152006 0.006559 0.006687
0 0.321373 0.120628 0.008488 0.005658
0 0.726852 0.161780 0.004630 0.005658
0 0.399884 0.394547 0.004244 0.005144
0 0.475502 0.091821 0.004244 0.004630
0 0.244406 0.220422 0.008102 0.009774
0 0.297261 0.050412 0.004244 0.006173
0 0.544946 0.320730 0.004244 0.005658
0 0.381366 0.468107 0.004244 0.006173
0 0.435571 0.789866 0.004630 0.005658
0 0.443094 0.395319 0.004244 0.005658
0 0.440779 0.077418 0.007330 0.010802
0 0.403356 0.630401 0.005787 0.003601
0 0.452353 0.429012 0.004244 0.005144
0 0.215471 0.327160 0.007330 0.010288
0 0.601659 0.561471 0.005015 0.008745
0 0.505787 0.455761 0.004630 0.006173
0 0.479167 0.126286 0.007716 0.008745
0 0.423611 0.108539 0.005401 0.012346
0 0.142940 0.171553 0.008102 0.009774
0 0.501736 0.449074 0.004244 0.005144
0 0.298611 0.123714 0.007716 0.007716
0 0.255208 0.425154 0.006559 0.012860
0 0.115355 0.358796 0.004630 0.007716
0 0.296296 0.347222 0.003858 0.005144
0 0.287037 0.451132 0.002315 0.003086
0 0.318866 0.151492 0.004244 0.005658
0 0.473573 0.064043 0.004244 0.004630
0 0.781443 0.934414 0.006559 0.007716
0 0.477816 0.145062 0.005015 0.006173
0 0.046103 0.025977 0.004244 0.005658
0 0.484375 0.720936 0.003472 0.003601
0 0.537809 0.181070 0.003858 0.005144
0 0.483989 0.146348 0.004244 0.005658
0 0.266397 0.322788 0.003472 0.004630
0 0.219136 0.396605 0.003086 0.004115
0 0.251543 0.082047 0.003086 0.004630
0 0.038773 0.385545 0.005015 0.006687
0 0.116705 0.317901 0.005787 0.009259
0 0.442901 0.395062 0.003858 0.005144
0 0.095100 0.139660 0.007330 0.006687
0 0.295332 0.213735 0.005787 0.007716
0 0.107639 0.253344 0.003858 0.008745
0 0.336998 0.369856 0.003472 0.005144
0 0.497492 0.483796 0.006559 0.009774
0 0.374807 0.478138 0.003472 0.001543
0 0.516397 0.146605 0.004244 0.005144
0 0.242091 0.005144 0.005015 0.005144
0 0.347801 0.219393 0.005787 0.005658
0 0.347994 0.221708 0.005401 0.009259
0 0.249228 0.118313 0.003086 0.004115
0 0.451968 0.210905 0.005015 0.010288
0 0.313657 0.154578 0.003858 0.005658
0 0.420718 0.307099 0.005787 0.008230
0 0.795332 0.791667 0.002701 0.003086
0 0.385995 0.186471 0.005015 0.006687
0 0.124807 0.145062 0.005015 0.006173
0 0.601273 0.613683 0.002701 0.005144
0 0.573688 0.867798 0.005401 0.015432
0 0.085841 0.282922 0.006559 0.007202
0 0.361111 0.510031 0.004630 0.006687
0 0.167052 0.288323 0.005401 0.008745
0 0.406250 0.030607 0.003858 0.005658
0 0.404514 0.011317 0.005787 0.005144
0 0.120370 0.009002 0.003858 0.005658
0 0.302855 0.445216 0.006173 0.007716
0 0.612654 0.211677 0.003858 0.005658
0 0.282215 0.698045 0.004244 0.006173
0 0.435764 0.083591 0.005787 0.008745
