0 0.465085 0.201389 0.005787 0.009774
0 0.237847 0.903807 0.004244 0.005144
0 0.666281 0.525977 0.006944 0.011831
0 0.322917 0.558642 0.004630 0.006173
0 0.714892 0.987397 0.003858 0.004630
0 0.548804 0.988683 0.004244 0.006173
0 0.698302 0.587449 0.004630 0.008230
0 0.826775 0.481739 0.004630 0.007716
0 0.292438 0.986111 0.004630 0.005144
0 0.308642 0.484053 0.004630 0.008230
0 0.792824 0.794239 0.003858 0.006173
0 0.238426 0.924640 0.003858 0.004630
0 0.073495 0.965792 0.004244 0.005658
0 0.208719 0.765689 0.003858 0.005658
0 0.956597 0.629372 0.004244 0.007716
0 0.443287 0.301698 0.004630 0.005658
0 0.507716 0.174640 0.006173 0.007716
0 0.666088 0.735854 0.004244 0.005658
0 0.963542 0.672325 0.005787 0.005144
0 0.747299 0.794239 0.006944 0.006173
0 0.495756 0.548868 0.004630 0.006173
0 0.196952 0.733796 0.004244 0.005658
0 0.714120 0.911523 0.003858 0.005144
0 0.435764 0.345422 0.004244 0.007716
0 0.695216 0.947274 0.004630 0.008745
0 0.331404 0.747428 0.003858 0.006173
0 0.411265 0.858282 0.003858 0.004630
0 0.769676 0.816615 0.006944 0.009774
0 0.512346 0.454990 0.004630 0.007716
0 0.298804 0.746656 0.004244 0.004630
0 0.849730 0.773920 0.004244 0.005658
0 0.868248 0.793724 0.004244 0.006173
0 0.429977 0.198302 0.005787 0.008745
0 0.056906 0.841049 0.003472 0.005144
0 0.516590 0.654578 0.004630 0.005658
0 0.419174 0.445988 0.005787 0.008230
0 0.367863 0.388632 0.005787 0.007716
0 0.220679 0.920525 0.004630 0.005658
0 0.367670 0.305556 0.004630 0.006173
0 0.168596 0.686728 0.004630 0.006173
0 0.422454 0.241512 0.006173 0.008745
0 0.261381 0.872428 0.003472 0.005144
0 0.412037 0.127572 0.006173 0.009259
0 0.466049 0.837449 0.003858 0.006173
0 0.315586 0.930813 0.003858 0.004630
0 0.096836 0.846965 0.003858 0.005658
0 0.361111 0.753858 0.003086 0.004630
0 0.109954 0.844907 0.003858 0.005658
0 0.867863 0.887860 0.004244 0.005144
0 0.322145 0.529578 0.004630 0.005658
0 0.797840 0.861111 0.003858 0.005144
0 0.255208 0.934414 0.004244 0.005658
0 0.443866 0.626286 0.004244 0.005658
0 0.280285 0.890689 0.003472 0.005658
0 0.250579 0.969907 0.004244 0.005658
0 0.005980 0.844907 0.004244 0.005658
0 0.002701 0.932356 0.003858 0.004630
0 0.345872 0.617541 0.004244 0.004630
0 0.229938 0.831276 0.003858 0.005144
0 0.253279 0.641718 0.004244 0.005658
0 0.317323 0.893519 0.004244 0.005144
0 0.425540 0.884259 0.003858 0.005144
0 0.521412 0.526235 0.004244 0.006173
0 0.333140 0.813014 0.004244 0.005658
0 0.598187 0.637346 0.004244 0.008230
0 0.771412 0.109053 0.005787 0.009259
0 0.301890 0.603395 0.004244 0.006173
0 0.328704 0.824588 0.003858 0.005144
0 0.144290 0.790123 0.003858 0.005144
0 0.956019 0.840535 0.003858 0.005144
0 0.297261 0.772634 0.004244 0.006173
0 0.625579 0.921553 0.004244 0.005658
0 0.437693 0.265175 0.005787 0.009774
0 0.447338 0.745370 0.005787 0.008230
0 0.068287 0.984825 0.007716 0.009774
0 0.849730 0.679527 0.004244 0.006173
0 0.384452 0.904321 0.005787 0.008230
0 0.204090 0.888117 0.003858 0.005658
0 0.177276 0.897891 0.003472 0.005658
0 0.267554 0.586163 0.004244 0.005658
0 0.427276 0.724794 0.004244 0.006173
0 0.487847 0.730195 0.004244 0.005658
0 0.289738 0.797840 0.003858 0.005144
0 0.325617 0.960391 0.003858 0.005144
0 0.347222 0.799126 0.003858 0.005658
0 0.320602 0.429784 0.003858 0.005658
0 0.229360 0.766204 0.003472 0.004630
0 0.068480 0.950103 0.006559 0.008230
0 0.021605 0.792181 0.006944 0.008230
0 0.506366 0.410751 0.004244 0.005658
0 0.529514 0.783951 0.003472 0.005144
0 0.279900 0.956533 0.003472 0.004630
0 0.082948 0.918467 0.003858 0.005658
0 0.066358 0.832047 0.004630 0.007716
0 0.478974 0.684671 0.003472 0.006173
0 0.123843 0.542695 0.003858 0.009259
0 0.334105 0.886831 0.003858 0.005144
0 0.756752 0.939043 0.003472 0.004630
0 0.084105 0.968879 0.003858 0.005658
0 0.478202 0.791409 0.007330 0.009774
0 0.287809 0.632459 0.004630 0.005658
0 0.708140 0.901749 0.004244 0.005144
0 0.130401 0.854167 0.004630 0.005658
0 0.257716 0.899949 0.004630 0.005658
0 0.269676 0.543724 0.006944 0.011317
0 0.352623 0.759002 0.004630 0.004630
0 0.354938 0.984568 0.003858 0.004115
0 0.921296 0.655607 0.006944 0.007716
0 0.925540 0.820730 0.003086 0.004630
0 0.131752 0.773920 0.004244 0.004630
0 0.409722 0.801440 0.003858 0.005144
0 0.153742 0.826646 0.004244 0.005144
0 0.218750 0.933385 0.003858 0.004630
0 0.363233 0.991770 0.007330 0.008230
0 0.335262 0.777263 0.003858 0.005144
0 0.342978 0.495113 0.003858 0.004630
0 0.344715 0.875514 0.005787 0.006173
0 0.183256 0.823560 0.003086 0.005144
0 0.343557 0.294496 0.005787 0.008745
0 0.352623 0.774691 0.003858 0.006173
0 0.745370 0.852366 0.003858 0.005144
0 0.861111 0.984825 0.003858 0.005658
0 0.039738 0.937500 0.004630 0.005658
0 0.541281 0.969907 0.007716 0.009774
0 0.736497 0.833076 0.003858 0.004630
0 0.194059 0.432870 0.006944 0.008745
0 0.197145 0.536523 0.006944 0.010288
0 0.084105 0.825360 0.003858 0.005658
0 0.153935 0.656379 0.004630 0.006173
0 0.154128 0.656121 0.004244 0.005658
0 0.078318 0.875257 0.003858 0.005658
0 0.405093 0.779835 0.003858 0.005144
0 0.450231 0.151492 0.003086 0.003601
0 0.423997 0.848251 0.006173 0.011317
0 0.067323 0.838220 0.008102 0.009774
0 0.156443 0.858025 0.004244 0.005144
0 0.295139 0.827418 0.003858 0.007716
