0 0.727816 0.099023 0.004244 0.005658
0 0.597222 0.040895 0.003858 0.005658
0 0.993634 0.040381 0.004244 0.005658
0 0.544367 0.068930 0.003858 0.005144
0 0.768133 0.164866 0.003858 0.005658
0 0.395062 0.029578 0.006173 0.006687
0 0.805748 0.158179 0.004244 0.005658
0 0.420332 0.137603 0.004244 0.005658
0 0.230324 0.102881 0.003858 0.005144
0 0.410494 0.137860 0.003858 0.005144
0 0.652006 0.041152 0.003858 0.005144
0 0.321373 0.079475 0.003858 0.005658
0 0.143326 0.556842 0.004244 0.005658
0 0.790702 0.118570 0.003472 0.005658
0 0.766975 0.090021 0.003858 0.005144
0 0.706790 0.034465 0.003858 0.005144
0 0.683256 0.057356 0.003858 0.005658
0 0.587191 0.045267 0.004630 0.006173
0 0.881173 0.106481 0.003858 0.005144
0 0.584684 0.058642 0.004244 0.005144
0 0.490934 0.026235 0.004244 0.005144
0 0.838349 0.159208 0.003858 0.005658
0 0.658951 0.046553 0.003858 0.005658
0 0.625386 0.107767 0.003858 0.005658
0 0.986883 0.054784 0.003858 0.005658
0 0.520062 0.087191 0.003858 0.005658
0 0.496142 0.046553 0.003858 0.005658
0 0.879244 0.453189 0.003858 0.005144
0 0.812114 0.098508 0.003858 0.005658
0 0.660108 0.145062 0.003858 0.005144
0 0.596065 0.073302 0.003858 0.005658
0 0.298032 0.085648 0.004244 0.005658
0 0.557677 0.049383 0.004244 0.007202
0 0.493827 0.070988 0.003858 0.005144
0 0.853588 0.314043 0.003472 0.004630
0 0.455440 0.056842 0.004244 0.005658
0 0.856481 0.072788 0.003858 0.005658
0 0.636188 0.206533 0.003858 0.005658
0 0.220293 0.059414 0.003858 0.005658
0 0.675926 0.635031 0.003858 0.005658
0 0.629051 0.544496 0.004244 0.005658
0 0.645640 0.123714 0.004244 0.005658
0 0.751543 0.111368 0.003858 0.005658
0 0.975116 0.120113 0.007330 0.008745
0 0.529514 0.421039 0.004244 0.005658
0 0.884838 0.466049 0.004244 0.005144
0 0.701582 0.078961 0.004244 0.005658
0 0.667631 0.089763 0.004244 0.005658
0 0.340278 0.659722 0.003858 0.005658
0 0.249807 0.175412 0.004244 0.005144
0 0.340278 0.068416 0.003858 0.005144
0 0.744213 0.090278 0.003858 0.005658
0 0.756559 0.161008 0.003858 0.005144
0 0.729552 0.181842 0.003858 0.006687
0 0.990162 0.014660 0.004244 0.005658
0 0.603009 0.619342 0.003858 0.005144
0 0.762924 0.477366 0.004244 0.005144
0 0.341049 0.146348 0.003858 0.005658
0 0.371142 0.189300 0.003858 0.005144
0 0.357832 0.046811 0.003472 0.005144
0 0.595293 0.023920 0.003858 0.005658
0 0.787809 0.159208 0.006944 0.012860
0 0.737076 0.206533 0.004244 0.005658
0 0.166667 0.596193 0.003858 0.005144
0 0.448688 0.576389 0.003858 0.004630
0 0.563465 0.030607 0.004244 0.005658
0 0.671296 0.210648 0.003858 0.005658
0 0.768326 0.149177 0.004244 0.005144
0 0.642361 0.081019 0.003858 0.005658
0 0.580633 0.641718 0.003858 0.005658
0 0.658951 0.424897 0.003858 0.005144
0 0.686343 0.163837 0.003858 0.005658
0 0.935957 0.079475 0.003858 0.005658
0 0.129437 0.428755 0.004244 0.005658
0 0.822338 0.167181 0.003472 0.005144
0 0.313657 0.033179 0.003858 0.005658
0 0.110532 0.498971 0.004244 0.005144
0 0.875193 0.155607 0.004244 0.005658
0 0.886574 0.084105 0.003858 0.005658
0 0.241512 0.203961 0.003858 0.005658
0 0.575231 0.181842 0.003858 0.005658
0 0.354938 0.138889 0.003858 0.005144
0 0.437693 0.016718 0.004244 0.005658
0 0.851659 0.150463 0.004244 0.005658
0 0.628858 0.616770 0.003858 0.005144
0 0.610147 0.679527 0.003472 0.005144
0 0.423997 0.599280 0.003858 0.005144
0 0.352431 0.085391 0.004244 0.005144
0 0.242091 0.073302 0.004244 0.005658
0 0.549961 0.797325 0.004244 0.005144
0 0.959491 0.466821 0.003858 0.005658
0 0.505015 0.106224 0.003858 0.005658
0 0.739198 0.075103 0.003858 0.006173
0 0.434606 0.050412 0.004244 0.006173
0 0.825424 0.255401 0.005015 0.005658
0 0.596836 0.347479 0.003858 0.005658
0 0.869213 0.229424 0.003858 0.005144
0 0.616898 0.059156 0.003858 0.005144
0 0.698302 0.583333 0.003858 0.005144
0 0.152199 0.566358 0.003472 0.008230
0 0.640432 0.056842 0.003858 0.005658
0 0.317323 0.047325 0.005015 0.006173
0 0.654707 0.588477 0.003858 0.005144
0 0.856867 0.144547 0.003858 0.005144
0 0.872878 0.203447 0.008102 0.008745
0 0.489198 0.137088 0.003858 0.005658
0 0.710648 0.199331 0.003858 0.004630
0 0.727431 0.051440 0.004244 0.005144
0 0.855710 0.089506 0.006944 0.011317
0 0.548804 0.340021 0.003472 0.005144
0 0.821181 0.106481 0.003472 0.005144
0 0.771605 0.103395 0.003858 0.005144
0 0.446373 0.049897 0.003858 0.005144
0 0.652006 0.175412 0.003858 0.005144
0 0.148341 0.062757 0.005015 0.006173
0 0.356096 0.164866 0.003858 0.005658
0 0.735147 0.442387 0.004244 0.005144
0 0.913580 0.120113 0.010031 0.007716
0 0.539352 0.031121 0.004630 0.008745
0 0.662809 0.076903 0.003858 0.005658
0 0.866705 0.136574 0.009645 0.009774
0 0.710455 0.076132 0.003472 0.005144
0 0.657407 0.179784 0.003858 0.005658
0 0.777971 0.132459 0.008873 0.011831
0 0.585841 0.009259 0.003472 0.005144
0 0.271991 0.069959 0.003858 0.005144
0 0.679205 0.010031 0.004244 0.005658
0 0.881173 0.845165 0.003858 0.005144
0 0.523920 0.065844 0.004630 0.007202
0 0.679591 0.145833 0.003472 0.005658
0 0.700039 0.453704 0.004244 0.005144
0 0.783565 0.134002 0.009259 0.009774
0 0.699653 0.495885 0.003472 0.005144
0 0.074846 0.461420 0.004630 0.006173
0 0.852431 0.122942 0.008873 0.008230
0 0.195216 0.238169 0.003858 0.005144
0 0.438272 0.160751 0.003858 0.005658
0 0.836227 0.205504 0.004244 0.005658
0 0.606867 0.070473 0.003858 0.005144
0 0.313079 0.118570 0.009645 0.009774
0 0.694444 0.238940 0.003858 0.005658
0 0.846451 0.044496 0.003858 0.005658
0 0.687307 0.088992 0.005787 0.008230
0 0.758488 0.084619 0.005401 0.006687
0 0.897762 0.080761 0.003858 0.005144
0 0.936343 0.118570 0.003858 0.005658
0 0.675154 0.203189 0.003858 0.005144
0 0.476273 0.164866 0.004244 0.005658
0 0.862654 0.083076 0.003858 0.005658
0 0.485918 0.062500 0.006559 0.006687
0 0.678627 0.020833 0.003858 0.005658
0 0.684799 0.208848 0.003858 0.005144
0 0.878472 0.178241 0.003858 0.005658
0 0.757909 0.219393 0.004244 0.005658
0 0.473765 0.041924 0.003858 0.005658
0 0.767554 0.467078 0.004244 0.005144
0 0.703318 0.104681 0.003858 0.005658
0 0.802276 0.138374 0.008102 0.010288
0 0.470293 0.123971 0.008488 0.008230
0 0.380787 0.694959 0.003858 0.005144
0 0.690972 0.812243 0.003858 0.005144
0 0.480903 0.073045 0.004244 0.005144
0 0.664159 0.062243 0.005787 0.008230
0 0.404514 0.038323 0.004244 0.005658
0 0.886381 0.297582 0.004244 0.005658
0 0.353009 0.034722 0.005401 0.007716
0 0.529321 0.045010 0.003858 0.005658
0 0.398534 0.110854 0.003858 0.004630
0 0.703125 0.065586 0.004244 0.005658
0 0.846065 0.838992 0.003858 0.005144
0 0.157986 0.508745 0.003472 0.006173
0 0.140046 0.587963 0.005401 0.007202
0 0.884066 0.067644 0.004244 0.005658
0 0.846644 0.224537 0.008873 0.012860
0 0.236111 0.692644 0.004630 0.005658
0 0.148341 0.429527 0.004244 0.007202
0 0.409529 0.099537 0.004244 0.005658
0 0.544367 0.004887 0.003858 0.005658
0 0.878472 0.439043 0.003858 0.005658
0 0.229167 0.657407 0.003858 0.005144
0 0.564429 0.016975 0.005401 0.008230
0 0.513117 0.054527 0.003858 0.005144
0 0.060185 0.087963 0.003858 0.005144
0 0.461420 0.037037 0.003858 0.005144
0 0.648920 0.782407 0.003858 0.005144
0 0.903549 0.666924 0.003858 0.005658
0 0.703318 0.150720 0.003858 0.005144
0 0.218364 0.193158 0.003858 0.004630
0 0.533179 0.159465 0.003858 0.005144
0 0.258681 0.726595 0.004244 0.006687
0 0.665316 0.017233 0.004244 0.005658
0 0.530478 0.013374 0.004630 0.006173
0 0.517361 0.022119 0.004630 0.006173
0 0.812693 0.302212 0.004244 0.005658
0 0.759259 0.018261 0.003858 0.005658
0 0.046875 0.086934 0.005015 0.006173
0 0.617863 0.005401 0.004244 0.005658
0 0.717207 0.540123 0.004630 0.005144
0 0.618827 0.141975 0.006944 0.008230
0 0.222801 0.128344 0.011188 0.010802
0 0.993056 0.319187 0.003858 0.005658
0 0.430941 0.057099 0.006173 0.006173
0 0.505208 0.012346 0.004244 0.005144
0 0.925540 0.342850 0.006173 0.005658
0 0.429784 0.128344 0.004630 0.005658
0 0.817708 0.459105 0.003472 0.005658
0 0.499807 0.627572 0.004244 0.005144
0 0.861111 0.803241 0.003858 0.005658
0 0.749228 0.148148 0.003858 0.005144
0 0.920718 0.541667 0.004244 0.005144
0 0.783372 0.266718 0.004244 0.005658
0 0.507330 0.626543 0.003858 0.005144
0 0.679012 0.120885 0.009259 0.008230
0 0.320023 0.434928 0.004244 0.005658
0 0.430748 0.057099 0.005787 0.006173
0 0.579282 0.756944 0.007330 0.005658
0 0.487654 0.728652 0.004630 0.005658
0 0.984182 0.145576 0.005401 0.007202
0 0.616512 0.635031 0.003858 0.005658
0 0.656443 0.579990 0.005015 0.006687
0 0.633873 0.083333 0.003858 0.005144
0 0.499614 0.136831 0.003858 0.005144
0 0.559028 0.014660 0.006173 0.006687
0 0.414931 0.199074 0.003472 0.003086
0 0.748650 0.126800 0.009645 0.008745
0 0.233989 0.088992 0.004244 0.005144
0 0.635224 0.053498 0.003472 0.005144
0 0.336034 0.090792 0.004630 0.009774
0 0.376350 0.679784 0.006559 0.006687
0 0.812886 0.750772 0.003858 0.005658
0 0.617091 0.126029 0.004244 0.005144
0 0.981481 0.339506 0.005401 0.009259
0 0.457948 0.046296 0.006944 0.007202
0 0.199460 0.570988 0.008488 0.016461
0 0.708526 0.141461 0.003472 0.005144
0 0.478009 0.030093 0.003858 0.005658
0 0.982253 0.332047 0.005401 0.007716
0 0.321373 0.749228 0.006173 0.007716
0 0.734375 0.093107 0.003472 0.005144
0 0.352816 0.663580 0.005015 0.008230
0 0.287423 0.365741 0.004630 0.006173
0 0.465278 0.433128 0.003858 0.005144
0 0.499807 0.627572 0.004244 0.005144
0 0.477623 0.009002 0.005401 0.009774
0 0.394290 0.059671 0.004630 0.010288
0 0.617284 0.144290 0.003858 0.007716
0 0.664352 0.064815 0.006173 0.008230
0 0.673611 0.139403 0.003858 0.005144
0 0.358025 0.029578 0.003858 0.005658
0 0.228781 0.112397 0.006944 0.008745
0 0.280285 0.649434 0.005015 0.011831
0 0.794946 0.462706 0.003472 0.005658
0 0.238426 0.726337 0.004630 0.008230
0 0.786651 0.130401 0.010031 0.008745
0 0.555748 0.468364 0.003472 0.004630
0 0.491512 0.661008 0.003858 0.005144
0 0.252701 0.722222 0.003858 0.005144
0 0.428434 0.152006 0.004244 0.005658
0 0.476466 0.652006 0.006173 0.005658
0 0.394290 0.061214 0.004630 0.009259
0 0.740162 0.129630 0.004244 0.005144
0 0.416281 0.177469 0.003858 0.004115
0 0.627508 0.042181 0.005787 0.007202
0 0.103202 0.595679 0.006559 0.010288
0 0.821759 0.132716 0.010031 0.009259
0 0.599151 0.532922 0.003858 0.005144
0 0.174961 0.144033 0.004244 0.004115
0 0.549383 0.083333 0.002315 0.006173
0 0.366127 0.023148 0.003858 0.005144
0 0.507909 0.032407 0.002701 0.004115
0 0.837191 0.312500 0.010031 0.013889
0 0.195795 0.182613 0.005787 0.009259
0 0.687886 0.089506 0.006944 0.010288
0 0.287423 0.657922 0.003858 0.007202
0 0.513889 0.013632 0.004630 0.005658
0 0.397955 0.661008 0.004244 0.005144
0 0.103395 0.585905 0.008488 0.007202
0 0.922840 0.186728 0.003858 0.005144
0 0.316358 0.464506 0.005401 0.007202
0 0.336034 0.075874 0.003858 0.005658
0 0.331597 0.015175 0.003472 0.006687
0 0.011960 0.139918 0.003858 0.005144
0 0.420139 0.099280 0.004630 0.005144
0 0.827160 0.038580 0.003858 0.008230
0 0.097994 0.599280 0.006173 0.010288
0 0.654900 0.626543 0.006559 0.007202
0 0.840085 0.469907 0.004244 0.005658
0 0.505401 0.146091 0.003858 0.005144
0 0.241898 0.365484 0.005401 0.007716
0 0.228588 0.112397 0.006559 0.008745
0 0.626543 0.032665 0.003858 0.005658
0 0.847801 0.334362 0.001929 0.003086
0 0.882523 0.008230 0.005015 0.006173
0 0.347029 0.130401 0.008873 0.009774
0 0.468750 0.222222 0.004630 0.010288
0 0.254437 0.042953 0.006559 0.005658
0 0.827353 0.041667 0.004244 0.009259
0 0.801119 0.139660 0.011188 0.014918
0 0.658179 0.829990 0.006173 0.005658
0 0.951389 0.003858 0.003858 0.005658
0 0.079090 0.536523 0.006944 0.008230
0 0.103588 0.587963 0.007330 0.011317
0 0.793403 0.570730 0.006559 0.011831
0 0.937114 0.148405 0.006944 0.008745
0 0.595100 0.836934 0.004244 0.005144
0 0.329282 0.745885 0.005787 0.007202
0 0.519869 0.009516 0.007330 0.005658
0 0.861883 0.234825 0.005401 0.003601
0 0.011381 0.238169 0.005015 0.006173
0 0.138696 0.029064 0.005015 0.009774
0 0.522569 0.513374 0.005015 0.008230
0 0.785301 0.452675 0.007330 0.011317
0 0.246142 0.044239 0.003858 0.005144
0 0.141590 0.601080 0.006173 0.007716
0 0.105517 0.155607 0.006559 0.008745
0 0.590856 0.827932 0.006559 0.008745
0 0.929591 0.295525 0.006559 0.007716
0 0.879437 0.486111 0.003472 0.006173
0 0.514853 0.042181 0.003472 0.005144
0 0.544560 0.577160 0.007330 0.007202
0 0.894869 0.129372 0.010417 0.009774
0 0.986883 0.054270 0.003858 0.004630
0 0.655093 0.627058 0.006944 0.009259
0 0.280093 0.294239 0.008488 0.009259
0 0.143711 0.583076 0.007330 0.006687
0 0.241705 0.366255 0.005787 0.009259
0 0.297454 0.166924 0.007716 0.005658
0 0.834298 0.482767 0.008102 0.008745
0 0.422068 0.005144 0.003858 0.005144
0 0.519869 0.010288 0.006559 0.004115
0 0.502701 0.408179 0.006944 0.005658
0 0.241705 0.732253 0.007330 0.010802
0 0.387539 0.462449 0.006559 0.008230
0 0.245563 0.052212 0.004244 0.007716
0 0.669753 0.718879 0.003858 0.005658
0 0.348765 0.132459 0.006944 0.005658
0 0.273534 0.002315 0.003858 0.004630
0 0.288580 0.636060 0.006944 0.006687
0 0.899884 0.617541 0.001929 0.002572
0 0.894097 0.462449 0.001929 0.003086
0 0.934992 0.142490 0.004244 0.006173
