0 0.018133 0.543210 0.003858 0.005144
0 0.169367 0.497428 0.003858 0.005144
0 0.239198 0.465278 0.003858 0.005658
0 0.151235 0.515175 0.003858 0.005658
0 0.127701 0.584105 0.003858 0.005658
0 0.157407 0.522119 0.003858 0.005144
0 0.097415 0.449846 0.003472 0.004630
0 0.104167 0.496914 0.003858 0.005144
0 0.117477 0.524177 0.004244 0.005144
0 0.023920 0.644033 0.003858 0.005144
0 0.275849 0.340278 0.010031 0.009774
0 0.092978 0.602623 0.003858 0.005658
0 0.035880 0.602881 0.003858 0.005144
0 0.087577 0.444959 0.003858 0.005144
0 0.109761 0.403807 0.004244 0.005144
0 0.127315 0.491255 0.003858 0.005144
0 0.309799 0.419753 0.003858 0.005144
0 0.354552 0.320730 0.003858 0.005658
0 0.108025 0.528035 0.003858 0.004630
0 0.059414 0.632973 0.003858 0.004630
0 0.096836 0.646091 0.003858 0.005144
0 0.090471 0.383745 0.004244 0.005144
0 0.106481 0.573045 0.003858 0.005144
0 0.146991 0.538837 0.003858 0.005658
0 0.404514 0.577932 0.004244 0.005658
0 0.080826 0.494856 0.004244 0.005144
0 0.008102 0.659465 0.003858 0.005144
0 0.325231 0.360082 0.003858 0.005144
0 0.172068 0.483796 0.003858 0.005658
0 0.287037 0.502829 0.003858 0.005658
0 0.143904 0.482253 0.003858 0.005658
0 0.111111 0.556842 0.003858 0.005658
0 0.302469 0.394805 0.003858 0.005658
0 0.072917 0.737397 0.003858 0.005658
0 0.528935 0.380401 0.004630 0.005658
0 0.078897 0.572274 0.004244 0.005658
0 0.133488 0.522119 0.003858 0.005144
0 0.494599 0.792181 0.003858 0.005144
0 0.103009 0.363940 0.003858 0.005658
0 0.081019 0.435700 0.007716 0.007202
0 0.229552 0.605195 0.003858 0.005658
0 0.169174 0.580761 0.004244 0.005144
0 0.307870 0.398920 0.003858 0.005658
0 0.052083 0.629630 0.003858 0.005144
0 0.179977 0.566358 0.004244 0.005144
0 0.338156 0.886574 0.004244 0.004630
0 0.049190 0.606224 0.004244 0.005658
0 0.334491 0.337191 0.003858 0.005658
0 0.034915 0.491512 0.004244 0.005658
0 0.266975 0.393776 0.003858 0.005658
0 0.051119 0.473765 0.004244 0.005144
0 0.509452 0.811214 0.004244 0.005144
0 0.210262 0.591049 0.003858 0.005144
0 0.023920 0.574331 0.003858 0.005658
0 0.437307 0.500772 0.004244 0.005658
0 0.187886 0.544496 0.003858 0.004630
0 0.230324 0.373971 0.003858 0.005144
0 0.060571 0.516975 0.003858 0.005144
0 0.445216 0.470679 0.003858 0.005144
0 0.066358 0.285237 0.003858 0.004630
0 0.402392 0.060185 0.003858 0.005144
0 0.222608 0.573817 0.003858 0.005658
0 0.094522 0.526749 0.003858 0.005144
0 0.265432 0.514403 0.003858 0.005144
0 0.134259 0.648405 0.005401 0.007716
0 0.187114 0.427212 0.004630 0.005658
0 0.110340 0.440586 0.003858 0.005658
0 0.107832 0.470422 0.003472 0.004630
0 0.059799 0.652263 0.003858 0.005144
0 0.123650 0.319444 0.003472 0.005144
0 0.360340 0.051698 0.003858 0.005658
0 0.279321 0.640432 0.003858 0.005144
0 0.515432 0.835905 0.003858 0.005144
0 0.009645 0.635802 0.006944 0.005144
0 0.206019 0.476595 0.003858 0.004630
0 0.201196 0.572531 0.004244 0.005144
0 0.220872 0.459362 0.004244 0.005144
0 0.101273 0.629372 0.004244 0.005658
0 0.219522 0.596708 0.003858 0.005144
0 0.173225 0.643776 0.005401 0.006687
0 0.402199 0.809156 0.004244 0.005144
0 0.253086 0.422325 0.003858 0.005144
0 0.180556 0.611368 0.003858 0.005658
0 0.048032 0.424897 0.005787 0.008230
0 0.516975 0.811214 0.003858 0.005144
0 0.086806 0.497942 0.003858 0.005144
0 0.117091 0.645833 0.005787 0.008745
0 0.205054 0.505144 0.004244 0.005144
0 0.277006 0.845422 0.003858 0.005658
0 0.449460 0.776492 0.003858 0.005658
0 0.064815 0.625772 0.003858 0.005658
0 0.256366 0.463477 0.004244 0.005144
0 0.086420 0.620370 0.003858 0.005144
0 0.043017 0.428755 0.009645 0.009774
0 0.089120 0.949846 0.003858 0.005658
0 0.496528 0.830761 0.003858 0.005144
0 0.148727 0.666152 0.004244 0.005144
0 0.193480 0.343621 0.003472 0.005144
0 0.009645 0.318930 0.003858 0.005144
0 0.032793 0.611368 0.003858 0.004630
0 0.211034 0.568673 0.003858 0.005658
0 0.122106 0.627829 0.003472 0.004630
0 0.036265 0.748714 0.003858 0.005658
0 0.271605 0.909465 0.005401 0.005144
0 0.576389 0.336420 0.003858 0.005144
0 0.145062 0.575103 0.003858 0.005144
0 0.343750 0.587963 0.003858 0.005144
0 0.193866 0.477109 0.004244 0.005658
0 0.039931 0.409465 0.004244 0.005144
0 0.248650 0.500000 0.003472 0.005144
0 0.489198 0.653807 0.003858 0.005144
0 0.034336 0.617798 0.003858 0.005144
0 0.125772 0.556584 0.003858 0.005144
0 0.068673 0.616770 0.003858 0.005144
0 0.068287 0.647119 0.003858 0.005144
0 0.134259 0.572531 0.003858 0.005144
0 0.535108 0.355195 0.003858 0.006687
0 0.342207 0.347737 0.003858 0.005144
0 0.440586 0.506687 0.003858 0.005144
0 0.289931 0.344136 0.004244 0.005144
0 0.385224 0.503858 0.004244 0.005658
0 0.352238 0.728652 0.003858 0.004630
0 0.314043 0.524177 0.003858 0.005144
0 0.257523 0.539095 0.004244 0.005144
0 0.611497 0.681327 0.003858 0.005658
0 0.686535 0.266461 0.004244 0.006173
0 0.191937 0.533436 0.007330 0.011317
0 0.100887 0.893519 0.005015 0.007202
0 0.297261 0.381173 0.003472 0.005144
0 0.313657 0.505658 0.003858 0.005144
0 0.023920 0.431842 0.004630 0.007716
0 0.028549 0.528292 0.003858 0.005144
0 0.125000 0.475566 0.003858 0.005658
0 0.173611 0.316358 0.003858 0.005144
0 0.156250 0.635802 0.003858 0.005144
0 0.047261 0.597737 0.004244 0.005144
0 0.131173 0.404835 0.004630 0.008230
0 0.142554 0.308128 0.008102 0.013374
0 0.281057 0.867027 0.011188 0.009774
0 0.577739 0.403549 0.004244 0.006687
0 0.322145 0.251543 0.003858 0.005144
0 0.256366 0.380658 0.006559 0.007202
0 0.316744 0.438786 0.003858 0.005144
0 0.029707 0.566358 0.004630 0.006173
0 0.291860 0.997428 0.005787 0.004115
0 0.282407 0.352109 0.003858 0.005658
0 0.484182 0.680813 0.003858 0.005658
0 0.050926 0.664609 0.003858 0.005144
0 0.117091 0.644290 0.005787 0.006687
0 0.154128 0.253858 0.005015 0.006687
0 0.052469 0.719393 0.003858 0.004630
0 0.064043 0.039352 0.003858 0.004630
0 0.134259 0.686986 0.003858 0.005658
0 0.352045 0.665895 0.004244 0.005658
0 0.163194 0.632716 0.003858 0.005144
0 0.044753 0.649691 0.003858 0.005144
0 0.200424 0.386317 0.007330 0.013374
0 0.117670 0.524177 0.004630 0.005144
0 0.754630 0.246399 0.003086 0.004115
0 0.440586 0.996399 0.003858 0.005144
0 0.069637 0.667438 0.004244 0.005658
0 0.267940 0.293467 0.008102 0.010802
0 0.045525 0.655864 0.003858 0.005144
0 0.368827 0.377572 0.003858 0.005144
0 0.355710 0.552984 0.003858 0.005144
0 0.029900 0.751029 0.004244 0.005144
0 0.212770 0.832305 0.006559 0.007202
0 0.134066 0.646091 0.006559 0.007202
0 0.349923 0.255658 0.005401 0.008230
0 0.218750 0.956276 0.005401 0.008230
0 0.260610 0.331533 0.007330 0.006687
0 0.416474 0.567130 0.005787 0.009774
0 0.011767 0.470165 0.004244 0.005144
0 0.378858 0.997428 0.003858 0.004115
0 0.196759 0.427726 0.003858 0.005658
0 0.054012 0.655864 0.002315 0.004115
0 0.005015 0.437757 0.003858 0.005144
0 0.448495 0.746914 0.008102 0.008230
0 0.258873 0.381687 0.006173 0.008230
0 0.172840 0.644033 0.004630 0.007202
0 0.018326 0.772377 0.006559 0.009774
0 0.158951 0.640175 0.007716 0.006687
0 0.041281 0.601337 0.003858 0.005144
0 0.006752 0.690844 0.004244 0.005144
0 0.753086 0.208848 0.006173 0.006173
0 0.081019 0.435700 0.007716 0.007202
0 0.040895 0.430813 0.005401 0.005658
0 0.002122 0.512346 0.003472 0.005144
0 0.155093 0.644290 0.005401 0.006687
0 0.506752 0.249486 0.005787 0.007202
0 0.118441 0.631944 0.005401 0.003601
0 0.125965 0.563014 0.004244 0.005658
0 0.155478 0.642490 0.006173 0.010288
