0 0.587191 0.146091 0.003858 0.005144
0 0.795525 0.797582 0.003858 0.005658
0 0.983025 0.713992 0.003858 0.005144
0 0.793596 0.932099 0.003858 0.005144
0 0.887539 0.769805 0.004244 0.005658
0 0.865162 0.734311 0.004244 0.005658
0 0.704475 0.135031 0.003858 0.005658
0 0.707948 0.184671 0.003858 0.005144
0 0.989776 0.739969 0.004244 0.005658
0 0.580440 0.140689 0.003472 0.005658
0 0.675154 0.174640 0.004630 0.005658
0 0.558642 0.420267 0.005401 0.007202
0 0.706404 0.040638 0.003858 0.005144
0 0.893133 0.733025 0.003858 0.005144
0 0.502315 0.038323 0.003858 0.005658
0 0.698881 0.260031 0.004244 0.005658
0 0.547454 0.395319 0.005401 0.006687
0 0.782215 0.365226 0.007330 0.014403
0 0.876543 0.734053 0.003858 0.005144
0 0.741127 0.472737 0.004630 0.006173
0 0.979360 0.774949 0.004244 0.005658
0 0.995949 0.872942 0.004244 0.006173
0 0.691744 0.295782 0.003858 0.005144
0 0.838542 0.692387 0.004244 0.005144
0 0.897184 0.816358 0.003472 0.005144
0 0.798804 0.867284 0.010417 0.010288
0 0.534722 0.146091 0.003858 0.005144
0 0.783565 0.054527 0.003858 0.005144
0 0.947531 0.926698 0.003858 0.005658
0 0.558063 0.154064 0.004244 0.005658
0 0.620370 0.265432 0.003858 0.005144
0 0.806520 0.726080 0.004244 0.005658
0 0.964506 0.668210 0.003858 0.005144
0 0.941358 0.760288 0.003858 0.005144
0 0.588156 0.250000 0.007330 0.008230
0 0.704668 0.166667 0.004244 0.005144
0 0.847994 0.739969 0.003858 0.005658
0 0.727623 0.610597 0.003858 0.005144
0 0.481867 0.231481 0.003858 0.005144
0 0.892361 0.783951 0.004630 0.006173
0 0.917438 0.881944 0.003858 0.005658
0 0.974151 0.846193 0.003858 0.005144
0 0.701775 0.212706 0.003858 0.005658
0 0.815779 0.942130 0.004244 0.005658
0 0.950231 0.201903 0.003858 0.005658
0 0.479938 0.050412 0.003858 0.005144
0 0.501543 0.350823 0.003858 0.005144
0 0.619792 0.144033 0.003472 0.005144
0 0.562886 0.640432 0.003858 0.005144
0 0.482253 0.507202 0.003858 0.005144
0 0.736883 0.642233 0.003858 0.005658
0 0.891204 0.419753 0.005401 0.006173
0 0.902199 0.103138 0.004244 0.005658
0 0.513889 0.229424 0.003858 0.005144
0 0.932292 0.902263 0.003472 0.005144
0 0.659529 0.230195 0.004244 0.005658
0 0.375965 0.445216 0.004244 0.005658
0 0.667052 0.071245 0.003858 0.005658
0 0.797840 0.071759 0.003858 0.005658
0 0.593943 0.305813 0.004244 0.005658
0 0.796682 0.609053 0.003858 0.005144
0 0.431520 0.015432 0.004244 0.005144
0 0.218364 0.887860 0.003858 0.005144
0 0.886381 0.410237 0.004244 0.005658
0 0.970100 0.766204 0.005787 0.006687
0 0.846644 0.806842 0.003472 0.004630
0 0.569637 0.206790 0.005015 0.007202
0 0.985147 0.873714 0.004244 0.005658
0 0.726080 0.414095 0.003858 0.005144
0 0.643904 0.065329 0.003858 0.005144
0 0.696373 0.406636 0.003858 0.005658
0 0.818094 0.812243 0.004244 0.005144
0 0.849537 0.183899 0.003858 0.005658
0 0.743634 0.243313 0.004244 0.005144
0 0.987269 0.069702 0.003858 0.005658
0 0.902392 0.619856 0.003858 0.006173
0 0.266397 0.749486 0.004244 0.005144
0 0.615548 0.528035 0.004244 0.005658
0 0.876543 0.153035 0.003858 0.005658
0 0.617284 0.202160 0.003858 0.005144
0 0.707369 0.007973 0.003472 0.005658
0 0.722029 0.019290 0.004244 0.005658
0 0.641204 0.351595 0.003858 0.004630
0 0.580826 0.040895 0.004244 0.005658
0 0.948881 0.174640 0.004244 0.005658
0 0.448302 0.485597 0.003858 0.005144
0 0.896991 0.607510 0.003858 0.005144
0 0.722994 0.801440 0.004630 0.006173
0 0.930556 0.875514 0.003858 0.005144
0 0.774884 0.379372 0.007330 0.014918
0 0.808256 0.314043 0.003858 0.005658
0 0.991127 0.935185 0.003086 0.003086
0 0.322338 0.401235 0.004244 0.005144
0 0.700810 0.505658 0.003472 0.005144
0 0.670139 0.245885 0.003858 0.005144
0 0.515432 0.256173 0.003858 0.005144
0 0.805170 0.841049 0.003858 0.005144
0 0.569830 0.213477 0.005401 0.008230
0 0.687886 0.386574 0.003858 0.005658
0 0.228202 0.179527 0.004244 0.005144
0 0.723380 0.635545 0.004630 0.006687
0 0.891011 0.057356 0.004244 0.005658
0 0.647377 0.307099 0.003858 0.005144
0 0.517168 0.055298 0.004244 0.005658
0 0.813272 0.138889 0.003858 0.005144
0 0.207176 0.806070 0.003858 0.005144
0 0.359568 0.445988 0.003858 0.005144
0 0.666088 0.181842 0.005015 0.007716
0 0.942515 0.104167 0.003858 0.005658
0 0.837384 0.670267 0.003472 0.004115
0 0.930941 0.075874 0.003858 0.005658
0 0.824653 0.913580 0.004244 0.005144
0 0.272184 0.985854 0.003472 0.004630
0 0.486497 0.255144 0.005401 0.005144
0 0.655478 0.189558 0.003858 0.005658
0 0.505787 0.187500 0.003858 0.005658
0 0.707755 0.064300 0.004244 0.006173
0 0.808256 0.826903 0.003858 0.005658
0 0.407022 0.639918 0.003858 0.005144
0 0.580633 0.221708 0.003858 0.005144
0 0.596451 0.085648 0.003858 0.005658
0 0.928241 0.770833 0.006173 0.007716
0 0.837963 0.715278 0.007716 0.008745
0 0.996142 0.674126 0.003858 0.005658
0 0.729552 0.443158 0.006173 0.009774
0 0.780864 0.013117 0.006944 0.012860
0 0.604938 0.300154 0.007716 0.008745
0 0.524498 0.140175 0.004244 0.005658
0 0.221451 0.399177 0.005401 0.007202
0 0.897762 0.017490 0.003858 0.006173
0 0.726852 0.333076 0.003858 0.005658
0 0.625386 0.487140 0.003858 0.005144
0 0.678048 0.338992 0.004244 0.005144
0 0.992091 0.051698 0.003472 0.005658
0 0.659915 0.014918 0.004244 0.005144
0 0.609954 0.240226 0.003858 0.005144
0 0.447338 0.018519 0.003472 0.005144
0 0.736497 0.465535 0.004630 0.005144
0 0.879823 0.673611 0.004244 0.007716
0 0.306520 0.027778 0.004244 0.005144
0 0.623457 0.275206 0.003858 0.005144
0 0.586806 0.978395 0.004630 0.006173
0 0.559028 0.873200 0.010031 0.010802
0 0.251929 0.718107 0.005401 0.006173
0 0.930748 0.048611 0.004244 0.005658
0 0.751929 0.531379 0.004630 0.006173
0 0.876929 0.261574 0.006944 0.008745
0 0.268519 0.412037 0.003858 0.005144
0 0.872299 0.822531 0.003858 0.005144
0 0.487076 0.571245 0.004244 0.005658
0 0.937500 0.653035 0.003858 0.005658
0 0.708333 0.273405 0.003858 0.005658
0 0.231096 0.759002 0.004630 0.005658
0 0.770062 0.744342 0.004630 0.007202
0 0.770833 0.976852 0.003858 0.005144
0 0.746335 0.489712 0.005787 0.006173
0 0.672068 0.652263 0.003858 0.005144
0 0.230903 0.438786 0.004244 0.005144
0 0.587384 0.881173 0.003472 0.005144
0 0.924769 0.868056 0.008488 0.008745
0 0.812500 0.095422 0.003858 0.005658
0 0.779321 0.302469 0.007716 0.014403
0 0.300926 0.205504 0.005401 0.006687
0 0.748071 0.707305 0.003858 0.005144
0 0.266011 0.543467 0.004244 0.005658
0 0.875386 0.136831 0.005401 0.007202
0 0.569252 0.123714 0.008102 0.008745
0 0.887924 0.854424 0.006559 0.007202
0 0.962963 0.578447 0.005401 0.009774
0 0.601852 0.203961 0.003858 0.005658
0 0.914738 0.805041 0.003858 0.005144
0 0.829090 0.780864 0.006944 0.006173
0 0.758102 0.630916 0.003858 0.005658
0 0.934799 0.621656 0.005401 0.006687
0 0.987269 0.681327 0.005401 0.010802
0 0.820602 0.789352 0.004630 0.006687
0 0.820023 0.781636 0.004244 0.005658
0 0.974537 0.683899 0.006173 0.008745
0 0.507716 0.097994 0.004630 0.006687
0 0.573495 0.207562 0.006559 0.008745
0 0.516011 0.955247 0.005015 0.007202
0 0.327160 0.842850 0.005401 0.005658
0 0.911073 0.827418 0.005015 0.009774
0 0.151235 0.826389 0.004630 0.006687
0 0.536458 0.208848 0.003472 0.005144
0 0.929591 0.779064 0.005787 0.008745
0 0.550733 0.083848 0.006559 0.008230
0 0.196759 0.671553 0.006173 0.011831
0 0.933256 0.765947 0.003858 0.005144
0 0.234568 0.283436 0.009259 0.010288
0 0.634645 0.827675 0.003858 0.005144
0 0.857253 0.666667 0.004630 0.005144
0 0.483410 0.460391 0.003086 0.003086
0 0.799576 0.579733 0.004244 0.005144
0 0.581019 0.858025 0.011574 0.010288
0 0.677469 0.126800 0.010802 0.009774
0 0.530285 0.207305 0.004244 0.005144
0 0.717400 0.187500 0.005787 0.009774
0 0.949267 0.629630 0.006559 0.009259
0 0.643133 0.191358 0.007716 0.010288
0 0.632330 0.052726 0.003858 0.005658
0 0.926505 0.821245 0.004244 0.005658
0 0.348958 0.262346 0.004244 0.005144
0 0.821566 0.622685 0.005015 0.009774
0 0.932870 0.110340 0.003858 0.005658
0 0.968171 0.088220 0.005015 0.009774
0 0.836998 0.715021 0.005015 0.008230
0 0.261574 0.583848 0.004630 0.006173
0 0.432292 0.898405 0.005015 0.003601
0 0.176505 0.866770 0.006559 0.008230
0 0.781829 0.094136 0.005787 0.009259
0 0.782793 0.120628 0.009259 0.011831
0 0.657600 0.646348 0.006559 0.007716
0 0.975887 0.444187 0.004244 0.007716
0 0.976080 0.685185 0.006944 0.010288
0 0.207755 0.505144 0.004244 0.005144
0 0.688657 0.459105 0.003086 0.003601
0 0.696566 0.093364 0.005015 0.009774
0 0.621528 0.826646 0.004630 0.006173
0 0.261188 0.974794 0.007716 0.011317
0 0.728781 0.007716 0.005401 0.005144
0 0.348187 0.912294 0.003472 0.007716
0 0.723380 0.027006 0.004630 0.007716
0 0.920910 0.867284 0.008488 0.009259
0 0.353974 0.945473 0.009645 0.008230
0 0.969329 0.796553 0.005015 0.010802
0 0.190394 0.168210 0.004244 0.005144
0 0.712770 0.767747 0.004244 0.009774
0 0.937693 0.403292 0.006559 0.007202
0 0.586998 0.249743 0.006559 0.007716
0 0.858603 0.203447 0.010417 0.010802
0 0.195795 0.007716 0.008102 0.014403
0 0.905864 0.750772 0.003858 0.006687
0 0.347994 0.190072 0.002315 0.003601
0 0.828318 0.780864 0.006944 0.006173
0 0.407793 0.405093 0.003858 0.005658
0 0.609568 0.559156 0.005401 0.006173
0 0.984568 0.834877 0.003858 0.005144
0 0.352238 0.947788 0.005401 0.009774
0 0.567708 0.154064 0.003472 0.008745
0 0.247492 0.428241 0.005787 0.006687
0 0.689236 0.987397 0.008102 0.007716
0 0.572531 0.212191 0.007716 0.010802
0 0.680363 0.895062 0.006559 0.008230
0 0.997299 0.741255 0.003858 0.005144
0 0.821566 0.622685 0.005015 0.009774
0 0.803434 0.850309 0.006559 0.008230
0 0.960069 0.789095 0.005015 0.007202
0 0.992284 0.914095 0.003086 0.004115
0 0.504244 0.409208 0.003858 0.005658
0 0.975694 0.441872 0.003858 0.003086
0 0.740741 0.422840 0.006173 0.009259
0 0.923032 0.623457 0.008102 0.008230
0 0.245177 0.272377 0.004244 0.006687
0 0.657407 0.646348 0.006173 0.007716
0 0.848187 0.006944 0.004244 0.005658
0 0.820602 0.789352 0.004630 0.006687
0 0.875193 0.690586 0.004244 0.008745
0 0.746335 0.727109 0.001929 0.003601
0 0.181327 0.048868 0.006173 0.011317
0 0.597415 0.327932 0.005015 0.005658
0 0.928434 0.773148 0.006559 0.012346
0 0.561150 0.390175 0.005015 0.007716
0 0.659915 0.615998 0.004244 0.005658
0 0.875000 0.904578 0.003858 0.005658
0 0.551312 0.084619 0.007716 0.009774
0 0.548032 0.996914 0.005787 0.005144
0 0.921296 0.623457 0.008488 0.008230
0 0.492670 0.652006 0.004630 0.004630
0 0.248843 0.429012 0.006173 0.008230
0 0.741127 0.419753 0.006173 0.014403
0 0.882523 0.681584 0.005015 0.010288
0 0.938079 0.713220 0.004244 0.006687
0 0.875193 0.690586 0.004244 0.008745
0 0.879437 0.680298 0.005015 0.009774
0 0.985532 0.506944 0.004244 0.006687
0 0.166088 0.725309 0.005015 0.015432
0 0.740548 0.416924 0.007330 0.007716
0 0.380594 0.400977 0.001929 0.003601
0 0.405478 0.397891 0.005401 0.008745
0 0.976852 0.589506 0.003086 0.005144
0 0.536458 0.208848 0.003472 0.005144
0 0.582948 0.172068 0.004630 0.005658
0 0.567901 0.156893 0.003858 0.008230
