0 0.084190 0.086979 0.007303 0.009375
0 0.552012 0.358952 0.007813 0.010042
0 0.309721 0.150196 0.007229 0.009847
0 0.373290 0.182589 0.007238 0.009615
0 0.385869 0.241503 0.007479 0.010273
0 0.446297 0.474324 0.007800 0.009813
0 0.428319 0.367046 0.006842 0.009180
0 0.592132 0.745178 0.008137 0.010327
0 0.145436 0.105735 0.007358 0.009772
0 0.474497 0.276296 0.007788 0.010303
0 0.005503 0.068422 0.007721 0.010653
0 0.458557 0.786222 0.007861 0.009943
0 0.428189 0.688821 0.008286 0.010740
0 0.106279 0.681779 0.007857 0.009659
0 0.214980 0.767037 0.007793 0.010358
0 0.396153 0.717384 0.007889 0.010558
0 0.319082 0.504122 0.007860 0.009744
0 0.255383 0.141414 0.007614 0.009750
0 0.211605 0.651502 0.007868 0.009906
0 0.561100 0.042547 0.007723 0.010628
0 0.134939 0.805540 0.007525 0.009263
0 0.243993 0.636538 0.007455 0.009726
0 0.330406 0.117047 0.008207 0.010648
0 0.334261 0.241631 0.007016 0.009283
0 0.099040 0.775222 0.008471 0.010901
0 0.224381 0.054886 0.007570 0.009817
0 0.136549 0.772946 0.007889 0.010107
0 0.072111 0.692625 0.007768 0.010386
0 0.365128 0.108907 0.007579 0.009788
0 0.183819 0.031828 0.007787 0.010455
0 0.355327 0.067408 0.008013 0.010168
0 0.085633 0.006444 0.007874 0.009751
0 0.405143 0.151784 0.008597 0.010979
0 0.094700 0.755198 0.008089 0.010562
0 0.238709 0.054649 0.007517 0.009274
0 0.343546 0.063528 0.007727 0.010341
0 0.044501 0.657277 0.008325 0.010499
0 0.582530 0.910888 0.007934 0.010174
0 0.444532 0.160542 0.007288 0.009387
0 0.091533 0.980394 0.007993 0.010589
0 0.428550 0.411667 0.007588 0.009703
0 0.074962 0.750729 0.007429 0.009852
0 0.162078 0.537061 0.007328 0.009458
0 0.662067 0.255359 0.007836 0.010054
0 0.584391 0.758946 0.008205 0.010519
0 0.054169 0.786406 0.008119 0.010125
0 0.621997 0.383675 0.007828 0.010260
0 0.229032 0.292575 0.007166 0.010057
0 0.288895 0.054261 0.007655 0.010283
0 0.432082 0.240483 0.007226 0.010440
0 0.392174 0.139380 0.007611 0.009488
0 0.490770 0.042045 0.008063 0.010596
0 0.118697 0.661429 0.007611 0.010222
0 0.048069 0.860806 0.007483 0.009713
0 0.431066 0.562975 0.007730 0.010431
0 0.379529 0.628940 0.007615 0.009741
0 0.462727 0.235300 0.007905 0.010342
0 0.579915 0.334074 0.007813 0.010403
0 0.387009 0.036610 0.007459 0.009707
0 0.470211 0.521924 0.008217 0.010750
0 0.391182 0.730258 0.007806 0.009975
0 0.087375 0.514725 0.008590 0.010932
0 0.303162 0.157216 0.007437 0.010293
0 0.060831 0.773970 0.007509 0.010027
0 0.192226 0.740454 0.007511 0.009344
0 0.613320 0.504105 0.007973 0.010258
0 0.429031 0.797107 0.008142 0.010113
0 0.153736 0.032311 0.007253 0.009673
0 0.517737 0.451065 0.007362 0.009416
0 0.170950 0.026887 0.008478 0.010700
0 0.184624 0.985865 0.007667 0.009945
0 0.537380 0.427580 0.007169 0.009776
0 0.548332 0.011546 0.007905 0.010916
0 0.162428 0.754812 0.007318 0.010074
0 0.139971 0.677827 0.007021 0.010161
0 0.154919 0.818538 0.008206 0.010898
0 0.104730 0.721054 0.006906 0.009322
0 0.268502 0.045777 0.008330 0.011097
0 0.085629 0.765853 0.008481 0.010716
0 0.416611 0.575290 0.007557 0.009945
0 0.587823 0.992983 0.008471 0.010487
0 0.267440 0.441695 0.008085 0.010196
0 0.497519 0.409069 0.007616 0.010051
0 0.007064 0.811037 0.007668 0.010717
0 0.427899 0.328828 0.007753 0.009765
0 0.374083 0.163400 0.008015 0.010652
0 0.264220 0.900712 0.007869 0.009885
0 0.048749 0.031958 0.007585 0.009763
0 0.147539 0.768889 0.008135 0.009807
0 0.253349 0.908875 0.007674 0.010045
0 0.224469 0.187794 0.007500 0.010435
0 0.157014 0.526064 0.007199 0.008962
0 0.530817 0.305957 0.007963 0.010377
0 0.313271 0.204367 0.007796 0.010651
0 0.315159 0.225124 0.008286 0.010923
0 0.348885 0.100516 0.008240 0.010097
0 0.110992 0.990724 0.008549 0.011631
0 0.344403 0.445409 0.006869 0.008945
0 0.472494 0.433430 0.007425 0.009551
0 0.055647 0.040432 0.007317 0.009211
0 0.142501 0.724907 0.007628 0.010220
0 0.202572 0.156419 0.007878 0.010601
0 0.317317 0.918082 0.006935 0.009092
0 0.080588 0.021133 0.007591 0.010398
0 0.543397 0.562674 0.007797 0.010382
0 0.048729 0.016508 0.007487 0.009903
0 0.425853 0.069160 0.007267 0.009637
0 0.309963 0.282867 0.006954 0.009335
0 0.306419 0.837666 0.007717 0.009737
0 0.395007 0.525034 0.007240 0.009724
0 0.482566 0.440326 0.007227 0.009300
0 0.021092 0.062816 0.008126 0.010770
0 0.364028 0.992978 0.007408 0.009282
0 0.062401 0.985628 0.008320 0.010926
0 0.504505 0.857786 0.007922 0.010169
0 0.129123 0.893153 0.007367 0.009902
0 0.320087 0.117057 0.007709 0.009883
0 0.751641 0.858846 0.006212 0.007503
0 0.335317 0.724589 0.007985 0.010151
0 0.032465 0.328811 0.007660 0.009415
0 0.501095 0.010786 0.008350 0.011359
0 0.127673 0.745457 0.007131 0.010104
0 0.351658 0.453266 0.007648 0.009301
0 0.399934 0.626894 0.008270 0.010822
0 0.051851 0.104220 0.008067 0.010711
0 0.334778 0.091747 0.008761 0.012273
0 0.117381 0.836339 0.008158 0.010310
0 0.470922 0.554932 0.007568 0.009923
0 0.390248 0.535129 0.007494 0.009593
0 0.558709 0.575469 0.007444 0.009804
0 0.390433 0.564507 0.007512 0.009932
0 0.504134 0.075772 0.006960 0.010108
0 0.438987 0.219850 0.007729 0.010023
0 0.478469 0.055726 0.005800 0.007499
0 0.110897 0.648340 0.008244 0.010607
0 0.661768 0.600844 0.007584 0.009768
0 0.098353 0.048936 0.007461 0.009216
0 0.485362 0.923659 0.007312 0.009404
0 0.493570 0.502462 0.007901 0.010306
0 0.110746 0.828458 0.007078 0.008760
0 0.499208 0.472941 0.007865 0.009756
0 0.444019 0.674517 0.007129 0.009215
0 0.204554 0.859882 0.007784 0.009664
0 0.078193 0.678743 0.007800 0.010940
0 0.522506 0.443413 0.007833 0.009046
0 0.076637 0.995669 0.007990 0.007574
0 0.344801 0.727789 0.007600 0.010789
0 0.364802 0.738189 0.007632 0.009923
0 0.098120 0.931671 0.008076 0.010310
0 0.370207 0.093526 0.008172 0.011397
0 0.177541 0.842338 0.007639 0.010166
0 0.041118 0.755996 0.008080 0.010511
0 0.431388 0.169820 0.008253 0.010390
0 0.464568 0.661734 0.007819 0.010039
0 0.391183 0.343972 0.008153 0.011103
0 0.382187 0.418184 0.006924 0.008654
0 0.577435 0.552916 0.008039 0.010991
0 0.162107 0.717245 0.007675 0.010216
0 0.548232 0.648110 0.008294 0.010657
0 0.052971 0.565764 0.007116 0.009375
0 0.448305 0.085929 0.007430 0.009840
0 0.170749 0.641181 0.007250 0.009141
0 0.045951 0.732686 0.007132 0.009639
0 0.350715 0.271761 0.006761 0.009408
0 0.129410 0.712646 0.007488 0.009508
0 0.298903 0.804597 0.007342 0.009510
0 0.700357 0.667255 0.008112 0.011286
0 0.059568 0.882020 0.007831 0.009699
0 0.689200 0.247723 0.008349 0.011166
0 0.308129 0.782109 0.007869 0.010952
0 0.066633 0.944151 0.007812 0.010491
0 0.254449 0.773793 0.007699 0.009954
0 0.612610 0.886258 0.007104 0.010104
0 0.196954 0.597329 0.007955 0.010284
0 0.471561 0.184902 0.007943 0.010425
0 0.316067 0.891075 0.007193 0.009838
0 0.082542 0.696567 0.007715 0.010850
0 0.458796 0.178042 0.007150 0.009650
0 0.304928 0.654891 0.007864 0.010649
0 0.455753 0.550269 0.007725 0.010703
0 0.074614 0.825772 0.007464 0.009443
0 0.131828 0.730440 0.007983 0.009622
0 0.269024 0.213100 0.007047 0.009185
0 0.423997 0.244161 0.007009 0.009127
0 0.153301 0.370550 0.008441 0.010674
0 0.237516 0.630007 0.006883 0.008453
0 0.173965 0.148152 0.007744 0.010038
0 0.371431 0.385614 0.008402 0.011188
0 0.310406 0.269389 0.007057 0.009234
0 0.291517 0.022058 0.007676 0.010684
0 0.160241 0.737070 0.006836 0.009897
0 0.151039 0.800391 0.006868 0.009755
0 0.050042 0.979380 0.008790 0.011255
0 0.387177 0.428878 0.007535 0.009866
0 0.099774 0.857377 0.008005 0.010124
0 0.049712 0.924372 0.007331 0.009794
0 0.459772 0.142658 0.006852 0.008551
0 0.123641 0.675642 0.007159 0.010111
0 0.454076 0.738569 0.007758 0.010671
0 0.115004 0.700591 0.007986 0.010090
0 0.682375 0.844775 0.007945 0.011273
0 0.162741 0.466004 0.008445 0.010550
0 0.118346 0.040273 0.007483 0.010330
0 0.528170 0.166774 0.008299 0.011225
0 0.365034 0.633414 0.007374 0.009127
0 0.653603 0.214731 0.006766 0.009018
0 0.484170 0.399183 0.007676 0.009846
0 0.421518 0.142667 0.008486 0.011216
0 0.298964 0.474125 0.007657 0.009862
0 0.573058 0.706560 0.007810 0.010696
0 0.366933 0.542602 0.007769 0.010864
0 0.274095 0.167579 0.007769 0.010108
0 0.669398 0.190406 0.007783 0.009865
0 0.324514 0.424219 0.007193 0.009857
0 0.513099 0.649289 0.007676 0.009893
0 0.383827 0.410338 0.007375 0.009342
0 0.087359 0.703665 0.006943 0.009218
0 0.710327 0.338783 0.009089 0.011279
0 0.009772 0.773169 0.007795 0.009465
0 0.262895 0.266391 0.007360 0.009142
0 0.321642 0.596116 0.008079 0.010181
0 0.143064 0.796965 0.007154 0.010086
0 0.487399 0.214700 0.007556 0.009975
0 0.328786 0.318070 0.007174 0.009382
0 0.611361 0.560574 0.008243 0.011073
0 0.422242 0.671057 0.007897 0.010666
0 0.028342 0.630118 0.007400 0.010499
0 0.477945 0.500608 0.007836 0.010764
0 0.085534 0.724203 0.007972 0.009876
0 0.209720 0.715525 0.007859 0.009387
0 0.151414 0.470736 0.008000 0.010906
0 0.159109 0.066443 0.006771 0.008758
0 0.020094 0.854052 0.008451 0.011114
0 0.601502 0.917262 0.008367 0.011603
0 0.614285 0.033685 0.008381 0.011064
0 0.280899 0.912666 0.007933 0.009882
0 0.167720 0.934706 0.007340 0.010264
0 0.484106 0.131903 0.009451 0.011446
0 0.475498 0.046964 0.007396 0.008657
0 0.643256 0.896455 0.008061 0.011233
0 0.025929 0.744312 0.008041 0.010575
0 0.087043 0.350125 0.007675 0.009907
0 0.300103 0.624834 0.007875 0.011119
0 0.292199 0.838050 0.007882 0.010205
0 0.557328 0.424563 0.007824 0.010356
0 0.029827 0.768462 0.007681 0.009568
0 0.178156 0.758868 0.007984 0.010601
0 0.337444 0.802847 0.007841 0.010447
0 0.194499 0.758303 0.008137 0.010387
0 0.037025 0.924296 0.007575 0.009486
0 0.158549 0.685274 0.007439 0.008973
0 0.168734 0.377157 0.008205 0.010528
0 0.569058 0.227465 0.007188 0.009509
0 0.718812 0.062570 0.009361 0.012397
0 0.681470 0.917139 0.008337 0.011272
0 0.466182 0.763319 0.005004 0.008455
0 0.403849 0.435349 0.007583 0.009558
0 0.143526 0.481830 0.007680 0.010100
0 0.214560 0.009723 0.008581 0.011592
0 0.360829 0.396717 0.007957 0.010632
0 0.048041 0.026820 0.008834 0.014096
0 0.016630 0.752956 0.007613 0.009864
0 0.486936 0.410519 0.007829 0.010098
0 0.151901 0.746491 0.008099 0.010233
0 0.470909 0.258027 0.007841 0.010525
0 0.378195 0.615064 0.007746 0.009707
0 0.157334 0.676563 0.007052 0.010045
0 0.393344 0.461421 0.006652 0.008552
0 0.610987 0.540678 0.007698 0.010991
0 0.353184 0.383621 0.007271 0.009899
0 0.097838 0.336529 0.007738 0.009988
0 0.443066 0.616350 0.007263 0.010158
0 0.267072 0.080330 0.007194 0.009386
0 0.596572 0.226345 0.007598 0.010257
0 0.133372 0.539387 0.007426 0.009532
0 0.023468 0.629127 0.008007 0.010983
0 0.529425 0.421073 0.006067 0.008121
0 0.239581 0.245704 0.007865 0.010363
0 0.071227 0.716639 0.008018 0.010508
0 0.436952 0.155677 0.008692 0.011086
0 0.669275 0.316054 0.008713 0.011488
0 0.220844 0.705966 0.007399 0.009668
0 0.046846 0.022150 0.008498 0.011017
0 0.499012 0.079396 0.006877 0.008879
0 0.433758 0.134718 0.006976 0.009837
0 0.160615 0.331613 0.007244 0.009670
0 0.681881 0.752580 0.007918 0.010010
0 0.412336 0.400295 0.006160 0.007466
0 0.290259 0.727867 0.006933 0.009284
0 0.460299 0.761339 0.007241 0.009559
0 0.180177 0.747481 0.006931 0.008528
0 0.388816 0.453794 0.007185 0.008971
0 0.221393 0.828405 0.006864 0.008832
0 0.135835 0.048374 0.007582 0.010004
0 0.657250 0.211571 0.007963 0.011040
0 0.415223 0.121717 0.006853 0.008684
0 0.088858 0.911260 0.007740 0.009693
0 0.143599 0.624849 0.007907 0.011187
0 0.146070 0.911686 0.007136 0.009296
0 0.206767 0.380454 0.007545 0.009790
0 0.073324 0.964473 0.008113 0.010338
0 0.033189 0.676556 0.007393 0.010157
0 0.630651 0.104549 0.007687 0.011156
0 0.471930 0.578435 0.007474 0.009431
0 0.415108 0.312282 0.008376 0.011324
0 0.271393 0.560620 0.007550 0.009797
0 0.330942 0.330457 0.007207 0.009517
0 0.173935 0.601460 0.007602 0.010116
0 0.189760 0.389126 0.008565 0.011421
0 0.280330 0.756209 0.007292 0.007462
0 0.104018 0.359797 0.007625 0.009962
0 0.184025 0.800130 0.007408 0.009780
0 0.194074 0.924363 0.007310 0.009408
0 0.106201 0.876428 0.007745 0.010037
0 0.416798 0.444449 0.007109 0.009394
0 0.218362 0.694039 0.007328 0.008531
0 0.111224 0.747932 0.007630 0.010276
0 0.650606 0.081803 0.008175 0.011140
0 0.091504 0.040122 0.006453 0.008674
0 0.152002 0.381236 0.005971 0.006372
0 0.081158 0.524928 0.006187 0.008612
0 0.198760 0.258382 0.007157 0.009409
0 0.159785 0.179517 0.007939 0.010679
0 0.200988 0.966946 0.010559 0.014779
0 0.039263 0.642158 0.008681 0.010695
0 0.408246 0.512748 0.006813 0.008800
0 0.516799 0.179759 0.007676 0.010193
0 0.281042 0.765686 0.007784 0.008940
0 0.467798 0.125204 0.007526 0.010340
0 0.084905 0.556758 0.006670 0.008413
0 0.136363 0.847551 0.008360 0.009887
0 0.321317 0.081609 0.006912 0.009557
0 0.029236 0.333777 0.006476 0.009903
0 0.251479 0.267362 0.007462 0.009268
0 0.657630 0.208117 0.006614 0.009960
0 0.339205 0.306872 0.007288 0.008780
0 0.084806 0.354260 0.007536 0.010706
0 0.471480 0.900816 0.008015 0.010413
