0 0.660785 0.661597 0.007623 0.010017
0 0.778390 0.849712 0.007509 0.009705
0 0.614475 0.806823 0.008234 0.010595
0 0.919128 0.662323 0.008092 0.010519
0 0.645961 0.400806 0.007586 0.009686
0 0.912086 0.732600 0.007118 0.009455
0 0.972881 0.943225 0.007764 0.010080
0 0.926456 0.751519 0.007048 0.009324
0 0.532133 0.417577 0.008024 0.010531
0 0.958565 0.773413 0.007647 0.009876
0 0.770751 0.994632 0.007446 0.008227
0 0.959859 0.814934 0.007896 0.010803
0 0.567066 0.870146 0.007667 0.009582
0 0.912721 0.690493 0.006915 0.009138
0 0.943113 0.494936 0.007476 0.009328
0 0.928916 0.951079 0.008147 0.010864
0 0.606936 0.796634 0.007537 0.009410
0 0.951735 0.688372 0.007373 0.010137
0 0.924819 0.860255 0.007020 0.008723
0 0.737933 0.906610 0.007619 0.010528
0 0.610782 0.744342 0.007702 0.009576
0 0.880907 0.796312 0.007949 0.010167
0 0.808214 0.534670 0.007466 0.009668
0 0.981055 0.955912 0.007801 0.010144
0 0.911227 0.620652 0.008540 0.011363
0 0.623194 0.973061 0.007138 0.009059
0 0.810832 0.661638 0.008308 0.010803
0 0.757339 0.865248 0.007910 0.010546
0 0.749075 0.598352 0.007732 0.009629
0 0.919500 0.490890 0.007539 0.010022
0 0.481875 0.358517 0.007585 0.009654
0 0.894701 0.838954 0.008048 0.010549
0 0.365114 0.798045 0.009036 0.011649
0 0.623415 0.929538 0.006971 0.009299
0 0.989300 0.691814 0.007934 0.010408
0 0.807970 0.574069 0.006590 0.009112
0 0.809814 0.646705 0.008202 0.010154
0 0.905681 0.788080 0.007665 0.009652
0 0.748586 0.563390 0.007252 0.009997
0 0.527130 0.677874 0.006962 0.009568
0 0.857970 0.974297 0.007722 0.009962
0 0.575105 0.063550 0.007923 0.010497
0 0.725912 0.474173 0.008539 0.010505
0 0.647071 0.867655 0.007684 0.009991
0 0.559268 0.762271 0.006963 0.009818
0 0.955264 0.573440 0.007845 0.010490
0 0.507482 0.627588 0.007916 0.010356
0 0.961516 0.833763 0.007601 0.010113
0 0.665318 0.814512 0.007691 0.009874
0 0.475668 0.753002 0.007052 0.009347
0 0.974702 0.828170 0.006328 0.008178
0 0.608714 0.595691 0.008019 0.010392
0 0.912539 0.449745 0.007639 0.010219
0 0.356863 0.807097 0.007442 0.010453
0 0.672256 0.986287 0.007724 0.010396
0 0.852358 0.669460 0.007626 0.009820
0 0.880318 0.759848 0.007453 0.010230
0 0.613652 0.617548 0.007589 0.009617
0 0.950977 0.746520 0.007677 0.009697
0 0.923762 0.872916 0.007739 0.009737
0 0.597910 0.579516 0.007137 0.009307
0 0.897661 0.403751 0.007550 0.009672
0 0.933386 0.583983 0.007086 0.009810
0 0.863404 0.844765 0.007969 0.010486
0 0.725178 0.507644 0.007379 0.009700
0 0.858177 0.995030 0.008330 0.008804
0 0.390261 0.379492 0.008169 0.010039
0 0.560467 0.590429 0.007388 0.009428
0 0.845749 0.775365 0.007787 0.009700
0 0.855171 0.555144 0.007238 0.009529
0 0.913972 0.923412 0.007997 0.008958
0 0.740579 0.927506 0.006677 0.009422
0 0.642045 0.943411 0.007636 0.009984
0 0.599250 0.980861 0.007616 0.010050
0 0.944604 0.829259 0.007924 0.009897
0 0.637160 0.971264 0.007013 0.008885
0 0.914545 0.935096 0.007753 0.009453
0 0.548205 0.664430 0.008169 0.010742
0 0.735316 0.945098 0.007334 0.008918
0 0.967940 0.739814 0.008318 0.011273
0 0.863555 0.370001 0.008089 0.010511
0 0.652979 0.838396 0.006461 0.007857
0 0.938774 0.939343 0.008100 0.010638
0 0.786357 0.502375 0.007836 0.010253
0 0.566657 0.461709 0.007583 0.009803
0 0.814535 0.737293 0.007206 0.009648
0 0.383753 0.937788 0.008768 0.011630
0 0.425671 0.775996 0.007474 0.009535
0 0.513391 0.324681 0.009408 0.012578
0 0.963255 0.552067 0.008488 0.011499
0 0.375693 0.890534 0.008390 0.010511
0 0.680357 0.906518 0.008883 0.011529
0 0.929542 0.462258 0.007913 0.010653
0 0.862589 0.694950 0.007731 0.010458
0 0.735039 0.954571 0.007231 0.008216
0 0.654443 0.153072 0.007122 0.008868
0 0.650106 0.119881 0.008491 0.010546
0 0.324216 0.633081 0.008194 0.010761
0 0.405333 0.909727 0.006565 0.008858
0 0.764868 0.958305 0.007688 0.010617
0 0.894270 0.558035 0.008007 0.010397
0 0.548081 0.492837 0.007919 0.010205
0 0.563276 0.755939 0.007199 0.008317
0 0.366638 0.735675 0.008575 0.010936
0 0.639303 0.844074 0.007836 0.010550
0 0.611952 0.833418 0.007343 0.010643
0 0.586534 0.744961 0.007069 0.009052
0 0.478586 0.522937 0.008226 0.010859
0 0.326262 0.591111 0.008273 0.010206
0 0.814922 0.760891 0.007666 0.010733
0 0.355741 0.794333 0.008234 0.010061
0 0.798407 0.773908 0.007979 0.010342
0 0.644876 0.714204 0.006626 0.008303
0 0.685803 0.195206 0.007595 0.009615
0 0.429409 0.897176 0.007699 0.010150
0 0.832564 0.698255 0.007233 0.010256
0 0.452547 0.375188 0.008357 0.011287
0 0.778518 0.520908 0.007650 0.010341
0 0.767060 0.222638 0.007732 0.010126
0 0.987111 0.806992 0.007836 0.009918
0 0.830689 0.567156 0.007352 0.009552
0 0.310276 0.886315 0.007813 0.010652
0 0.833935 0.426437 0.007406 0.009781
0 0.867597 0.944295 0.007083 0.008830
0 0.955898 0.984160 0.007973 0.009544
0 0.783046 0.382031 0.009953 0.013047
0 0.367397 0.898286 0.008490 0.010517
0 0.340021 0.685009 0.007825 0.010303
0 0.933508 0.389421 0.008266 0.010846
0 0.547873 0.763884 0.007831 0.010499
0 0.346706 0.729117 0.007757 0.011051
0 0.332511 0.764276 0.008070 0.009559
0 0.872608 0.771604 0.007257 0.009814
0 0.376465 0.865591 0.008566 0.010991
0 0.388893 0.983022 0.008538 0.010981
0 0.858303 0.878646 0.008418 0.011378
0 0.391679 0.986674 0.007951 0.010476
0 0.522936 0.455127 0.007931 0.009832
0 0.570850 0.555379 0.007006 0.010147
0 0.772632 0.963115 0.006994 0.008648
0 0.860009 0.831822 0.006948 0.009556
0 0.501763 0.991628 0.007886 0.010467
0 0.556491 0.792564 0.008197 0.010948
0 0.651214 0.199240 0.007572 0.010475
0 0.447057 0.299686 0.007564 0.010616
0 0.680405 0.747819 0.007495 0.010017
0 0.893560 0.526449 0.007514 0.009926
0 0.553842 0.153657 0.007673 0.009582
0 0.393326 0.799473 0.007557 0.010228
0 0.666986 0.962772 0.007244 0.009643
0 0.577642 0.569491 0.007581 0.009764
0 0.496773 0.992659 0.007516 0.009748
0 0.763364 0.781743 0.007488 0.010829
0 0.942697 0.978575 0.008334 0.010502
0 0.790190 0.715726 0.007162 0.009487
0 0.847300 0.933567 0.008000 0.010848
0 0.947953 0.992840 0.008136 0.009369
0 0.887027 0.047425 0.007772 0.010380
0 0.837886 0.552898 0.008216 0.010961
0 0.332913 0.535450 0.008473 0.011237
0 0.785687 0.159559 0.007356 0.009368
0 0.315900 0.578882 0.008549 0.010872
0 0.579858 0.735865 0.007092 0.008953
0 0.977552 0.789272 0.007788 0.010565
0 0.911025 0.548607 0.008621 0.011217
0 0.774185 0.963660 0.008232 0.012805
0 0.275253 0.574578 0.008849 0.011807
0 0.579773 0.554845 0.007880 0.010878
0 0.400737 0.360196 0.008313 0.010964
0 0.912350 0.957251 0.007702 0.010237
0 0.354064 0.716722 0.008108 0.010303
0 0.265208 0.587005 0.007731 0.009607
0 0.697550 0.826668 0.007693 0.010343
0 0.963490 0.443756 0.007774 0.010229
0 0.455650 0.739514 0.008370 0.011576
0 0.415906 0.935702 0.007748 0.010856
0 0.689492 0.153353 0.007811 0.010072
0 0.329518 0.773231 0.007803 0.010285
0 0.942653 0.990258 0.006929 0.009757
0 0.699824 0.706480 0.007581 0.009970
0 0.329840 0.865061 0.008874 0.011131
0 0.346775 0.932708 0.007782 0.010155
0 0.435750 0.495762 0.007072 0.008869
0 0.894962 0.319369 0.006163 0.007931
0 0.884296 0.084743 0.008101 0.010745
0 0.731019 0.217506 0.008002 0.010619
0 0.561661 0.758834 0.009204 0.011790
0 0.440636 0.875025 0.008236 0.011309
0 0.839116 0.685767 0.007953 0.010877
0 0.995526 0.466912 0.006635 0.009403
0 0.579750 0.747262 0.006998 0.008976
0 0.318433 0.764154 0.007685 0.009908
0 0.679936 0.906182 0.004387 0.006415
0 0.445828 0.319251 0.007850 0.010656
0 0.964326 0.200746 0.009230 0.012107
0 0.833041 0.158278 0.007493 0.009881
0 0.882751 0.756619 0.008830 0.010565
0 0.914650 0.341568 0.007516 0.009938
0 0.946368 0.602846 0.006785 0.009561
0 0.336962 0.722693 0.007452 0.010792
0 0.993202 0.785479 0.006173 0.007729
0 0.346976 0.920397 0.007865 0.009933
0 0.392920 0.926151 0.007476 0.010790
0 0.629648 0.721245 0.008426 0.010850
0 0.889364 0.819381 0.008183 0.010113
0 0.920994 0.976222 0.007451 0.008823
0 0.404808 0.896439 0.007571 0.009926
0 0.782784 0.383016 0.014046 0.019309
0 0.987329 0.717272 0.008021 0.010745
