0 0.005150 0.537026 0.007874 0.010148
0 0.005817 0.787073 0.007891 0.010755
0 0.028633 0.599185 0.007462 0.009240
0 0.282071 0.919669 0.007936 0.009926
0 0.240292 0.630409 0.007962 0.009940
0 0.175974 0.782870 0.007821 0.010493
0 0.365867 0.574718 0.007046 0.009656
0 0.253769 0.721814 0.007189 0.009359
0 0.256047 0.836898 0.007994 0.009898
0 0.110255 0.669777 0.007607 0.009678
0 0.272833 0.845535 0.007227 0.009379
0 0.435622 0.901097 0.007640 0.009661
0 0.278095 0.828531 0.007588 0.010121
0 0.341925 0.452392 0.007948 0.010051
0 0.110525 0.605431 0.007788 0.010043
0 0.434899 0.567914 0.007701 0.010506
0 0.134019 0.565491 0.007804 0.010176
0 0.202727 0.483240 0.007682 0.009666
0 0.263097 0.563641 0.007501 0.009682
0 0.077097 0.649944 0.007805 0.009933
0 0.003375 0.514107 0.006076 0.009094
0 0.201914 0.594881 0.007915 0.010228
0 0.074171 0.563433 0.007772 0.010317
0 0.340254 0.976637 0.007369 0.009426
0 0.305782 0.724853 0.007703 0.009596
0 0.242861 0.828543 0.007887 0.009767
0 0.053061 0.843907 0.007421 0.010257
0 0.295100 0.504819 0.007446 0.008916
0 0.334918 0.689281 0.007141 0.009752
0 0.222744 0.961982 0.007253 0.009215
0 0.045416 0.729765 0.007033 0.009932
0 0.131903 0.792168 0.007290 0.010335
0 0.072814 0.449107 0.007689 0.010445
0 0.435110 0.597949 0.007974 0.010607
0 0.164755 0.636246 0.007803 0.010365
0 0.081419 0.885761 0.007666 0.010958
0 0.091515 0.670173 0.007351 0.009406
0 0.137263 0.452193 0.007348 0.009626
0 0.210659 0.663304 0.007830 0.010657
0 0.216411 0.454987 0.007841 0.010224
0 0.282073 0.899778 0.007704 0.009632
0 0.078458 0.534129 0.007381 0.009362
0 0.333387 0.805614 0.006994 0.009029
0 0.272676 0.574238 0.006928 0.009185
0 0.127675 0.578856 0.007421 0.009846
0 0.066303 0.804920 0.006732 0.008807
0 0.146240 0.792188 0.007483 0.010169
0 0.217225 0.887308 0.007530 0.011089
0 0.521246 0.731831 0.007783 0.009828
0 0.468319 0.777484 0.008452 0.011033
0 0.195075 0.536130 0.008452 0.010512
0 0.180523 0.719486 0.007865 0.010090
0 0.066211 0.680182 0.007455 0.009915
0 0.123877 0.473033 0.007578 0.009376
0 0.379702 0.921240 0.008053 0.009865
0 0.135279 0.553581 0.007475 0.009109
0 0.326796 0.562347 0.008539 0.010474
0 0.047493 0.631032 0.007686 0.009746
0 0.006980 0.320679 0.007678 0.010464
0 0.352847 0.651848 0.007760 0.009771
0 0.077870 0.765148 0.007941 0.010205
0 0.161741 0.617118 0.008252 0.010404
0 0.089802 0.427849 0.006929 0.009343
0 0.562186 0.949636 0.007234 0.008958
0 0.228655 0.615526 0.007746 0.009829
0 0.095104 0.558111 0.008125 0.010225
0 0.205915 0.539025 0.007912 0.010370
0 0.193891 0.512689 0.007103 0.009577
0 0.294347 0.976953 0.008184 0.010863
0 0.551038 0.724013 0.008561 0.010874
0 0.353151 0.896836 0.007614 0.009981
0 0.218221 0.558862 0.008493 0.010286
0 0.197940 0.637930 0.007145 0.008732
0 0.244824 0.610377 0.007149 0.009259
0 0.163136 0.878614 0.007044 0.009294
0 0.247051 0.440565 0.007379 0.009869
0 0.220857 0.940656 0.007503 0.009551
0 0.195172 0.648408 0.007611 0.009656
0 0.106049 0.995209 0.007232 0.008031
0 0.313660 0.888198 0.008041 0.010417
0 0.370516 0.970952 0.007488 0.010146
0 0.094961 0.725827 0.007363 0.009696
0 0.477349 0.963453 0.007910 0.009867
0 0.332229 0.979857 0.007051 0.010218
0 0.233743 0.552968 0.008012 0.010936
0 0.278429 0.451683 0.008306 0.010692
0 0.009302 0.726105 0.008024 0.010084
0 0.329912 0.878200 0.007941 0.010174
0 0.043168 0.786188 0.007181 0.009523
0 0.398041 0.776530 0.008570 0.010937
0 0.565936 0.942800 0.006188 0.008078
0 0.170309 0.755325 0.006337 0.008336
0 0.091427 0.768847 0.007937 0.010038
0 0.147000 0.982867 0.007592 0.010275
0 0.302715 0.558484 0.007628 0.009638
0 0.521587 0.768100 0.007809 0.009890
0 0.538223 0.838105 0.007669 0.009785
0 0.378631 0.993302 0.008078 0.009759
0 0.154236 0.595601 0.007900 0.010159
0 0.060750 0.769696 0.007280 0.009519
0 0.249395 0.459030 0.007778 0.010560
0 0.262774 0.804360 0.007974 0.010166
0 0.596198 0.981765 0.008217 0.010753
0 0.025594 0.778772 0.007718 0.010107
0 0.481593 0.709559 0.007165 0.009473
0 0.108582 0.518654 0.007692 0.009675
0 0.315270 0.657244 0.007206 0.010122
0 0.522680 0.713456 0.008362 0.010222
0 0.026322 0.612589 0.007706 0.010037
0 0.067481 0.915995 0.007432 0.010135
0 0.263231 0.514927 0.007702 0.009888
0 0.159965 0.996395 0.006499 0.006410
0 0.417536 0.575714 0.007560 0.009737
0 0.017662 0.646867 0.007870 0.010850
0 0.366997 0.877295 0.007575 0.009389
0 0.279064 0.563326 0.007690 0.009986
0 0.026201 0.442272 0.007124 0.008976
0 0.353220 0.479801 0.007790 0.010322
0 0.237887 0.854405 0.007652 0.010607
0 0.244980 0.600498 0.006575 0.007377
0 0.014503 0.530293 0.008250 0.010371
0 0.344459 0.601831 0.007155 0.009273
0 0.366785 0.913344 0.007600 0.009908
0 0.270284 0.548497 0.007320 0.009110
0 0.299737 0.875581 0.007258 0.009933
0 0.132076 0.924438 0.007096 0.009100
0 0.093027 0.635378 0.007932 0.010780
0 0.074724 0.666457 0.007521 0.010706
0 0.347143 0.955825 0.007367 0.010203
0 0.392340 0.866297 0.008421 0.010471
0 0.316632 0.541199 0.008125 0.011280
0 0.386809 0.468857 0.007850 0.010795
0 0.272370 0.437553 0.007971 0.010619
0 0.063206 0.555159 0.007813 0.009899
0 0.570233 0.989684 0.008906 0.011878
0 0.261689 0.866623 0.007304 0.009501
0 0.459952 0.557537 0.008107 0.010367
0 0.108840 0.584116 0.007817 0.010352
0 0.066217 0.927853 0.006400 0.009289
0 0.443794 0.490434 0.007421 0.009927
0 0.210688 0.892804 0.007674 0.009925
0 0.174277 0.817756 0.007163 0.009010
0 0.342052 0.870685 0.007157 0.009071
0 0.047979 0.320096 0.007321 0.009639
0 0.577622 0.924898 0.007190 0.009263
0 0.041316 0.505403 0.007782 0.009852
0 0.446128 0.445243 0.007382 0.009706
0 0.213347 0.726032 0.007684 0.010281
0 0.345176 0.891828 0.007701 0.010549
0 0.408252 0.746212 0.007776 0.010251
0 0.305869 0.407775 0.008409 0.010746
0 0.196368 0.611739 0.007712 0.011059
0 0.221302 0.689608 0.007613 0.010187
0 0.196813 0.791992 0.008326 0.011360
0 0.307359 0.246894 0.007470 0.010036
0 0.525465 0.507771 0.007777 0.010318
0 0.344766 0.561081 0.007530 0.010485
0 0.329999 0.444953 0.007592 0.009749
0 0.192716 0.994525 0.007454 0.008545
0 0.248098 0.593207 0.007430 0.009858
0 0.251151 0.799808 0.007611 0.010054
0 0.292010 0.602362 0.007227 0.009845
0 0.089063 0.992622 0.007326 0.009517
0 0.320283 0.573596 0.007919 0.010709
0 0.206499 0.454950 0.007131 0.008749
0 0.395290 0.950460 0.007402 0.009733
0 0.030496 0.708607 0.007322 0.010072
0 0.338751 0.904782 0.008025 0.010572
0 0.097204 0.986665 0.006415 0.009092
0 0.477616 0.571191 0.008039 0.011077
0 0.110736 0.893179 0.007406 0.009975
0 0.308761 0.578931 0.007890 0.010082
0 0.411850 0.810520 0.006590 0.008677
0 0.198715 0.639131 0.009801 0.013073
0 0.167765 0.995393 0.005639 0.006557
0 0.052752 0.116631 0.006882 0.009382
0 0.425325 0.566114 0.008621 0.011588
0 0.294322 0.773769 0.007043 0.009092
0 0.048952 0.403695 0.007440 0.009888
0 0.543038 0.780414 0.008743 0.011551
0 0.258659 0.488627 0.007924 0.010805
0 0.178527 0.709066 0.008377 0.010766
0 0.504456 0.961637 0.007567 0.009804
0 0.506699 0.573250 0.007895 0.011365
0 0.176796 0.950417 0.007174 0.009534
0 0.450172 0.697658 0.007727 0.010814
0 0.376137 0.860763 0.007243 0.009260
0 0.053405 0.843364 0.005094 0.006971
0 0.548563 0.662787 0.008490 0.011059
0 0.242714 0.977725 0.007603 0.009811
0 0.179925 0.714935 0.009259 0.013275
0 0.198887 0.759935 0.008529 0.011646
0 0.356593 0.499063 0.007932 0.010714
0 0.227890 0.853421 0.007486 0.010639
0 0.176114 0.993135 0.007261 0.009084
0 0.337798 0.978558 0.009575 0.012728
0 0.455906 0.746637 0.007520 0.009964
0 0.015454 0.474918 0.007332 0.007983
0 0.556204 0.637412 0.008083 0.010496
0 0.104632 0.423368 0.006921 0.009286
0 0.464018 0.701562 0.007340 0.009256
0 0.183834 0.993061 0.008016 0.009463
0 0.204735 0.443966 0.006767 0.008137
0 0.174002 0.550666 0.007429 0.009951
0 0.594836 0.652096 0.007156 0.009049
0 0.356193 0.821531 0.007431 0.009807
0 0.567637 0.827310 0.008373 0.011218
0 0.151562 0.986037 0.007040 0.010232
0 0.139821 0.506258 0.008807 0.010879
0 0.181472 0.904809 0.006377 0.008415
0 0.306350 0.477554 0.008839 0.012133
0 0.557847 0.816449 0.008027 0.009938
0 0.140578 0.437890 0.007954 0.009932
