0 0.504366 0.244954 0.008494 0.011133
0 0.591998 0.543086 0.008541 0.010969
0 0.303738 0.110357 0.009240 0.012201
0 0.097991 0.147708 0.007931 0.010639
0 0.481978 0.627907 0.008563 0.011359
0 0.522641 0.587000 0.008142 0.011850
0 0.490717 0.337337 0.008803 0.011058
0 0.574780 0.650723 0.008173 0.010791
0 0.322740 0.261954 0.008740 0.011790
0 0.552159 0.858218 0.008307 0.010373
0 0.258683 0.307989 0.008272 0.010816
0 0.142284 0.838653 0.007425 0.008997
0 0.575520 0.734825 0.008857 0.011306
0 0.513656 0.589351 0.008380 0.011359
0 0.121106 0.552700 0.008919 0.011847
0 0.403542 0.879211 0.007874 0.011102
0 0.587372 0.182532 0.008828 0.011968
0 0.483132 0.295857 0.009285 0.012054
0 0.474864 0.911841 0.008732 0.011191
0 0.530453 0.763013 0.007196 0.009394
0 0.513197 0.835130 0.007467 0.009807
0 0.584235 0.711161 0.008540 0.010696
0 0.486769 0.657821 0.008110 0.011194
0 0.571191 0.702113 0.008763 0.011729
0 0.418236 0.777714 0.007595 0.010071
0 0.665679 0.473245 0.008677 0.011441
0 0.193667 0.167330 0.008180 0.011118
0 0.466697 0.768162 0.009315 0.011069
0 0.405343 0.484712 0.008287 0.010032
0 0.723102 0.175613 0.009371 0.012297
0 0.438348 0.973621 0.008247 0.010733
0 0.547567 0.794518 0.008080 0.010460
0 0.512323 0.781799 0.008500 0.011297
0 0.138212 0.849171 0.007747 0.010176
0 0.567840 0.837656 0.008670 0.011562
0 0.128595 0.797201 0.007281 0.009647
0 0.561900 0.995080 0.008911 0.008855
0 0.166143 0.709984 0.008742 0.011632
0 0.601056 0.349111 0.009144 0.011415
0 0.587423 0.994999 0.007806 0.008330
0 0.395508 0.221920 0.008330 0.010924
0 0.116565 0.772713 0.008394 0.011080
0 0.574430 0.609417 0.008242 0.011113
0 0.565780 0.720944 0.007498 0.011148
0 0.538064 0.816738 0.008263 0.010186
0 0.479281 0.398578 0.008379 0.011021
0 0.502461 0.950422 0.007787 0.010125
0 0.490006 0.674533 0.007735 0.010188
0 0.634044 0.493711 0.008698 0.011658
0 0.544801 0.897799 0.008234 0.010783
0 0.657825 0.974193 0.009142 0.012423
0 0.472600 0.313514 0.008488 0.011528
0 0.471720 0.292357 0.009287 0.011744
0 0.615644 0.642690 0.009086 0.010443
0 0.610187 0.796497 0.007805 0.010339
0 0.192973 0.725249 0.008083 0.010485
0 0.591310 0.626909 0.008382 0.010952
0 0.423991 0.598557 0.008468 0.010956
0 0.443216 0.995660 0.008608 0.007812
0 0.502866 0.918796 0.007615 0.009194
0 0.299247 0.094588 0.008089 0.010893
0 0.638542 0.612546 0.008667 0.011230
0 0.542038 0.805705 0.007775 0.010179
0 0.592942 0.877109 0.006763 0.009508
0 0.549161 0.781746 0.008328 0.010557
0 0.284510 0.316005 0.007562 0.009992
0 0.616271 0.827121 0.008616 0.010039
0 0.447557 0.501032 0.008634 0.011585
0 0.513037 0.889817 0.006884 0.010314
0 0.554034 0.765013 0.008471 0.011699
0 0.464137 0.806085 0.007856 0.010304
0 0.512798 0.995613 0.007690 0.007825
0 0.549946 0.847389 0.008239 0.009770
0 0.499165 0.984096 0.009352 0.011683
0 0.252215 0.356895 0.008674 0.011226
0 0.455446 0.772667 0.008662 0.011228
0 0.620021 0.502446 0.008524 0.011147
0 0.205070 0.215513 0.008663 0.011318
0 0.533343 0.411181 0.008264 0.011033
0 0.585213 0.575297 0.008819 0.011358
0 0.027874 0.172435 0.007751 0.009753
0 0.671154 0.376776 0.009741 0.012917
0 0.525101 0.663060 0.009352 0.012466
0 0.552163 0.829069 0.009051 0.012060
0 0.462439 0.917355 0.007798 0.010657
0 0.564404 0.542486 0.008593 0.011708
0 0.491708 0.871819 0.008026 0.010464
0 0.566036 0.939241 0.007686 0.010263
0 0.364123 0.931430 0.008904 0.011272
0 0.379302 0.607109 0.007817 0.010852
0 0.650260 0.950088 0.008358 0.011204
0 0.471032 0.939627 0.008446 0.011073
0 0.580477 0.065984 0.008943 0.011991
0 0.437063 0.834381 0.008149 0.011525
0 0.213175 0.835926 0.008035 0.010365
0 0.627131 0.921150 0.008433 0.011100
0 0.394720 0.877969 0.008458 0.010797
0 0.642332 0.987902 0.008300 0.010978
0 0.474700 0.980267 0.008579 0.011506
0 0.585337 0.910104 0.008279 0.010321
0 0.635620 0.558360 0.008149 0.010838
0 0.482525 0.800767 0.008324 0.011027
0 0.558649 0.731783 0.007776 0.009908
0 0.582519 0.370826 0.008640 0.011162
0 0.598838 0.026059 0.008723 0.011709
0 0.455477 0.492043 0.008287 0.011605
0 0.471004 0.669014 0.007748 0.010292
0 0.574687 0.748869 0.008428 0.010989
0 0.151653 0.450477 0.007961 0.010620
0 0.556901 0.878729 0.008377 0.010690
0 0.212803 0.449236 0.008795 0.011408
0 0.619119 0.795947 0.005982 0.008517
0 0.431236 0.159113 0.009002 0.011912
0 0.506396 0.929043 0.007539 0.009491
0 0.114667 0.656547 0.008093 0.011307
0 0.510659 0.822244 0.008319 0.011009
0 0.458075 0.273088 0.008422 0.011004
0 0.496325 0.717257 0.007930 0.010598
0 0.060170 0.544299 0.008445 0.010977
0 0.532821 0.696854 0.008084 0.011600
0 0.518572 0.896212 0.007657 0.010787
0 0.548958 0.182994 0.008240 0.010888
0 0.479836 0.226040 0.008307 0.011014
0 0.431166 0.867525 0.008362 0.011127
0 0.293995 0.295958 0.008092 0.010709
0 0.405707 0.834662 0.008469 0.011013
0 0.278002 0.065709 0.008132 0.010450
0 0.381188 0.330479 0.008719 0.010920
0 0.419274 0.224339 0.008069 0.010852
0 0.485784 0.767393 0.008810 0.011702
0 0.253526 0.255534 0.008237 0.010757
0 0.545935 0.959832 0.007786 0.010319
0 0.571321 0.717510 0.007378 0.009607
0 0.533284 0.981789 0.007825 0.010851
0 0.614184 0.716245 0.008570 0.011095
0 0.549910 0.580055 0.008228 0.011295
0 0.150765 0.730306 0.008413 0.011528
0 0.524940 0.925317 0.007652 0.009840
0 0.099306 0.784937 0.008936 0.011366
0 0.569964 0.625453 0.008926 0.011897
0 0.617489 0.624858 0.010200 0.012470
0 0.585603 0.888623 0.008180 0.010157
0 0.621186 0.849476 0.008502 0.011277
0 0.605741 0.727993 0.007261 0.009416
0 0.548717 0.444812 0.007773 0.010464
0 0.641413 0.532443 0.009081 0.012152
0 0.512191 0.640406 0.007608 0.010302
0 0.583145 0.664516 0.009728 0.012936
0 0.536100 0.456076 0.008221 0.010375
0 0.516292 0.915736 0.007999 0.011094
0 0.464846 0.996582 0.006345 0.006153
0 0.572135 0.665350 0.007974 0.010762
0 0.646574 0.152575 0.010538 0.013028
0 0.494725 0.152966 0.008823 0.011645
0 0.526537 0.892801 0.007918 0.010481
0 0.510036 0.647454 0.006322 0.008864
0 0.594327 0.592214 0.008209 0.011046
0 0.371288 0.919441 0.007985 0.010160
0 0.505660 0.639663 0.006995 0.010109
0 0.535367 0.738478 0.007771 0.010268
0 0.470264 0.898602 0.008200 0.010815
0 0.732605 0.271494 0.009183 0.012079
0 0.442861 0.460645 0.007428 0.009783
0 0.452788 0.842244 0.008346 0.010756
0 0.436951 0.793102 0.008280 0.011122
0 0.526394 0.979827 0.008101 0.011146
0 0.544600 0.658641 0.007418 0.009233
0 0.549807 0.935205 0.007810 0.010432
0 0.218272 0.928121 0.007914 0.010708
0 0.704892 0.105520 0.010436 0.014166
0 0.557920 0.842499 0.007757 0.009970
0 0.611696 0.736501 0.007971 0.010580
0 0.405344 0.284971 0.009055 0.012744
0 0.560338 0.674641 0.009077 0.011686
0 0.566576 0.388548 0.008979 0.012098
0 0.582341 0.946689 0.007578 0.009605
0 0.767144 0.180005 0.008939 0.011796
0 0.491416 0.644455 0.009885 0.012649
0 0.618770 0.614368 0.006759 0.009990
0 0.549699 0.750318 0.008307 0.011320
0 0.157674 0.670543 0.008759 0.011385
0 0.640336 0.637900 0.008649 0.011353
0 0.357821 0.916592 0.008034 0.011489
0 0.622078 0.760760 0.008040 0.011018
0 0.420272 0.932149 0.007180 0.010772
0 0.594542 0.823581 0.008527 0.011291
0 0.586963 0.180661 0.005930 0.009131
0 0.538507 0.790843 0.008806 0.011363
0 0.538921 0.633477 0.008687 0.012012
0 0.207098 0.957847 0.007943 0.010477
0 0.095027 0.086691 0.008335 0.010650
0 0.507495 0.896381 0.008488 0.010693
0 0.525100 0.644245 0.009131 0.012133
0 0.564610 0.177724 0.008499 0.011443
0 0.063427 0.935397 0.007242 0.010125
0 0.541243 0.600674 0.008005 0.010375
0 0.564981 0.494189 0.008620 0.011463
0 0.040944 0.679683 0.008949 0.011719
0 0.127835 0.810288 0.006719 0.008244
0 0.066226 0.953714 0.010386 0.013676
0 0.583375 0.850864 0.007451 0.009023
0 0.548966 0.700292 0.008434 0.010991
0 0.355420 0.749460 0.008111 0.010312
0 0.625541 0.821288 0.007670 0.010873
0 0.080002 0.963238 0.009973 0.013360
0 0.405646 0.911390 0.009564 0.011582
0 0.010174 0.645451 0.009906 0.012563
0 0.548308 0.665381 0.007844 0.009680
0 0.609450 0.679066 0.007929 0.009917
0 0.600735 0.737400 0.008516 0.009936
0 0.571516 0.685452 0.008105 0.011097
0 0.029274 0.164810 0.008634 0.010107
0 0.035753 0.636793 0.008158 0.010343
0 0.126996 0.224371 0.007169 0.008587
0 0.584291 0.843875 0.008236 0.010720
0 0.039711 0.497978 0.007474 0.010079
0 0.606674 0.691822 0.007982 0.010500
0 0.182682 0.962863 0.007718 0.009921
0 0.614073 0.649551 0.007330 0.008874
0 0.393966 0.962176 0.009204 0.011164
0 0.428127 0.930661 0.008801 0.010511
0 0.396881 0.299302 0.007198 0.009810
0 0.035373 0.628965 0.008057 0.009299
0 0.539495 0.996608 0.006922 0.006106
0 0.527555 0.621070 0.008693 0.010980
0 0.598646 0.873509 0.005866 0.008728
0 0.356300 0.623461 0.008305 0.010647
0 0.425076 0.938534 0.010144 0.013614
0 0.465104 0.701826 0.007544 0.009414
0 0.050555 0.779046 0.008514 0.011558
0 0.550163 0.610625 0.007731 0.010592
0 0.168452 0.958487 0.008357 0.011128
0 0.448083 0.921703 0.007962 0.010702
0 0.586035 0.847378 0.008446 0.011525
0 0.542933 0.807167 0.011341 0.014798
0 0.423897 0.872052 0.007467 0.010356
0 0.310703 0.140429 0.009493 0.011019
0 0.187931 0.967765 0.007895 0.010349
0 0.102501 0.933994 0.008426 0.010971
0 0.559043 0.618194 0.007766 0.009782
0 0.320818 0.989813 0.008016 0.011316
0 0.088751 0.820056 0.007731 0.010353
0 0.381544 0.937831 0.006859 0.010463
0 0.646838 0.153938 0.006314 0.008745
0 0.386218 0.933586 0.007178 0.010012
0 0.409629 0.922162 0.007967 0.009442
0 0.574321 0.739112 0.011036 0.013603
0 0.124550 0.808116 0.007755 0.008527
0 0.587537 0.947690 0.006562 0.010776
0 0.309305 0.005691 0.005567 0.007158
0 0.407559 0.976666 0.008294 0.011280
0 0.040767 0.750463 0.009198 0.012563
0 0.530871 0.617249 0.008133 0.011719
0 0.303167 0.144423 0.006932 0.009527
0 0.040781 0.678757 0.006300 0.007917
0 0.560457 0.728597 0.009437 0.011238
0 0.030439 0.171278 0.010497 0.013052
0 0.416292 0.953800 0.008011 0.010674
0 0.166673 0.777148 0.006773 0.008923
0 0.486799 0.659180 0.012575 0.014644
0 0.100995 0.937147 0.009188 0.012654
0 0.518108 0.003405 0.005560 0.005933
0 0.128479 0.217065 0.006941 0.009181
