0 0.722974 0.408168 0.008651 0.011533
0 0.489544 0.025937 0.009402 0.012364
0 0.550401 0.303602 0.009109 0.012048
0 0.661014 0.783940 0.007964 0.010375
0 0.739914 0.797888 0.007885 0.010306
0 0.928117 0.692347 0.009336 0.012101
0 0.791673 0.929097 0.008048 0.010494
0 0.808904 0.762721 0.008498 0.011110
0 0.592503 0.480822 0.008707 0.011276
0 0.881788 0.544730 0.009301 0.011790
0 0.849837 0.345412 0.009142 0.011758
0 0.887809 0.348267 0.008192 0.010533
0 0.955234 0.713187 0.008774 0.012155
0 0.868448 0.533136 0.009208 0.011856
0 0.791618 0.418698 0.008374 0.011164
0 0.560457 0.302876 0.009217 0.012669
0 0.833607 0.485292 0.008502 0.011122
0 0.992790 0.196070 0.009568 0.013758
0 0.995694 0.711609 0.007750 0.011586
0 0.848024 0.411367 0.009546 0.012821
0 0.993806 0.728865 0.009285 0.013100
0 0.943093 0.814725 0.008285 0.010939
0 0.605533 0.418977 0.008376 0.011222
0 0.975196 0.690521 0.008523 0.010831
0 0.881591 0.420593 0.008960 0.011246
0 0.963001 0.346288 0.009043 0.011604
0 0.838316 0.824306 0.007942 0.010661
0 0.802489 0.533116 0.008693 0.011569
0 0.670385 0.994434 0.009849 0.010018
0 0.813458 0.740567 0.009278 0.012218
0 0.400019 0.796139 0.008765 0.011463
0 0.592672 0.307078 0.008879 0.011036
0 0.973594 0.879679 0.008193 0.010897
0 0.700222 0.986390 0.008485 0.011555
0 0.826067 0.695371 0.008927 0.011512
0 0.921085 0.574772 0.008815 0.012360
0 0.740627 0.493165 0.008457 0.010720
0 0.708363 0.852607 0.008494 0.011249
0 0.853179 0.902234 0.009222 0.012420
0 0.782629 0.981604 0.008547 0.011128
0 0.869603 0.849788 0.008680 0.011362
0 0.895394 0.973337 0.009299 0.012941
0 0.977393 0.338695 0.009284 0.012778
0 0.934083 0.264373 0.009106 0.011823
0 0.852865 0.200126 0.009421 0.011994
0 0.920909 0.173403 0.009747 0.012125
0 0.964830 0.482006 0.008767 0.011796
0 0.921088 0.889018 0.009092 0.011530
0 0.805690 0.397882 0.008394 0.011125
0 0.567015 0.273047 0.009003 0.012105
0 0.716411 0.711078 0.008818 0.011612
0 0.900642 0.439360 0.009220 0.012103
0 0.372556 0.044612 0.008984 0.012067
0 0.855721 0.542883 0.008369 0.010837
0 0.719362 0.377229 0.008455 0.011193
0 0.996200 0.025379 0.006772 0.010760
0 0.835324 0.306021 0.008148 0.010365
0 0.669139 0.256198 0.009365 0.012303
0 0.972798 0.285614 0.009243 0.012103
0 0.993447 0.857037 0.008128 0.010771
0 0.534409 0.471376 0.007615 0.010298
0 0.997114 0.804122 0.005195 0.009772
0 0.739822 0.755581 0.008287 0.010680
0 0.759602 0.689206 0.008126 0.011110
0 0.924348 0.762500 0.008702 0.011054
0 0.677545 0.527005 0.008289 0.010808
0 0.994930 0.324020 0.008313 0.012041
0 0.907609 0.510780 0.009741 0.012893
0 0.914713 0.781755 0.009889 0.012720
0 0.883336 0.338789 0.007763 0.010182
0 0.892630 0.557499 0.009346 0.012463
0 0.667549 0.435974 0.009724 0.012646
0 0.877912 0.351160 0.008425 0.011399
0 0.635095 0.917607 0.008640 0.011896
0 0.959776 0.786799 0.009554 0.011695
0 0.856351 0.661174 0.008335 0.010612
0 0.795539 0.674647 0.009032 0.011322
0 0.877598 0.992378 0.008799 0.010889
0 0.951100 0.262995 0.009399 0.012016
0 0.694950 0.731335 0.008443 0.011331
0 0.835696 0.198552 0.008444 0.011958
0 0.878865 0.963006 0.009107 0.011928
0 0.928174 0.214722 0.009366 0.011864
0 0.808934 0.366985 0.008748 0.011652
0 0.994478 0.697728 0.009065 0.012715
0 0.879909 0.717284 0.008529 0.011433
0 0.875879 0.388112 0.009292 0.012355
0 0.982378 0.903403 0.009827 0.013003
0 0.884741 0.986957 0.008256 0.009994
0 0.783724 0.474537 0.008999 0.011759
0 0.686414 0.631011 0.009180 0.011440
0 0.827067 0.941012 0.008512 0.010748
0 0.893243 0.474278 0.008755 0.011652
0 0.908892 0.543583 0.008062 0.011283
0 0.335142 0.172328 0.009327 0.011922
0 0.807941 0.858187 0.007607 0.010600
0 0.906906 0.579913 0.009277 0.012836
0 0.943000 0.860693 0.009731 0.012594
0 0.674076 0.453468 0.010613 0.014343
0 0.905270 0.986391 0.009039 0.011315
0 0.914502 0.468925 0.009645 0.012477
0 0.909299 0.924393 0.007907 0.010836
0 0.957862 0.550066 0.008781 0.011705
0 0.669633 0.337715 0.009749 0.012801
0 0.972879 0.521933 0.008889 0.011271
0 0.924524 0.710430 0.007836 0.010580
0 0.975604 0.846031 0.008826 0.012302
0 0.913587 0.599024 0.009750 0.013052
0 0.642188 0.009495 0.009583 0.013497
0 0.901092 0.544280 0.007679 0.011277
0 0.849876 0.522959 0.010312 0.013512
0 0.439224 0.980082 0.008901 0.012080
0 0.783253 0.233551 0.009761 0.013662
0 0.916023 0.704234 0.008603 0.010701
0 0.511204 0.109281 0.010274 0.013711
0 0.969517 0.887523 0.009066 0.012479
0 0.464561 0.204800 0.008352 0.011831
0 0.865840 0.670019 0.008628 0.011207
0 0.796387 0.995364 0.008758 0.008345
0 0.729516 0.296524 0.008528 0.011720
0 0.940472 0.345790 0.008958 0.011977
0 0.648112 0.356494 0.008809 0.011755
0 0.774601 0.732347 0.009793 0.012477
0 0.874131 0.940994 0.008095 0.009785
0 0.727689 0.353451 0.008831 0.011982
0 0.903619 0.420251 0.009024 0.011880
0 0.823905 0.387653 0.008424 0.011328
0 0.762799 0.913887 0.008711 0.011104
0 0.683010 0.284113 0.010204 0.013524
0 0.766155 0.434333 0.008355 0.011085
0 0.835461 0.241342 0.007530 0.009557
0 0.994910 0.423039 0.008423 0.012657
0 0.584105 0.576010 0.008653 0.011367
0 0.820880 0.799655 0.007604 0.009921
0 0.412644 0.958947 0.008022 0.010421
0 0.728511 0.830096 0.007895 0.010451
0 0.626490 0.987236 0.008244 0.011131
0 0.470159 0.808234 0.007699 0.009311
0 0.890862 0.105221 0.010311 0.013552
0 0.997338 0.987585 0.004792 0.008322
0 0.733152 0.143243 0.009735 0.012277
0 0.727756 0.090224 0.009579 0.012607
0 0.503608 0.768034 0.008500 0.011056
0 0.698997 0.854946 0.008347 0.011657
0 0.435616 0.352414 0.008311 0.011068
0 0.995860 0.476106 0.006890 0.010034
0 0.584045 0.253752 0.008988 0.011159
0 0.884022 0.459475 0.009876 0.012894
0 0.454513 0.711401 0.008447 0.011704
0 0.752286 0.347841 0.008032 0.010499
0 0.985198 0.673836 0.008740 0.012031
0 0.728274 0.367224 0.006277 0.008367
0 0.881714 0.227679 0.008939 0.011437
0 0.587852 0.575562 0.009024 0.012448
0 0.876282 0.471242 0.009571 0.011369
0 0.435005 0.369681 0.007118 0.011020
0 0.796436 0.258444 0.010037 0.012509
0 0.479657 0.423483 0.007704 0.009129
0 0.906282 0.694713 0.008452 0.011568
0 0.941896 0.987870 0.008684 0.011586
0 0.969067 0.799341 0.008346 0.011010
0 0.555743 0.855130 0.008257 0.011145
0 0.583563 0.249181 0.009381 0.012193
0 0.752020 0.689125 0.006866 0.010771
0 0.767615 0.453123 0.009994 0.013828
0 0.965205 0.809924 0.007566 0.009394
0 0.641855 0.277787 0.007984 0.010961
0 0.900749 0.752831 0.006751 0.008840
0 0.906940 0.618260 0.008568 0.011257
0 0.522204 0.694924 0.009758 0.011958
0 0.961352 0.084415 0.011140 0.014178
0 0.878090 0.924867 0.008553 0.011670
0 0.301829 0.475898 0.007512 0.010689
0 0.822039 0.880190 0.008458 0.010769
0 0.544235 0.371619 0.009622 0.012018
0 0.636981 0.281681 0.007823 0.011041
0 0.611000 0.443011 0.008140 0.010624
0 0.971313 0.515881 0.008295 0.009226
0 0.883941 0.977432 0.008116 0.010312
0 0.705042 0.214608 0.008794 0.012881
0 0.396187 0.420839 0.008266 0.011241
0 0.502190 0.099936 0.008028 0.010591
0 0.454284 0.725049 0.006597 0.007475
0 0.762716 0.363644 0.008970 0.011522
0 0.783769 0.612316 0.006975 0.009371
0 0.557712 0.797470 0.007999 0.010357
0 0.904474 0.612663 0.009067 0.010929
0 0.733707 0.655144 0.008988 0.011571
0 0.691780 0.558042 0.008305 0.010813
0 0.358297 0.239840 0.009142 0.012318
0 0.759759 0.347549 0.007701 0.010566
0 0.765451 0.660711 0.010766 0.015737
0 0.820056 0.872630 0.009005 0.011663
0 0.701069 0.235015 0.008939 0.011531
0 0.768099 0.788944 0.007194 0.009819
0 0.855829 0.279639 0.008628 0.011027
0 0.893996 0.955853 0.008517 0.011569
0 0.803750 0.860627 0.007269 0.009419
0 0.865258 0.792206 0.007408 0.011140
0 0.375151 0.309571 0.008110 0.011147
0 0.834921 0.901172 0.007119 0.008596
0 0.822581 0.974194 0.008829 0.011315
0 0.560506 0.954584 0.008079 0.009737
0 0.536507 0.348714 0.008069 0.010079
0 0.967425 0.852419 0.007819 0.010547
0 0.638754 0.611298 0.007982 0.009909
0 0.962743 0.859272 0.008158 0.011099
0 0.622187 0.607373 0.007823 0.010340
0 0.692379 0.458815 0.007885 0.011326
0 0.787062 0.619865 0.007476 0.008533
0 0.917350 0.715785 0.008085 0.009610
0 0.992150 0.788352 0.007713 0.010580
0 0.755392 0.380660 0.007946 0.010706
0 0.461789 0.205625 0.010196 0.014350
0 0.224140 0.964776 0.006084 0.007144
0 0.368831 0.569874 0.008862 0.011832
0 0.703019 0.237353 0.009248 0.012171
0 0.919680 0.808508 0.007479 0.009677
0 0.755147 0.648247 0.007107 0.009051
0 0.721475 0.316459 0.007667 0.010068
0 0.629510 0.610656 0.005859 0.008875
0 0.872480 0.670570 0.007072 0.011551
0 0.478306 0.428766 0.008426 0.011810
0 0.767179 0.793356 0.008009 0.011454
0 0.803354 0.654072 0.005567 0.007522
0 0.366073 0.568629 0.009129 0.011569
0 0.699803 0.215345 0.007726 0.011573
0 0.760067 0.601705 0.007323 0.010295
0 0.870648 0.789065 0.007280 0.010302
0 0.294366 0.476435 0.007647 0.010796
0 0.466679 0.818365 0.007198 0.008822
0 0.637124 0.619645 0.006895 0.008521
0 0.758821 0.557809 0.007257 0.008739
0 0.469631 0.817260 0.008475 0.010064
0 0.763086 0.789435 0.007406 0.010154
0 0.831341 0.346042 0.007985 0.010751
0 0.262701 0.967038 0.006399 0.008419
0 0.567321 0.964342 0.008422 0.010944
0 0.968710 0.945448 0.007900 0.010167
0 0.634368 0.263798 0.008961 0.012614
0 0.684680 0.369763 0.009634 0.011127
0 0.759711 0.654584 0.007698 0.010795
0 0.676963 0.644466 0.010761 0.013307
0 0.893981 0.929429 0.006019 0.008010
0 0.764618 0.792195 0.008560 0.011735
0 0.899861 0.292481 0.007658 0.010995
0 0.600497 0.715043 0.008041 0.009977
0 0.909872 0.278848 0.007536 0.010224
0 0.469876 0.173037 0.006269 0.007452
0 0.695765 0.457789 0.008052 0.010810
0 0.426945 0.372636 0.008688 0.012458
0 0.916249 0.286885 0.007541 0.009906
0 0.744761 0.643332 0.007599 0.009944
0 0.995763 0.800939 0.006955 0.011041
0 0.599191 0.729811 0.008157 0.011894
0 0.987915 0.793669 0.008283 0.009621
0 0.252739 0.985069 0.005357 0.007194
0 0.664473 0.558825 0.007291 0.008317
0 0.969117 0.858338 0.008652 0.011298
0 0.715703 0.578163 0.006932 0.009369
0 0.909838 0.816230 0.006844 0.008810
0 0.223119 0.975215 0.006068 0.008117
0 0.685969 0.557907 0.006632 0.009019
0 0.974503 0.030778 0.007610 0.009940
0 0.882030 0.986843 0.008631 0.012662
0 0.911929 0.292419 0.007119 0.011237
0 0.964763 0.509356 0.008930 0.012004
0 0.533466 0.505967 0.008434 0.011232
0 0.663622 0.565542 0.007752 0.009470
0 0.617061 0.631757 0.009357 0.011546
0 0.754738 0.604140 0.007395 0.011377
0 0.756426 0.194967 0.007267 0.009323
0 0.666616 0.436267 0.014286 0.018447
0 0.410534 0.973532 0.004813 0.006932
0 0.903697 0.543085 0.010663 0.013813
0 0.969054 0.510624 0.008641 0.012009
0 0.623731 0.623304 0.007368 0.008685
0 0.956486 0.747383 0.006158 0.008219
0 0.489494 0.024457 0.013130 0.017862
0 0.746118 0.054284 0.006790 0.008886
0 0.997504 0.615845 0.004493 0.008563
0 0.632194 0.266315 0.009352 0.011203
0 0.782866 0.232590 0.013973 0.019588
0 0.995236 0.467481 0.006415 0.010367
0 0.715752 0.318515 0.007755 0.009332
0 0.803037 0.532851 0.005971 0.007962
0 0.997530 0.534691 0.004313 0.007010
0 0.825057 0.330598 0.008087 0.010374
0 0.826899 0.696051 0.012424 0.017096
0 0.628120 0.619210 0.007300 0.010034
0 0.706462 0.543403 0.007622 0.010503
0 0.940773 0.173426 0.006808 0.008935
0 0.599950 0.300837 0.006619 0.010158
0 0.724537 0.408055 0.012220 0.016532
0 0.754207 0.344860 0.010103 0.013201
0 0.507569 0.107387 0.011323 0.014308
0 0.398912 0.422753 0.010147 0.013122
0 0.968529 0.803517 0.010511 0.013851
0 0.719475 0.324781 0.009103 0.011998
0 0.716020 0.327865 0.006896 0.008783
0 0.501927 0.025371 0.006080 0.008072
0 0.299685 0.479019 0.010382 0.014781
0 0.670252 0.336577 0.013817 0.018150
0 0.534082 0.355015 0.007660 0.010356
0 0.788324 0.616174 0.006006 0.008062
0 0.665451 0.037730 0.007522 0.009620
0 0.560069 0.611921 0.008249 0.010781
0 0.367269 0.309714 0.007889 0.011544
0 0.601909 0.727970 0.008351 0.011072
