0 0.446156 0.297124 0.008405 0.011431
0 0.563471 0.366082 0.008813 0.011480
0 0.555828 0.007533 0.011358 0.013560
0 0.520760 0.266083 0.008973 0.012030
0 0.083087 0.330486 0.009229 0.011915
0 0.360279 0.337771 0.008565 0.011748
0 0.319128 0.005767 0.008477 0.010098
0 0.451023 0.324788 0.009025 0.011725
0 0.098816 0.036704 0.009009 0.011885
0 0.200121 0.222685 0.008791 0.011116
0 0.333331 0.431143 0.008374 0.010877
0 0.653286 0.498928 0.009343 0.012566
0 0.174942 0.263216 0.007971 0.010891
0 0.230914 0.377316 0.008537 0.011102
0 0.356071 0.013360 0.009028 0.012347
0 0.152359 0.298294 0.008630 0.011241
0 0.152851 0.266934 0.008904 0.011781
0 0.558611 0.223775 0.009117 0.011919
0 0.290117 0.713559 0.009303 0.012676
0 0.022037 0.137341 0.009183 0.011782
0 0.150441 0.419457 0.008413 0.011127
0 0.345445 0.588484 0.008894 0.011896
0 0.166130 0.261960 0.007738 0.010587
0 0.227511 0.663490 0.008808 0.011652
0 0.039991 0.411998 0.008572 0.011608
0 0.009438 0.055145 0.009495 0.011669
0 0.403250 0.058380 0.008124 0.010773
0 0.512909 0.327632 0.008587 0.011135
0 0.060458 0.221679 0.008563 0.010790
0 0.262525 0.443990 0.008758 0.011442
0 0.244652 0.178836 0.008498 0.011171
0 0.426375 0.463928 0.009220 0.011859
0 0.294250 0.411189 0.008074 0.011152
0 0.344813 0.800881 0.009024 0.012195
0 0.100347 0.314892 0.008388 0.010640
0 0.208316 0.099500 0.008408 0.011282
0 0.517033 0.507838 0.009640 0.013004
0 0.036654 0.263045 0.008960 0.011174
0 0.130943 0.074612 0.008751 0.010959
0 0.371139 0.398704 0.008586 0.011145
0 0.434563 0.253036 0.009174 0.011460
0 0.338606 0.097214 0.007826 0.010632
0 0.120955 0.057340 0.007969 0.010395
0 0.105933 0.223972 0.007689 0.011524
0 0.488684 0.230827 0.008583 0.011604
0 0.191005 0.018618 0.008004 0.011660
0 0.069177 0.409576 0.008650 0.010996
0 0.180176 0.035829 0.007974 0.011524
0 0.432427 0.315650 0.008594 0.011880
0 0.240938 0.014728 0.008572 0.012585
0 0.169664 0.203727 0.008417 0.011925
0 0.044457 0.007198 0.008994 0.011828
0 0.223591 0.047315 0.008969 0.011645
0 0.458192 0.714510 0.008921 0.011631
0 0.404835 0.285201 0.008841 0.011158
0 0.363249 0.028430 0.009012 0.011761
0 0.189601 0.182986 0.008779 0.011961
0 0.200300 0.380636 0.008692 0.011260
0 0.198970 0.017195 0.007882 0.011381
0 0.407347 0.015026 0.009381 0.012737
0 0.415729 0.629872 0.009021 0.012338
0 0.317084 0.160520 0.008003 0.011093
0 0.465692 0.271748 0.009039 0.012075
0 0.397389 0.181177 0.008132 0.010193
0 0.419310 0.277049 0.008901 0.011665
0 0.025889 0.068060 0.008637 0.011220
0 0.286593 0.265683 0.007882 0.010777
0 0.111381 0.220875 0.007937 0.010878
0 0.181655 0.219507 0.008530 0.011429
0 0.267555 0.409110 0.009154 0.012165
0 0.080632 0.039669 0.007514 0.009767
0 0.333898 0.682613 0.009182 0.011441
0 0.552711 0.211031 0.008850 0.011477
0 0.262893 0.641635 0.008972 0.011659
0 0.196730 0.031973 0.009414 0.011858
0 0.239887 0.201488 0.008196 0.011402
0 0.142814 0.014833 0.008653 0.012138
0 0.448308 0.311600 0.007920 0.010350
0 0.389409 0.172661 0.008288 0.011262
0 0.174422 0.371525 0.008566 0.011602
0 0.901048 0.733744 0.007484 0.009653
0 0.595427 0.257857 0.008676 0.011673
0 0.433394 0.077051 0.009086 0.011367
0 0.240221 0.513402 0.010214 0.013173
0 0.102381 0.183150 0.007911 0.011155
0 0.386800 0.380421 0.009469 0.012009
0 0.325820 0.346016 0.008271 0.010556
0 0.393370 0.233097 0.008398 0.010915
0 0.500672 0.118220 0.009465 0.013843
0 0.269113 0.097628 0.007417 0.010214
0 0.472980 0.161945 0.008719 0.011478
0 0.110547 0.174169 0.007180 0.009907
0 0.185361 0.045694 0.008207 0.010511
0 0.461641 0.289551 0.008261 0.012344
0 0.133844 0.012367 0.007805 0.011219
0 0.238207 0.233827 0.008052 0.010430
0 0.408774 0.191162 0.008029 0.011283
0 0.784193 0.152576 0.010150 0.013464
0 0.420002 0.211454 0.007789 0.010275
0 0.501475 0.084897 0.009631 0.012516
0 0.525223 0.058809 0.008732 0.011516
0 0.503727 0.334173 0.008882 0.011986
0 0.212190 0.352893 0.007657 0.010423
0 0.395046 0.510522 0.009125 0.011906
0 0.368991 0.471851 0.008353 0.010645
0 0.350681 0.275044 0.009102 0.011535
0 0.399505 0.387289 0.009595 0.012833
0 0.280998 0.359444 0.008841 0.011300
0 0.407583 0.207829 0.009476 0.012144
0 0.088053 0.225893 0.008729 0.011680
0 0.231998 0.201829 0.007933 0.011488
0 0.287696 0.045661 0.008020 0.010827
0 0.493859 0.758512 0.008668 0.011544
0 0.441491 0.331454 0.008149 0.009171
0 0.569875 0.699570 0.010146 0.013530
0 0.339760 0.161373 0.008283 0.011239
0 0.316262 0.149837 0.008149 0.009614
0 0.068956 0.276151 0.007839 0.008847
0 0.448699 0.139978 0.009187 0.012275
0 0.413431 0.476200 0.009154 0.011411
0 0.344852 0.042955 0.009048 0.011805
0 0.024894 0.370562 0.009405 0.012056
0 0.380525 0.171185 0.007756 0.011384
0 0.232200 0.018854 0.007879 0.011217
0 0.183098 0.021747 0.008204 0.011168
0 0.397332 0.033395 0.009680 0.012352
0 0.334551 0.283551 0.008937 0.011155
0 0.183244 0.006681 0.007881 0.010848
0 0.256605 0.194854 0.009292 0.012366
0 0.302168 0.294310 0.009209 0.010961
0 0.083626 0.050260 0.008171 0.010367
0 0.220044 0.080078 0.008358 0.010987
0 0.370706 0.272528 0.007886 0.010495
0 0.330307 0.402035 0.008503 0.011477
0 0.331354 0.158058 0.007691 0.010273
0 0.063538 0.040318 0.008690 0.012013
0 0.179085 0.518865 0.008977 0.011400
0 0.336917 0.498282 0.007957 0.010839
0 0.422609 0.182930 0.007350 0.009578
0 0.345182 0.377084 0.008980 0.011531
0 0.425105 0.171838 0.007785 0.010307
0 0.339988 0.086039 0.007789 0.009918
0 0.184333 0.065061 0.008255 0.010509
0 0.035095 0.380585 0.008866 0.011568
0 0.448207 0.056252 0.008522 0.011499
0 0.224799 0.358112 0.008515 0.011489
0 0.181248 0.127687 0.008672 0.011119
0 0.470021 0.456329 0.008318 0.011321
0 0.023029 0.442017 0.007922 0.009427
0 0.225243 0.143918 0.009444 0.012030
0 0.111339 0.183728 0.007842 0.008645
0 0.216774 0.591728 0.008742 0.011599
0 0.387868 0.487676 0.008564 0.011108
0 0.236200 0.066350 0.007656 0.011036
0 0.434971 0.296555 0.008619 0.011688
0 0.325255 0.284736 0.008030 0.010256
0 0.267174 0.669053 0.008783 0.011307
0 0.142578 0.214713 0.008236 0.010860
0 0.435472 0.029159 0.009184 0.011955
0 0.364284 0.356265 0.007519 0.010134
0 0.441261 0.096525 0.008438 0.010725
0 0.238054 0.252228 0.007913 0.010659
0 0.457313 0.409375 0.007967 0.010227
0 0.572385 0.491992 0.008741 0.011933
0 0.268569 0.481265 0.007842 0.010197
0 0.417062 0.188956 0.008157 0.010142
0 0.121366 0.008513 0.008254 0.010544
0 0.380711 0.238360 0.008953 0.011612
0 0.286948 0.064062 0.007375 0.009309
0 0.095010 0.194873 0.007927 0.010084
0 0.436408 0.656116 0.008546 0.011467
0 0.378431 0.557889 0.008895 0.011726
0 0.278780 0.042122 0.008693 0.011090
0 0.184288 0.117840 0.007643 0.009707
0 0.718172 0.305739 0.010994 0.013863
0 0.341447 0.329071 0.007886 0.010095
0 0.239555 0.119042 0.007501 0.010500
0 0.668108 0.206224 0.008563 0.011407
0 0.208557 0.024011 0.007259 0.009414
0 0.265236 0.317346 0.008193 0.009993
0 0.599813 0.424819 0.010277 0.013335
0 0.382621 0.209026 0.010339 0.012788
0 0.098442 0.235551 0.009367 0.012122
0 0.381650 0.611532 0.008549 0.010617
0 0.167332 0.473763 0.009154 0.011022
0 0.216135 0.256623 0.008446 0.010975
0 0.097355 0.228676 0.007944 0.010841
0 0.489756 0.285678 0.008247 0.011255
0 0.293515 0.096987 0.007993 0.009820
0 0.159317 0.004524 0.007284 0.008084
0 0.261765 0.236855 0.007636 0.010435
0 0.416519 0.323246 0.009090 0.011685
0 0.333083 0.325254 0.008061 0.010696
0 0.374100 0.078475 0.008001 0.011140
0 0.127197 0.054512 0.007748 0.010546
0 0.062133 0.013502 0.007366 0.010412
0 0.254978 0.246326 0.007265 0.010358
0 0.430608 0.154548 0.009194 0.012097
0 0.386712 0.160830 0.008383 0.010424
0 0.253004 0.231559 0.007811 0.010585
0 0.291826 0.158447 0.007616 0.010573
0 0.301797 0.099954 0.007715 0.010474
0 0.408100 0.778962 0.009161 0.012360
0 0.538312 0.087400 0.010577 0.013728
0 0.430873 0.240783 0.007658 0.010420
0 0.438501 0.514278 0.008980 0.011511
0 0.338225 0.140283 0.008647 0.012057
0 0.231459 0.184280 0.008931 0.011846
0 0.543291 0.276217 0.007736 0.009854
0 0.267096 0.031734 0.010263 0.012504
0 0.152251 0.203732 0.007662 0.010501
0 0.138214 0.236279 0.007255 0.008765
0 0.393584 0.403738 0.009057 0.011997
0 0.307569 0.179859 0.008981 0.010947
0 0.387327 0.126914 0.008396 0.010543
0 0.286059 0.181848 0.007287 0.011082
0 0.083571 0.192155 0.006833 0.009395
0 0.432833 0.213144 0.008722 0.011358
0 0.363486 0.068230 0.007981 0.011180
0 0.136064 0.226093 0.008192 0.009820
0 0.395970 0.129027 0.008099 0.011209
0 0.190068 0.005128 0.007368 0.009230
0 0.324022 0.293806 0.008696 0.010529
0 0.295135 0.435816 0.009043 0.011689
0 0.097699 0.240844 0.008670 0.011191
0 0.374396 0.656806 0.008945 0.012306
0 0.067485 0.013712 0.007303 0.010721
0 0.231763 0.038249 0.008349 0.010835
0 0.293034 0.184737 0.006836 0.010583
0 0.114255 0.330449 0.008157 0.010418
0 0.251455 0.023763 0.007681 0.009917
0 0.072474 0.264594 0.008580 0.011218
0 0.396177 0.122490 0.009278 0.010315
0 0.394563 0.370600 0.008580 0.011571
0 0.061751 0.287371 0.009249 0.011978
0 0.110162 0.191909 0.008006 0.011009
0 0.259919 0.017588 0.007805 0.011048
0 0.325110 0.088551 0.007543 0.010055
0 0.365461 0.182076 0.009157 0.012072
0 0.204588 0.342194 0.008186 0.011353
0 0.257586 0.305771 0.007841 0.010446
0 0.233477 0.107536 0.007813 0.010510
0 0.118169 0.122922 0.007599 0.010081
0 0.399578 0.226309 0.008152 0.011144
0 0.458995 0.106013 0.009569 0.012631
0 0.422033 0.142433 0.009417 0.012737
0 0.180789 0.141392 0.007414 0.009565
0 0.361272 0.367753 0.007185 0.009219
0 0.088373 0.246512 0.008334 0.010201
0 0.410110 0.339626 0.008500 0.011284
0 0.457971 0.262867 0.007428 0.009692
0 0.211898 0.226319 0.006929 0.009352
0 0.294448 0.282910 0.008078 0.010681
0 0.394333 0.277847 0.009784 0.011937
0 0.200267 0.056734 0.007557 0.011104
0 0.422290 0.036644 0.008887 0.011974
0 0.122251 0.047055 0.007354 0.008681
0 0.309376 0.169284 0.008606 0.010201
0 0.289515 0.254122 0.008686 0.011486
0 0.765225 0.182971 0.008074 0.010402
0 0.269167 0.086292 0.008277 0.009912
0 0.167696 0.187480 0.008065 0.010934
0 0.308212 0.055632 0.007261 0.009345
0 0.169202 0.104739 0.007631 0.010411
0 0.023429 0.156015 0.009462 0.011914
0 0.059296 0.367678 0.007277 0.009684
0 0.377342 0.193471 0.008912 0.012251
0 0.223450 0.021843 0.009282 0.012399
0 0.154520 0.127571 0.009957 0.012517
0 0.069427 0.262625 0.008951 0.010538
0 0.376913 0.056203 0.008049 0.010508
0 0.359321 0.066846 0.008048 0.011965
0 0.658793 0.161022 0.008154 0.011376
0 0.402373 0.048396 0.009152 0.010034
0 0.017450 0.320079 0.008147 0.011846
0 0.428367 0.331127 0.009294 0.011426
0 0.343119 0.151818 0.008314 0.010396
0 0.203900 0.086206 0.007233 0.010011
0 0.205350 0.017531 0.007897 0.012135
0 0.514691 0.005464 0.009031 0.009835
0 0.771074 0.372260 0.008526 0.010660
0 0.662523 0.380811 0.009097 0.011777
0 0.408182 0.101162 0.007907 0.011341
0 0.244482 0.300776 0.008609 0.011471
0 0.410583 0.003059 0.007429 0.005507
0 0.012137 0.319665 0.007842 0.011126
0 0.338008 0.108254 0.007987 0.009918
0 0.093764 0.252138 0.007999 0.011208
0 0.377669 0.261721 0.008537 0.011851
0 0.439546 0.069647 0.007165 0.009732
0 0.246139 0.062739 0.009202 0.011339
0 0.297733 0.037693 0.008161 0.011291
0 0.218121 0.356430 0.008127 0.011770
0 0.033285 0.180469 0.008638 0.012730
0 0.233920 0.415289 0.008212 0.010815
0 0.212537 0.196399 0.008580 0.012017
0 0.299351 0.166735 0.008094 0.010764
0 0.382127 0.415814 0.009409 0.012530
0 0.212740 0.084648 0.008359 0.011649
0 0.474407 0.653552 0.008474 0.010980
0 0.025652 0.289389 0.008002 0.010757
0 0.233509 0.264392 0.007965 0.010556
0 0.504942 0.012303 0.008078 0.010274
0 0.135030 0.414557 0.008260 0.011611
0 0.270198 0.223542 0.008059 0.010935
0 0.204580 0.129218 0.008160 0.010289
0 0.127577 0.011855 0.010340 0.013477
0 0.293140 0.275527 0.008365 0.010486
0 0.309103 0.161812 0.007311 0.011083
0 0.095475 0.111521 0.008708 0.011446
0 0.307854 0.369855 0.008102 0.010575
0 0.335026 0.066048 0.007677 0.011000
0 0.088216 0.027240 0.009612 0.013589
0 0.313330 0.289889 0.007545 0.010429
0 0.219044 0.229886 0.008290 0.011462
0 0.419855 0.049547 0.008486 0.010352
0 0.470071 0.226437 0.007846 0.010534
0 0.388700 0.338601 0.008298 0.011192
0 0.027160 0.181906 0.007451 0.010480
0 0.072175 0.331504 0.008285 0.010927
0 0.218968 0.276166 0.009044 0.011505
0 0.220580 0.123274 0.007299 0.009817
0 0.299736 0.049440 0.007966 0.009419
0 0.374345 0.021660 0.009398 0.012649
0 0.181350 0.083735 0.008973 0.011775
0 0.346795 0.344473 0.008411 0.011052
0 0.087643 0.121620 0.008294 0.011133
0 0.267074 0.247141 0.007112 0.008596
0 0.653356 0.160861 0.007469 0.010489
0 0.252008 0.274280 0.007042 0.009327
0 0.287285 0.313163 0.008523 0.011140
0 0.048595 0.246894 0.008443 0.011341
0 0.330949 0.139501 0.007343 0.011193
0 0.297955 0.361269 0.007660 0.009223
0 0.173306 0.166916 0.008729 0.011391
0 0.428513 0.194792 0.009556 0.012688
0 0.279624 0.287557 0.008949 0.010349
0 0.238481 0.080694 0.008010 0.010584
0 0.322067 0.319924 0.007430 0.009861
0 0.261453 0.102617 0.007898 0.010135
0 0.008777 0.453935 0.007634 0.008514
0 0.430576 0.117153 0.009977 0.012974
0 0.314919 0.173846 0.006992 0.009571
0 0.206843 0.052118 0.008494 0.010862
0 0.553729 0.102912 0.012547 0.015592
0 0.446372 0.075049 0.008948 0.012571
0 0.261967 0.174612 0.007907 0.010448
0 0.270582 0.131197 0.009082 0.011206
0 0.228305 0.028356 0.008506 0.010702
0 0.306561 0.038741 0.007087 0.009963
0 0.588578 0.065551 0.006838 0.008798
0 0.179506 0.148305 0.007468 0.009256
0 0.205623 0.143243 0.007521 0.010534
0 0.262889 0.032313 0.009808 0.012897
0 0.324026 0.058296 0.007774 0.010411
0 0.438099 0.059262 0.007653 0.010899
0 0.259102 0.123665 0.008189 0.010591
0 0.371358 0.162925 0.008542 0.010047
0 0.524558 0.289562 0.009297 0.012292
0 0.436289 0.010621 0.010091 0.012885
0 0.217034 0.012448 0.007090 0.010493
0 0.449862 0.215939 0.008222 0.010558
0 0.324020 0.098819 0.007229 0.009520
0 0.164661 0.093078 0.007345 0.010083
0 0.267241 0.258623 0.008076 0.010332
0 0.215416 0.166066 0.008442 0.010484
0 0.376754 0.122870 0.006995 0.009359
0 0.110317 0.121679 0.007378 0.010422
0 0.188755 0.157162 0.008632 0.010965
0 0.308459 0.244555 0.007391 0.009397
0 0.369958 0.149751 0.008065 0.010673
0 0.074690 0.320047 0.006593 0.009361
0 0.314089 0.327433 0.007422 0.010499
0 0.220838 0.004266 0.006765 0.007678
0 0.307067 0.324920 0.007366 0.009935
0 0.056130 0.362542 0.007251 0.009927
0 0.387840 0.004103 0.007578 0.007386
0 0.455237 0.361960 0.008380 0.010975
0 0.252873 0.036861 0.007869 0.011625
0 0.254697 0.076888 0.007546 0.011886
0 0.334886 0.090091 0.007321 0.009389
0 0.489571 0.079590 0.007925 0.011093
0 0.191668 0.025473 0.008600 0.012616
0 0.208023 0.056113 0.009274 0.013081
0 0.316261 0.055489 0.007806 0.010951
0 0.069062 0.447278 0.008906 0.012032
0 0.255934 0.062919 0.008537 0.011470
0 0.402778 0.101251 0.007544 0.010828
0 0.165527 0.101222 0.007788 0.009139
0 0.352227 0.144757 0.007837 0.011693
0 0.908407 0.198898 0.011180 0.015754
0 0.330917 0.104210 0.007002 0.010761
0 0.246660 0.245661 0.006975 0.009494
0 0.091049 0.186173 0.007352 0.009876
0 0.354909 0.105704 0.006785 0.009431
0 0.380720 0.079062 0.007580 0.011403
0 0.340568 0.322329 0.007288 0.010080
0 0.236250 0.050962 0.008454 0.010966
0 0.579057 0.272649 0.008313 0.011124
0 0.347740 0.071441 0.008487 0.011650
0 0.214168 0.005038 0.007524 0.009068
0 0.315234 0.214928 0.008580 0.011243
0 0.192588 0.108535 0.008982 0.011796
0 0.064150 0.320289 0.007969 0.010723
0 0.191969 0.096485 0.008378 0.009089
0 0.168019 0.036007 0.007419 0.011494
0 0.068466 0.009704 0.008054 0.010893
0 0.203788 0.268184 0.007709 0.010106
0 0.368798 0.369872 0.007463 0.009516
0 0.212371 0.145864 0.008396 0.011504
0 0.201729 0.360741 0.007360 0.007813
0 0.234403 0.117328 0.008130 0.011222
0 0.126009 0.050373 0.007693 0.009741
0 0.448960 0.319903 0.009131 0.012434
0 0.143941 0.354978 0.007388 0.010447
0 0.343423 0.216267 0.008436 0.010889
0 0.439382 0.240263 0.008290 0.010892
0 0.160376 0.189533 0.008297 0.012861
0 0.310148 0.140014 0.007187 0.010063
0 0.265236 0.209270 0.008372 0.010729
0 0.300524 0.203175 0.007720 0.009580
0 0.262943 0.288481 0.009093 0.011938
0 0.283962 0.079570 0.008398 0.011385
0 0.344530 0.003259 0.008064 0.005867
0 0.124698 0.010221 0.009694 0.012779
0 0.290773 0.017341 0.009190 0.012460
0 0.058008 0.317912 0.009161 0.014090
0 0.372597 0.360860 0.007650 0.009744
0 0.713157 0.392407 0.008605 0.011286
0 0.177815 0.476286 0.005236 0.008723
0 0.472089 0.059250 0.008105 0.009970
0 0.406229 0.045723 0.008487 0.011577
0 0.318370 0.180970 0.007047 0.010578
0 0.175200 0.184100 0.009525 0.013095
0 0.275659 0.075727 0.008535 0.011658
0 0.316170 0.236653 0.008481 0.011166
0 0.335583 0.299883 0.009830 0.013619
0 0.255048 0.116829 0.007767 0.009818
0 0.158022 0.170171 0.007701 0.011376
0 0.143330 0.038816 0.008348 0.011057
0 0.084441 0.027600 0.009721 0.012985
0 0.332935 0.185517 0.008107 0.010541
0 0.108560 0.175968 0.008667 0.011165
0 0.318082 0.110887 0.008441 0.011891
0 0.076983 0.253718 0.009196 0.011575
0 0.441103 0.044402 0.008843 0.011931
0 0.147669 0.206918 0.008378 0.010583
0 0.282337 0.041846 0.008972 0.012602
0 0.124312 0.188277 0.008243 0.011613
0 0.712964 0.380190 0.008030 0.009489
0 0.275873 0.187785 0.008511 0.011600
0 0.384293 0.567624 0.006592 0.007647
0 0.286835 0.205049 0.007409 0.010465
0 0.571836 0.491245 0.005741 0.007578
0 0.403225 0.257604 0.007616 0.009856
0 0.324538 0.304793 0.008113 0.010889
0 0.364018 0.099061 0.007937 0.011152
0 0.163920 0.036473 0.007487 0.010556
0 0.299541 0.118169 0.007387 0.009044
0 0.370040 0.126829 0.007049 0.009605
0 0.291117 0.140416 0.007558 0.010193
0 0.371251 0.255301 0.007933 0.008689
0 0.407724 0.262089 0.009041 0.011516
0 0.198552 0.142080 0.007917 0.010160
0 0.294103 0.078250 0.006809 0.009284
0 0.162978 0.101430 0.007159 0.008113
0 0.278976 0.239238 0.009338 0.011683
0 0.137960 0.096667 0.006674 0.009433
0 0.258868 0.258016 0.007556 0.010739
0 0.166555 0.287907 0.008048 0.010311
0 0.049648 0.318964 0.010933 0.015147
0 0.297850 0.196817 0.006871 0.009521
0 0.261379 0.028164 0.007369 0.010181
0 0.087464 0.031855 0.010292 0.013148
0 0.231027 0.286695 0.007341 0.009844
0 0.243669 0.275137 0.006862 0.009956
0 0.237432 0.201610 0.011997 0.016049
0 0.708230 0.379521 0.007464 0.010579
0 0.137399 0.659989 0.008127 0.010007
0 0.318027 0.246381 0.008026 0.009609
0 0.277548 0.138065 0.007613 0.011696
0 0.379846 0.328983 0.007522 0.009303
0 0.336252 0.270756 0.009905 0.012345
0 0.234611 0.288040 0.007513 0.009711
0 0.512668 0.019018 0.008039 0.011589
0 0.361078 0.121057 0.007544 0.009903
0 0.383420 0.328410 0.007461 0.009309
0 0.313045 0.825152 0.006512 0.007991
0 0.371224 0.248906 0.008005 0.010858
0 0.275394 0.214134 0.006414 0.008593
0 0.407865 0.247290 0.007951 0.011338
0 0.411326 0.254802 0.007270 0.008369
0 0.469129 0.053907 0.008943 0.010884
0 0.332174 0.254033 0.007520 0.010198
0 0.423486 0.060028 0.008432 0.011528
0 0.338313 0.068538 0.007067 0.010512
0 0.202807 0.123752 0.007654 0.009574
0 0.451008 0.003001 0.006114 0.005402
0 0.282303 0.165412 0.006845 0.009466
0 0.549337 0.465304 0.007749 0.010301
0 0.382770 0.076581 0.008331 0.011129
0 0.266342 0.018021 0.007007 0.010150
0 0.250373 0.285750 0.007422 0.010407
0 0.307874 0.121978 0.007198 0.009724
0 0.249804 0.078333 0.008267 0.012843
0 0.011519 0.003985 0.007466 0.007172
0 0.276413 0.007734 0.008749 0.011521
0 0.212436 0.122166 0.006934 0.009937
0 0.475360 0.654573 0.005244 0.007175
0 0.247204 0.050494 0.006199 0.009370
0 0.289156 0.168684 0.007547 0.010890
0 0.129857 0.122576 0.007374 0.010180
0 0.007373 0.004276 0.007711 0.007602
0 0.156855 0.056554 0.007501 0.009191
0 0.504211 0.061190 0.007484 0.011098
0 0.301368 0.092403 0.007408 0.011310
0 0.286301 0.168784 0.008076 0.010124
0 0.321580 0.328113 0.007423 0.010895
0 0.279954 0.066961 0.007343 0.012716
0 0.278775 0.057934 0.007766 0.010760
0 0.310558 0.063199 0.006783 0.010086
0 0.279986 0.222080 0.009509 0.011501
0 0.315384 0.256121 0.008240 0.010384
0 0.484213 0.081505 0.008383 0.011669
0 0.376564 0.334815 0.006856 0.009348
0 0.324172 0.133816 0.007710 0.010176
0 0.337134 0.265417 0.010048 0.013740
0 0.152326 0.065343 0.007957 0.010621
0 0.323856 0.253149 0.007832 0.011575
0 0.152939 0.197548 0.009098 0.011350
0 0.354083 0.181578 0.007230 0.010705
0 0.014661 0.321184 0.010998 0.014182
0 0.684441 0.450434 0.007341 0.009561
0 0.337044 0.116365 0.008021 0.012050
0 0.438132 0.044587 0.010856 0.014599
0 0.185209 0.151286 0.007466 0.009548
0 0.784033 0.117146 0.011508 0.015931
0 0.421919 0.047090 0.009370 0.011854
0 0.719400 0.308198 0.015070 0.020653
0 0.188450 0.144607 0.007049 0.009777
0 0.442759 0.321384 0.007525 0.010070
0 0.144668 0.095126 0.007203 0.010941
0 0.352265 0.193102 0.007234 0.008971
0 0.347679 0.112964 0.007342 0.010570
0 0.301550 0.110187 0.007460 0.010176
0 0.661800 0.792631 0.006729 0.008960
0 0.903406 0.192622 0.011101 0.012904
0 0.455748 0.399797 0.008032 0.009301
0 0.322663 0.175684 0.007104 0.009577
0 0.292978 0.070837 0.006334 0.008626
0 0.453095 0.398846 0.007786 0.009437
0 0.265976 0.310176 0.007551 0.008431
0 0.311634 0.651008 0.006604 0.007779
0 0.492879 0.759319 0.005791 0.008100
0 0.003402 0.452818 0.005630 0.007885
0 0.783277 0.153426 0.013876 0.019809
0 0.878742 0.133838 0.008217 0.010891
0 0.154243 0.003894 0.009904 0.007009
0 0.275230 0.387384 0.008419 0.010865
0 0.292933 0.206634 0.007750 0.010440
0 0.516349 0.016880 0.009580 0.011062
0 0.086684 0.123497 0.011902 0.015592
0 0.458752 0.003650 0.006103 0.006569
0 0.486212 0.003363 0.007752 0.006053
0 0.160483 0.092576 0.009085 0.011065
0 0.498992 0.650222 0.005944 0.007023
0 0.334734 0.277953 0.009697 0.011021
0 0.165820 0.471489 0.007002 0.009963
0 0.247526 0.237264 0.007147 0.010397
0 0.402573 0.055059 0.011037 0.012971
0 0.016080 0.571245 0.010042 0.014261
0 0.253814 0.042971 0.009156 0.012887
0 0.202185 0.132569 0.008476 0.010697
0 0.134598 0.668801 0.007808 0.011276
0 0.275770 0.299699 0.009234 0.011986
0 0.069275 0.446693 0.006152 0.008522
0 0.353675 0.174254 0.006729 0.009956
0 0.547522 0.282816 0.007655 0.009269
0 0.116795 0.329065 0.009104 0.011027
0 0.316423 0.089259 0.007577 0.010987
0 0.195065 0.015493 0.008532 0.013528
0 0.371795 0.111218 0.008517 0.011500
