0 0.719626 0.313839 0.008568 0.011229
0 0.356108 0.089513 0.008617 0.011579
0 0.496825 0.233744 0.009102 0.011615
0 0.474275 0.598800 0.008254 0.011992
0 0.528453 0.618847 0.008242 0.011087
0 0.543612 0.442161 0.008889 0.012073
0 0.263070 0.241950 0.009288 0.012087
0 0.602467 0.496378 0.007853 0.010715
0 0.572584 0.262431 0.008775 0.011260
0 0.567249 0.355235 0.008461 0.011286
0 0.473062 0.797129 0.008377 0.011258
0 0.672713 0.658433 0.007867 0.010471
0 0.465595 0.786203 0.008793 0.011597
0 0.457806 0.179848 0.008501 0.011193
0 0.305766 0.806282 0.009030 0.012129
0 0.176369 0.835496 0.008725 0.011311
0 0.460036 0.710967 0.008210 0.010587
0 0.442390 0.828177 0.008111 0.010863
0 0.301689 0.182837 0.008617 0.011004
0 0.466071 0.970343 0.008628 0.011431
0 0.522961 0.628540 0.007649 0.009431
0 0.590485 0.911200 0.008649 0.011268
0 0.059628 0.464298 0.008344 0.010767
0 0.386182 0.157488 0.009312 0.012236
0 0.542926 0.974051 0.008998 0.012107
0 0.462231 0.307904 0.008583 0.011481
0 0.747488 0.149672 0.008150 0.010433
0 0.387933 0.557619 0.008407 0.010772
0 0.469848 0.856057 0.009121 0.011815
0 0.407175 0.329733 0.008489 0.011442
0 0.669331 0.388101 0.008521 0.011076
0 0.469320 0.619652 0.009278 0.012571
0 0.519540 0.616462 0.007875 0.009805
0 0.894306 0.681433 0.008384 0.011113
0 0.697362 0.628145 0.009270 0.012052
0 0.439134 0.503910 0.008394 0.010867
0 0.602777 0.559412 0.008656 0.011487
0 0.958943 0.305778 0.010381 0.013346
0 0.521030 0.909170 0.007900 0.010228
0 0.466221 0.598363 0.007814 0.011157
0 0.341732 0.453502 0.008423 0.010737
0 0.027599 0.286455 0.008832 0.011818
0 0.904631 0.702760 0.009003 0.011640
0 0.893235 0.459064 0.008628 0.012209
0 0.814337 0.410046 0.009073 0.011841
0 0.207932 0.780435 0.008880 0.011703
0 0.379794 0.451296 0.008143 0.010626
0 0.550756 0.099216 0.009125 0.011807
0 0.724645 0.245253 0.008822 0.010628
0 0.556474 0.794806 0.008031 0.010180
0 0.629413 0.794246 0.008403 0.011029
0 0.380285 0.764232 0.008438 0.010915
0 0.441697 0.672604 0.008404 0.011077
0 0.502971 0.596543 0.007319 0.009721
0 0.496974 0.710374 0.008512 0.011200
0 0.957229 0.921240 0.008603 0.011742
0 0.775823 0.849375 0.007710 0.010619
0 0.697749 0.826192 0.008643 0.011607
0 0.512785 0.427775 0.008381 0.011445
0 0.011743 0.356055 0.010351 0.012531
0 0.885439 0.372027 0.008541 0.011383
0 0.663422 0.452626 0.009103 0.011206
0 0.145205 0.511475 0.008493 0.011562
0 0.364633 0.275870 0.006934 0.008961
0 0.391916 0.745219 0.008655 0.011395
0 0.287325 0.782837 0.007158 0.009508
0 0.754637 0.519136 0.008306 0.011000
0 0.376341 0.906812 0.008978 0.011834
0 0.103260 0.899654 0.009206 0.012478
0 0.746094 0.669141 0.008053 0.011116
0 0.344486 0.335054 0.009205 0.011828
0 0.651389 0.804436 0.006917 0.009132
0 0.865334 0.703460 0.008198 0.012386
0 0.786405 0.980859 0.008082 0.010803
0 0.936103 0.662587 0.009653 0.012164
0 0.487433 0.887024 0.007642 0.010762
0 0.115415 0.340236 0.009586 0.012193
0 0.966785 0.464924 0.010706 0.013581
0 0.740337 0.680926 0.008955 0.011348
0 0.373501 0.493175 0.009321 0.011716
0 0.349878 0.442561 0.008810 0.010839
0 0.621809 0.655857 0.009220 0.012014
0 0.806544 0.450602 0.008162 0.010353
0 0.341408 0.922886 0.007997 0.010579
0 0.517611 0.230340 0.009174 0.012231
0 0.196094 0.813107 0.008941 0.011750
0 0.995010 0.398896 0.007947 0.011328
0 0.388078 0.870791 0.008894 0.011770
0 0.425745 0.068082 0.009990 0.012779
0 0.470525 0.085566 0.008896 0.011667
0 0.564592 0.606581 0.008431 0.011473
0 0.800591 0.735173 0.007402 0.009517
0 0.317058 0.505432 0.009721 0.013115
0 0.659899 0.940331 0.008016 0.010551
0 0.873066 0.568649 0.006425 0.008768
0 0.970724 0.806144 0.008105 0.010577
0 0.685202 0.496560 0.008487 0.010955
0 0.771737 0.568405 0.009315 0.012308
0 0.516774 0.732064 0.008109 0.010372
0 0.346428 0.700503 0.008015 0.010532
0 0.482323 0.790926 0.008786 0.010857
0 0.783191 0.731249 0.009035 0.011968
0 0.623316 0.496957 0.008817 0.010820
0 0.699791 0.764369 0.008540 0.011857
0 0.592559 0.494847 0.008713 0.011032
0 0.262782 0.659006 0.008291 0.010631
0 0.908529 0.265099 0.010343 0.014324
0 0.751379 0.816523 0.008603 0.011444
0 0.149810 0.265986 0.010146 0.013430
0 0.416281 0.246235 0.008536 0.011498
0 0.545999 0.713160 0.009497 0.011489
0 0.481631 0.720542 0.008753 0.011359
0 0.727736 0.437800 0.009542 0.012454
0 0.294981 0.922972 0.008868 0.011146
0 0.318660 0.184300 0.009469 0.012106
0 0.730720 0.638043 0.007635 0.010071
0 0.885256 0.680701 0.009130 0.011558
0 0.500808 0.485249 0.008919 0.012100
0 0.813370 0.929523 0.008645 0.011320
0 0.675953 0.976343 0.008036 0.010360
0 0.462376 0.406960 0.009174 0.012131
0 0.347774 0.212459 0.007981 0.010454
0 0.316342 0.329118 0.008157 0.010885
0 0.748427 0.835129 0.009029 0.011729
0 0.935006 0.329433 0.008520 0.011298
0 0.709732 0.434659 0.008840 0.011391
0 0.271605 0.381728 0.009007 0.011360
0 0.603445 0.714224 0.008141 0.011112
0 0.912782 0.199838 0.009854 0.012812
0 0.134901 0.420266 0.010547 0.014065
0 0.996734 0.900618 0.005879 0.010047
0 0.720916 0.253987 0.008059 0.010592
0 0.861827 0.268643 0.009835 0.013223
0 0.542833 0.008042 0.009223 0.011967
0 0.166589 0.837176 0.008811 0.011421
0 0.748237 0.878941 0.008915 0.010717
0 0.870326 0.500924 0.008662 0.011608
0 0.128762 0.766701 0.008804 0.011633
0 0.709310 0.767008 0.008591 0.012959
0 0.541711 0.361401 0.008357 0.011676
0 0.564692 0.711658 0.009104 0.012064
0 0.647331 0.429913 0.009519 0.012626
0 0.995226 0.943431 0.008066 0.011144
0 0.725398 0.755944 0.007756 0.009870
0 0.762473 0.782454 0.009191 0.011640
0 0.428199 0.330100 0.009181 0.010775
0 0.881899 0.434364 0.008737 0.011043
0 0.802994 0.816501 0.008548 0.011677
0 0.565125 0.479918 0.008308 0.011554
0 0.525938 0.835607 0.008035 0.010481
0 0.169146 0.222099 0.008705 0.010979
0 0.617799 0.477615 0.008264 0.011370
0 0.708673 0.616286 0.007592 0.010275
0 0.153345 0.615024 0.009330 0.012286
0 0.253579 0.599193 0.008813 0.011566
0 0.614408 0.673674 0.007916 0.010099
0 0.768262 0.615147 0.007865 0.010864
0 0.193899 0.336827 0.009443 0.011862
0 0.807524 0.764729 0.008354 0.010772
0 0.493864 0.974975 0.008173 0.010813
0 0.634584 0.689928 0.008932 0.011203
0 0.832701 0.527653 0.006940 0.009180
0 0.232488 0.418019 0.009178 0.011557
0 0.629364 0.974561 0.008084 0.010795
0 0.866007 0.528746 0.009452 0.012535
0 0.353804 0.330786 0.008494 0.010652
0 0.184270 0.693725 0.008796 0.011545
0 0.802635 0.724405 0.008179 0.009900
0 0.646836 0.399593 0.008494 0.010730
0 0.915478 0.160862 0.007640 0.010998
0 0.996621 0.021742 0.005772 0.009692
0 0.715183 0.546301 0.006794 0.010190
0 0.949873 0.277634 0.009194 0.012400
0 0.767627 0.582126 0.008170 0.011949
0 0.511138 0.831539 0.008040 0.010619
0 0.516793 0.554925 0.008642 0.011143
0 0.915543 0.599688 0.008812 0.011756
0 0.137174 0.321054 0.010311 0.013202
0 0.372530 0.967458 0.009486 0.012399
0 0.749906 0.970129 0.008529 0.011745
0 0.497432 0.684993 0.008436 0.010996
0 0.950357 0.453720 0.006292 0.008255
0 0.590002 0.719582 0.008198 0.010941
0 0.345194 0.907715 0.009548 0.012531
0 0.590544 0.650010 0.008173 0.010586
0 0.945919 0.941938 0.010244 0.014028
0 0.755503 0.909047 0.007753 0.009744
0 0.652512 0.724863 0.008007 0.010406
0 0.662066 0.864021 0.008515 0.011256
0 0.334487 0.516118 0.009147 0.011521
0 0.666735 0.981137 0.008437 0.010936
0 0.464532 0.694877 0.008243 0.011288
0 0.856313 0.703017 0.008719 0.011400
0 0.321942 0.264174 0.008102 0.010390
0 0.991813 0.807818 0.008981 0.011830
0 0.322461 0.525087 0.008650 0.011024
0 0.884930 0.910276 0.008380 0.011591
0 0.891528 0.729941 0.009415 0.012084
0 0.707764 0.484544 0.008434 0.010100
0 0.275953 0.745780 0.008547 0.011379
0 0.235927 0.772946 0.009086 0.012514
0 0.788446 0.668785 0.007833 0.010136
0 0.800837 0.952885 0.008710 0.011900
0 0.892578 0.714884 0.009020 0.012000
0 0.275373 0.350738 0.008561 0.011340
0 0.836795 0.848663 0.007971 0.010345
0 0.798611 0.789189 0.008272 0.011517
0 0.185667 0.361062 0.009296 0.011690
0 0.569927 0.638605 0.008487 0.010867
0 0.496295 0.393005 0.007538 0.010072
0 0.341607 0.371452 0.008528 0.010983
0 0.823446 0.995979 0.006866 0.007237
0 0.771910 0.348705 0.006719 0.008662
0 0.570745 0.621016 0.008244 0.010944
0 0.280222 0.723112 0.009219 0.011706
0 0.586784 0.659745 0.007331 0.009309
0 0.565269 0.308588 0.008579 0.011560
0 0.666620 0.993268 0.007193 0.009399
0 0.823152 0.300701 0.008415 0.011008
0 0.807725 0.951423 0.007758 0.011255
0 0.991249 0.785622 0.010988 0.014842
0 0.912021 0.965357 0.008734 0.011377
0 0.783782 0.533895 0.007890 0.009932
0 0.854260 0.524854 0.009284 0.012218
0 0.664348 0.699459 0.008038 0.010574
0 0.675683 0.431218 0.008915 0.011792
0 0.777557 0.430501 0.008135 0.011030
0 0.162350 0.714149 0.008555 0.010837
0 0.822436 0.983132 0.007109 0.010834
0 0.875676 0.215121 0.007788 0.009833
0 0.301891 0.289297 0.008274 0.010728
0 0.675355 0.449297 0.009708 0.012394
0 0.259586 0.911755 0.008974 0.012223
0 0.292928 0.678783 0.007670 0.010407
0 0.819463 0.469536 0.009859 0.012749
0 0.554517 0.995234 0.008230 0.008579
0 0.770671 0.837753 0.008161 0.010947
0 0.770275 0.441387 0.008875 0.011446
0 0.337213 0.831597 0.008473 0.011629
0 0.003791 0.455002 0.006825 0.011026
0 0.450731 0.657010 0.009122 0.012117
0 0.654277 0.875879 0.008204 0.011212
0 0.778854 0.835960 0.007859 0.010475
0 0.942501 0.466800 0.009808 0.012908
0 0.712854 0.494040 0.009156 0.012123
0 0.990009 0.959971 0.008461 0.011183
0 0.291063 0.369668 0.010234 0.014376
0 0.957402 0.573826 0.009449 0.012103
0 0.557622 0.699328 0.008722 0.010910
0 0.666416 0.508199 0.007569 0.010325
0 0.962505 0.982212 0.008275 0.010839
0 0.200845 0.638658 0.008923 0.010825
0 0.940206 0.693092 0.008400 0.010777
0 0.832510 0.566471 0.008730 0.011189
0 0.589837 0.890570 0.007917 0.010537
0 0.911340 0.792213 0.008914 0.011739
0 0.692172 0.939633 0.008619 0.011021
0 0.442407 0.321434 0.008847 0.011798
0 0.746454 0.646566 0.008304 0.011154
0 0.072531 0.402841 0.008475 0.011409
0 0.968407 0.616550 0.008193 0.010616
0 0.729325 0.398806 0.007880 0.011235
0 0.854299 0.660675 0.009642 0.012705
0 0.270051 0.516453 0.008871 0.011707
0 0.747651 0.512278 0.007581 0.010366
0 0.189753 0.391810 0.008332 0.011110
0 0.373054 0.563593 0.008697 0.011305
0 0.506457 0.623007 0.008682 0.010856
0 0.610751 0.200462 0.007694 0.010589
0 0.230864 0.774065 0.007763 0.011515
0 0.826417 0.323585 0.006694 0.009546
0 0.543757 0.956548 0.008173 0.010896
0 0.367278 0.422496 0.009435 0.013043
0 0.604761 0.336863 0.007817 0.010808
0 0.660231 0.528685 0.007990 0.010357
0 0.497279 0.345051 0.008621 0.010741
0 0.480315 0.887495 0.007978 0.011477
0 0.470231 0.836811 0.007778 0.010241
0 0.647556 0.793430 0.007654 0.009374
0 0.910593 0.899732 0.007061 0.008799
0 0.483442 0.923732 0.008520 0.010837
0 0.264177 0.980707 0.009265 0.011751
0 0.494586 0.319964 0.008257 0.010934
0 0.503942 0.588031 0.008061 0.009141
0 0.722702 0.641331 0.007840 0.010458
0 0.249366 0.963709 0.009585 0.012007
0 0.708505 0.559262 0.009725 0.013000
0 0.777677 0.599491 0.007764 0.009716
0 0.713694 0.720798 0.008613 0.010732
0 0.690366 0.799849 0.008129 0.010914
0 0.222230 0.631319 0.007565 0.010361
0 0.682606 0.568543 0.008271 0.010148
0 0.966976 0.681521 0.009653 0.012652
0 0.975559 0.955438 0.009316 0.011342
0 0.229777 0.896622 0.009143 0.012550
0 0.857157 0.766878 0.009033 0.011448
0 0.923195 0.762091 0.009111 0.012141
0 0.618833 0.192534 0.009049 0.012539
0 0.362257 0.954781 0.008776 0.012472
0 0.458849 0.838095 0.007941 0.010368
0 0.409672 0.842058 0.008907 0.011793
0 0.192354 0.075494 0.009112 0.011860
0 0.908314 0.159731 0.007781 0.010875
0 0.973093 0.642033 0.008584 0.011616
0 0.856919 0.096625 0.008823 0.011279
0 0.755014 0.684939 0.008679 0.011129
0 0.409488 0.796689 0.008849 0.011971
0 0.639400 0.644171 0.008956 0.011826
0 0.528445 0.491942 0.008427 0.010896
0 0.954824 0.909295 0.008403 0.011291
0 0.566185 0.191893 0.007689 0.010238
0 0.993558 0.920578 0.008486 0.011703
0 0.876066 0.929258 0.008226 0.010789
0 0.461527 0.679965 0.007804 0.010200
0 0.348862 0.322358 0.007173 0.009899
0 0.817042 0.715953 0.008273 0.010892
0 0.258925 0.402533 0.008951 0.011823
0 0.372411 0.678261 0.007733 0.009599
0 0.197174 0.279300 0.008677 0.011802
0 0.435133 0.868707 0.007904 0.010535
0 0.250964 0.457058 0.008728 0.011885
0 0.728723 0.055444 0.009677 0.013541
0 0.394921 0.993040 0.008018 0.009849
0 0.940834 0.617474 0.009543 0.011939
0 0.138214 0.979894 0.009461 0.012830
0 0.480042 0.633285 0.008709 0.011349
0 0.926100 0.732511 0.009256 0.012417
0 0.919673 0.893287 0.008540 0.010747
0 0.408429 0.970245 0.008393 0.011343
0 0.830226 0.987893 0.007539 0.010678
0 0.870015 0.237489 0.008600 0.010529
0 0.871002 0.620449 0.007966 0.010246
0 0.962964 0.605358 0.008132 0.011177
0 0.022944 0.837470 0.007771 0.010079
0 0.094276 0.970066 0.009158 0.012269
0 0.241459 0.715507 0.009066 0.011022
0 0.758896 0.579204 0.006542 0.010078
0 0.405909 0.157534 0.007025 0.009172
0 0.598798 0.212071 0.009490 0.013023
0 0.248797 0.216740 0.009294 0.011845
0 0.996897 0.575214 0.005502 0.009315
0 0.790707 0.797960 0.008803 0.011159
0 0.840623 0.557612 0.008240 0.010298
0 0.907718 0.910672 0.007814 0.010828
0 0.794644 0.722727 0.007514 0.010286
0 0.746894 0.789307 0.007699 0.010388
0 0.229331 0.346209 0.008587 0.011742
0 0.973786 0.762648 0.008286 0.010730
0 0.473666 0.827461 0.006826 0.008688
0 0.465963 0.347506 0.008500 0.011571
0 0.768612 0.973199 0.008587 0.010729
0 0.751939 0.544964 0.008201 0.011143
0 0.623693 0.223196 0.008848 0.012895
0 0.823079 0.826890 0.008337 0.011425
0 0.587396 0.331265 0.008504 0.011289
0 0.331719 0.774667 0.007246 0.010084
0 0.773849 0.441419 0.008630 0.012283
0 0.567593 0.677357 0.008246 0.010763
0 0.885961 0.753551 0.008824 0.011682
0 0.930226 0.776606 0.009736 0.013015
0 0.501402 0.771025 0.009102 0.012071
0 0.841699 0.629169 0.008947 0.011948
0 0.752697 0.795910 0.008085 0.010850
0 0.697907 0.215957 0.008235 0.011039
0 0.818042 0.774366 0.007680 0.009846
0 0.952346 0.496889 0.009326 0.011737
0 0.106806 0.596563 0.008191 0.011111
0 0.971401 0.502706 0.010943 0.015246
0 0.323161 0.643767 0.008415 0.011018
0 0.705167 0.660637 0.007896 0.010767
0 0.380087 0.583004 0.008871 0.011156
0 0.817297 0.826702 0.006440 0.010295
0 0.051222 0.235468 0.009120 0.011723
0 0.899421 0.497673 0.008569 0.010960
0 0.806788 0.984963 0.008423 0.010919
0 0.375712 0.526274 0.008228 0.011591
0 0.746822 0.900972 0.007123 0.009050
0 0.927830 0.628244 0.010322 0.014667
0 0.943568 0.804675 0.008699 0.011612
0 0.139650 0.436475 0.010128 0.013343
0 0.400071 0.247851 0.008642 0.011565
0 0.576401 0.809942 0.008844 0.011311
0 0.738460 0.955118 0.008404 0.010688
0 0.463347 0.459373 0.008227 0.010934
0 0.337491 0.772564 0.008292 0.011414
0 0.858869 0.890486 0.009215 0.012296
0 0.779996 0.948225 0.008024 0.010922
0 0.869261 0.850568 0.007230 0.008692
0 0.555039 0.590961 0.007620 0.010330
0 0.060212 0.994408 0.009665 0.009500
0 0.348770 0.527184 0.009353 0.011996
0 0.965070 0.744980 0.008317 0.010711
0 0.817277 0.630973 0.009363 0.012284
0 0.370175 0.597897 0.008808 0.011644
0 0.656458 0.977961 0.008334 0.011864
0 0.391488 0.692103 0.007394 0.009657
0 0.422512 0.695341 0.008118 0.010753
0 0.361495 0.938691 0.008769 0.011682
0 0.933774 0.508147 0.008802 0.011308
0 0.782952 0.916961 0.008628 0.011183
0 0.227084 0.672021 0.007664 0.010726
0 0.747898 0.553331 0.007346 0.009706
0 0.358696 0.540163 0.008668 0.011926
0 0.941477 0.768967 0.008727 0.011099
0 0.965972 0.869964 0.007930 0.009471
0 0.608702 0.219553 0.010582 0.013326
0 0.676684 0.944305 0.007433 0.009136
0 0.823577 0.647154 0.008544 0.011350
0 0.739777 0.918003 0.008558 0.010825
0 0.679705 0.973871 0.007897 0.009904
0 0.916844 0.633101 0.008033 0.010410
0 0.996721 0.864750 0.005902 0.010612
0 0.849071 0.990082 0.009173 0.011776
0 0.332478 0.653580 0.008302 0.011018
0 0.885173 0.899043 0.008118 0.009814
0 0.723853 0.532754 0.007584 0.011006
0 0.200323 0.127988 0.009132 0.012499
0 0.986975 0.795279 0.007971 0.009097
0 0.370572 0.402667 0.009228 0.012387
0 0.645313 0.389949 0.007593 0.009227
0 0.821145 0.657716 0.007402 0.009622
0 0.653453 0.664778 0.008163 0.010475
0 0.017309 0.287942 0.009040 0.012773
0 0.898567 0.487074 0.008175 0.009930
0 0.813609 0.813186 0.007782 0.011111
0 0.300433 0.469046 0.008898 0.012161
0 0.634943 0.765968 0.007569 0.010219
0 0.779125 0.896497 0.007634 0.010478
0 0.714856 0.621688 0.006938 0.008833
0 0.687360 0.454288 0.008517 0.011532
0 0.489754 0.387839 0.007570 0.009977
0 0.747575 0.733861 0.007880 0.010786
0 0.665976 0.518143 0.007691 0.009380
0 0.352627 0.966866 0.008138 0.010320
0 0.966261 0.585015 0.008001 0.010256
0 0.856603 0.918804 0.006943 0.009345
0 0.948709 0.919616 0.007909 0.010663
0 0.725624 0.727751 0.009100 0.011420
0 0.895238 0.696654 0.009016 0.011531
0 0.729374 0.940968 0.007757 0.010888
0 0.382263 0.688423 0.008366 0.010937
0 0.630793 0.612226 0.007579 0.009917
0 0.224301 0.360343 0.008683 0.009649
0 0.966697 0.928860 0.007090 0.009202
0 0.751461 0.868819 0.007787 0.009466
0 0.348402 0.403777 0.008052 0.010595
0 0.683898 0.578825 0.007536 0.008552
0 0.606116 0.203459 0.006798 0.010024
0 0.212453 0.628108 0.008596 0.011332
0 0.394835 0.200082 0.008477 0.011493
0 0.931453 0.627408 0.010686 0.014512
0 0.825465 0.312894 0.009037 0.012422
0 0.862725 0.650491 0.007969 0.010029
0 0.684768 0.875428 0.007524 0.011081
0 0.136140 0.240126 0.009467 0.012647
0 0.028062 0.938694 0.009137 0.011553
0 0.849774 0.829129 0.007165 0.010451
0 0.505912 0.654728 0.009502 0.012212
0 0.722305 0.879030 0.009793 0.013029
0 0.806843 0.869992 0.007918 0.011068
0 0.949704 0.988432 0.008842 0.011791
0 0.423517 0.533890 0.008652 0.011639
0 0.976623 0.994114 0.009364 0.010594
0 0.764239 0.147707 0.007477 0.010187
0 0.439845 0.016406 0.007162 0.009895
0 0.669603 0.936653 0.006865 0.009354
0 0.448813 0.884618 0.008757 0.011717
0 0.600316 0.134350 0.008144 0.010300
0 0.781058 0.658482 0.008388 0.011506
0 0.544488 0.850592 0.008763 0.010747
0 0.948472 0.628279 0.009252 0.011634
0 0.745465 0.397439 0.008491 0.012192
0 0.859873 0.908578 0.007613 0.011170
0 0.513732 0.818636 0.008177 0.009579
0 0.933060 0.817417 0.007286 0.010300
0 0.905843 0.889567 0.009132 0.011552
0 0.738314 0.723783 0.007998 0.009704
0 0.805652 0.625249 0.008395 0.011004
0 0.319593 0.883922 0.009088 0.011173
0 0.234189 0.437333 0.009427 0.012946
0 0.565425 0.852178 0.007635 0.011025
0 0.989584 0.890280 0.009944 0.012368
0 0.938488 0.898436 0.008221 0.010360
0 0.958214 0.352045 0.009883 0.013868
0 0.394937 0.674476 0.007737 0.010223
0 0.167816 0.969336 0.009204 0.012334
0 0.624150 0.209005 0.008020 0.010043
0 0.817307 0.610747 0.008282 0.011199
0 0.793876 0.538111 0.007713 0.010324
0 0.703696 0.588210 0.007938 0.011087
0 0.775483 0.773937 0.007583 0.010185
0 0.910564 0.748063 0.008583 0.010699
0 0.637745 0.215726 0.007445 0.009657
0 0.677373 0.873312 0.006812 0.009244
0 0.700123 0.432082 0.008094 0.010875
0 0.665068 0.789028 0.007785 0.010513
0 0.787357 0.830735 0.008471 0.010543
0 0.970609 0.665906 0.009593 0.013017
0 0.736368 0.785872 0.007914 0.011055
0 0.529705 0.136219 0.007763 0.010916
0 0.425995 0.770497 0.008537 0.011558
0 0.864636 0.786994 0.007971 0.010290
0 0.464364 0.008335 0.009323 0.011978
0 0.314753 0.393298 0.008267 0.011387
0 0.708790 0.543770 0.008339 0.009718
0 0.762596 0.605114 0.007134 0.009403
0 0.835536 0.600586 0.008456 0.011647
0 0.344592 0.975838 0.008779 0.012293
0 0.435596 0.495132 0.007353 0.008309
0 0.360203 0.456867 0.008270 0.011210
0 0.878026 0.889205 0.008243 0.010596
0 0.782487 0.592378 0.007130 0.010308
0 0.661119 0.996060 0.007755 0.007093
0 0.873403 0.787685 0.007635 0.010093
0 0.090477 0.590055 0.008522 0.011470
0 0.298274 0.329717 0.008842 0.011719
0 0.628151 0.170946 0.009310 0.011537
0 0.854638 0.794098 0.008111 0.010578
0 0.680611 0.936253 0.006995 0.009635
0 0.977795 0.939394 0.008332 0.011296
0 0.951771 0.958422 0.009505 0.012540
0 0.522343 0.090519 0.009560 0.011594
0 0.753834 0.898243 0.007494 0.009343
0 0.968267 0.974770 0.008537 0.011960
0 0.222991 0.368053 0.006834 0.008518
0 0.871693 0.223375 0.009003 0.011304
0 0.940251 0.995242 0.006960 0.007221
0 0.723732 0.630589 0.006332 0.008088
0 0.657122 0.712874 0.009621 0.012806
0 0.805636 0.689964 0.007754 0.010150
0 0.729831 0.531869 0.007336 0.010674
0 0.828736 0.851898 0.007941 0.011801
0 0.893052 0.837286 0.007700 0.010456
0 0.539835 0.330346 0.007748 0.010261
0 0.592939 0.821310 0.008671 0.011393
0 0.712559 0.629625 0.007495 0.009303
0 0.137001 0.026335 0.006859 0.009795
0 0.004784 0.332712 0.008103 0.011964
0 0.995267 0.538073 0.008212 0.012273
0 0.711959 0.845001 0.006714 0.010001
0 0.436984 0.014017 0.007364 0.009846
0 0.166191 0.199230 0.007898 0.011756
0 0.659659 0.514549 0.007574 0.010635
0 0.681396 0.595145 0.007186 0.009210
0 0.823700 0.310010 0.009157 0.010331
0 0.207781 0.737197 0.008152 0.010037
0 0.802633 0.801690 0.008230 0.011458
0 0.884390 0.923326 0.007089 0.010387
0 0.772507 0.634344 0.009027 0.012150
0 0.144551 0.629123 0.011343 0.014673
0 0.866854 0.573674 0.007507 0.009875
0 0.858436 0.454714 0.006736 0.008928
0 0.846004 0.693043 0.008722 0.011023
0 0.779656 0.977467 0.006692 0.010414
0 0.878839 0.910250 0.007645 0.011244
0 0.880935 0.628323 0.006324 0.008862
0 0.438898 0.268528 0.008177 0.010722
0 0.219735 0.671628 0.007105 0.010611
0 0.863565 0.737138 0.007085 0.009467
0 0.904539 0.867397 0.008196 0.011809
0 0.867439 0.797967 0.007429 0.009109
0 0.691829 0.763731 0.007147 0.010819
0 0.512611 0.569586 0.007963 0.009990
0 0.986294 0.937440 0.007994 0.010724
0 0.717829 0.750004 0.007870 0.011617
0 0.131950 0.022937 0.007645 0.010278
0 0.954621 0.620093 0.007094 0.008894
0 0.949008 0.826771 0.008178 0.012249
0 0.788281 0.873716 0.008977 0.011031
0 0.346143 0.945229 0.008779 0.011765
0 0.864577 0.858101 0.007381 0.010507
0 0.854864 0.813382 0.006940 0.009601
0 0.366818 0.734672 0.007670 0.009404
0 0.612147 0.172432 0.008207 0.010145
0 0.835317 0.995975 0.007991 0.007245
0 0.798589 0.681638 0.007207 0.009097
0 0.971748 0.849084 0.008495 0.010946
0 0.749541 0.631855 0.009099 0.011390
0 0.749294 0.773962 0.008124 0.010779
0 0.765613 0.549702 0.008149 0.011494
0 0.865256 0.107763 0.010051 0.013519
0 0.997194 0.987730 0.004850 0.008306
0 0.301506 0.226396 0.007848 0.009926
0 0.700232 0.686141 0.008843 0.011931
0 0.291226 0.315003 0.007601 0.009838
0 0.651831 0.945750 0.006982 0.009457
0 0.891929 0.882376 0.007425 0.010077
0 0.931951 0.848117 0.008502 0.011333
0 0.865543 0.725382 0.008422 0.010349
0 0.173886 0.526411 0.008207 0.010882
0 0.765039 0.889416 0.007666 0.010818
0 0.984323 0.347554 0.010007 0.014319
0 0.617003 0.710750 0.008106 0.011861
0 0.656676 0.328256 0.007714 0.009686
0 0.485939 0.330393 0.008754 0.012615
0 0.627877 0.224452 0.009270 0.012085
0 0.055428 0.559635 0.010496 0.013851
0 0.675080 0.090548 0.007511 0.009301
0 0.455340 0.774824 0.007511 0.008274
0 0.828080 0.522994 0.008347 0.010121
0 0.831438 0.782444 0.009542 0.011377
0 0.899562 0.907578 0.007094 0.010689
0 0.905947 0.517505 0.008338 0.010945
0 0.833514 0.959966 0.008334 0.010689
0 0.677600 0.080191 0.008959 0.011062
0 0.710164 0.790413 0.008900 0.011465
0 0.540878 0.579250 0.007094 0.009499
0 0.736759 0.939330 0.007826 0.010150
0 0.680533 0.714640 0.008284 0.010519
0 0.861000 0.846613 0.007800 0.010381
0 0.369749 0.526606 0.007943 0.012140
0 0.431656 0.465500 0.008232 0.011231
0 0.869654 0.952753 0.007709 0.010001
0 0.271337 0.844450 0.006539 0.009824
0 0.964501 0.780689 0.009431 0.011847
0 0.886530 0.994589 0.007574 0.008062
0 0.841938 0.824386 0.007647 0.009988
0 0.823145 0.813193 0.009039 0.011514
0 0.543841 0.857605 0.007320 0.009109
0 0.784762 0.762726 0.008088 0.009923
0 0.976370 0.849141 0.008450 0.011388
0 0.871077 0.858956 0.006821 0.009891
0 0.632190 0.240832 0.008421 0.010505
0 0.791863 0.779456 0.007802 0.009492
0 0.801917 0.868826 0.008150 0.010558
0 0.289803 0.955945 0.008012 0.010803
0 0.868009 0.916811 0.008115 0.011007
0 0.662453 0.948324 0.008430 0.011061
0 0.227465 0.584743 0.007839 0.010786
0 0.479274 0.905484 0.008620 0.011696
0 0.958444 0.244559 0.008812 0.011449
0 0.715436 0.960190 0.008641 0.012930
0 0.360946 0.911278 0.006136 0.007965
0 0.955020 0.875667 0.008495 0.010844
0 0.926575 0.815277 0.007549 0.011283
0 0.886424 0.931096 0.007624 0.009867
0 0.466600 0.828277 0.006548 0.008964
0 0.652932 0.321967 0.007164 0.009537
0 0.891611 0.807240 0.007095 0.008830
0 0.799499 0.934875 0.008688 0.011659
0 0.887462 0.620827 0.007005 0.009182
0 0.250723 0.596843 0.009209 0.012577
0 0.795598 0.543871 0.009022 0.011641
0 0.861443 0.934586 0.007531 0.010313
0 0.599062 0.339786 0.007483 0.010384
0 0.036009 0.948800 0.010065 0.013672
0 0.846459 0.748982 0.008509 0.010841
0 0.934268 0.930542 0.008796 0.011122
0 0.825370 0.945414 0.008574 0.011031
0 0.924649 0.607931 0.007816 0.010832
0 0.813096 0.673090 0.007353 0.008964
0 0.723297 0.807439 0.007502 0.009275
0 0.384043 0.698543 0.008359 0.011338
0 0.915531 0.734975 0.008494 0.012282
0 0.830189 0.924899 0.007747 0.010487
0 0.230868 0.639600 0.008197 0.009942
0 0.704578 0.747809 0.008098 0.011659
0 0.904261 0.529882 0.008335 0.011526
0 0.188322 0.300881 0.007470 0.010886
0 0.757367 0.934062 0.008189 0.011063
0 0.003052 0.488920 0.005494 0.010351
0 0.885918 0.859847 0.007742 0.011211
0 0.971937 0.792890 0.008289 0.009944
0 0.988674 0.936187 0.008174 0.011581
0 0.621311 0.142069 0.006167 0.007618
0 0.836842 0.836232 0.008936 0.010396
0 0.160491 0.442081 0.008529 0.011173
0 0.489206 0.229581 0.006504 0.009402
0 0.743733 0.718991 0.008549 0.011191
0 0.958851 0.736250 0.008272 0.010143
0 0.439731 0.861116 0.008351 0.010595
0 0.549639 0.661612 0.007979 0.010929
0 0.558410 0.862442 0.008494 0.011127
0 0.962563 0.572677 0.007186 0.011039
0 0.533274 0.131977 0.007912 0.010066
0 0.853364 0.284146 0.004502 0.006298
0 0.941887 0.827600 0.008409 0.011719
0 0.961773 0.351443 0.010144 0.014551
0 0.743415 0.931407 0.007610 0.010923
0 0.922811 0.854674 0.007463 0.010102
0 0.690484 0.809516 0.009001 0.010274
0 0.434175 0.832792 0.007852 0.010197
0 0.657173 0.643838 0.007548 0.010795
0 0.906125 0.583932 0.008092 0.010796
0 0.558020 0.748914 0.008245 0.011142
0 0.682046 0.620536 0.007529 0.009168
0 0.466233 0.517865 0.007635 0.009695
0 0.578837 0.757250 0.007271 0.009541
0 0.969010 0.578597 0.008030 0.009481
0 0.867446 0.747704 0.008201 0.011424
0 0.605347 0.196125 0.007371 0.011474
0 0.705414 0.849601 0.007277 0.008974
0 0.677332 0.719795 0.007787 0.010152
0 0.855373 0.830056 0.007247 0.010868
0 0.823849 0.870437 0.008341 0.010826
0 0.814406 0.803206 0.009113 0.012482
0 0.618760 0.162620 0.009625 0.012260
0 0.878043 0.920065 0.008510 0.009890
0 0.184986 0.299941 0.009116 0.010888
0 0.208179 0.476537 0.007958 0.010153
0 0.288854 0.860789 0.008379 0.011169
0 0.625519 0.176810 0.010067 0.013962
0 0.902459 0.813926 0.007586 0.010131
0 0.986015 0.664409 0.008306 0.011121
0 0.819559 0.469031 0.006203 0.008915
0 0.814739 0.995383 0.006316 0.006654
0 0.799062 0.770537 0.008989 0.011325
0 0.994837 0.674128 0.008027 0.010683
0 0.867657 0.241414 0.010053 0.013785
0 0.433448 0.926878 0.008360 0.010852
0 0.616419 0.996187 0.007686 0.006864
0 0.894832 0.868119 0.007633 0.010718
0 0.675249 0.935059 0.007001 0.009121
0 0.760357 0.860789 0.008246 0.011213
0 0.764914 0.375274 0.009422 0.012274
0 0.877678 0.993624 0.007019 0.008433
0 0.967630 0.797503 0.007497 0.008524
0 0.834575 0.746334 0.008511 0.010955
0 0.711224 0.663741 0.007294 0.009020
0 0.338220 0.653442 0.007804 0.011020
0 0.639220 0.244985 0.008909 0.011597
0 0.758470 0.751934 0.007732 0.010352
0 0.892897 0.849032 0.007542 0.009844
0 0.933298 0.957346 0.009925 0.012827
0 0.742986 0.938272 0.007600 0.010419
0 0.884428 0.964776 0.008543 0.010956
0 0.760189 0.589613 0.007423 0.010897
0 0.831152 0.768953 0.008029 0.010837
0 0.254278 0.090086 0.007805 0.010227
0 0.625808 0.709050 0.008453 0.011852
0 0.963359 0.877278 0.006730 0.009677
0 0.748732 0.893940 0.008260 0.010009
0 0.449860 0.538096 0.006902 0.009237
0 0.226542 0.329831 0.008028 0.010823
0 0.752091 0.707869 0.008596 0.012070
0 0.926629 0.710104 0.006981 0.008759
0 0.771041 0.768268 0.007411 0.010394
0 0.826230 0.768253 0.008283 0.011031
0 0.572797 0.698594 0.010585 0.013928
0 0.153873 0.352577 0.007627 0.011123
0 0.601377 0.934394 0.008150 0.010026
0 0.737021 0.856214 0.007618 0.009930
0 0.094539 0.592081 0.008512 0.011373
0 0.696472 0.571867 0.006366 0.009197
0 0.220867 0.587365 0.006844 0.009512
0 0.626763 0.617710 0.008116 0.011456
0 0.351188 0.963063 0.008947 0.012442
0 0.849784 0.916827 0.007473 0.010474
0 0.843449 0.672949 0.010004 0.012322
0 0.697621 0.874377 0.007785 0.010210
0 0.905115 0.857896 0.008808 0.010703
0 0.625836 0.211921 0.009388 0.011348
0 0.737052 0.466865 0.008917 0.012314
0 0.696548 0.591057 0.007502 0.011355
0 0.498367 0.840729 0.006108 0.007956
0 0.791863 0.579335 0.007221 0.009091
0 0.598308 0.194470 0.008059 0.011174
0 0.858486 0.644764 0.007806 0.010652
0 0.569862 0.751310 0.007474 0.010535
0 0.692293 0.581248 0.006937 0.010140
0 0.716390 0.570379 0.007130 0.010149
0 0.854952 0.931927 0.007386 0.010994
0 0.835026 0.636062 0.007885 0.010799
0 0.831895 0.525896 0.010832 0.014191
0 0.825814 0.874205 0.007427 0.011642
0 0.974899 0.908039 0.007676 0.010388
0 0.540128 0.830793 0.008337 0.011160
0 0.637640 0.226946 0.008152 0.011675
0 0.980644 0.911766 0.006795 0.009863
0 0.165542 0.520045 0.007677 0.010712
0 0.866537 0.569461 0.007509 0.010347
0 0.770473 0.882469 0.007008 0.009097
0 0.906196 0.846354 0.009167 0.010521
0 0.864739 0.946001 0.006828 0.009673
0 0.751984 0.587921 0.006950 0.008829
0 0.997524 0.824415 0.004457 0.008443
0 0.636269 0.815617 0.005574 0.006957
0 0.768851 0.716226 0.009307 0.011375
0 0.753278 0.699242 0.009101 0.010904
0 0.675034 0.590878 0.005853 0.008385
0 0.158169 0.541771 0.009111 0.012525
0 0.588620 0.212743 0.009305 0.013556
0 0.996251 0.406292 0.006449 0.012291
0 0.875672 0.224322 0.008562 0.010029
0 0.693808 0.585097 0.008418 0.010382
0 0.920297 0.662908 0.009386 0.011514
0 0.708249 0.843154 0.007754 0.010387
0 0.807790 0.673817 0.007379 0.009837
0 0.846182 0.815141 0.006960 0.009789
0 0.939981 0.910995 0.008501 0.011052
0 0.629497 0.767714 0.006943 0.009471
0 0.766171 0.603283 0.007842 0.010462
0 0.104392 0.265035 0.009366 0.012656
0 0.721102 0.955048 0.008279 0.009249
0 0.742611 0.396873 0.009214 0.013739
0 0.648173 0.392407 0.009492 0.011335
0 0.661584 0.509524 0.008098 0.010727
0 0.172146 0.198955 0.009592 0.012694
0 0.869899 0.841781 0.007192 0.011114
0 0.686609 0.761691 0.007015 0.009461
0 0.696663 0.575528 0.007213 0.008111
0 0.806612 0.162697 0.008082 0.009902
0 0.726824 0.400763 0.008652 0.010516
0 0.979136 0.745049 0.008547 0.011479
0 0.731065 0.854559 0.007445 0.010366
0 0.025310 0.782122 0.009067 0.012367
0 0.841363 0.757842 0.006734 0.008873
0 0.788614 0.774161 0.007692 0.010853
0 0.792800 0.297088 0.006652 0.009002
0 0.650580 0.527350 0.008216 0.010828
0 0.928440 0.870267 0.006485 0.009929
0 0.614513 0.176515 0.009674 0.012302
0 0.097368 0.595821 0.008429 0.011581
0 0.653377 0.777899 0.009198 0.010999
0 0.845111 0.887070 0.009461 0.012179
0 0.710774 0.968187 0.008981 0.012455
0 0.466011 0.837374 0.008562 0.012115
0 0.538054 0.583673 0.006612 0.009957
0 0.598493 0.933194 0.008167 0.010339
0 0.992741 0.929840 0.007848 0.009612
0 0.670065 0.580649 0.007534 0.009905
0 0.059588 0.291654 0.008339 0.011286
0 0.304149 0.227402 0.008888 0.010668
0 0.027641 0.596000 0.008620 0.011996
0 0.651444 0.787583 0.008129 0.009573
0 0.731114 0.843676 0.007513 0.010486
0 0.922745 0.620722 0.007074 0.010382
0 0.897554 0.889844 0.007354 0.009370
0 0.847676 0.791061 0.007569 0.010023
0 0.877180 0.861807 0.007385 0.010575
0 0.910292 0.581690 0.008407 0.011853
0 0.679039 0.717500 0.009473 0.011301
0 0.923593 0.665965 0.010199 0.014051
0 0.689810 0.744885 0.008221 0.011614
0 0.758990 0.847415 0.007249 0.008490
0 0.429303 0.493572 0.007294 0.008733
0 0.902341 0.838599 0.006645 0.010715
0 0.644143 0.344476 0.006457 0.009621
0 0.869582 0.870467 0.008273 0.010692
0 0.774851 0.807977 0.008171 0.010629
0 0.704590 0.977361 0.008667 0.010505
0 0.862130 0.877514 0.007215 0.009251
0 0.816030 0.987472 0.006828 0.009453
0 0.860255 0.501176 0.006713 0.011135
0 0.778792 0.872497 0.006914 0.010352
0 0.099990 0.250512 0.009769 0.011483
0 0.731225 0.788576 0.007645 0.010387
0 0.792985 0.894679 0.008910 0.011299
0 0.688382 0.614759 0.009516 0.011960
0 0.789238 0.750448 0.007733 0.010311
0 0.755499 0.773679 0.006906 0.010462
0 0.794207 0.781742 0.008212 0.010975
0 0.979936 0.739217 0.008482 0.011486
0 0.234178 0.642501 0.009173 0.012645
0 0.898511 0.531686 0.008721 0.011965
0 0.557031 0.840993 0.005636 0.007512
0 0.428963 0.837228 0.007287 0.009363
0 0.762073 0.597011 0.008553 0.011256
0 0.588839 0.906704 0.009349 0.012912
0 0.913004 0.586793 0.008957 0.010081
0 0.664800 0.521238 0.009137 0.012267
0 0.275764 0.838965 0.007140 0.009441
0 0.181613 0.308884 0.007058 0.008919
0 0.168389 0.525201 0.006884 0.009306
0 0.887772 0.830967 0.006986 0.009090
0 0.806638 0.831330 0.008150 0.010727
0 0.815592 0.399783 0.008424 0.009324
0 0.791241 0.588111 0.007563 0.009350
0 0.033470 0.256315 0.009149 0.012316
0 0.959739 0.248959 0.009599 0.013390
0 0.908057 0.835411 0.007473 0.009916
0 0.722820 0.947455 0.008292 0.010248
0 0.084832 0.616128 0.010293 0.012659
0 0.693325 0.803450 0.007857 0.010913
0 0.813360 0.658328 0.007710 0.010370
0 0.653711 0.328349 0.007561 0.008644
0 0.828166 0.413956 0.007872 0.011474
0 0.376752 0.263545 0.007444 0.010047
0 0.800002 0.694395 0.007094 0.009542
0 0.759016 0.769501 0.008247 0.010850
0 0.684080 0.619738 0.011337 0.014598
0 0.385796 0.693357 0.007266 0.009379
0 0.825686 0.581761 0.009015 0.010785
0 0.731517 0.582916 0.008415 0.011815
0 0.916916 0.861716 0.008111 0.009438
0 0.705798 0.987716 0.008353 0.009804
0 0.861007 0.828676 0.007215 0.008814
0 0.932729 0.877081 0.006387 0.009362
0 0.559836 0.178129 0.007752 0.010571
0 0.646230 0.233125 0.008627 0.011771
0 0.678726 0.084687 0.011356 0.014851
0 0.828928 0.712878 0.006774 0.010037
0 0.771780 0.436749 0.009235 0.010673
0 0.323278 0.524602 0.011758 0.017393
0 0.771665 0.676772 0.008850 0.010990
0 0.861733 0.838239 0.008229 0.010050
0 0.830472 0.775121 0.009713 0.011613
0 0.725711 0.249532 0.012345 0.015239
0 0.808121 0.561702 0.007449 0.010471
0 0.750165 0.510624 0.008655 0.011780
0 0.728492 0.568442 0.007349 0.010035
0 0.919946 0.941460 0.006218 0.008760
0 0.805226 0.155721 0.007581 0.010651
0 0.752428 0.726651 0.007755 0.009595
0 0.598640 0.199242 0.010391 0.012258
0 0.656948 0.310117 0.006557 0.008244
0 0.398074 0.994210 0.008938 0.009168
0 0.063770 0.619570 0.008677 0.011243
0 0.149515 0.267864 0.014230 0.019672
0 0.892929 0.819871 0.007232 0.009845
0 0.891357 0.925976 0.007270 0.010110
0 0.101451 0.246586 0.009227 0.012854
0 0.723601 0.570005 0.006378 0.010562
0 0.908245 0.266369 0.015941 0.021121
0 0.690784 0.750363 0.008065 0.010502
0 0.994114 0.513679 0.009346 0.012997
0 0.251546 0.025180 0.007121 0.008513
0 0.703373 0.981169 0.009126 0.010456
0 0.800543 0.858001 0.008480 0.010667
0 0.668249 0.594701 0.006862 0.009457
0 0.928413 0.394908 0.006344 0.008839
0 0.673892 0.978595 0.008613 0.012004
0 0.077576 0.427131 0.007846 0.010744
0 0.115886 0.341055 0.013343 0.018019
0 0.540429 0.835554 0.009042 0.012785
0 0.831008 0.718986 0.007404 0.010642
0 0.801349 0.169156 0.007241 0.010918
0 0.837859 0.713553 0.007717 0.010716
0 0.620108 0.175470 0.008200 0.010660
0 0.697811 0.879632 0.007883 0.009546
0 0.825946 0.587908 0.007941 0.008803
0 0.456937 0.770094 0.006951 0.009714
0 0.928093 0.603362 0.006673 0.010706
0 0.437552 0.498224 0.008529 0.010742
0 0.611313 0.763181 0.007886 0.010906
0 0.151967 0.356777 0.009578 0.013683
0 0.583795 0.654935 0.007314 0.009002
0 0.618084 0.135078 0.008330 0.011253
0 0.313817 0.169397 0.005948 0.006745
0 0.897059 0.855148 0.007462 0.010407
0 0.951944 0.614003 0.008125 0.011256
0 0.811283 0.661383 0.008484 0.009715
0 0.861425 0.958538 0.008213 0.011402
0 0.846958 0.807372 0.006661 0.009076
0 0.532329 0.135417 0.010433 0.013972
0 0.618088 0.272690 0.007048 0.009751
0 0.368285 0.231236 0.007625 0.009740
0 0.910600 0.820099 0.007199 0.011034
0 0.730988 0.847376 0.008362 0.010423
0 0.923075 0.932103 0.007446 0.010669
0 0.874349 0.804731 0.006977 0.009393
0 0.718678 0.816081 0.007876 0.010417
0 0.382978 0.269666 0.007659 0.009309
0 0.009834 0.359618 0.008754 0.012776
0 0.222438 0.643806 0.006763 0.009172
0 0.385708 0.792081 0.007505 0.010528
0 0.825457 0.789877 0.008120 0.011561
0 0.769570 0.721701 0.008829 0.010548
0 0.304435 0.882359 0.008204 0.010117
0 0.195869 0.350046 0.007142 0.005919
0 0.942629 0.857694 0.008877 0.011077
0 0.663454 0.584824 0.007075 0.009068
0 0.901697 0.531993 0.009641 0.013741
0 0.503551 0.593303 0.010494 0.012703
0 0.875698 0.870441 0.007230 0.008196
0 0.719225 0.927396 0.008150 0.011289
0 0.218530 0.331238 0.007643 0.010920
0 0.521575 0.618264 0.010532 0.014667
0 0.858139 0.881672 0.008608 0.009189
0 0.767175 0.895565 0.007809 0.011369
0 0.928734 0.853139 0.008151 0.010745
0 0.860920 0.821862 0.006787 0.009401
0 0.566648 0.323997 0.005061 0.008238
0 0.781338 0.755817 0.008450 0.010266
0 0.466355 0.598466 0.012457 0.014337
0 0.769482 0.893063 0.006961 0.009727
0 0.445165 0.540214 0.007505 0.009305
0 0.333249 0.771991 0.010762 0.013601
0 0.770312 0.873660 0.007216 0.009432
0 0.435259 0.837146 0.007951 0.010930
0 0.749583 0.758403 0.007566 0.009734
0 0.610654 0.281872 0.010383 0.012999
0 0.550676 0.549125 0.008012 0.009939
0 0.665715 0.589614 0.006985 0.008253
0 0.822692 0.791890 0.008502 0.012580
0 0.807050 0.565838 0.006698 0.008930
0 0.726926 0.921906 0.007387 0.010888
0 0.753190 0.733248 0.007394 0.010259
0 0.764848 0.672550 0.007683 0.009440
0 0.374613 0.601292 0.008496 0.011337
0 0.812609 0.563995 0.007671 0.010962
0 0.622116 0.266373 0.007441 0.009102
0 0.500067 0.599255 0.009179 0.008863
0 0.888568 0.814871 0.006898 0.008783
0 0.377832 0.276597 0.007557 0.009202
0 0.980607 0.937944 0.010864 0.013090
0 0.940604 0.691992 0.011943 0.015354
0 0.989464 0.860978 0.006942 0.008634
0 0.610940 0.269243 0.007605 0.010408
0 0.954744 0.752196 0.007596 0.010346
0 0.773729 0.880603 0.007861 0.010134
0 0.253972 0.601277 0.013276 0.016396
0 0.084636 0.615081 0.007066 0.009190
0 0.692442 0.571683 0.007482 0.010866
0 0.766252 0.666054 0.007931 0.010442
0 0.838330 0.881073 0.008787 0.010991
0 0.884828 0.806492 0.007544 0.011015
0 0.885830 0.626749 0.007816 0.010897
0 0.915435 0.820469 0.008366 0.011680
0 0.089804 0.595887 0.008789 0.011205
0 0.222548 0.179758 0.008037 0.010781
0 0.232188 0.646061 0.010104 0.014178
0 0.164079 0.522752 0.008201 0.011353
0 0.755613 0.756544 0.008371 0.011629
0 0.775062 0.812835 0.007915 0.010818
0 0.149248 0.354867 0.010109 0.013338
