0 0.137677 0.275112 0.008618 0.011039
0 0.114172 0.017014 0.008666 0.011675
0 0.394594 0.170228 0.008198 0.010519
0 0.215419 0.026266 0.008746 0.011434
0 0.545190 0.338838 0.008507 0.010861
0 0.498267 0.105743 0.009485 0.012390
0 0.329044 0.036662 0.009108 0.011830
0 0.450423 0.921751 0.009040 0.012128
0 0.277135 0.513950 0.008914 0.010960
0 0.620831 0.856907 0.008242 0.010670
0 0.421005 0.482893 0.008590 0.011037
0 0.068074 0.346810 0.008799 0.011490
0 0.130665 0.317814 0.008559 0.011934
0 0.186112 0.815926 0.008693 0.011033
0 0.381398 0.597886 0.008537 0.010746
0 0.215508 0.970806 0.008718 0.011248
0 0.384745 0.878064 0.008507 0.010702
0 0.496811 0.406965 0.008717 0.011404
0 0.231265 0.639978 0.008510 0.011372
0 0.224758 0.900339 0.008816 0.011576
0 0.378729 0.650193 0.008017 0.010664
0 0.357990 0.532324 0.008447 0.011145
0 0.086987 0.526136 0.009014 0.011324
0 0.407422 0.063606 0.009289 0.012117
0 0.166316 0.400233 0.008447 0.010856
0 0.042724 0.484869 0.008820 0.011855
0 0.046310 0.714576 0.009506 0.011680
0 0.196189 0.328192 0.008196 0.009828
0 0.229077 0.440482 0.009090 0.011001
0 0.136105 0.296579 0.007829 0.010208
0 0.183880 0.378137 0.008404 0.011037
0 0.129367 0.730358 0.008225 0.010912
0 0.402842 0.594845 0.008813 0.011502
0 0.185054 0.495878 0.008774 0.012129
0 0.356494 0.185592 0.008720 0.011455
0 0.136372 0.055826 0.007855 0.010170
0 0.355245 0.586791 0.008254 0.012490
0 0.052286 0.898875 0.008796 0.011442
0 0.363917 0.598784 0.008755 0.010857
0 0.051809 0.880337 0.008513 0.010912
0 0.409885 0.585480 0.008107 0.010519
0 0.353750 0.432428 0.008891 0.011530
0 0.439314 0.990901 0.009516 0.012845
0 0.057081 0.179787 0.008654 0.011240
0 0.149851 0.388010 0.007512 0.009697
0 0.078871 0.330342 0.008223 0.010838
0 0.260091 0.173048 0.008762 0.011612
0 0.228897 0.698484 0.008441 0.011293
0 0.128717 0.302712 0.008848 0.011623
0 0.575198 0.933343 0.008865 0.011462
0 0.122355 0.336686 0.008219 0.010525
0 0.499231 0.970093 0.007946 0.010854
0 0.238377 0.598330 0.008735 0.011079
0 0.460762 0.762409 0.008481 0.012218
0 0.163261 0.389001 0.008220 0.009895
0 0.111004 0.459591 0.008788 0.011464
0 0.285120 0.607067 0.007380 0.010010
0 0.220455 0.555308 0.009697 0.012664
0 0.115268 0.964740 0.008589 0.011076
0 0.380240 0.902050 0.009659 0.012160
0 0.072030 0.891118 0.008787 0.011052
0 0.293484 0.974265 0.008517 0.010886
0 0.039753 0.377151 0.008365 0.010708
0 0.005435 0.561946 0.008734 0.011978
0 0.165328 0.359425 0.007577 0.009580
0 0.253603 0.513252 0.008848 0.010968
0 0.169381 0.773403 0.008582 0.010616
0 0.268376 0.502938 0.008212 0.010916
0 0.118081 0.586308 0.008536 0.010895
0 0.157462 0.356345 0.008082 0.011161
0 0.042709 0.970614 0.008364 0.010833
0 0.278913 0.629691 0.008637 0.011394
0 0.447081 0.762921 0.009225 0.012111
0 0.183592 0.694235 0.008876 0.011915
0 0.143697 0.032034 0.009046 0.011802
0 0.348810 0.868750 0.008736 0.011232
0 0.167505 0.347628 0.007865 0.011475
0 0.380931 0.825731 0.008428 0.011617
0 0.340137 0.442430 0.009236 0.011283
0 0.061620 0.709393 0.009179 0.012060
0 0.334458 0.920663 0.008292 0.010554
0 0.378875 0.731928 0.007698 0.010363
0 0.143783 0.981039 0.007843 0.010657
0 0.154499 0.956205 0.008769 0.011202
0 0.362761 0.608133 0.008593 0.010343
0 0.373447 0.792575 0.007256 0.010524
0 0.045895 0.148476 0.008804 0.011529
0 0.587220 0.392772 0.008417 0.011086
0 0.209907 0.776425 0.009510 0.012858
0 0.302417 0.390419 0.008277 0.011804
0 0.118102 0.855160 0.008916 0.011335
0 0.249529 0.638974 0.008377 0.012475
0 0.108604 0.510898 0.009297 0.012384
0 0.232059 0.542441 0.008860 0.011600
0 0.479692 0.863321 0.008858 0.012266
0 0.024773 0.483008 0.008801 0.011820
0 0.176151 0.276790 0.008949 0.011518
0 0.112336 0.535625 0.008592 0.011125
0 0.248103 0.620281 0.008820 0.011553
0 0.204576 0.336834 0.009103 0.011611
0 0.144250 0.464579 0.008624 0.011583
0 0.136516 0.854701 0.008492 0.011644
0 0.277203 0.706087 0.008376 0.010214
0 0.024773 0.880595 0.010001 0.013150
0 0.427227 0.710109 0.008125 0.010405
0 0.133379 0.305703 0.008760 0.011362
0 0.124522 0.605317 0.008404 0.010744
0 0.272063 0.371567 0.008466 0.010072
0 0.254044 0.453185 0.007372 0.010616
0 0.202336 0.975295 0.009296 0.011580
0 0.087449 0.826157 0.008795 0.011160
0 0.284822 0.501843 0.008227 0.011117
0 0.302830 0.859150 0.008735 0.010802
0 0.256461 0.440987 0.008540 0.011325
0 0.243019 0.422170 0.008215 0.010284
0 0.271347 0.954450 0.008891 0.011574
0 0.538348 0.349644 0.009934 0.012338
0 0.449571 0.909231 0.009176 0.010822
0 0.202609 0.500218 0.009143 0.012777
0 0.324920 0.818120 0.007957 0.010993
0 0.435421 0.702177 0.008731 0.011686
0 0.224189 0.380466 0.007963 0.011308
0 0.387483 0.729840 0.007500 0.011334
0 0.213809 0.117225 0.008719 0.011627
0 0.426008 0.671364 0.008730 0.010831
0 0.199701 0.364991 0.007999 0.010818
0 0.331011 0.452095 0.008379 0.011088
0 0.089308 0.671033 0.008411 0.010804
0 0.439069 0.909251 0.009845 0.011932
0 0.180634 0.993910 0.008532 0.009959
0 0.418722 0.701630 0.006875 0.010406
0 0.581050 0.809184 0.008690 0.011730
0 0.239413 0.448538 0.008677 0.011344
0 0.339719 0.827785 0.008720 0.011513
0 0.259879 0.401297 0.009101 0.011403
0 0.169109 0.257053 0.009207 0.011623
0 0.459755 0.646886 0.006577 0.009534
0 0.207899 0.242423 0.008324 0.010779
0 0.268624 0.618253 0.008962 0.011435
0 0.438535 0.950343 0.008445 0.010558
0 0.056201 0.406913 0.008878 0.011686
0 0.066809 0.332046 0.008505 0.011035
0 0.150250 0.749987 0.009612 0.012078
0 0.172613 0.333693 0.009065 0.011680
0 0.386431 0.753667 0.007650 0.009630
0 0.222652 0.724900 0.007839 0.010671
0 0.055804 0.771150 0.009722 0.012727
0 0.257098 0.931775 0.009809 0.012276
0 0.287970 0.419582 0.008562 0.012060
0 0.375717 0.835409 0.007687 0.010432
0 0.217420 0.654926 0.009606 0.012134
0 0.172058 0.318475 0.008832 0.010920
0 0.228266 0.921649 0.009346 0.012504
0 0.283283 0.919070 0.008842 0.011209
0 0.256023 0.630932 0.008445 0.010439
0 0.473098 0.857093 0.008375 0.010621
0 0.449298 0.840765 0.008827 0.012071
0 0.259709 0.752058 0.009258 0.011921
0 0.235206 0.879595 0.009628 0.012850
0 0.419918 0.662472 0.009090 0.011436
0 0.204560 0.428989 0.008515 0.011069
0 0.026469 0.139546 0.008835 0.011601
0 0.344992 0.903026 0.008861 0.011881
0 0.166212 0.371663 0.008130 0.010877
0 0.418909 0.677979 0.008004 0.010795
0 0.248311 0.396829 0.007564 0.010358
0 0.222741 0.689893 0.008329 0.009837
0 0.420476 0.758563 0.009183 0.011480
0 0.241123 0.515961 0.008773 0.011173
0 0.077746 0.496260 0.009109 0.011729
0 0.432732 0.897409 0.008138 0.010650
0 0.058647 0.374410 0.009226 0.011794
0 0.525106 0.595240 0.009037 0.011927
0 0.455337 0.886464 0.008703 0.011500
0 0.244513 0.463402 0.008771 0.011368
0 0.235059 0.683801 0.008133 0.010686
0 0.059370 0.515628 0.009916 0.012581
0 0.081405 0.261265 0.009161 0.012783
0 0.394713 0.704769 0.007862 0.010968
0 0.344323 0.589382 0.008016 0.011817
0 0.463276 0.974207 0.008876 0.011199
0 0.441535 0.721366 0.009035 0.011714
0 0.435212 0.824948 0.008769 0.011377
0 0.102496 0.211743 0.009679 0.013402
0 0.440593 0.813755 0.009389 0.013123
0 0.223948 0.886421 0.009227 0.010880
0 0.189138 0.100089 0.009343 0.012418
0 0.079228 0.983670 0.009162 0.011698
0 0.088556 0.090949 0.008957 0.012037
0 0.352879 0.658506 0.008745 0.012215
0 0.189539 0.172694 0.009791 0.012825
0 0.184674 0.398229 0.008636 0.011487
0 0.371058 0.722105 0.007934 0.011753
0 0.040178 0.470237 0.009250 0.011705
0 0.071425 0.364497 0.009882 0.012657
0 0.234077 0.788118 0.009306 0.012109
0 0.036231 0.136739 0.007002 0.010605
0 0.157958 0.219508 0.008952 0.012026
0 0.378909 0.665198 0.008579 0.011442
0 0.442602 0.834557 0.007410 0.010003
0 0.247135 0.597668 0.007130 0.011061
0 0.030748 0.100220 0.010126 0.013454
0 0.033696 0.198808 0.007832 0.010932
0 0.053790 0.837598 0.010817 0.014004
0 0.304179 0.825633 0.007845 0.009595
0 0.302047 0.376293 0.008495 0.010287
0 0.411850 0.713180 0.007117 0.009224
0 0.180686 0.507890 0.008287 0.010732
0 0.442511 0.025467 0.007123 0.009192
0 0.384144 0.838217 0.008156 0.011425
0 0.279072 0.335537 0.008645 0.011390
0 0.324963 0.622959 0.007743 0.010799
0 0.153724 0.025125 0.009201 0.011850
0 0.413197 0.793800 0.008638 0.012570
0 0.091385 0.214319 0.009215 0.014300
0 0.380284 0.637528 0.008795 0.010282
0 0.401867 0.948487 0.009203 0.012899
0 0.040238 0.101070 0.009365 0.013140
0 0.380400 0.587651 0.008129 0.009174
0 0.075683 0.859486 0.007518 0.009940
0 0.269521 0.597104 0.008756 0.011203
0 0.350732 0.783694 0.007788 0.010814
0 0.364119 0.637175 0.009713 0.011714
0 0.324849 0.631310 0.007157 0.008819
0 0.396813 0.804671 0.007920 0.010107
0 0.028187 0.346199 0.009533 0.012565
0 0.051570 0.464055 0.007552 0.010096
0 0.453464 0.726175 0.008291 0.010687
0 0.314464 0.741605 0.007255 0.009077
0 0.293801 0.597780 0.007534 0.011009
0 0.322257 0.648754 0.008003 0.010986
0 0.314462 0.606488 0.008234 0.011928
0 0.284236 0.714866 0.008101 0.010460
0 0.317370 0.823691 0.008004 0.011090
0 0.368334 0.896463 0.008869 0.012017
0 0.016387 0.805188 0.008813 0.011538
0 0.331408 0.736806 0.007309 0.009949
0 0.004333 0.648377 0.007977 0.010505
0 0.120130 0.362038 0.008736 0.011707
0 0.201639 0.654459 0.009447 0.011924
0 0.227880 0.496178 0.007513 0.009787
0 0.324933 0.504475 0.007631 0.012245
0 0.210027 0.989666 0.009820 0.012516
0 0.353267 0.603161 0.008977 0.011436
0 0.338900 0.722341 0.007469 0.011012
0 0.119370 0.994913 0.009555 0.009481
0 0.325794 0.552612 0.008256 0.010959
0 0.371476 0.658779 0.008298 0.010093
0 0.352244 0.631231 0.008085 0.010112
0 0.400078 0.568820 0.008275 0.009545
0 0.024525 0.994126 0.008343 0.009927
0 0.418782 0.833692 0.008512 0.011113
0 0.328482 0.535934 0.007975 0.012539
0 0.433314 0.879214 0.008787 0.011516
0 0.401287 0.752140 0.008352 0.011011
0 0.251371 0.604418 0.008904 0.011667
0 0.194303 0.820185 0.008724 0.012308
0 0.005306 0.746812 0.008638 0.011664
0 0.258847 0.503694 0.007832 0.011722
0 0.142288 0.652859 0.009212 0.012481
0 0.332088 0.640916 0.007827 0.011038
0 0.269564 0.431536 0.008752 0.010784
0 0.151996 0.183482 0.008009 0.011260
0 0.349179 0.859703 0.009126 0.010051
0 0.073371 0.945642 0.008701 0.011925
0 0.157070 0.383274 0.007348 0.010050
0 0.074973 0.924907 0.008621 0.011239
0 0.186858 0.754453 0.008151 0.009987
0 0.364231 0.942303 0.009496 0.012172
0 0.395914 0.573511 0.007844 0.010573
0 0.141805 0.188443 0.009037 0.012218
0 0.335250 0.550213 0.008223 0.010943
0 0.353298 0.646445 0.009260 0.011717
0 0.186767 0.865758 0.008416 0.011299
0 0.261167 0.414843 0.008471 0.011221
0 0.251488 0.385358 0.009179 0.012066
0 0.329733 0.807456 0.007241 0.009193
0 0.336967 0.595253 0.008306 0.010392
0 0.423592 0.814048 0.008998 0.011946
0 0.269133 0.826829 0.007885 0.010504
0 0.287977 0.635825 0.008119 0.011395
0 0.443210 0.863415 0.008878 0.011492
0 0.277310 0.419167 0.008859 0.012180
0 0.312312 0.836753 0.008993 0.012608
0 0.220918 0.275308 0.007999 0.010430
0 0.387996 0.791252 0.008727 0.011462
0 0.056540 0.596143 0.008941 0.011259
0 0.362604 0.495792 0.009454 0.012420
0 0.275358 0.650599 0.008586 0.011311
0 0.360912 0.620368 0.008064 0.010234
0 0.276693 0.504496 0.008544 0.011312
0 0.240275 0.530179 0.008884 0.010980
0 0.292190 0.662159 0.009076 0.011871
0 0.280783 0.734261 0.009503 0.012291
0 0.206009 0.760710 0.007937 0.011007
0 0.285693 0.597358 0.007709 0.010737
0 0.151161 0.843648 0.008875 0.012424
0 0.248792 0.845289 0.009357 0.011710
0 0.331391 0.827791 0.007548 0.011119
0 0.292452 0.547133 0.009715 0.013359
