0 0.553102 0.210644 0.009811 0.012647
0 0.651176 0.242023 0.008840 0.010321
0 0.441737 0.174446 0.009700 0.012825
0 0.666886 0.221627 0.009561 0.011909
0 0.629844 0.157937 0.009798 0.012801
0 0.553743 0.277121 0.010466 0.013652
0 0.252709 0.013335 0.009161 0.012621
0 0.668523 0.252483 0.009436 0.012595
0 0.587789 0.294201 0.010245 0.012653
0 0.509372 0.190156 0.010059 0.012658
0 0.572438 0.213044 0.009911 0.013167
0 0.520138 0.264111 0.009784 0.012832
0 0.739868 0.246998 0.010135 0.013351
0 0.482809 0.246284 0.009696 0.012777
0 0.786782 0.366250 0.010133 0.013270
0 0.539787 0.263554 0.010478 0.013257
0 0.455100 0.222858 0.009899 0.013136
0 0.646307 0.234093 0.008865 0.011983
0 0.666220 0.165600 0.009777 0.013399
0 0.635687 0.259004 0.009243 0.012390
0 0.503473 0.213384 0.009877 0.013198
0 0.571054 0.275699 0.010179 0.013300
0 0.566996 0.310007 0.009324 0.012441
0 0.740655 0.100971 0.010465 0.013056
0 0.783357 0.142490 0.009936 0.012025
0 0.589265 0.266224 0.008954 0.013269
0 0.401196 0.122043 0.009749 0.012896
0 0.403830 0.071078 0.010583 0.014433
0 0.658735 0.188134 0.009584 0.013082
0 0.705771 0.011232 0.009335 0.012953
0 0.371398 0.055083 0.009516 0.012692
0 0.763959 0.048983 0.009141 0.013260
0 0.407020 0.169244 0.010018 0.013276
0 0.733341 0.287092 0.011053 0.014523
0 0.518450 0.233322 0.009932 0.012738
0 0.713686 0.111438 0.009490 0.013003
0 0.543279 0.174004 0.009906 0.013042
0 0.787342 0.130211 0.010129 0.013052
0 0.737746 0.079196 0.008905 0.012080
0 0.697021 0.024478 0.009774 0.012003
0 0.613718 0.165155 0.009935 0.013158
0 0.583354 0.266763 0.009447 0.013813
0 0.395016 0.054446 0.010001 0.012897
0 0.799849 0.354355 0.009996 0.013853
0 0.434212 0.181261 0.009286 0.012735
0 0.806938 0.171843 0.010381 0.013548
0 0.873488 0.148955 0.010517 0.013884
0 0.753842 0.185736 0.009633 0.012720
0 0.720211 0.278147 0.009978 0.013121
0 0.803510 0.227241 0.011572 0.015206
0 0.755816 0.047245 0.009445 0.013244
0 0.348756 0.021939 0.009706 0.013137
0 0.322094 0.102684 0.009883 0.013321
0 0.784135 0.105059 0.010440 0.013661
0 0.366618 0.091261 0.010419 0.014067
0 0.740785 0.017329 0.010129 0.011851
0 0.810495 0.138612 0.010514 0.013605
0 0.499156 0.201474 0.009529 0.012212
0 0.697633 0.078245 0.010102 0.013037
0 0.419064 0.165654 0.009755 0.012370
0 0.530606 0.230209 0.010933 0.014014
0 0.793068 0.149703 0.009906 0.013292
0 0.630410 0.122728 0.009904 0.012925
0 0.802271 0.148026 0.009584 0.013400
0 0.630363 0.192220 0.010241 0.013361
0 0.743705 0.048107 0.009385 0.012069
0 0.707443 0.222462 0.008970 0.012094
0 0.594988 0.203488 0.009662 0.012737
0 0.606198 0.109135 0.009756 0.012629
0 0.736241 0.311981 0.010900 0.014961
0 0.577976 0.102091 0.009793 0.013056
0 0.783525 0.089520 0.010218 0.014242
0 0.749487 0.059310 0.009429 0.011831
0 0.651054 0.100973 0.008853 0.011038
0 0.983262 0.112724 0.010185 0.012963
0 0.627645 0.080738 0.009472 0.012684
0 0.348751 0.074684 0.009244 0.012371
0 0.801623 0.101763 0.009153 0.012618
0 0.786435 0.299358 0.010198 0.013388
0 0.759121 0.196660 0.010634 0.014012
0 0.686992 0.015019 0.010234 0.012976
0 0.885676 0.219249 0.009892 0.013526
0 0.821684 0.189767 0.009758 0.013345
0 0.775826 0.062806 0.010674 0.015014
0 0.971449 0.134892 0.011331 0.015221
0 0.734013 0.024278 0.008727 0.012336
0 0.360298 0.116112 0.010299 0.013545
0 0.750955 0.147350 0.011117 0.014410
0 0.803362 0.043287 0.009992 0.012356
0 0.697574 0.014509 0.009496 0.012574
0 0.645076 0.248215 0.008495 0.012152
0 0.721265 0.153777 0.011082 0.014714
0 0.809686 0.086922 0.010116 0.013093
0 0.855742 0.057127 0.009291 0.013074
0 0.607488 0.228081 0.010858 0.013329
0 0.679990 0.217613 0.010125 0.013537
0 0.707856 0.082268 0.010810 0.014440
0 0.785464 0.171502 0.010041 0.012932
0 0.821268 0.265041 0.010993 0.014412
0 0.951917 0.101439 0.011041 0.014427
0 0.933161 0.082872 0.010361 0.013659
0 0.769140 0.005781 0.009626 0.011274
0 0.799708 0.179455 0.010756 0.012836
0 0.717846 0.121634 0.010303 0.011622
0 0.377960 0.023927 0.008804 0.011467
0 0.967941 0.060576 0.010499 0.013926
0 0.558538 0.175117 0.008863 0.011634
0 0.799739 0.086469 0.009577 0.012892
0 0.767305 0.077024 0.010962 0.014295
0 0.657486 0.108279 0.009885 0.013674
0 0.765456 0.295595 0.011049 0.014287
0 0.787122 0.037388 0.009167 0.012053
0 0.986117 0.283879 0.012187 0.015731
0 0.884758 0.164164 0.010519 0.013339
0 0.807380 0.116569 0.008847 0.011817
0 0.894541 0.063399 0.010026 0.013482
0 0.760999 0.011689 0.008822 0.011347
0 0.862023 0.149125 0.011328 0.013672
0 0.887521 0.373929 0.010669 0.014432
0 0.423654 0.059322 0.010118 0.013587
0 0.884788 0.176938 0.011487 0.014242
0 0.878282 0.363129 0.010490 0.013019
0 0.818397 0.078176 0.008550 0.012676
0 0.810058 0.101806 0.009421 0.011737
0 0.598657 0.245864 0.010062 0.013418
0 0.724764 0.040244 0.009653 0.013105
0 0.825726 0.149300 0.010568 0.013957
0 0.683720 0.070559 0.010232 0.013535
0 0.977439 0.165571 0.010825 0.015057
0 0.976278 0.004661 0.008735 0.009322
0 0.875333 0.298834 0.010606 0.013990
0 0.947761 0.083442 0.009823 0.012880
0 0.890477 0.046191 0.011176 0.015391
0 0.694291 0.105212 0.009794 0.012636
0 0.641400 0.287514 0.010854 0.014640
0 0.364130 0.022609 0.009482 0.012108
0 0.590761 0.224281 0.009155 0.012272
0 0.603634 0.022214 0.011581 0.015704
0 0.781513 0.046201 0.009873 0.014330
0 0.716620 0.136010 0.010598 0.013028
0 0.861596 0.200814 0.011052 0.014345
0 0.826448 0.208103 0.010461 0.013992
0 0.878355 0.039461 0.010697 0.012249
0 0.835183 0.130468 0.010397 0.014296
0 0.878532 0.095279 0.010689 0.014171
0 0.769431 0.109985 0.009813 0.012767
0 0.867581 0.139251 0.010134 0.013919
0 0.806652 0.195797 0.011418 0.015590
0 0.932609 0.235103 0.010022 0.013361
0 0.934570 0.061684 0.010654 0.014983
0 0.975943 0.200695 0.010875 0.013816
0 0.735569 0.066048 0.010079 0.012618
0 0.363446 0.070692 0.009135 0.012139
0 0.849272 0.094826 0.009136 0.011707
0 0.791540 0.114124 0.010331 0.014350
0 0.664342 0.113174 0.008933 0.011906
0 0.893528 0.095606 0.010570 0.013660
0 0.981463 0.185231 0.011231 0.014435
0 0.384949 0.021213 0.008686 0.011674
0 0.894059 0.315272 0.011231 0.014335
0 0.378151 0.051932 0.009258 0.013016
0 0.918906 0.121843 0.008696 0.012709
0 0.769195 0.015449 0.009480 0.012193
0 0.792673 0.101681 0.009050 0.011819
0 0.814654 0.217623 0.011457 0.014856
0 0.831541 0.218954 0.010445 0.013570
0 0.941773 0.091446 0.009564 0.012449
0 0.927121 0.394235 0.010977 0.014658
0 0.808278 0.108883 0.009093 0.010214
0 0.852627 0.112418 0.010617 0.014425
0 0.877543 0.348925 0.010948 0.014826
0 0.866600 0.116969 0.010629 0.012875
0 0.392110 0.009989 0.010164 0.015025
0 0.889611 0.187622 0.010409 0.013202
0 0.911866 0.068718 0.009977 0.013606
0 0.849172 0.013090 0.009418 0.012199
0 0.881536 0.011089 0.010902 0.012493
0 0.342324 0.042559 0.009143 0.011802
0 0.779185 0.114144 0.009620 0.014474
0 0.920027 0.220188 0.010826 0.013933
0 0.845480 0.138587 0.011779 0.013855
0 0.822917 0.024154 0.010289 0.013329
0 0.897715 0.331815 0.011199 0.015011
0 0.438675 0.033632 0.012411 0.016171
0 0.881473 0.025197 0.011576 0.014944
0 0.282620 0.025819 0.010107 0.012921
0 0.995691 0.455221 0.008592 0.013217
0 0.991319 0.260760 0.012509 0.016973
0 0.833640 0.105860 0.009256 0.012438
0 0.930202 0.138234 0.011339 0.014017
0 0.909127 0.358765 0.010563 0.013953
0 0.853856 0.179898 0.010800 0.014076
0 0.869970 0.365017 0.010598 0.014414
0 0.994528 0.429769 0.009998 0.014378
0 0.647020 0.022247 0.010672 0.012906
0 0.974706 0.399662 0.015105 0.019271
0 0.620041 0.624444 0.009824 0.013622
0 0.878321 0.109041 0.010778 0.014532
0 0.847992 0.387507 0.009952 0.012993
0 0.827391 0.134187 0.009875 0.013681
0 0.821352 0.178680 0.010499 0.012598
0 0.367839 0.040409 0.009689 0.013045
0 0.908585 0.097246 0.010370 0.013445
0 0.864257 0.004862 0.009207 0.009724
0 0.807738 0.004930 0.009462 0.009859
0 0.868986 0.333568 0.010184 0.013662
0 0.920558 0.153137 0.009327 0.011315
0 0.829290 0.359010 0.011552 0.014442
0 0.266476 0.027872 0.010270 0.013922
0 0.864840 0.358190 0.009673 0.013486
0 0.382706 0.045985 0.008912 0.010605
0 0.688237 0.123229 0.010309 0.015160
0 0.858339 0.044673 0.009600 0.011056
0 0.799524 0.034971 0.009114 0.012333
0 0.860870 0.017809 0.010039 0.012589
0 0.882917 0.107990 0.010447 0.012765
0 0.931900 0.428926 0.011328 0.014575
0 0.948904 0.375175 0.012016 0.016798
0 0.551533 0.169341 0.009692 0.014694
0 0.829445 0.342013 0.011849 0.016041
0 0.717488 0.032124 0.008672 0.011203
0 0.893165 0.153224 0.009679 0.012719
0 0.876254 0.323877 0.009888 0.014163
0 0.890070 0.004086 0.009353 0.008172
0 0.986082 0.007746 0.009982 0.013109
0 0.929527 0.179271 0.011326 0.014459
0 0.936605 0.361830 0.011845 0.015601
0 0.918942 0.139273 0.010902 0.014538
0 0.301804 0.033562 0.010574 0.014370
0 0.790675 0.005912 0.008599 0.011138
0 0.951721 0.438798 0.012660 0.016946
0 0.891464 0.031504 0.010406 0.013078
0 0.639855 0.244215 0.009902 0.013470
0 0.939864 0.392152 0.010818 0.013707
0 0.693156 0.146361 0.010612 0.013396
0 0.859040 0.004125 0.009108 0.008250
0 0.910905 0.234941 0.010218 0.013119
0 0.648849 0.236799 0.010905 0.013352
0 0.880303 0.071472 0.009956 0.012766
0 0.824005 0.072295 0.008883 0.012838
0 0.856907 0.016010 0.010436 0.013488
0 0.832921 0.074905 0.010221 0.014641
0 0.846885 0.047141 0.009900 0.012124
0 0.937426 0.406261 0.013607 0.016992
0 0.917799 0.348860 0.012445 0.016425
0 0.834249 0.041716 0.008957 0.012745
0 0.710755 0.217613 0.009949 0.012979
0 0.841179 0.367676 0.010768 0.013933
0 0.722039 0.015380 0.008298 0.011469
0 0.852163 0.079268 0.011084 0.014408
0 0.912805 0.155746 0.011115 0.013446
0 0.636298 0.306715 0.010095 0.012543
0 0.941393 0.441014 0.011879 0.016194
0 0.892188 0.083854 0.010764 0.013682
0 0.984274 0.195840 0.011583 0.013881
0 0.753728 0.031210 0.011071 0.014004
0 0.566878 0.101344 0.007377 0.010376
0 0.942777 0.114251 0.009200 0.012418
0 0.755551 0.027162 0.009924 0.014297
0 0.978023 0.438690 0.012292 0.015955
0 0.831234 0.034119 0.012621 0.016129
0 0.347880 0.043765 0.008507 0.013288
0 0.797772 0.006537 0.010099 0.013073
0 0.838418 0.389443 0.010302 0.013260
0 0.951378 0.117921 0.010124 0.012898
0 0.849721 0.072652 0.009163 0.012303
0 0.792732 0.039643 0.009843 0.012121
0 0.856054 0.357186 0.010447 0.014098
0 0.972276 0.263898 0.011289 0.014158
0 0.718619 0.014018 0.008970 0.012928
0 0.726518 0.003345 0.008851 0.006690
0 0.963416 0.251226 0.009918 0.013072
0 0.810591 0.522117 0.013000 0.017303
0 0.883027 0.158319 0.011124 0.013009
0 0.744664 0.038361 0.010057 0.013421
0 0.766609 0.030110 0.009526 0.013062
0 0.841830 0.044676 0.008505 0.012675
0 0.836717 0.103745 0.008636 0.011592
0 0.759962 0.046319 0.012397 0.018180
0 0.845528 0.170074 0.012210 0.013678
0 0.914440 0.121453 0.011518 0.014421
0 0.845214 0.322963 0.012151 0.014792
0 0.842212 0.073166 0.010791 0.015116
0 0.883366 0.154334 0.009806 0.012982
0 0.761724 0.014799 0.012074 0.015686
0 0.794355 0.092462 0.009594 0.012505
0 0.837739 0.025610 0.010532 0.014358
0 0.877721 0.097213 0.015929 0.022432
0 0.850587 0.084585 0.010993 0.015888
0 0.655019 0.104737 0.012171 0.015061
0 0.252815 0.011979 0.012824 0.018662
0 0.493766 0.201294 0.012785 0.014807
0 0.841350 0.318477 0.010163 0.012157
0 0.976452 0.267978 0.010984 0.015306
0 0.893394 0.314728 0.016571 0.021124
0 0.551771 0.210383 0.015168 0.020689
0 0.821921 0.074761 0.011271 0.015294
0 0.803814 0.225262 0.016387 0.022289
0 0.899389 0.160402 0.011188 0.014007
0 0.810338 0.521795 0.018071 0.025311
