0 0.400146 0.501789 0.010394 0.013397
0 0.280122 0.163063 0.011145 0.014422
0 0.381456 0.360955 0.010655 0.013893
0 0.319255 0.475216 0.010718 0.013896
0 0.337387 0.513368 0.010440 0.013606
0 0.228193 0.429231 0.010173 0.013430
0 0.288180 0.264281 0.010963 0.013386
0 0.217190 0.110927 0.009976 0.012922
0 0.284327 0.342718 0.009922 0.013442
0 0.185894 0.099592 0.010899 0.014835
0 0.129904 0.329744 0.010214 0.014053
0 0.207189 0.399181 0.010139 0.013299
0 0.244511 0.266022 0.010060 0.013708
0 0.245135 0.391656 0.010203 0.013314
0 0.595704 0.539662 0.011143 0.015087
0 0.173146 0.440467 0.010449 0.013967
0 0.356978 0.054351 0.010267 0.013675
0 0.491445 0.553530 0.010515 0.013981
0 0.340927 0.361197 0.010340 0.013212
0 0.229335 0.456097 0.009010 0.011906
0 0.362433 0.196288 0.009502 0.012805
0 0.371599 0.462559 0.010123 0.013435
0 0.308776 0.262781 0.009753 0.012787
0 0.419143 0.355868 0.009897 0.013093
0 0.295510 0.538781 0.011412 0.014939
0 0.495036 0.505839 0.010561 0.014157
0 0.255606 0.383666 0.010664 0.013786
0 0.427929 0.514884 0.010377 0.013189
0 0.107462 0.297421 0.009933 0.013166
0 0.333998 0.275740 0.009896 0.012703
0 0.332978 0.134860 0.010210 0.013580
0 0.298586 0.476759 0.009332 0.012342
0 0.417446 0.573193 0.011096 0.014397
0 0.219292 0.282968 0.009832 0.012876
0 0.181036 0.373696 0.010590 0.014268
0 0.183037 0.436533 0.010052 0.013896
0 0.209138 0.199292 0.009872 0.012654
0 0.090181 0.056410 0.009376 0.012654
0 0.396409 0.449305 0.010300 0.013832
0 0.548737 0.401778 0.010685 0.015047
0 0.204821 0.133235 0.009930 0.013236
0 0.381683 0.512555 0.011779 0.013934
0 0.017893 0.088511 0.010357 0.013862
0 0.224310 0.258771 0.009769 0.012680
0 0.122759 0.185496 0.008803 0.010948
0 0.037092 0.225578 0.011421 0.014513
0 0.356066 0.529922 0.010315 0.013272
0 0.302218 0.487413 0.008986 0.011138
0 0.158706 0.392684 0.010678 0.013815
0 0.265973 0.154548 0.010136 0.013092
0 0.276583 0.029021 0.009377 0.012464
0 0.368970 0.511928 0.011167 0.013671
0 0.329150 0.386820 0.010171 0.013059
0 0.608070 0.589706 0.011109 0.014677
0 0.360573 0.556779 0.010967 0.014823
0 0.651044 0.540117 0.011505 0.015425
0 0.118152 0.162344 0.010098 0.011486
0 0.118072 0.175844 0.010233 0.013027
0 0.389795 0.401139 0.010758 0.013974
0 0.118904 0.217369 0.009524 0.012991
0 0.215144 0.183362 0.009916 0.013382
0 0.285020 0.453477 0.009823 0.013147
0 0.256462 0.410321 0.011332 0.014426
0 0.202212 0.058632 0.010432 0.013941
0 0.053298 0.263207 0.010025 0.012667
0 0.378641 0.501872 0.010811 0.013961
0 0.209630 0.438022 0.010492 0.013741
0 0.269337 0.166862 0.010566 0.013591
0 0.095420 0.148296 0.010319 0.012704
0 0.247462 0.347482 0.009628 0.013116
0 0.288193 0.254304 0.010429 0.010991
0 0.250830 0.438500 0.010466 0.013250
0 0.550784 0.553488 0.010868 0.013650
0 0.095136 0.199407 0.010666 0.013398
0 0.548486 0.539636 0.010210 0.013528
0 0.390275 0.563903 0.009969 0.013391
0 0.517712 0.417429 0.010770 0.014221
0 0.258881 0.109619 0.010505 0.014032
0 0.608137 0.154792 0.010355 0.013308
0 0.398775 0.137648 0.010852 0.014191
0 0.210381 0.164170 0.010599 0.014002
0 0.512306 0.506430 0.010286 0.013755
0 0.143743 0.234046 0.009245 0.012184
0 0.260217 0.433356 0.009691 0.013235
0 0.166629 0.081626 0.010485 0.013773
0 0.281423 0.181847 0.010159 0.013989
0 0.217689 0.195533 0.010520 0.012644
0 0.410498 0.469421 0.009868 0.013193
0 0.128060 0.094212 0.010415 0.013051
0 0.306148 0.230993 0.010243 0.013248
0 0.112554 0.036167 0.010892 0.013357
0 0.126358 0.314399 0.010619 0.014067
0 0.538291 0.505447 0.010963 0.014249
0 0.280161 0.431780 0.010987 0.014034
0 0.105846 0.147139 0.009679 0.012356
0 0.142582 0.096174 0.009545 0.011920
0 0.128452 0.062606 0.009281 0.012846
0 0.611410 0.069147 0.009990 0.013562
0 0.468054 0.127488 0.009859 0.012756
0 0.068891 0.129280 0.009284 0.013765
0 0.235093 0.446730 0.009936 0.013506
0 0.040530 0.170552 0.009809 0.012535
0 0.079035 0.137136 0.011273 0.013753
0 0.119321 0.372091 0.009702 0.012886
0 0.510423 0.650339 0.010828 0.014833
0 0.540153 0.006026 0.012270 0.012051
0 0.418222 0.557956 0.012424 0.015547
0 0.422712 0.390392 0.008882 0.013014
0 0.724806 0.512258 0.010967 0.014730
0 0.017429 0.141300 0.010488 0.012587
0 0.208853 0.267940 0.008851 0.011270
0 0.165572 0.233941 0.010821 0.014084
0 0.095642 0.358510 0.009271 0.012981
0 0.100404 0.137868 0.008746 0.011565
0 0.033411 0.178422 0.009672 0.012162
0 0.443296 0.533890 0.011622 0.015280
0 0.163306 0.427619 0.010562 0.013777
0 0.169118 0.405524 0.010623 0.013244
0 0.109695 0.347730 0.012178 0.014877
0 0.027239 0.148463 0.009511 0.013041
0 0.171607 0.390875 0.009719 0.013763
0 0.693476 0.442695 0.011195 0.015090
0 0.168569 0.060179 0.009385 0.012474
0 0.152650 0.120345 0.008226 0.012908
0 0.487276 0.399911 0.009250 0.012153
0 0.108497 0.321667 0.010169 0.012452
0 0.531042 0.075428 0.010092 0.013296
0 0.125003 0.044552 0.010020 0.013666
0 0.577732 0.542212 0.010533 0.014072
0 0.032470 0.352267 0.009508 0.012835
0 0.116505 0.153816 0.009129 0.012476
0 0.021293 0.129301 0.009716 0.012423
0 0.555137 0.563373 0.011777 0.014014
0 0.059069 0.147448 0.009481 0.012357
0 0.018913 0.170375 0.010327 0.013607
0 0.327271 0.365827 0.012095 0.014075
0 0.440946 0.452448 0.011579 0.014996
0 0.146363 0.119954 0.009193 0.012024
0 0.432131 0.392537 0.010406 0.014798
0 0.141380 0.357772 0.011902 0.014550
0 0.175793 0.089002 0.010044 0.013477
0 0.044306 0.100690 0.008848 0.011736
0 0.182171 0.081902 0.008756 0.011989
0 0.409180 0.531260 0.009547 0.013425
0 0.110794 0.363245 0.010868 0.013206
0 0.061208 0.340921 0.011472 0.015472
0 0.044613 0.137131 0.009531 0.012868
0 0.035907 0.099763 0.009533 0.013576
0 0.100182 0.115662 0.009822 0.012464
0 0.771143 0.375770 0.010812 0.014602
0 0.115903 0.024389 0.010320 0.013330
0 0.345258 0.207309 0.010321 0.014279
0 0.112754 0.092425 0.010667 0.014449
0 0.168683 0.361003 0.010220 0.013192
0 0.161958 0.178601 0.009793 0.012596
0 0.210951 0.004316 0.008969 0.008632
0 0.472782 0.175810 0.010033 0.013695
0 0.080261 0.386363 0.010341 0.013871
0 0.185049 0.116500 0.009557 0.011737
0 0.256657 0.352190 0.011243 0.014977
0 0.131923 0.171991 0.010521 0.013518
0 0.087568 0.178805 0.010273 0.013565
0 0.806841 0.124965 0.012734 0.017576
0 0.092196 0.043499 0.009358 0.010853
0 0.072430 0.317817 0.007805 0.011189
0 0.012827 0.112196 0.009339 0.012406
0 0.018876 0.363837 0.010831 0.013859
0 0.047565 0.216010 0.010031 0.012909
0 0.034537 0.085315 0.009423 0.011125
0 0.517137 0.549097 0.009883 0.012928
0 0.088439 0.355723 0.009400 0.012629
0 0.126123 0.151343 0.009044 0.012834
0 0.110388 0.108207 0.009373 0.014021
0 0.557931 0.426262 0.010466 0.014400
0 0.153516 0.151129 0.008693 0.012633
0 0.525171 0.143794 0.009008 0.012020
0 0.163938 0.279027 0.009137 0.011412
0 0.061428 0.358050 0.011557 0.014397
0 0.145346 0.154067 0.009671 0.012622
0 0.044087 0.086729 0.009337 0.011957
0 0.152311 0.137961 0.010815 0.014596
0 0.010045 0.062146 0.010506 0.014844
0 0.290808 0.512350 0.011281 0.014984
0 0.658567 0.460217 0.014050 0.018999
0 0.035699 0.146583 0.009078 0.013214
0 0.025691 0.113081 0.009772 0.012007
0 0.648555 0.183518 0.013093 0.017383
0 0.040047 0.194397 0.011302 0.015233
0 0.221163 0.006401 0.009569 0.012046
0 0.018719 0.103845 0.009937 0.011819
0 0.038410 0.041822 0.008970 0.012021
0 0.018980 0.298029 0.010147 0.013524
0 0.628280 0.202698 0.010328 0.013583
0 0.712838 0.566681 0.011175 0.015002
0 0.086194 0.111064 0.010520 0.013619
0 0.098582 0.004582 0.008830 0.009164
0 0.152585 0.218789 0.010752 0.013942
0 0.042071 0.110173 0.008746 0.010606
0 0.939641 0.111410 0.009951 0.013500
0 0.778306 0.511641 0.012489 0.015682
0 0.659027 0.454597 0.013184 0.016428
0 0.060818 0.132538 0.009512 0.013402
0 0.163243 0.136526 0.010819 0.013860
0 0.070088 0.387979 0.010464 0.013536
0 0.603793 0.628699 0.010842 0.015067
0 0.004034 0.077002 0.008069 0.014033
0 0.116149 0.010191 0.010687 0.013334
0 0.126583 0.029318 0.009195 0.012009
0 0.004889 0.110435 0.009606 0.014311
0 0.101314 0.331716 0.009838 0.013549
0 0.042251 0.520133 0.011741 0.015818
0 0.810738 0.066522 0.010977 0.014224
0 0.276501 0.202054 0.009987 0.012831
0 0.073066 0.366258 0.010486 0.013882
0 0.059720 0.207387 0.009963 0.013372
0 0.041278 0.115564 0.008453 0.011653
0 0.838644 0.116192 0.010796 0.014117
0 0.149566 0.349673 0.011015 0.014348
0 0.064270 0.216919 0.008715 0.011266
0 0.054050 0.188800 0.009920 0.012827
0 0.728463 0.289134 0.010726 0.013850
0 0.938369 0.442402 0.013975 0.018282
0 0.939778 0.084104 0.011282 0.015178
0 0.015895 0.044124 0.010545 0.013981
0 0.563072 0.161335 0.010125 0.013278
0 0.101973 0.364525 0.010435 0.014164
0 0.634158 0.618431 0.011539 0.015878
0 0.183214 0.126143 0.008262 0.011859
0 0.411106 0.514604 0.010004 0.014631
0 0.083233 0.094049 0.009529 0.011834
0 0.770891 0.424160 0.010806 0.014303
0 0.078459 0.321842 0.010080 0.013864
0 0.052058 0.076885 0.008219 0.012707
0 0.281178 0.201677 0.009580 0.013553
0 0.103659 0.141773 0.010845 0.013103
0 0.767483 0.500962 0.014656 0.021181
0 0.125422 0.082589 0.009110 0.012898
0 0.081562 0.046343 0.009598 0.012346
0 0.601369 0.170143 0.011078 0.013774
0 0.901978 0.342912 0.012174 0.016644
0 0.614544 0.415785 0.010321 0.013778
0 0.196335 0.250130 0.009520 0.011834
0 0.994373 0.337132 0.010717 0.015461
0 0.094714 0.015904 0.010080 0.012931
0 0.057518 0.022836 0.009774 0.011461
0 0.468225 0.157482 0.010454 0.014108
0 0.176709 0.113277 0.008629 0.011822
0 0.204527 0.260179 0.008710 0.011607
0 0.026873 0.100150 0.008426 0.011405
0 0.548830 0.168709 0.010783 0.014336
0 0.196410 0.031312 0.010828 0.015411
0 0.078974 0.168872 0.009514 0.012274
0 0.053797 0.177730 0.010602 0.013094
0 0.490016 0.493088 0.010492 0.013739
0 0.194317 0.528535 0.010844 0.013939
0 0.145557 0.069195 0.008396 0.009939
0 0.084385 0.071538 0.009057 0.011907
0 0.599836 0.689995 0.011693 0.015421
0 0.083831 0.010933 0.008696 0.011659
0 0.857177 0.450470 0.012461 0.015956
0 0.413041 0.508427 0.008804 0.012433
0 0.770229 0.440627 0.012701 0.017210
0 0.042596 0.004455 0.009150 0.008910
0 0.182477 0.026409 0.011179 0.013663
0 0.973468 0.177974 0.015287 0.017663
0 0.116787 0.107066 0.009691 0.012327
0 0.893977 0.451463 0.015450 0.019403
0 0.564787 0.382833 0.010575 0.014328
0 0.026443 0.036022 0.010768 0.013247
0 0.961293 0.163142 0.013929 0.018954
0 0.419218 0.164823 0.010622 0.014546
0 0.032979 0.006027 0.010713 0.012055
0 0.554412 0.189446 0.013097 0.015231
0 0.818620 0.476729 0.012237 0.016146
0 0.901692 0.481058 0.013376 0.017238
0 0.195258 0.244837 0.009367 0.012621
0 0.022505 0.036285 0.009305 0.012453
0 0.026845 0.091707 0.007907 0.011410
0 0.566731 0.182693 0.011106 0.015058
0 0.904523 0.233560 0.011393 0.014684
0 0.729011 0.062624 0.010172 0.014266
0 0.065312 0.032724 0.011513 0.014842
0 0.340114 0.175173 0.010117 0.013768
0 0.036984 0.037560 0.009867 0.013557
0 0.085877 0.077445 0.010578 0.014684
0 0.144620 0.062358 0.008374 0.012361
0 0.754686 0.508727 0.011355 0.016046
0 0.093515 0.004044 0.009822 0.008087
0 0.058482 0.071714 0.009408 0.013103
0 0.068473 0.041301 0.009020 0.013543
0 0.611456 0.204028 0.009540 0.012702
0 0.399761 0.501953 0.014626 0.020533
0 0.071251 0.102765 0.008627 0.011600
0 0.550327 0.554941 0.015809 0.021329
0 0.179383 0.152345 0.009945 0.013167
0 0.525874 0.558880 0.013122 0.017960
0 0.113014 0.365382 0.010360 0.013646
0 0.132080 0.163446 0.010458 0.016395
0 0.004689 0.006314 0.009042 0.012127
0 0.794219 0.136118 0.013215 0.017734
