0 0.517929 0.376151 0.009806 0.012931
0 0.230816 0.772190 0.010277 0.013533
0 0.556280 0.387377 0.010558 0.013196
0 0.268365 0.349856 0.010117 0.013490
0 0.376578 0.757890 0.010314 0.013689
0 0.623741 0.600207 0.011346 0.014417
0 0.161913 0.118964 0.010999 0.014623
0 0.537553 0.773380 0.010353 0.012330
0 0.348311 0.392956 0.009647 0.013200
0 0.391941 0.577996 0.010864 0.014429
0 0.434579 0.315143 0.010745 0.013350
0 0.432923 0.636576 0.009099 0.012083
0 0.635732 0.367135 0.010380 0.013419
0 0.415493 0.442439 0.010062 0.013514
0 0.506217 0.650124 0.009654 0.013116
0 0.446869 0.654032 0.009718 0.012904
0 0.231343 0.472570 0.010289 0.013639
0 0.552493 0.633299 0.009836 0.013025
0 0.653955 0.502920 0.010274 0.012738
0 0.442651 0.611188 0.010101 0.013603
0 0.475991 0.553640 0.009387 0.012209
0 0.380241 0.340285 0.009889 0.013039
0 0.657862 0.294071 0.010758 0.013712
0 0.341043 0.407263 0.010871 0.014387
0 0.498262 0.581654 0.009582 0.012245
0 0.198212 0.128493 0.011885 0.015963
0 0.397413 0.298496 0.010591 0.014542
0 0.474229 0.382978 0.009589 0.012215
0 0.594790 0.425018 0.009429 0.012312
0 0.509302 0.825008 0.010729 0.013924
0 0.448935 0.549655 0.009654 0.012996
0 0.426292 0.264218 0.009717 0.012708
0 0.411319 0.476008 0.009645 0.012651
0 0.689315 0.136746 0.010253 0.013821
0 0.317587 0.653243 0.010021 0.013042
0 0.397273 0.214854 0.010282 0.013270
0 0.689564 0.287925 0.009902 0.013432
0 0.611814 0.537493 0.010517 0.014101
0 0.477871 0.879937 0.012757 0.017661
0 0.623300 0.585417 0.011061 0.012441
0 0.584113 0.527440 0.010548 0.012983
0 0.615602 0.579960 0.010007 0.013640
0 0.700243 0.398325 0.008758 0.012506
0 0.553267 0.352001 0.010134 0.013120
0 0.470141 0.422648 0.010017 0.013871
0 0.579786 0.476629 0.008966 0.012378
0 0.395560 0.158234 0.009558 0.012250
0 0.529063 0.595953 0.010434 0.013212
0 0.320632 0.809844 0.009978 0.013187
0 0.500776 0.153748 0.011498 0.015263
0 0.560546 0.713182 0.010268 0.013663
0 0.650391 0.583918 0.010470 0.013983
0 0.372103 0.724460 0.009581 0.012548
0 0.590415 0.411134 0.009087 0.011814
0 0.367415 0.532555 0.010077 0.013272
0 0.630857 0.525668 0.010397 0.013314
0 0.611795 0.681327 0.009198 0.011896
0 0.448401 0.518390 0.008905 0.011936
0 0.387344 0.294680 0.009734 0.012580
0 0.277552 0.658819 0.011936 0.016099
0 0.553691 0.566891 0.010509 0.013770
0 0.434821 0.455177 0.009834 0.012962
0 0.497427 0.540267 0.009861 0.012746
0 0.482124 0.337209 0.010594 0.013990
0 0.575865 0.537449 0.010112 0.013047
0 0.387065 0.698276 0.009943 0.013011
0 0.446705 0.319965 0.009635 0.013137
0 0.556479 0.434099 0.008871 0.012128
0 0.341014 0.308703 0.009743 0.012966
0 0.619263 0.330589 0.009542 0.012877
0 0.684639 0.359134 0.010084 0.013937
0 0.439407 0.390114 0.011691 0.016223
0 0.435334 0.777962 0.010105 0.013183
0 0.579379 0.503951 0.010246 0.013483
0 0.550641 0.474265 0.010085 0.013746
0 0.729605 0.213505 0.010217 0.013356
0 0.453818 0.137200 0.009412 0.012368
0 0.666552 0.230463 0.010185 0.014557
0 0.755014 0.043280 0.010500 0.013923
0 0.561423 0.445013 0.010283 0.012158
0 0.556673 0.456998 0.009098 0.013371
0 0.561405 0.469560 0.010315 0.013039
0 0.692527 0.359865 0.007872 0.012862
0 0.514788 0.648010 0.010536 0.014033
0 0.662114 0.242885 0.010504 0.012866
0 0.657287 0.632458 0.009891 0.013025
0 0.744135 0.513390 0.010348 0.013323
0 0.509005 0.502596 0.009035 0.012530
0 0.410388 0.163903 0.009464 0.012694
0 0.639643 0.401462 0.010924 0.013805
0 0.397723 0.393069 0.010024 0.012792
0 0.555094 0.793599 0.010770 0.014114
0 0.516098 0.608100 0.010524 0.013945
0 0.611499 0.078222 0.010691 0.015027
0 0.540900 0.571034 0.009980 0.013141
0 0.425303 0.361969 0.008718 0.012248
0 0.767641 0.171027 0.010742 0.014636
0 0.626695 0.393452 0.009917 0.013538
0 0.619385 0.062527 0.012311 0.017212
0 0.562850 0.273364 0.011046 0.014243
0 0.564915 0.367886 0.009768 0.013232
0 0.601000 0.503432 0.009812 0.014199
0 0.669102 0.444688 0.009619 0.013434
0 0.525810 0.524115 0.010995 0.014346
0 0.554829 0.811572 0.011272 0.014446
0 0.692489 0.227311 0.009800 0.012669
0 0.601992 0.284385 0.009943 0.012745
0 0.685081 0.559058 0.011164 0.014829
0 0.689442 0.429273 0.009506 0.012957
0 0.572123 0.470923 0.008938 0.011586
0 0.497110 0.467068 0.009704 0.013295
0 0.505701 0.894259 0.010618 0.014281
0 0.451750 0.833555 0.010500 0.012798
0 0.673230 0.179239 0.011014 0.014008
0 0.449100 0.938917 0.010598 0.014185
0 0.481497 0.405307 0.010947 0.014146
0 0.488676 0.714865 0.011469 0.014426
0 0.632487 0.453005 0.010511 0.013349
0 0.592427 0.505102 0.010680 0.015883
0 0.639156 0.501217 0.011108 0.014272
0 0.725629 0.005811 0.011142 0.011621
0 0.648785 0.379983 0.010469 0.013631
0 0.403385 0.592779 0.010573 0.012738
0 0.611670 0.279540 0.008972 0.012508
0 0.911268 0.038068 0.009989 0.013075
0 0.517208 0.541066 0.010210 0.013432
0 0.411219 0.571620 0.009762 0.012614
0 0.673495 0.743489 0.011679 0.014296
0 0.524217 0.512548 0.009454 0.011689
0 0.609500 0.630490 0.010836 0.014457
0 0.605012 0.896596 0.011220 0.015257
0 0.447697 0.466764 0.009100 0.012422
0 0.471329 0.503806 0.009689 0.012934
0 0.739056 0.485855 0.010238 0.014176
0 0.767824 0.535022 0.010341 0.014159
0 0.438464 0.552715 0.009920 0.013166
0 0.713894 0.440465 0.010030 0.013239
0 0.409747 0.394835 0.009663 0.012811
0 0.544314 0.505039 0.009987 0.014138
0 0.693060 0.183276 0.010559 0.013999
0 0.547384 0.583190 0.011019 0.013788
0 0.705137 0.700901 0.010587 0.014117
0 0.456430 0.888957 0.010462 0.014073
0 0.625668 0.491468 0.011050 0.013563
0 0.743148 0.387545 0.010144 0.012893
0 0.717472 0.429263 0.010500 0.012570
0 0.277997 0.940034 0.012582 0.016981
0 0.662605 0.096847 0.010962 0.013990
0 0.761205 0.308386 0.010416 0.014094
0 0.532100 0.763978 0.008896 0.012260
0 0.517512 0.790117 0.009131 0.012896
0 0.238390 0.376749 0.009711 0.013530
0 0.732057 0.378264 0.011137 0.014659
0 0.623128 0.142209 0.010779 0.014054
0 0.586276 0.317929 0.010151 0.013244
0 0.516424 0.507695 0.008046 0.010847
0 0.697828 0.452579 0.010083 0.013859
0 0.454286 0.192180 0.010236 0.013257
0 0.769009 0.483798 0.010403 0.013792
0 0.618006 0.758536 0.009473 0.012794
0 0.452011 0.783575 0.011972 0.016131
0 0.591078 0.438352 0.009950 0.013194
0 0.603751 0.581615 0.009959 0.013355
0 0.874552 0.008191 0.012765 0.016235
0 0.677741 0.674572 0.011024 0.014328
0 0.684967 0.513653 0.009924 0.013171
0 0.705162 0.501737 0.010040 0.013110
0 0.694256 0.157172 0.011073 0.013680
0 0.633975 0.659631 0.010591 0.014180
0 0.533596 0.519852 0.009172 0.011763
0 0.627816 0.480471 0.010648 0.013521
0 0.787397 0.267050 0.010914 0.013976
0 0.665808 0.664052 0.010466 0.013820
0 0.918179 0.082115 0.010363 0.013835
0 0.346793 0.878822 0.010519 0.013766
0 0.560388 0.536767 0.007686 0.011967
0 0.471502 0.696235 0.010766 0.013883
0 0.658533 0.741839 0.011107 0.014079
0 0.375778 0.865249 0.013086 0.016667
0 0.367721 0.479647 0.010474 0.013208
0 0.556207 0.525837 0.009839 0.012294
0 0.747823 0.470594 0.009849 0.013419
0 0.768200 0.409812 0.010763 0.013858
0 0.806152 0.108174 0.010621 0.013885
0 0.598415 0.785030 0.009576 0.012721
0 0.776365 0.288807 0.009862 0.012155
0 0.443394 0.814269 0.010137 0.014367
0 0.642647 0.456071 0.009425 0.012263
0 0.750477 0.574271 0.011401 0.016076
0 0.826901 0.103432 0.011389 0.014579
0 0.603914 0.248021 0.008959 0.011813
0 0.449416 0.377529 0.010813 0.015103
0 0.776232 0.463165 0.009672 0.013075
0 0.655911 0.266885 0.009938 0.013495
0 0.729600 0.556455 0.010063 0.013096
0 0.638192 0.271881 0.010050 0.013483
0 0.558905 0.372790 0.010513 0.014120
0 0.723195 0.450189 0.010821 0.013496
0 0.451291 0.807338 0.009261 0.013232
0 0.633488 0.340968 0.009913 0.013866
0 0.724381 0.651582 0.010110 0.013362
0 0.730686 0.415839 0.009606 0.012667
0 0.528145 0.461625 0.009123 0.012518
0 0.664642 0.361399 0.010263 0.013904
0 0.932058 0.136850 0.010473 0.013663
0 0.643591 0.706261 0.008574 0.011083
0 0.699204 0.678529 0.010281 0.013685
0 0.525489 0.444962 0.008702 0.012441
0 0.534131 0.469125 0.008859 0.011937
0 0.594784 0.799818 0.009689 0.013732
0 0.477652 0.320305 0.009716 0.013036
0 0.669970 0.549345 0.010555 0.014638
0 0.766779 0.338110 0.011513 0.015279
0 0.681585 0.545119 0.009948 0.013276
0 0.587758 0.205858 0.009521 0.012819
0 0.465358 0.215346 0.009868 0.012759
0 0.469047 0.680089 0.012083 0.016047
0 0.745386 0.497529 0.010140 0.013774
0 0.741795 0.575432 0.010212 0.014111
0 0.678466 0.211480 0.011560 0.014796
0 0.727180 0.331896 0.014318 0.018743
0 0.406999 0.177685 0.010884 0.013580
0 0.726088 0.173959 0.010610 0.013866
0 0.622932 0.219313 0.010874 0.013498
0 0.946975 0.112416 0.010072 0.013884
0 0.770629 0.267839 0.010461 0.013797
0 0.630919 0.870342 0.011065 0.015005
0 0.847375 0.167418 0.011467 0.014334
0 0.688768 0.480795 0.010013 0.012629
0 0.947267 0.242187 0.011295 0.015132
0 0.670557 0.794956 0.010999 0.014528
0 0.462455 0.819881 0.010240 0.013925
0 0.761275 0.384113 0.009419 0.012116
0 0.587537 0.430109 0.008301 0.011196
0 0.796010 0.112743 0.010919 0.014711
0 0.631670 0.421159 0.009555 0.012412
0 0.553579 0.536507 0.009475 0.012020
0 0.633185 0.129223 0.012093 0.016120
0 0.239679 0.372389 0.009576 0.012491
0 0.755441 0.429610 0.010425 0.013330
0 0.736646 0.500164 0.010838 0.014421
0 0.798954 0.222432 0.010963 0.013965
0 0.744595 0.651795 0.010562 0.014424
0 0.612100 0.819824 0.010619 0.014291
0 0.734774 0.450577 0.010211 0.012336
0 0.729404 0.724118 0.010666 0.014505
0 0.547364 0.877539 0.013617 0.017579
0 0.730309 0.521492 0.010284 0.013408
0 0.469428 0.901523 0.012859 0.016841
0 0.778775 0.113147 0.010038 0.013579
0 0.536343 0.919192 0.009548 0.012986
0 0.626112 0.825625 0.011336 0.014583
0 0.738539 0.423817 0.009372 0.012690
0 0.451279 0.344567 0.010367 0.013222
0 0.643166 0.465055 0.009777 0.010683
0 0.671153 0.827201 0.011636 0.015220
0 0.511956 0.810201 0.007960 0.010834
0 0.467426 0.373446 0.009838 0.012659
0 0.281535 0.351393 0.007937 0.009586
0 0.729223 0.750318 0.010848 0.015643
0 0.846278 0.334913 0.011425 0.014566
0 0.531985 0.282053 0.010386 0.013803
0 0.760608 0.467248 0.009624 0.012473
0 0.659882 0.793776 0.011166 0.014639
0 0.414393 0.928049 0.012511 0.016088
0 0.642077 0.714856 0.009485 0.011548
0 0.675084 0.724187 0.010538 0.013941
0 0.780253 0.631384 0.011800 0.015773
0 0.682840 0.818711 0.009518 0.012795
0 0.723871 0.398609 0.009905 0.012289
0 0.786084 0.349044 0.010733 0.014070
0 0.681407 0.434355 0.008640 0.012871
0 0.736823 0.398460 0.009440 0.011942
0 0.682163 0.729492 0.010088 0.013063
0 0.792372 0.449168 0.010010 0.011959
0 0.677715 0.776137 0.009676 0.013653
0 0.430256 0.064219 0.011130 0.015232
0 0.759787 0.531832 0.009392 0.012877
0 0.760137 0.477725 0.010061 0.012555
0 0.763269 0.446378 0.010200 0.013731
0 0.691403 0.706724 0.010885 0.014917
0 0.289551 0.357425 0.010379 0.013059
0 0.775685 0.276516 0.009668 0.011197
0 0.563005 0.321810 0.011290 0.014792
0 0.213200 0.139344 0.010435 0.012558
0 0.900506 0.105813 0.010660 0.014791
0 0.847112 0.355766 0.010369 0.013694
0 0.609948 0.519759 0.010095 0.013758
0 0.955050 0.407772 0.011661 0.015131
0 0.551476 0.456967 0.012350 0.014134
0 0.730308 0.365225 0.009959 0.012604
0 0.647276 0.789987 0.010436 0.014129
0 0.741334 0.736758 0.010936 0.014781
0 0.743805 0.823390 0.013084 0.017360
0 0.606654 0.851007 0.010170 0.013760
0 0.991752 0.298221 0.013373 0.018016
0 0.835800 0.325296 0.011366 0.013707
0 0.951861 0.188743 0.011406 0.015253
0 0.517779 0.445820 0.008698 0.012986
0 0.783553 0.459786 0.009912 0.013464
