0 0.806720 0.873675 0.011091 0.014649
0 0.823688 0.625987 0.012305 0.016098
0 0.742855 0.757406 0.009966 0.013094
0 0.641555 0.880288 0.013302 0.017796
0 0.755735 0.795541 0.010841 0.014762
0 0.590310 0.657763 0.011512 0.015411
0 0.790864 0.908884 0.010277 0.013298
0 0.593565 0.900949 0.012682 0.016696
0 0.403739 0.916367 0.010413 0.014342
0 0.531587 0.897518 0.010591 0.013977
0 0.586990 0.745988 0.010825 0.013395
0 0.525170 0.754814 0.010430 0.013722
0 0.779636 0.684969 0.011807 0.015415
0 0.705738 0.796921 0.010763 0.014085
0 0.714446 0.871972 0.010029 0.013247
0 0.396069 0.922444 0.010833 0.014116
0 0.446728 0.816746 0.010360 0.013073
0 0.644781 0.988762 0.012244 0.015586
0 0.398930 0.898097 0.009648 0.013123
0 0.738854 0.906839 0.010058 0.013793
0 0.636857 0.574548 0.011388 0.015118
0 0.531904 0.814254 0.012228 0.015519
0 0.161558 0.880759 0.010515 0.013084
0 0.770720 0.689997 0.008648 0.012681
0 0.639332 0.862325 0.011317 0.015316
0 0.152784 0.820110 0.009126 0.011988
0 0.995278 0.601551 0.009443 0.015890
0 0.791526 0.570411 0.008467 0.012486
0 0.520155 0.778129 0.009329 0.012617
0 0.145424 0.829644 0.009823 0.013310
0 0.362597 0.795809 0.010305 0.013439
0 0.793057 0.940317 0.010510 0.013328
0 0.652424 0.908731 0.010290 0.013691
0 0.801629 0.929820 0.010689 0.014575
0 0.602856 0.976188 0.010453 0.013464
0 0.582829 0.756388 0.009943 0.013470
0 0.205393 0.921429 0.010013 0.013154
0 0.235132 0.857791 0.010293 0.013327
0 0.418510 0.947004 0.010162 0.013603
0 0.842463 0.880267 0.011321 0.015161
0 0.661402 0.900063 0.010615 0.014102
0 0.461747 0.830656 0.010864 0.014284
0 0.512841 0.930201 0.010240 0.012946
0 0.468621 0.772587 0.011622 0.014478
0 0.995750 0.481271 0.008229 0.012886
0 0.175661 0.870249 0.010281 0.013329
0 0.234919 0.896839 0.010464 0.013449
0 0.506147 0.950481 0.012180 0.014904
0 0.563253 0.910501 0.011182 0.015465
0 0.548954 0.628406 0.012507 0.016455
0 0.561722 0.992886 0.011761 0.013116
0 0.025528 0.379993 0.011423 0.014579
0 0.016216 0.734521 0.013434 0.017630
0 0.827334 0.656546 0.011466 0.014236
0 0.783876 0.573667 0.009556 0.013488
0 0.044588 0.789441 0.009873 0.013403
0 0.816207 0.669380 0.011704 0.014797
0 0.962285 0.526657 0.012192 0.017065
0 0.590099 0.641735 0.008854 0.011677
0 0.861128 0.927944 0.011730 0.015708
0 0.872243 0.882009 0.010729 0.014214
0 0.773993 0.992561 0.011303 0.013087
0 0.742700 0.947267 0.010307 0.014566
0 0.547889 0.671173 0.010712 0.013243
0 0.340536 0.994148 0.009531 0.010579
0 0.955658 0.989802 0.011879 0.016102
0 0.435853 0.781890 0.010651 0.013552
0 0.608812 0.986541 0.010899 0.015551
0 0.200543 0.944820 0.009991 0.013180
0 0.521687 0.601451 0.011282 0.014555
0 0.258593 0.861754 0.010526 0.014427
0 0.863673 0.919585 0.009761 0.011624
0 0.270455 0.866496 0.013126 0.017198
0 0.711982 0.300380 0.012619 0.017361
0 0.827255 0.666841 0.012758 0.015461
0 0.688050 0.829669 0.015037 0.019469
0 0.917103 0.794432 0.012293 0.018003
0 0.344918 0.948230 0.011637 0.015280
0 0.979784 0.767837 0.011064 0.014146
0 0.706792 0.983061 0.011538 0.015779
0 0.484558 0.992859 0.014351 0.014233
0 0.303128 0.897402 0.010844 0.014142
0 0.501076 0.937733 0.010940 0.014089
0 0.278768 0.835444 0.010039 0.013651
0 0.960076 0.804141 0.012391 0.016096
0 0.944484 0.868328 0.011367 0.015011
0 0.522807 0.907278 0.009996 0.013521
0 0.298384 0.848283 0.013185 0.016658
0 0.354318 0.607587 0.011631 0.015700
0 0.051993 0.410083 0.010406 0.014778
0 0.521353 0.901812 0.010644 0.014045
0 0.586042 0.752545 0.012148 0.015241
0 0.676437 0.943465 0.011208 0.014536
0 0.375664 0.944104 0.010129 0.012623
0 0.290857 0.798056 0.009654 0.012241
0 0.988960 0.871897 0.011125 0.014412
0 0.081151 0.981023 0.011927 0.015728
0 0.052078 0.942046 0.010623 0.013456
0 0.423981 0.736488 0.009507 0.012509
0 0.890111 0.524472 0.014635 0.019726
0 0.771112 0.680384 0.008762 0.011919
0 0.459431 0.673572 0.009624 0.010308
0 0.515233 0.966974 0.010900 0.015697
0 0.626182 0.818706 0.009829 0.012528
0 0.988719 0.834430 0.013170 0.016991
0 0.243108 0.584684 0.012980 0.016865
0 0.624626 0.822059 0.010261 0.013701
0 0.460991 0.682603 0.010251 0.013022
0 0.089042 0.434708 0.011413 0.014577
0 0.670097 0.908931 0.010704 0.014031
0 0.458628 0.684358 0.008621 0.010327
0 0.391795 0.461647 0.013196 0.017087
0 0.512788 0.506159 0.010472 0.013244
0 0.963583 0.921242 0.011229 0.015010
0 0.712468 0.996251 0.008078 0.007497
0 0.488111 0.907341 0.010195 0.013851
0 0.959167 0.523004 0.015696 0.020759
0 0.484674 0.890513 0.014276 0.018438
0 0.676144 0.837039 0.007094 0.010785
0 0.760024 0.369776 0.010147 0.012044
0 0.570813 0.502437 0.012034 0.015369
0 0.775009 0.376134 0.011633 0.015626
0 0.970796 0.486223 0.009308 0.012505
0 0.910698 0.226486 0.009220 0.012285
0 0.043602 0.502386 0.012165 0.015429
0 0.024633 0.382272 0.016239 0.022618
0 0.150106 0.824584 0.011071 0.016189
0 0.671657 0.911752 0.009890 0.012492
0 0.842642 0.881396 0.016695 0.021868
0 0.237271 0.975479 0.010401 0.013337
0 0.755778 0.794905 0.015760 0.021467
0 0.535542 0.573586 0.011266 0.014439
0 0.472240 0.891397 0.011651 0.016312
0 0.637826 0.574208 0.015778 0.022038
0 0.967931 0.829288 0.011525 0.015376
0 0.785893 0.144238 0.011961 0.014839
0 0.889217 0.522501 0.020812 0.027912
0 0.488258 0.816859 0.009337 0.012020
0 0.904488 0.250961 0.006444 0.009652
0 0.989064 0.834247 0.019108 0.025027
0 0.971401 0.484221 0.013732 0.017508
0 0.423302 0.737110 0.014709 0.018617
0 0.760777 0.378523 0.010482 0.014588
