0 0.103212 0.554351 0.010282 0.013203
0 0.247677 0.080731 0.010462 0.013732
0 0.229083 0.335502 0.010840 0.014011
0 0.207315 0.625761 0.010649 0.014251
0 0.365267 0.241950 0.011313 0.014483
0 0.145876 0.379161 0.010096 0.013029
0 0.276494 0.865713 0.012252 0.016876
0 0.114238 0.163917 0.011332 0.015360
0 0.090323 0.068884 0.010623 0.014369
0 0.169271 0.193240 0.010432 0.014167
0 0.154922 0.569028 0.011549 0.014821
0 0.057749 0.267432 0.011574 0.015146
0 0.092184 0.377309 0.010950 0.013599
0 0.037507 0.200117 0.010986 0.013529
0 0.177413 0.540837 0.011142 0.014994
0 0.108515 0.298355 0.011275 0.014798
0 0.043584 0.244617 0.010585 0.014139
0 0.181816 0.357863 0.009429 0.012653
0 0.217878 0.242777 0.012974 0.016679
0 0.027174 0.097007 0.011015 0.014798
0 0.215001 0.730127 0.011590 0.015223
0 0.044598 0.281762 0.010427 0.013237
0 0.035629 0.391765 0.010958 0.014377
0 0.041391 0.910884 0.011207 0.015110
0 0.073193 0.441192 0.011910 0.015905
0 0.051044 0.661303 0.010357 0.014399
0 0.059761 0.650346 0.011737 0.015516
0 0.038197 0.556706 0.011217 0.014721
0 0.050366 0.170080 0.010042 0.013220
0 0.169150 0.212175 0.010338 0.012863
0 0.039414 0.296056 0.011502 0.015997
0 0.201838 0.888203 0.011238 0.014503
0 0.130647 0.601434 0.011622 0.015410
0 0.128175 0.607584 0.011704 0.016364
0 0.205315 0.255546 0.011016 0.015015
0 0.009424 0.356797 0.011194 0.014078
0 0.011318 0.304895 0.009776 0.012226
0 0.251154 0.742891 0.013677 0.016324
0 0.620230 0.082651 0.011508 0.015118
0 0.039449 0.268192 0.010947 0.014855
0 0.075571 0.663307 0.010007 0.012951
0 0.225245 0.823898 0.012358 0.016354
0 0.030554 0.274726 0.013520 0.016371
0 0.103069 0.360075 0.010941 0.014781
0 0.335223 0.831170 0.008769 0.011511
0 0.064922 0.728746 0.013769 0.019655
0 0.036663 0.473881 0.007363 0.009542
0 0.018623 0.459328 0.009915 0.013922
0 0.200965 0.016800 0.009656 0.013485
0 0.141113 0.240960 0.012063 0.015115
0 0.249160 0.726787 0.011052 0.015711
0 0.016482 0.291302 0.012975 0.018690
0 0.006899 0.279017 0.008560 0.011982
0 0.020646 0.741007 0.010748 0.014419
0 0.258289 0.167789 0.011831 0.015287
0 0.046910 0.382283 0.012596 0.016888
0 0.244118 0.729724 0.011183 0.016407
0 0.204742 0.019709 0.010287 0.013813
0 0.129629 0.795175 0.013447 0.017655
0 0.148599 0.214741 0.010675 0.014111
0 0.012653 0.613733 0.011140 0.014368
0 0.307948 0.359309 0.012086 0.015407
0 0.167221 0.224653 0.010194 0.012754
0 0.145417 0.220871 0.009478 0.013083
0 0.201637 0.140816 0.007396 0.009962
0 0.162050 0.223900 0.010936 0.014691
0 0.098836 0.004069 0.009429 0.008137
0 0.009173 0.423375 0.011976 0.014654
0 0.177758 0.366680 0.007779 0.010192
0 0.003594 0.357362 0.007188 0.015273
0 0.019914 0.194512 0.011288 0.013898
0 0.171193 0.220539 0.010653 0.014001
0 0.010187 0.409978 0.010529 0.012732
0 0.464526 0.242050 0.007744 0.010140
0 0.040126 0.961526 0.013243 0.016670
0 0.015449 0.685981 0.013041 0.016990
0 0.003318 0.762137 0.006636 0.012237
0 0.191246 0.699230 0.012534 0.014931
0 0.411667 0.111847 0.010278 0.012873
0 0.319387 0.344262 0.011814 0.013492
0 0.381431 0.293746 0.007420 0.010389
0 0.125773 0.611356 0.014496 0.020134
0 0.008463 0.281902 0.011783 0.015026
0 0.012406 0.723094 0.010002 0.013167
0 0.052708 0.646489 0.009285 0.011552
0 0.195701 0.696135 0.010614 0.013525
0 0.022905 0.390001 0.011993 0.015658
0 0.183718 0.426985 0.008766 0.011718
0 0.257250 0.763297 0.008459 0.011132
0 0.447672 0.502704 0.009873 0.013568
0 0.059410 0.733861 0.014585 0.019738
0 0.049726 0.991170 0.010546 0.014179
0 0.005905 0.713193 0.011741 0.017178
0 0.163274 0.218089 0.009476 0.011877
0 0.023938 0.655870 0.015503 0.019608
0 0.203411 0.446096 0.007908 0.009192
0 0.453474 0.496343 0.008720 0.011565
0 0.043878 0.384836 0.013055 0.017289
0 0.170577 0.216092 0.012284 0.015196
0 0.080128 0.523134 0.008006 0.009917
0 0.056033 0.737848 0.014704 0.018395
0 0.030384 0.792644 0.015851 0.019681
0 0.006511 0.425706 0.011826 0.016606
0 0.181722 0.672194 0.010387 0.012337
0 0.314972 0.359213 0.012249 0.016027
0 0.099509 0.005044 0.014387 0.010088
0 0.011893 0.642364 0.010859 0.013942
0 0.129118 0.796927 0.021798 0.029554
0 0.182604 0.416906 0.008513 0.012526
0 0.104209 0.054768 0.007833 0.009396
0 0.130637 0.603293 0.017257 0.023151
0 0.055987 0.656230 0.012655 0.017659
0 0.447652 0.495732 0.010024 0.011730
0 0.228652 0.335613 0.015568 0.020389
0 0.184278 0.688432 0.012187 0.016110
0 0.277797 0.864864 0.017694 0.024478
0 0.619748 0.083109 0.016521 0.022670
0 0.335306 0.831333 0.013028 0.017395
0 0.445641 0.485233 0.009543 0.012070
0 0.007284 0.359670 0.008794 0.013882
0 0.208539 0.625269 0.014945 0.020490
0 0.102978 0.554390 0.014668 0.019479
0 0.146105 0.202601 0.008459 0.009151
0 0.028566 0.097230 0.015464 0.021409
0 0.331714 0.402025 0.007866 0.010170
0 0.091360 0.070000 0.016300 0.021952
0 0.016415 0.711825 0.012142 0.015393
0 0.072753 0.440851 0.018265 0.024023
0 0.185064 0.278585 0.006750 0.008818
0 0.181486 0.356838 0.013662 0.018233
0 0.213948 0.730331 0.016568 0.022282
0 0.311028 0.363703 0.013489 0.017722
0 0.038465 0.555676 0.015687 0.021059
0 0.006910 0.355970 0.011723 0.019789
0 0.113008 0.165270 0.016945 0.021686
0 0.209338 0.324842 0.005732 0.008131
