0 0.743549 0.308827 0.010720 0.014471
0 0.831777 0.013865 0.012851 0.017036
0 0.579931 0.180501 0.011341 0.015493
0 0.791354 0.009112 0.012696 0.016726
0 0.666455 0.200022 0.010674 0.014809
0 0.620565 0.137159 0.011835 0.015061
0 0.665737 0.050238 0.010420 0.013914
0 0.959409 0.006876 0.012173 0.013752
0 0.705590 0.022729 0.011819 0.016025
0 0.314976 0.108581 0.011794 0.015700
0 0.658632 0.106594 0.011057 0.014439
0 0.743791 0.220060 0.010743 0.014045
0 0.795116 0.240050 0.011808 0.015547
0 0.861248 0.244108 0.011574 0.015743
0 0.961855 0.367251 0.012428 0.016027
0 0.748760 0.110402 0.011217 0.014531
0 0.935911 0.233878 0.010497 0.014139
0 0.688239 0.132403 0.011452 0.014975
0 0.804103 0.006501 0.012636 0.013002
0 0.716420 0.192400 0.010924 0.014506
0 0.729092 0.170441 0.011043 0.013895
0 0.722497 0.007968 0.011159 0.014565
0 0.434599 0.221158 0.011247 0.014906
0 0.756752 0.134590 0.012045 0.015113
0 0.915363 0.122853 0.012162 0.016024
0 0.935328 0.074652 0.012133 0.016374
0 0.625822 0.156985 0.011451 0.014651
0 0.743007 0.075133 0.011664 0.015481
0 0.743053 0.152811 0.011508 0.014340
0 0.919452 0.141913 0.013302 0.018091
0 0.550858 0.205701 0.013459 0.017930
0 0.561361 0.081746 0.011589 0.014282
0 0.297002 0.075229 0.013869 0.018158
0 0.687721 0.159847 0.012853 0.015632
0 0.668902 0.077131 0.010516 0.013702
0 0.543180 0.226355 0.011067 0.016827
0 0.622872 0.014628 0.011336 0.014845
0 0.668487 0.098534 0.010080 0.014240
0 0.541002 0.047629 0.011339 0.015463
0 0.511110 0.042719 0.012576 0.016847
0 0.603849 0.314124 0.011098 0.015291
0 0.668438 0.109313 0.010526 0.015439
0 0.431112 0.055102 0.010986 0.014882
0 0.668976 0.139369 0.010800 0.014059
0 0.581557 0.073576 0.011049 0.014603
0 0.642974 0.027437 0.011322 0.015053
0 0.947487 0.405074 0.011812 0.014725
0 0.743779 0.164382 0.010680 0.013306
0 0.390960 0.190256 0.015235 0.020258
0 0.600002 0.341886 0.009873 0.012179
0 0.702813 0.005818 0.012010 0.011636
0 0.505640 0.112914 0.010447 0.013547
0 0.598708 0.056240 0.010367 0.012139
0 0.992327 0.367042 0.010844 0.014087
0 0.598763 0.086581 0.012779 0.016272
0 0.945488 0.393771 0.009607 0.012802
0 0.597527 0.123231 0.010319 0.013923
0 0.836076 0.157654 0.012129 0.016011
0 0.731392 0.386802 0.009281 0.012744
0 0.865606 0.117985 0.011523 0.014581
0 0.469550 0.236955 0.011280 0.014739
0 0.396992 0.005689 0.010690 0.011378
0 0.483045 0.108428 0.010841 0.014067
0 0.622515 0.088627 0.010605 0.013330
0 0.398484 0.195996 0.010679 0.013617
0 0.785949 0.096304 0.012104 0.015950
0 0.597148 0.068485 0.010532 0.013376
0 0.700796 0.175501 0.012440 0.015528
0 0.415714 0.076750 0.010094 0.013222
0 0.996001 0.058350 0.007998 0.014930
0 0.477909 0.117081 0.009712 0.012904
0 0.427152 0.220486 0.009730 0.014916
0 0.537563 0.129187 0.009622 0.012356
0 0.959789 0.440695 0.014218 0.019021
0 0.657429 0.225570 0.012895 0.017198
0 0.531897 0.136529 0.009513 0.013136
0 0.625712 0.098179 0.009786 0.010627
0 0.678061 0.103439 0.010397 0.014612
0 0.626354 0.110918 0.009707 0.012963
0 0.737300 0.034851 0.012068 0.015778
0 0.621064 0.003996 0.009735 0.007991
0 0.466202 0.239634 0.011171 0.015101
0 0.724507 0.158901 0.010483 0.014950
0 0.554394 0.099081 0.013148 0.018137
0 0.716707 0.159702 0.010518 0.015119
0 0.496711 0.116821 0.009435 0.013792
0 0.597835 0.058173 0.014217 0.018151
0 0.369868 0.574185 0.009068 0.012451
0 0.366908 0.574690 0.009487 0.012317
0 0.349336 0.092363 0.009927 0.013185
0 0.628489 0.005121 0.011180 0.010241
0 0.600443 0.325914 0.010756 0.011276
0 0.386542 0.188815 0.019444 0.025156
0 0.548049 0.208703 0.012828 0.017726
0 0.600033 0.222097 0.009216 0.011454
0 0.770840 0.003795 0.009622 0.007591
0 0.615439 0.104201 0.009339 0.012166
0 0.426725 0.057578 0.011343 0.015666
0 0.648439 0.140647 0.015415 0.020636
0 0.665634 0.050606 0.015256 0.019053
0 0.901886 0.283706 0.014549 0.019039
0 0.624391 0.108140 0.010931 0.013337
0 0.856677 0.123513 0.008100 0.011440
0 0.600525 0.217591 0.009735 0.012574
0 0.621768 0.097186 0.010883 0.011660
0 0.510493 0.042753 0.017582 0.024234
0 0.959433 0.008770 0.017209 0.017539
0 0.567699 0.199148 0.005738 0.010650
0 0.743533 0.309179 0.016003 0.020726
0 0.611158 0.237488 0.010403 0.013595
0 0.960029 0.441768 0.020219 0.027397
0 0.314619 0.110178 0.019415 0.024023
0 0.435167 0.221137 0.015921 0.021898
0 0.859375 0.384632 0.010258 0.014195
0 0.950297 0.404192 0.015026 0.020383
0 0.540806 0.048543 0.017643 0.023024
0 0.831994 0.013779 0.019364 0.026611
0 0.719358 0.158421 0.017375 0.021901
0 0.746134 0.003526 0.009048 0.007052
0 0.388372 0.191219 0.033363 0.044880
0 0.861243 0.243624 0.017415 0.023245
0 0.550549 0.203877 0.021284 0.028637
0 0.644423 0.003425 0.009003 0.006849
0 0.600551 0.219181 0.006311 0.008685
0 0.423200 0.060390 0.012170 0.016882
0 0.786384 0.095433 0.016999 0.023345
0 0.506388 0.113461 0.014653 0.019808
0 0.958946 0.441044 0.030916 0.042215
0 0.395970 0.193509 0.021095 0.024791
0 0.736949 0.037197 0.017901 0.024276
0 0.535742 0.003778 0.009996 0.007556
0 0.865852 0.117191 0.016053 0.022445
0 0.935957 0.077022 0.019667 0.028100
0 0.688661 0.131847 0.016795 0.020734
0 0.853598 0.125980 0.008346 0.012137
0 0.935888 0.232844 0.016171 0.022835
0 0.657946 0.105919 0.015857 0.021108
0 0.716319 0.194416 0.016137 0.020387
0 0.296501 0.076966 0.021190 0.027934
0 0.349681 0.092574 0.015480 0.020674
0 0.726428 0.162335 0.012512 0.017894
0 0.914761 0.120619 0.021493 0.028699
0 0.626426 0.155660 0.016204 0.021294
0 0.918387 0.143229 0.019974 0.024777
0 0.902463 0.283382 0.021509 0.027214
0 0.580167 0.074043 0.015868 0.023187
