0 0.778310 0.397334 0.010472 0.014143
0 0.892273 0.470059 0.010883 0.014466
0 0.926721 0.231321 0.010935 0.014261
0 0.800136 0.595205 0.012005 0.016054
0 0.493183 0.815020 0.010712 0.013603
0 0.774760 0.602970 0.010448 0.013919
0 0.817420 0.717311 0.010507 0.013978
0 0.798149 0.851732 0.010674 0.014139
0 0.915074 0.263901 0.012213 0.016549
0 0.872556 0.534077 0.011847 0.015726
0 0.700913 0.773030 0.010983 0.014259
0 0.841319 0.782470 0.010884 0.014717
0 0.942070 0.563964 0.011595 0.014763
0 0.789930 0.755257 0.012667 0.016573
0 0.793207 0.665287 0.011066 0.014438
0 0.884215 0.776202 0.011076 0.015032
0 0.668136 0.512496 0.012625 0.016286
0 0.817879 0.421928 0.010958 0.014829
0 0.816462 0.561733 0.010918 0.014979
0 0.750314 0.350795 0.012091 0.015843
0 0.930467 0.553570 0.013704 0.016162
0 0.973550 0.647485 0.012198 0.015985
0 0.810803 0.580611 0.011951 0.015433
0 0.931921 0.651329 0.012004 0.016151
0 0.821894 0.742522 0.011917 0.015039
0 0.983102 0.117899 0.012021 0.015588
0 0.768896 0.646536 0.012418 0.016357
0 0.943377 0.748761 0.011343 0.015455
0 0.896645 0.746692 0.010344 0.013345
0 0.815246 0.792677 0.013097 0.017245
0 0.907866 0.845344 0.013595 0.017390
0 0.735567 0.883515 0.010117 0.013345
0 0.835974 0.701136 0.012436 0.016107
0 0.846420 0.575561 0.010490 0.014432
0 0.891752 0.674341 0.010916 0.014375
0 0.961659 0.233766 0.012507 0.016786
0 0.829539 0.846299 0.012989 0.017570
0 0.937552 0.150468 0.013304 0.017897
0 0.862733 0.424668 0.012139 0.016603
0 0.739473 0.733576 0.011438 0.014138
0 0.916544 0.633139 0.011174 0.014479
0 0.779464 0.803871 0.011640 0.014689
0 0.914455 0.555090 0.012436 0.016113
0 0.659019 0.545226 0.012567 0.016528
0 0.809940 0.256090 0.010674 0.013695
0 0.829906 0.446217 0.011633 0.015232
0 0.963166 0.554583 0.012765 0.015952
0 0.615781 0.637053 0.013230 0.016955
0 0.799650 0.958400 0.012330 0.016944
0 0.755926 0.897603 0.011158 0.014614
0 0.980906 0.760989 0.011348 0.015232
0 0.881605 0.847076 0.012243 0.015406
0 0.735636 0.739964 0.012545 0.014790
0 0.708269 0.615385 0.012043 0.015283
0 0.870842 0.433889 0.011124 0.014026
0 0.842791 0.468899 0.012992 0.016824
0 0.869890 0.854291 0.011870 0.016880
0 0.914855 0.672636 0.011321 0.015284
0 0.536245 0.611635 0.011727 0.014937
0 0.576604 0.714565 0.009902 0.012548
0 0.831619 0.458984 0.010685 0.012888
0 0.908651 0.541496 0.012245 0.016889
0 0.763117 0.992942 0.011164 0.012653
0 0.749160 0.952309 0.011650 0.014862
0 0.558111 0.948808 0.013592 0.018407
0 0.844399 0.376401 0.010011 0.013251
0 0.830045 0.990218 0.011683 0.015428
0 0.914227 0.398923 0.013768 0.019166
0 0.792616 0.989404 0.011554 0.015748
0 0.785761 0.703168 0.011560 0.014679
0 0.840909 0.579820 0.009365 0.013447
0 0.923634 0.102557 0.015036 0.019232
0 0.737918 0.958623 0.010884 0.014373
0 0.815435 0.907346 0.010952 0.016117
0 0.860881 0.919450 0.009805 0.012250
0 0.868607 0.886161 0.011947 0.015974
0 0.877939 0.368060 0.012461 0.015361
0 0.941097 0.719301 0.010807 0.015115
0 0.850911 0.871853 0.011375 0.014530
0 0.593650 0.991313 0.015733 0.016842
0 0.800173 0.750831 0.010935 0.014834
0 0.848224 0.821071 0.011323 0.015099
0 0.891613 0.845090 0.011596 0.015903
0 0.803979 0.747727 0.011793 0.016042
0 0.709698 0.372455 0.009919 0.014896
0 0.877601 0.688310 0.011375 0.014832
0 0.904116 0.539360 0.011680 0.016093
0 0.742613 0.529925 0.010364 0.014491
0 0.870637 0.442502 0.012013 0.016182
0 0.756263 0.550165 0.011084 0.014388
0 0.810416 0.293030 0.009403 0.012394
0 0.936413 0.704962 0.013188 0.017938
0 0.864223 0.870566 0.013127 0.017064
0 0.906642 0.894114 0.012414 0.016960
0 0.734123 0.252202 0.011711 0.015553
0 0.524432 0.614344 0.012001 0.016063
0 0.874761 0.970953 0.014463 0.017238
0 0.885982 0.846165 0.014350 0.017667
0 0.865595 0.447631 0.011321 0.014056
0 0.861006 0.972860 0.012273 0.015701
0 0.868415 0.681849 0.010609 0.013115
0 0.702886 0.374382 0.012656 0.017275
0 0.983014 0.117034 0.016483 0.022916
0 0.857595 0.187037 0.013170 0.018001
0 0.886342 0.378332 0.009592 0.012352
0 0.914485 0.916394 0.010897 0.015098
0 0.945121 0.255289 0.010595 0.016676
0 0.871532 0.916564 0.011832 0.015213
0 0.865894 0.392051 0.009969 0.014021
0 0.731241 0.927259 0.013227 0.019002
0 0.897744 0.906998 0.011841 0.016573
0 0.941895 0.254422 0.011818 0.014427
0 0.861717 0.399542 0.015588 0.020979
0 0.844366 0.954046 0.012439 0.016071
0 0.995065 0.915397 0.008989 0.013517
0 0.577776 0.485627 0.015424 0.021207
0 0.739235 0.528580 0.011621 0.015110
0 0.972333 0.847362 0.018141 0.023399
0 0.866672 0.913031 0.011004 0.015361
0 0.704515 0.615294 0.012779 0.016764
0 0.756411 0.550543 0.006926 0.009734
0 0.996978 0.699905 0.006044 0.010991
0 0.781017 0.160367 0.012422 0.016979
0 0.891952 0.673391 0.016742 0.021667
0 0.884408 0.777143 0.016848 0.022409
0 0.667649 0.512524 0.018360 0.024086
0 0.996159 0.948074 0.007682 0.013309
0 0.638978 0.816696 0.006770 0.008768
0 0.941248 0.565113 0.015849 0.022072
0 0.709753 0.372055 0.014648 0.020339
0 0.938440 0.253920 0.010909 0.015871
0 0.825591 0.950500 0.011116 0.014889
0 0.916262 0.633176 0.017313 0.022098
0 0.897258 0.746587 0.015048 0.020476
0 0.877375 0.367301 0.018147 0.023601
0 0.741836 0.531205 0.007195 0.010137
0 0.908842 0.952592 0.011520 0.015087
0 0.913107 0.400508 0.020487 0.026557
0 0.915155 0.265683 0.019321 0.024885
0 0.709298 0.615072 0.008229 0.010951
0 0.822712 0.263862 0.008918 0.011112
0 0.922231 0.102682 0.021753 0.028540
0 0.871041 0.533994 0.017703 0.023707
0 0.968044 0.449526 0.010061 0.013123
0 0.799184 0.959022 0.017806 0.023859
0 0.967534 0.978198 0.012580 0.016983
0 0.903319 0.898769 0.012051 0.016669
0 0.866893 0.876987 0.014794 0.019066
0 0.659995 0.545530 0.018079 0.024358
0 0.860651 0.405827 0.017253 0.016587
0 0.841867 0.577775 0.015233 0.018827
0 0.818066 0.421014 0.017061 0.023491
0 0.943266 0.257893 0.016377 0.020872
0 0.894094 0.845544 0.015391 0.023438
0 0.925574 0.230933 0.017336 0.022827
0 0.972271 0.647782 0.017225 0.022847
0 0.978692 0.952453 0.012071 0.015712
0 0.614079 0.636984 0.020514 0.028046
0 0.977083 0.979628 0.010625 0.015015
0 0.895685 0.947518 0.016211 0.021637
0 0.866451 0.964853 0.010496 0.015397
0 0.829569 0.848684 0.019438 0.025064
0 0.815547 0.560717 0.015799 0.023504
0 0.631158 0.984645 0.007636 0.010350
