0 0.505408 0.577763 0.009554 0.012520
0 0.434462 0.220614 0.009967 0.013069
0 0.543919 0.349433 0.010752 0.013823
0 0.809535 0.785849 0.010295 0.012923
0 0.473800 0.379318 0.010205 0.013108
0 0.590158 0.525255 0.009310 0.012350
0 0.959492 0.350099 0.010970 0.013895
0 0.325389 0.901110 0.009336 0.011734
0 0.861775 0.511457 0.009922 0.013642
0 0.842916 0.658939 0.008916 0.011526
0 0.673734 0.732037 0.009794 0.013055
0 0.712035 0.182961 0.010261 0.013699
0 0.811951 0.825050 0.008752 0.011738
0 0.622543 0.381133 0.010615 0.013451
0 0.899169 0.647749 0.010368 0.013639
0 0.589400 0.254745 0.011358 0.015036
0 0.859998 0.471091 0.008902 0.011795
0 0.815679 0.879018 0.008888 0.010947
0 0.350549 0.846520 0.008160 0.010562
0 0.731157 0.858324 0.009762 0.011369
0 0.740033 0.491475 0.009927 0.013133
0 0.837168 0.564703 0.010040 0.012676
0 0.770353 0.835009 0.009766 0.012884
0 0.683120 0.597121 0.009104 0.011277
0 0.647817 0.847101 0.009037 0.011630
0 0.934889 0.349478 0.010371 0.013806
0 0.868930 0.815321 0.008562 0.011173
0 0.771848 0.710551 0.009923 0.012502
0 0.880745 0.796811 0.007733 0.010126
0 0.480844 0.503866 0.009068 0.011749
0 0.849449 0.865717 0.009320 0.011619
0 0.810476 0.671960 0.009623 0.012945
0 0.910204 0.450904 0.012480 0.016680
0 0.415707 0.460880 0.009920 0.012592
0 0.637130 0.315644 0.009388 0.011982
0 0.690593 0.847323 0.008484 0.011064
0 0.821697 0.070906 0.010396 0.013959
0 0.856853 0.651013 0.009609 0.013116
0 0.231899 0.223175 0.010043 0.013321
0 0.486076 0.524504 0.009750 0.012938
0 0.689635 0.156937 0.010108 0.013489
0 0.293357 0.166827 0.009799 0.013046
0 0.802976 0.731390 0.011113 0.013847
0 0.277971 0.754426 0.009273 0.012019
0 0.553080 0.336470 0.009724 0.012512
0 0.920065 0.741960 0.010405 0.013355
0 0.792741 0.898669 0.008354 0.011813
0 0.489435 0.419837 0.009291 0.012204
0 0.592310 0.159883 0.011581 0.014536
0 0.826230 0.803815 0.009728 0.012995
0 0.670191 0.172984 0.010724 0.013765
0 0.913625 0.618552 0.010071 0.012628
0 0.803623 0.589042 0.010804 0.013683
0 0.582384 0.186023 0.009777 0.012782
0 0.285640 0.845854 0.009314 0.012498
0 0.524327 0.670010 0.009592 0.012517
0 0.657816 0.191915 0.010575 0.014224
0 0.558408 0.250949 0.010808 0.014322
0 0.944254 0.313246 0.012423 0.015970
0 0.621798 0.910697 0.009431 0.012738
0 0.896933 0.119314 0.010787 0.013371
0 0.883236 0.589579 0.009867 0.013492
0 0.892969 0.509511 0.010527 0.014654
0 0.820938 0.537445 0.009949 0.013295
0 0.614132 0.659936 0.010585 0.013920
0 0.866247 0.647962 0.010192 0.013421
0 0.961621 0.642258 0.011289 0.014902
0 0.591459 0.474025 0.010857 0.014098
0 0.451132 0.191479 0.009077 0.011549
0 0.736148 0.399059 0.010686 0.014066
0 0.894597 0.810648 0.009364 0.012637
0 0.419267 0.534818 0.008744 0.011450
0 0.807916 0.888622 0.008227 0.011391
0 0.633583 0.430067 0.010278 0.013351
0 0.348525 0.797671 0.008834 0.010696
0 0.916160 0.523442 0.010205 0.013980
0 0.955664 0.772658 0.011612 0.015633
0 0.620640 0.669968 0.008406 0.010752
0 0.238105 0.826049 0.009438 0.012157
0 0.231660 0.838082 0.009809 0.013010
0 0.996085 0.513054 0.007319 0.011207
0 0.680969 0.267413 0.009547 0.012782
0 0.625551 0.422925 0.009026 0.011561
0 0.584822 0.282930 0.010264 0.013133
0 0.970348 0.929737 0.010360 0.013596
0 0.767057 0.498864 0.009963 0.013631
0 0.917864 0.848975 0.010308 0.013754
0 0.410354 0.148354 0.009732 0.012941
0 0.897609 0.797192 0.010882 0.013196
0 0.653119 0.267170 0.010318 0.013721
0 0.554382 0.428720 0.009080 0.012333
0 0.867633 0.663815 0.010756 0.014875
0 0.682101 0.427747 0.010653 0.014558
0 0.696744 0.628532 0.012430 0.016182
0 0.252668 0.830128 0.009601 0.012628
0 0.716761 0.855111 0.008330 0.011477
0 0.459569 0.430124 0.009065 0.011501
0 0.863510 0.838090 0.009574 0.013020
0 0.490449 0.346447 0.008854 0.011249
0 0.248389 0.887693 0.009281 0.011661
0 0.244557 0.598191 0.010319 0.014010
0 0.556462 0.285315 0.010177 0.014017
0 0.981499 0.121589 0.010387 0.013646
0 0.665186 0.594263 0.008538 0.011193
0 0.989523 0.436212 0.009833 0.012938
0 0.700119 0.889736 0.008150 0.010868
0 0.557851 0.670640 0.008171 0.011300
0 0.324954 0.406304 0.009825 0.013209
0 0.290112 0.618828 0.008823 0.011143
0 0.932852 0.176143 0.010633 0.014448
0 0.939211 0.751090 0.010166 0.013416
0 0.251170 0.793661 0.009823 0.012561
0 0.725388 0.889397 0.010302 0.013040
0 0.884223 0.704909 0.010605 0.014406
0 0.719417 0.666224 0.010051 0.013914
0 0.952677 0.332693 0.010631 0.014601
0 0.961687 0.092020 0.010166 0.013712
0 0.800071 0.896264 0.008838 0.012351
0 0.913789 0.044210 0.011932 0.015520
0 0.970655 0.116418 0.010396 0.013181
0 0.650947 0.251740 0.009427 0.012805
0 0.818878 0.485221 0.011301 0.014100
0 0.822799 0.470812 0.009260 0.012444
0 0.828812 0.358021 0.011221 0.015088
0 0.801466 0.767891 0.009962 0.013825
0 0.884479 0.484062 0.010325 0.013857
0 0.743023 0.820923 0.008753 0.011483
0 0.760669 0.619924 0.010094 0.013591
0 0.532768 0.455670 0.009371 0.012620
0 0.527252 0.287017 0.009898 0.013206
0 0.466821 0.901306 0.008243 0.012841
0 0.838603 0.869084 0.009299 0.011509
0 0.675431 0.602005 0.008875 0.011021
0 0.980963 0.854373 0.009566 0.012293
0 0.757191 0.034615 0.011273 0.014513
0 0.884508 0.104094 0.011107 0.015363
0 0.771343 0.464696 0.009725 0.012538
0 0.876226 0.476576 0.009289 0.012492
0 0.709027 0.477199 0.009718 0.012630
0 0.619380 0.484213 0.009656 0.013002
0 0.592588 0.207143 0.011563 0.014973
0 0.913029 0.553542 0.011211 0.014712
0 0.853325 0.896415 0.008930 0.011506
0 0.426559 0.517045 0.009228 0.012505
0 0.688442 0.883414 0.008033 0.010817
0 0.596606 0.837761 0.008603 0.011459
0 0.959751 0.893230 0.011439 0.014348
0 0.885851 0.730491 0.008592 0.012063
0 0.643124 0.502394 0.008813 0.011512
0 0.606635 0.873625 0.009743 0.012868
0 0.485240 0.605073 0.010897 0.014390
0 0.566285 0.094198 0.009861 0.013403
0 0.919344 0.893947 0.010944 0.014921
0 0.860898 0.169065 0.011024 0.013991
0 0.800845 0.821458 0.009203 0.012695
0 0.595510 0.325995 0.009321 0.012288
0 0.604289 0.910151 0.008781 0.011209
0 0.294406 0.200107 0.009398 0.012434
0 0.840240 0.889811 0.009081 0.012565
0 0.400230 0.878596 0.009353 0.011674
0 0.632465 0.200573 0.008474 0.012019
0 0.706194 0.196947 0.008731 0.012738
0 0.631438 0.366326 0.007066 0.009536
0 0.849942 0.887259 0.008350 0.010532
0 0.789736 0.824344 0.009296 0.012690
0 0.878598 0.693087 0.011103 0.013691
0 0.565005 0.671226 0.009243 0.013167
0 0.488547 0.436082 0.008583 0.011383
0 0.731601 0.871894 0.009155 0.011939
0 0.727604 0.832378 0.008944 0.011927
0 0.915437 0.834045 0.010147 0.013032
0 0.603804 0.324080 0.009157 0.012807
0 0.992082 0.933080 0.010120 0.014213
0 0.816523 0.811799 0.009719 0.012006
0 0.370285 0.809286 0.008999 0.012207
0 0.550326 0.208924 0.008090 0.011284
0 0.835224 0.779331 0.009880 0.012943
0 0.613271 0.785957 0.009305 0.012177
0 0.345785 0.273816 0.009356 0.012388
0 0.821366 0.701835 0.009999 0.014128
0 0.224935 0.412430 0.010074 0.012786
0 0.865856 0.859880 0.011457 0.014387
0 0.713788 0.635829 0.009243 0.013335
0 0.550792 0.020722 0.009854 0.013233
0 0.693758 0.776806 0.009843 0.012458
0 0.527266 0.203456 0.008910 0.011618
0 0.263832 0.860727 0.009919 0.012851
0 0.630324 0.534551 0.009233 0.012417
0 0.617717 0.103062 0.010453 0.013898
0 0.454452 0.507876 0.009221 0.012261
0 0.531943 0.737953 0.007994 0.011030
0 0.719866 0.821944 0.009695 0.012239
0 0.249222 0.388612 0.010505 0.012974
0 0.533376 0.329973 0.010798 0.014181
0 0.734990 0.809300 0.007984 0.009724
0 0.559723 0.313962 0.008369 0.011141
0 0.759630 0.008947 0.009832 0.014102
0 0.993116 0.749470 0.009371 0.013317
0 0.994757 0.204567 0.009535 0.014167
0 0.905272 0.821290 0.012490 0.016847
0 0.253479 0.231254 0.009166 0.011793
0 0.889154 0.153702 0.012108 0.015177
0 0.447071 0.465074 0.009690 0.013060
0 0.450798 0.172173 0.010137 0.013993
0 0.362801 0.470158 0.010643 0.014936
0 0.293876 0.421504 0.007408 0.010521
0 0.814591 0.226289 0.012157 0.015826
0 0.817249 0.705707 0.008283 0.012209
0 0.636173 0.685329 0.009015 0.012264
0 0.250976 0.725927 0.008308 0.009949
0 0.255138 0.908273 0.010329 0.013939
0 0.533233 0.021012 0.009232 0.012133
0 0.683900 0.839681 0.009269 0.011961
0 0.229304 0.158741 0.008900 0.012137
0 0.712260 0.896129 0.009672 0.013272
0 0.909073 0.592730 0.010019 0.013869
0 0.590629 0.699100 0.010514 0.013777
0 0.753647 0.094393 0.010788 0.014669
0 0.469902 0.607031 0.009554 0.013000
0 0.736328 0.383075 0.009229 0.012486
0 0.599813 0.899692 0.008840 0.011274
0 0.831602 0.514567 0.009933 0.013246
0 0.694557 0.870731 0.009674 0.012054
0 0.678456 0.588079 0.010620 0.013516
0 0.744325 0.861986 0.009242 0.012053
0 0.479050 0.278904 0.009424 0.012639
0 0.460361 0.900845 0.009370 0.013466
0 0.524991 0.475857 0.009119 0.012168
0 0.884251 0.848080 0.008268 0.010984
0 0.437318 0.024372 0.008508 0.010602
0 0.359858 0.884840 0.009449 0.012835
0 0.922431 0.874775 0.008240 0.011603
0 0.640744 0.872543 0.009023 0.012698
0 0.886082 0.188291 0.011807 0.016111
0 0.525451 0.308680 0.009816 0.013173
0 0.806573 0.491776 0.008856 0.011278
0 0.496715 0.583934 0.008495 0.012292
0 0.833137 0.890214 0.008206 0.011422
0 0.489099 0.005075 0.010635 0.010149
0 0.928599 0.888950 0.009165 0.013146
0 0.593049 0.716660 0.010253 0.012299
0 0.649397 0.883179 0.009596 0.013090
0 0.278420 0.910549 0.009830 0.013245
0 0.233282 0.861583 0.008501 0.009840
0 0.527698 0.747744 0.007878 0.010677
0 0.229541 0.560377 0.009278 0.012300
0 0.230655 0.134656 0.010062 0.012784
0 0.551324 0.396495 0.008171 0.010934
0 0.235748 0.852032 0.008999 0.011978
0 0.247694 0.135697 0.010569 0.013319
0 0.633648 0.356252 0.008739 0.010540
0 0.532426 0.742924 0.009063 0.011823
0 0.269013 0.245013 0.007628 0.011497
0 0.532472 0.202599 0.010282 0.013799
0 0.775957 0.683906 0.009703 0.013082
0 0.323907 0.866446 0.009525 0.013144
0 0.690478 0.830736 0.008583 0.012187
0 0.756091 0.867135 0.009691 0.012619
0 0.881410 0.186737 0.011601 0.016426
0 0.602208 0.898160 0.008728 0.010615
0 0.850033 0.243183 0.010214 0.012502
0 0.772502 0.895383 0.009512 0.012228
0 0.946905 0.100042 0.011305 0.014052
0 0.821427 0.773260 0.009618 0.012173
0 0.795134 0.509118 0.009690 0.012625
0 0.690591 0.893026 0.008314 0.009170
0 0.350471 0.409888 0.006164 0.007286
0 0.567562 0.325649 0.009085 0.011133
0 0.248440 0.730922 0.008203 0.010767
0 0.553927 0.033580 0.007642 0.009055
0 0.889155 0.843087 0.008546 0.011656
0 0.262115 0.253798 0.009258 0.012168
0 0.443285 0.894666 0.008402 0.011107
0 0.792166 0.768398 0.008809 0.012529
0 0.735752 0.818960 0.007954 0.011340
0 0.271779 0.229865 0.009517 0.011004
0 0.646293 0.206423 0.011258 0.013357
0 0.487742 0.011773 0.008197 0.012670
0 0.651351 0.869075 0.009342 0.012307
0 0.260624 0.897058 0.008228 0.010673
0 0.233217 0.813638 0.009609 0.012523
0 0.414832 0.402589 0.007649 0.010579
0 0.582299 0.896553 0.009288 0.012948
0 0.897403 0.135071 0.011842 0.015299
0 0.607436 0.862706 0.009595 0.011714
0 0.225256 0.508246 0.008643 0.011085
0 0.623630 0.258083 0.009845 0.012659
0 0.736620 0.893844 0.010854 0.014207
0 0.412135 0.841309 0.010291 0.012395
0 0.240055 0.553301 0.011635 0.014954
0 0.876531 0.763759 0.008561 0.012049
0 0.693643 0.232780 0.007891 0.010113
0 0.816075 0.352292 0.008801 0.012982
0 0.401298 0.869876 0.009070 0.010186
0 0.224592 0.154042 0.009306 0.011908
0 0.811305 0.873671 0.008145 0.010813
0 0.559068 0.649382 0.009175 0.012489
0 0.431248 0.902727 0.007695 0.009482
0 0.492115 0.007355 0.011071 0.013510
0 0.633204 0.350533 0.008729 0.011055
