0 0.817522 0.494973 0.010026 0.013200
0 0.709056 0.308896 0.009491 0.012175
0 0.614977 0.401548 0.009273 0.011818
0 0.707485 0.703223 0.009689 0.012492
0 0.677159 0.824846 0.009471 0.012503
0 0.853887 0.545062 0.010449 0.014151
0 0.883174 0.332282 0.010417 0.013960
0 0.612024 0.918921 0.009172 0.012117
0 0.106563 0.010780 0.010439 0.014822
0 0.528352 0.442004 0.008929 0.011865
0 0.540379 0.224110 0.009616 0.012626
0 0.558998 0.083919 0.009872 0.013304
0 0.582937 0.911807 0.009493 0.012350
0 0.895259 0.256149 0.008268 0.012333
0 0.489472 0.566591 0.009009 0.011620
0 0.916299 0.288136 0.009652 0.013042
0 0.754664 0.080239 0.009361 0.012433
0 0.840262 0.117611 0.009470 0.012619
0 0.889483 0.961664 0.009835 0.012262
0 0.746615 0.198735 0.009313 0.011987
0 0.885368 0.220722 0.009412 0.012277
0 0.951047 0.971779 0.009810 0.012761
0 0.707540 0.616030 0.009956 0.012917
0 0.408155 0.063841 0.010855 0.014266
0 0.631297 0.599681 0.009914 0.012886
0 0.872243 0.461730 0.009406 0.012590
0 0.704786 0.893722 0.009888 0.013443
0 0.907057 0.647900 0.010295 0.013603
0 0.553239 0.587755 0.010611 0.013225
0 0.667986 0.659223 0.009871 0.012669
0 0.606470 0.859902 0.010101 0.013276
0 0.542300 0.510664 0.008832 0.011932
0 0.746648 0.179291 0.010302 0.013981
0 0.645286 0.346976 0.009418 0.012356
0 0.966569 0.277641 0.009527 0.012481
0 0.432979 0.200224 0.008321 0.011215
0 0.504795 0.731166 0.010394 0.013759
0 0.441987 0.413185 0.009797 0.012889
0 0.553165 0.252075 0.010211 0.012901
0 0.521058 0.171552 0.009361 0.012108
0 0.571678 0.336382 0.009579 0.012229
0 0.767548 0.640076 0.009315 0.011699
0 0.868921 0.477532 0.009988 0.014192
0 0.579475 0.162956 0.009717 0.013026
0 0.475033 0.680699 0.009179 0.011751
0 0.560696 0.626926 0.009423 0.012300
0 0.356428 0.501736 0.010205 0.013554
0 0.567369 0.734392 0.008960 0.011685
0 0.415096 0.209655 0.010662 0.014000
0 0.465029 0.317378 0.009990 0.013203
0 0.628447 0.325127 0.009246 0.012238
0 0.392967 0.202303 0.008758 0.010965
0 0.483342 0.462207 0.008847 0.011288
0 0.764075 0.336577 0.009470 0.012148
0 0.620640 0.596445 0.009102 0.011505
0 0.692811 0.918225 0.008808 0.011525
0 0.662805 0.939120 0.008587 0.011731
0 0.634452 0.212081 0.009730 0.012887
0 0.697365 0.121116 0.009684 0.012600
0 0.641295 0.879929 0.010604 0.014235
0 0.448735 0.990884 0.010146 0.013387
0 0.485469 0.622453 0.010718 0.014978
0 0.746333 0.982050 0.009426 0.011748
0 0.548380 0.488000 0.010496 0.012539
0 0.465940 0.840746 0.011438 0.015420
0 0.561582 0.346517 0.010195 0.012345
0 0.404266 0.122174 0.009964 0.012634
0 0.270235 0.657760 0.010123 0.013198
0 0.427110 0.912890 0.010349 0.013938
0 0.703846 0.415060 0.009398 0.012593
0 0.192019 0.246383 0.009524 0.012467
0 0.812237 0.314438 0.010050 0.013598
0 0.667196 0.355661 0.009852 0.013093
0 0.495395 0.370784 0.010083 0.013296
0 0.545146 0.784594 0.009397 0.012158
0 0.643940 0.231416 0.007893 0.010772
0 0.603625 0.120002 0.009179 0.011801
0 0.183240 0.766621 0.010818 0.013994
0 0.309206 0.834295 0.010282 0.013863
0 0.272881 0.377282 0.012971 0.016686
0 0.727199 0.970366 0.009837 0.012676
0 0.540153 0.981257 0.009400 0.012662
0 0.634275 0.376059 0.009984 0.012837
0 0.706554 0.861973 0.009401 0.011842
0 0.582273 0.245051 0.009540 0.012578
0 0.756844 0.601693 0.009431 0.011965
0 0.578899 0.131063 0.010631 0.014148
0 0.722580 0.552792 0.009831 0.013327
0 0.996202 0.335241 0.007362 0.011803
0 0.317104 0.121372 0.011275 0.014397
0 0.850119 0.685158 0.010021 0.012501
0 0.540544 0.604965 0.009226 0.012288
0 0.510136 0.226268 0.009380 0.012713
0 0.207007 0.454505 0.010947 0.014097
0 0.806883 0.241897 0.010289 0.013583
0 0.114181 0.730993 0.009711 0.012863
0 0.654452 0.253100 0.009311 0.012090
0 0.300622 0.341362 0.009179 0.012383
0 0.561595 0.483285 0.010121 0.012988
0 0.499334 0.121291 0.010217 0.012992
0 0.052295 0.149932 0.010750 0.014381
0 0.591023 0.188382 0.010162 0.013979
0 0.658271 0.547703 0.009384 0.012489
0 0.737250 0.189277 0.010172 0.013081
0 0.485652 0.844879 0.009885 0.012876
0 0.124034 0.098638 0.010253 0.012660
0 0.774285 0.194961 0.009834 0.013398
0 0.550088 0.500894 0.011869 0.015782
0 0.577742 0.222231 0.009251 0.011623
0 0.989435 0.911527 0.009594 0.012402
0 0.336443 0.610840 0.009412 0.012460
0 0.447382 0.245396 0.009564 0.012943
0 0.632705 0.008425 0.009011 0.012403
0 0.958765 0.352265 0.009819 0.012779
0 0.746714 0.251087 0.009757 0.012818
0 0.547863 0.883306 0.010855 0.014307
0 0.474722 0.803625 0.009628 0.012456
0 0.539526 0.892332 0.008830 0.012205
0 0.464118 0.262163 0.009401 0.012776
0 0.160916 0.712102 0.010516 0.013807
0 0.767896 0.653527 0.008943 0.010790
0 0.246225 0.802813 0.010898 0.014527
0 0.508231 0.506096 0.008729 0.011423
0 0.184038 0.740690 0.009989 0.013720
0 0.748016 0.867527 0.008601 0.011553
0 0.485742 0.604756 0.010581 0.013718
0 0.520269 0.959210 0.009570 0.013088
0 0.386469 0.328350 0.009348 0.012385
0 0.301370 0.363789 0.010607 0.014058
0 0.442478 0.132339 0.010904 0.014917
0 0.420184 0.935156 0.010086 0.012404
0 0.575263 0.287123 0.007647 0.009956
0 0.451232 0.111723 0.009888 0.012703
0 0.447474 0.827212 0.009620 0.012427
0 0.700699 0.209572 0.009515 0.012895
0 0.823824 0.992457 0.008970 0.011172
0 0.594325 0.347807 0.008578 0.010834
0 0.758237 0.244984 0.008532 0.010729
0 0.140063 0.409502 0.010413 0.013133
0 0.604945 0.628970 0.009544 0.012099
0 0.473815 0.432689 0.009063 0.011374
0 0.254703 0.557920 0.008778 0.011370
0 0.389292 0.670406 0.010349 0.013248
0 0.681834 0.939551 0.009672 0.012853
0 0.391753 0.177872 0.009620 0.012745
0 0.528181 0.513265 0.008407 0.010834
0 0.024300 0.157628 0.011246 0.014382
0 0.053524 0.116675 0.010878 0.013842
0 0.937963 0.154556 0.009393 0.012607
0 0.654915 0.719053 0.009393 0.013079
0 0.883584 0.402640 0.009573 0.012806
0 0.356852 0.907246 0.009594 0.012983
0 0.309578 0.352595 0.010445 0.015209
0 0.482097 0.339029 0.008231 0.010958
0 0.462127 0.936562 0.009680 0.013409
0 0.955848 0.510563 0.009341 0.013265
0 0.114679 0.578326 0.010533 0.013345
0 0.764662 0.800468 0.010225 0.013292
0 0.539943 0.529054 0.009282 0.012398
0 0.410965 0.092453 0.009371 0.012717
0 0.532444 0.777581 0.009875 0.012674
0 0.476351 0.348493 0.009709 0.011979
0 0.058971 0.010981 0.009189 0.012846
0 0.616391 0.630119 0.010311 0.013429
0 0.430814 0.103249 0.009801 0.013121
0 0.588059 0.463095 0.007187 0.010257
0 0.758829 0.976102 0.009289 0.012735
0 0.512163 0.330829 0.009010 0.011667
0 0.027826 0.244280 0.010176 0.013398
0 0.935917 0.139623 0.009037 0.010832
0 0.394248 0.846664 0.009603 0.011938
0 0.534857 0.678325 0.009320 0.011862
0 0.944189 0.293610 0.011473 0.015032
0 0.286009 0.900337 0.009983 0.012973
0 0.247327 0.300959 0.010173 0.013489
0 0.182848 0.054336 0.012095 0.016481
0 0.538243 0.189520 0.009142 0.011774
0 0.323068 0.142410 0.010861 0.014401
0 0.496636 0.590601 0.009138 0.011924
0 0.321146 0.850617 0.010393 0.013944
0 0.892970 0.149254 0.009847 0.013598
0 0.327826 0.013029 0.008121 0.010964
0 0.318124 0.471372 0.008131 0.010611
0 0.457529 0.805373 0.009149 0.011301
0 0.454413 0.258644 0.008494 0.012456
0 0.576973 0.473601 0.009576 0.012180
0 0.231415 0.719922 0.008479 0.011295
0 0.388306 0.214346 0.010405 0.013860
0 0.287888 0.369699 0.012599 0.015687
0 0.424872 0.522796 0.008881 0.012640
0 0.793659 0.400370 0.010281 0.013444
0 0.461601 0.818879 0.008807 0.012105
0 0.146390 0.157049 0.010476 0.014131
0 0.138030 0.913368 0.010588 0.014175
0 0.501771 0.167845 0.010174 0.013245
0 0.650176 0.214813 0.009414 0.012936
0 0.637466 0.573103 0.009174 0.012155
0 0.827063 0.552747 0.010812 0.014490
0 0.298898 0.351581 0.009723 0.011690
0 0.556494 0.382197 0.009073 0.012051
0 0.258960 0.338402 0.009486 0.012286
0 0.615394 0.372402 0.009538 0.013627
0 0.495319 0.684556 0.008538 0.011011
0 0.843466 0.873770 0.009015 0.012012
0 0.439731 0.341663 0.008840 0.012330
0 0.379072 0.619734 0.011559 0.014850
0 0.133698 0.571333 0.009681 0.012913
0 0.441806 0.311446 0.009232 0.012028
0 0.557877 0.470329 0.009380 0.012566
0 0.448442 0.271238 0.008532 0.012235
0 0.647919 0.989446 0.010463 0.013330
0 0.395428 0.494219 0.008223 0.013060
0 0.421267 0.397003 0.009961 0.013768
0 0.171105 0.235373 0.010655 0.013253
0 0.375825 0.032593 0.008912 0.012338
0 0.572586 0.521841 0.007907 0.010807
0 0.384864 0.823724 0.009007 0.012377
0 0.796094 0.579441 0.010589 0.013502
0 0.452325 0.300386 0.010328 0.013384
0 0.257063 0.505423 0.010592 0.013377
0 0.043162 0.835738 0.010432 0.013530
0 0.462938 0.469730 0.009493 0.012472
0 0.498810 0.673709 0.009544 0.011014
0 0.386924 0.481756 0.010983 0.013890
0 0.900014 0.458574 0.008606 0.011927
0 0.188839 0.588882 0.010706 0.014166
0 0.518791 0.577405 0.010370 0.013563
0 0.405095 0.852154 0.009820 0.013517
0 0.617980 0.112261 0.008587 0.011673
0 0.559672 0.815319 0.008792 0.012688
0 0.396759 0.053124 0.009906 0.012504
0 0.307816 0.620722 0.010779 0.013907
0 0.607092 0.179709 0.010148 0.013488
0 0.626159 0.610891 0.009305 0.013042
0 0.697928 0.979632 0.010313 0.014642
0 0.786164 0.279231 0.008864 0.011291
0 0.722285 0.572654 0.010468 0.013897
0 0.396087 0.247115 0.010638 0.013165
0 0.428467 0.814548 0.010202 0.013513
0 0.551934 0.818255 0.008288 0.011210
0 0.501657 0.648274 0.008105 0.011364
0 0.720256 0.227201 0.009633 0.012948
0 0.537557 0.954279 0.010425 0.013616
0 0.018700 0.939433 0.010587 0.014106
0 0.321620 0.865217 0.011261 0.013441
0 0.361387 0.524374 0.009394 0.012125
0 0.088135 0.298082 0.009194 0.011994
0 0.833725 0.839118 0.008694 0.011539
0 0.554041 0.518593 0.009977 0.013844
0 0.556390 0.236438 0.009069 0.012756
0 0.389775 0.495530 0.009160 0.012807
0 0.646134 0.173692 0.009963 0.012812
0 0.377462 0.277371 0.008968 0.011841
0 0.774631 0.164368 0.009150 0.012315
0 0.494178 0.750427 0.009405 0.012729
0 0.785558 0.320620 0.009408 0.012162
0 0.418353 0.243646 0.008568 0.011376
0 0.314094 0.884405 0.010457 0.014877
0 0.239914 0.956427 0.010672 0.013933
0 0.937552 0.023776 0.009300 0.013479
0 0.489842 0.968879 0.008545 0.011656
0 0.341249 0.674385 0.009786 0.012590
0 0.592580 0.453184 0.009888 0.011135
0 0.677770 0.314574 0.009923 0.013340
0 0.894340 0.482427 0.010482 0.013325
0 0.238627 0.214905 0.008563 0.011568
0 0.997079 0.048319 0.005843 0.010266
0 0.680616 0.205445 0.008698 0.012948
0 0.890869 0.257850 0.009604 0.014150
0 0.484595 0.444899 0.008416 0.011104
0 0.076942 0.982613 0.010714 0.013300
0 0.942935 0.021031 0.008985 0.013062
0 0.106088 0.995384 0.009067 0.009232
0 0.482596 0.995593 0.008912 0.008724
0 0.508073 0.727264 0.009575 0.013443
0 0.208935 0.182983 0.009637 0.012278
0 0.775262 0.235266 0.009978 0.013151
0 0.857418 0.418666 0.009435 0.012853
0 0.225172 0.703476 0.011633 0.014968
0 0.759693 0.774606 0.010217 0.014180
0 0.083580 0.923332 0.011014 0.013957
0 0.694202 0.204446 0.008011 0.011050
0 0.940998 0.024687 0.008791 0.012855
0 0.050485 0.681897 0.009843 0.012989
0 0.008422 0.917813 0.011482 0.014867
0 0.426168 0.861696 0.009939 0.012849
0 0.594467 0.462626 0.008908 0.010051
0 0.123343 0.208795 0.009776 0.013539
0 0.837133 0.840285 0.008457 0.010909
0 0.359858 0.664092 0.008085 0.010823
0 0.704213 0.668797 0.007618 0.009879
0 0.688201 0.153936 0.008986 0.012075
0 0.162247 0.139163 0.011118 0.013845
0 0.551430 0.341053 0.009151 0.011753
0 0.553512 0.523737 0.009096 0.011758
0 0.570916 0.842856 0.009705 0.013620
0 0.275873 0.973575 0.010873 0.014422
0 0.605975 0.370728 0.009591 0.012756
0 0.508655 0.644231 0.007613 0.010500
0 0.196066 0.286438 0.008569 0.010144
