0 0.933670 0.671291 0.008828 0.011878
0 0.680678 0.683415 0.009504 0.012542
0 0.803457 0.710966 0.008571 0.011286
0 0.744809 0.805186 0.009120 0.011890
0 0.965804 0.817364 0.009694 0.013403
0 0.712901 0.889054 0.010015 0.013183
0 0.707114 0.742613 0.008734 0.010854
0 0.529175 0.868224 0.008971 0.011633
0 0.900790 0.951129 0.008900 0.011309
0 0.770671 0.941260 0.009752 0.012587
0 0.809626 0.975203 0.009707 0.012747
0 0.787901 0.774381 0.009033 0.011780
0 0.559455 0.639755 0.008979 0.011918
0 0.994703 0.803594 0.008911 0.012448
0 0.235575 0.432526 0.010106 0.013605
0 0.816649 0.837122 0.008787 0.010959
0 0.992718 0.784863 0.009251 0.013230
0 0.872791 0.934000 0.009887 0.012609
0 0.826487 0.850069 0.010554 0.013711
0 0.845759 0.825660 0.009821 0.013179
0 0.811701 0.940570 0.009398 0.011914
0 0.922817 0.533546 0.009992 0.013020
0 0.759007 0.948596 0.009535 0.012417
0 0.849783 0.993155 0.010324 0.011752
0 0.948100 0.584668 0.009219 0.013133
0 0.759741 0.898084 0.008965 0.011634
0 0.958573 0.878049 0.009366 0.011324
0 0.666213 0.887583 0.008766 0.011353
0 0.693814 0.617129 0.009625 0.012337
0 0.900186 0.618874 0.009510 0.012108
0 0.829399 0.677783 0.009393 0.012227
0 0.869000 0.762144 0.009422 0.012710
0 0.973756 0.750593 0.009694 0.012740
0 0.016390 0.251918 0.010698 0.013930
0 0.666878 0.719553 0.009935 0.013164
0 0.961487 0.891727 0.010129 0.013194
0 0.809593 0.764678 0.009173 0.012463
0 0.631779 0.806547 0.010038 0.012388
0 0.538390 0.755573 0.009431 0.011519
0 0.649807 0.532087 0.008996 0.011714
0 0.634807 0.660388 0.008896 0.011534
0 0.787072 0.909348 0.009331 0.011665
0 0.679034 0.900417 0.009362 0.012253
0 0.669338 0.574036 0.009207 0.012274
0 0.665294 0.959099 0.009520 0.012458
0 0.704961 0.876640 0.009469 0.012255
0 0.241298 0.807519 0.010982 0.013624
0 0.935912 0.943546 0.010416 0.012889
0 0.215148 0.526328 0.009339 0.012316
0 0.955116 0.567765 0.009078 0.011899
0 0.942641 0.802638 0.009787 0.012900
0 0.832152 0.786591 0.009609 0.013304
0 0.413516 0.804995 0.009365 0.011863
0 0.729894 0.834502 0.009383 0.013062
0 0.941478 0.897229 0.009316 0.012941
0 0.758643 0.978403 0.009529 0.013700
0 0.636679 0.787136 0.008347 0.011300
0 0.720482 0.743175 0.009513 0.012603
0 0.911269 0.968255 0.010691 0.014129
0 0.846164 0.651665 0.008678 0.011154
0 0.564086 0.825547 0.009912 0.012731
0 0.930101 0.793670 0.009840 0.013102
0 0.936929 0.845025 0.009735 0.012649
0 0.038832 0.816113 0.009359 0.011903
0 0.766949 0.880995 0.009445 0.012769
0 0.826350 0.727118 0.009582 0.011584
0 0.983455 0.880116 0.010696 0.013394
0 0.956565 0.816305 0.010124 0.013524
0 0.767825 0.820379 0.009452 0.012246
0 0.973848 0.418385 0.009755 0.013262
0 0.168364 0.876668 0.009756 0.012894
0 0.970946 0.839344 0.009561 0.012382
0 0.850592 0.942311 0.009832 0.012233
0 0.935767 0.913072 0.010320 0.012753
0 0.748191 0.976954 0.010606 0.013486
0 0.781814 0.839104 0.009896 0.013025
0 0.686468 0.725081 0.009441 0.011629
0 0.769588 0.705720 0.009324 0.012299
0 0.751498 0.747758 0.008839 0.012291
0 0.631744 0.871800 0.009902 0.012147
0 0.853072 0.771423 0.009626 0.012570
0 0.832005 0.950763 0.009017 0.011909
0 0.756532 0.717196 0.010767 0.013684
0 0.198424 0.888474 0.009394 0.012340
0 0.769472 0.784129 0.009363 0.011855
0 0.744693 0.709630 0.010264 0.013022
0 0.720667 0.843859 0.009657 0.012232
0 0.722162 0.948843 0.009479 0.012995
0 0.816206 0.828091 0.009693 0.011486
0 0.758672 0.779743 0.009489 0.013179
0 0.979662 0.740906 0.008891 0.012259
0 0.951844 0.766947 0.009742 0.012087
0 0.637947 0.891410 0.009528 0.012239
0 0.728018 0.679039 0.009998 0.013230
0 0.059954 0.820724 0.009472 0.011996
0 0.661581 0.709126 0.008656 0.011234
0 0.738422 0.768657 0.009085 0.011771
0 0.821886 0.734406 0.008130 0.010478
0 0.525338 0.930485 0.009569 0.012742
0 0.915484 0.759184 0.009214 0.012861
0 0.877854 0.758414 0.008668 0.011933
0 0.849804 0.854752 0.009481 0.012219
0 0.908786 0.901967 0.009250 0.012366
0 0.576408 0.797469 0.008778 0.011022
0 0.816384 0.734738 0.008832 0.011192
0 0.805721 0.778604 0.008980 0.012394
0 0.250600 0.590693 0.009923 0.012992
0 0.939325 0.856965 0.010079 0.013232
0 0.693790 0.938324 0.008311 0.011778
0 0.682047 0.521622 0.009725 0.013045
0 0.900179 0.498467 0.008700 0.012134
0 0.833940 0.770319 0.009249 0.011848
0 0.735326 0.904138 0.008921 0.011842
0 0.425754 0.622698 0.009294 0.011916
0 0.820874 0.803545 0.009090 0.012246
0 0.597131 0.580959 0.009166 0.012320
0 0.703679 0.993589 0.009058 0.011172
0 0.631175 0.853333 0.009220 0.011776
0 0.673264 0.976633 0.009728 0.012868
0 0.919926 0.935218 0.009394 0.011869
0 0.880235 0.915505 0.009390 0.012333
0 0.808193 0.815273 0.008763 0.011430
0 0.901988 0.821880 0.009966 0.013648
0 0.698880 0.580292 0.008884 0.011943
0 0.950433 0.993055 0.010136 0.012443
0 0.817523 0.863047 0.008626 0.010862
0 0.996695 0.727519 0.006573 0.011011
0 0.738987 0.979500 0.008473 0.012678
0 0.899724 0.775081 0.009256 0.012394
0 0.876336 0.720461 0.010846 0.014461
0 0.404606 0.570040 0.009461 0.011543
0 0.801975 0.995562 0.008683 0.008875
0 0.962126 0.905290 0.010476 0.013104
0 0.715764 0.985059 0.009206 0.012096
0 0.732975 0.995399 0.009353 0.009202
0 0.911284 0.991533 0.008205 0.010864
0 0.978389 0.972282 0.009498 0.012525
0 0.372342 0.746834 0.009667 0.012424
0 0.987182 0.911995 0.009795 0.012941
0 0.294159 0.687941 0.009346 0.012773
0 0.953789 0.932122 0.009809 0.012586
0 0.079714 0.470069 0.010302 0.013779
0 0.037469 0.511685 0.009534 0.012556
0 0.191716 0.827941 0.008511 0.010904
0 0.894853 0.894677 0.009319 0.012370
0 0.989745 0.443777 0.010435 0.013667
0 0.853893 0.970302 0.008336 0.011239
0 0.650586 0.892749 0.009454 0.012499
0 0.945520 0.873738 0.008884 0.012412
0 0.822790 0.958289 0.010098 0.013513
0 0.898139 0.759247 0.009245 0.011897
0 0.783809 0.885651 0.008021 0.011675
0 0.861115 0.862611 0.008304 0.010649
0 0.815195 0.815223 0.008617 0.011025
0 0.274789 0.992002 0.009830 0.012438
0 0.568542 0.580490 0.009563 0.012162
0 0.277422 0.914536 0.008861 0.011756
0 0.820488 0.872154 0.008591 0.009920
0 0.754295 0.977999 0.011429 0.014771
0 0.748855 0.864971 0.010145 0.013676
0 0.952420 0.947240 0.009615 0.011715
0 0.723930 0.709769 0.007340 0.009932
0 0.413573 0.843785 0.009860 0.012461
0 0.731642 0.862443 0.009740 0.012259
0 0.882379 0.990512 0.009585 0.012226
0 0.784764 0.863498 0.009585 0.012882
0 0.736724 0.588030 0.008327 0.011417
0 0.681494 0.867647 0.006697 0.009089
0 0.310153 0.855182 0.009595 0.012815
0 0.900576 0.854191 0.010035 0.013681
0 0.681455 0.861134 0.006698 0.008448
0 0.897709 0.982067 0.010217 0.013556
0 0.195826 0.822515 0.008268 0.011674
0 0.196425 0.829270 0.009485 0.011883
0 0.942146 0.991243 0.008813 0.011601
0 0.980651 0.956698 0.009191 0.012197
0 0.709278 0.978755 0.008304 0.011799
0 0.983324 0.862326 0.010629 0.012826
0 0.972529 0.989557 0.010059 0.014113
0 0.886371 0.990742 0.009937 0.012921
0 0.947861 0.975082 0.010187 0.014044
0 0.964328 0.860372 0.008579 0.011126
0 0.971344 0.937452 0.009979 0.013480
0 0.926018 0.992963 0.008810 0.010771
0 0.694850 0.616318 0.006233 0.008889
0 0.889660 0.961854 0.010475 0.012559
0 0.828684 0.534113 0.009184 0.012974
0 0.420222 0.838158 0.006568 0.010817
0 0.960808 0.817279 0.011043 0.016681
0 0.673843 0.869366 0.008039 0.010350
0 0.317375 0.492242 0.008599 0.011200
0 0.818377 0.734096 0.010568 0.015587
0 0.637609 0.775590 0.008427 0.009166
0 0.731524 0.590380 0.007753 0.010276
0 0.709032 0.738758 0.009720 0.011896
0 0.972590 0.959182 0.009507 0.013470
0 0.315976 0.878221 0.009002 0.011881
0 0.519114 0.942526 0.005660 0.007139
0 0.629726 0.902900 0.008152 0.012351
0 0.971775 0.838421 0.013821 0.017541
0 0.784318 0.863854 0.014190 0.017997
0 0.013165 0.992831 0.012421 0.013374
0 0.524561 0.930056 0.006326 0.009485
0 0.675579 0.863811 0.009030 0.011306
0 0.563362 0.824755 0.013982 0.018178
0 0.640178 0.773652 0.009974 0.011888
0 0.736200 0.584078 0.008355 0.013113
0 0.479431 0.996418 0.006448 0.006871
0 0.423238 0.610102 0.007135 0.007892
0 0.735691 0.592948 0.009027 0.013714
0 0.645489 0.893261 0.012234 0.014802
0 0.898124 0.599800 0.009933 0.013131
0 0.639014 0.770656 0.009608 0.012376
0 0.810629 0.762999 0.013188 0.017823
0 0.732207 0.593652 0.007648 0.012558
