0 0.387245 0.463759 0.007782 0.009939
0 0.638299 0.515259 0.008157 0.011069
0 0.763361 0.891130 0.008486 0.011555
0 0.559170 0.358455 0.008817 0.011380
0 0.497143 0.767889 0.008478 0.011184
0 0.579579 0.546735 0.008400 0.011226
0 0.552137 0.890895 0.008280 0.010632
0 0.731888 0.900466 0.008078 0.010929
0 0.637140 0.157878 0.008933 0.011624
0 0.900997 0.803627 0.008343 0.011070
0 0.731569 0.337643 0.008354 0.010997
0 0.744814 0.105746 0.008401 0.011440
0 0.992654 0.921496 0.008567 0.012164
0 0.567338 0.463728 0.008162 0.010782
0 0.832515 0.473704 0.008203 0.010846
0 0.734918 0.495670 0.007957 0.010430
0 0.558075 0.700969 0.007565 0.010063
0 0.641279 0.660203 0.008302 0.010795
0 0.841075 0.065976 0.009118 0.011929
0 0.693526 0.628380 0.008336 0.010762
0 0.580081 0.334434 0.009070 0.011860
0 0.725989 0.378742 0.008707 0.011240
0 0.862051 0.472620 0.007790 0.010418
0 0.564634 0.316645 0.008042 0.010503
0 0.678431 0.265916 0.008235 0.011585
0 0.941723 0.365342 0.008187 0.011215
0 0.520386 0.449114 0.008631 0.011259
0 0.960127 0.347509 0.008903 0.011424
0 0.888561 0.921317 0.008041 0.011094
0 0.766867 0.910573 0.008741 0.011386
0 0.724529 0.253855 0.008685 0.011233
0 0.994115 0.957287 0.007796 0.010884
0 0.549168 0.702204 0.007836 0.011168
0 0.643180 0.689658 0.008172 0.010855
0 0.867570 0.463182 0.009153 0.012204
0 0.844256 0.974541 0.008359 0.011590
0 0.880329 0.107130 0.008675 0.011624
0 0.756192 0.389029 0.008339 0.010628
0 0.461788 0.180106 0.007784 0.009982
0 0.968109 0.367293 0.009785 0.012300
0 0.622238 0.357500 0.007346 0.010370
0 0.660383 0.672403 0.007810 0.010402
0 0.459859 0.681087 0.008439 0.010572
0 0.753699 0.210676 0.008368 0.011144
0 0.850060 0.138447 0.008184 0.010825
0 0.509492 0.588141 0.008202 0.010694
0 0.896456 0.419516 0.008396 0.011021
0 0.649858 0.565565 0.008653 0.011085
0 0.927009 0.918410 0.007833 0.010511
0 0.611945 0.377279 0.008282 0.010868
0 0.849321 0.963105 0.008598 0.011013
0 0.543626 0.714272 0.008567 0.011049
0 0.720572 0.442416 0.007665 0.010176
0 0.439525 0.565821 0.008157 0.010803
0 0.777709 0.358087 0.007980 0.010689
0 0.645539 0.338205 0.008474 0.011007
0 0.743982 0.943771 0.007972 0.011193
0 0.861583 0.273772 0.008147 0.010198
0 0.568841 0.352104 0.009271 0.011213
0 0.754445 0.940980 0.007670 0.010728
0 0.551344 0.594199 0.008431 0.010765
0 0.494079 0.381300 0.008340 0.011245
0 0.458076 0.141208 0.006793 0.008499
0 0.561413 0.554141 0.008171 0.010541
0 0.995337 0.691233 0.006928 0.010132
0 0.869387 0.152599 0.008739 0.011714
0 0.692085 0.327250 0.008267 0.010643
0 0.775395 0.373069 0.007665 0.010569
0 0.764303 0.491306 0.009117 0.011788
0 0.889769 0.803145 0.009218 0.011833
0 0.637707 0.620378 0.008420 0.010683
0 0.801682 0.597215 0.008592 0.010623
0 0.449388 0.638275 0.008047 0.010435
0 0.782344 0.463209 0.007926 0.010263
0 0.486839 0.429590 0.008241 0.010893
0 0.670514 0.263570 0.008074 0.011473
0 0.586587 0.190200 0.008623 0.011688
0 0.466008 0.414453 0.008253 0.010913
0 0.853461 0.380738 0.009157 0.011588
0 0.502899 0.469484 0.007951 0.010989
0 0.532973 0.287627 0.008567 0.011359
0 0.591351 0.168305 0.008682 0.011304
0 0.495831 0.642569 0.007867 0.010811
0 0.948617 0.256801 0.009608 0.012793
0 0.920806 0.524849 0.009737 0.012167
0 0.646238 0.251269 0.008791 0.011221
0 0.831864 0.760960 0.008630 0.011876
0 0.879818 0.557714 0.008243 0.010399
0 0.446306 0.504137 0.008332 0.011296
0 0.864493 0.385726 0.008956 0.011927
0 0.802721 0.350175 0.008609 0.011347
0 0.860467 0.931544 0.008654 0.011061
0 0.996617 0.902092 0.006090 0.010783
0 0.764485 0.430886 0.008679 0.011348
0 0.965355 0.422153 0.008474 0.011047
0 0.842297 0.083865 0.008812 0.011615
0 0.716535 0.563580 0.008584 0.010913
0 0.761498 0.377852 0.008207 0.010684
0 0.528622 0.731714 0.008268 0.010361
0 0.778586 0.536301 0.008637 0.011311
0 0.758277 0.443382 0.008854 0.012694
0 0.782322 0.333745 0.008915 0.011394
0 0.834874 0.869660 0.009311 0.011199
0 0.462498 0.475042 0.008565 0.011323
0 0.657712 0.377561 0.008003 0.010099
0 0.563267 0.507374 0.008070 0.010996
0 0.808660 0.554554 0.008220 0.010797
0 0.950690 0.784497 0.007869 0.011160
0 0.551587 0.692462 0.007685 0.009361
0 0.634451 0.650182 0.007446 0.009312
0 0.877131 0.570071 0.007685 0.009887
0 0.919970 0.796649 0.008414 0.011680
0 0.549466 0.490947 0.008121 0.010921
0 0.598495 0.650598 0.008244 0.010924
0 0.870501 0.710168 0.007743 0.010504
0 0.496387 0.589427 0.008258 0.010754
0 0.579905 0.139976 0.008775 0.011570
0 0.687754 0.663027 0.008069 0.010218
0 0.469585 0.679867 0.008208 0.011415
0 0.757227 0.970545 0.008290 0.010782
0 0.805839 0.162147 0.008874 0.012274
0 0.956576 0.804431 0.007898 0.010816
0 0.921331 0.418868 0.008923 0.011565
0 0.457038 0.290775 0.007924 0.010226
0 0.642288 0.375350 0.008806 0.011483
0 0.775602 0.241656 0.008961 0.011919
0 0.602924 0.772211 0.008927 0.012050
0 0.848035 0.671274 0.007707 0.010830
0 0.903250 0.921002 0.008300 0.012268
0 0.791812 0.375899 0.008749 0.011155
0 0.430331 0.102402 0.007942 0.010658
0 0.781764 0.943402 0.008691 0.011800
0 0.856881 0.329894 0.008639 0.011088
0 0.706116 0.336619 0.007904 0.010230
0 0.496072 0.463214 0.007546 0.009579
0 0.481074 0.650694 0.007834 0.010563
0 0.740323 0.294977 0.008028 0.009953
0 0.870855 0.512695 0.008329 0.010376
0 0.768059 0.408675 0.008663 0.011363
0 0.644685 0.307303 0.009200 0.011719
0 0.601876 0.243528 0.008027 0.010658
0 0.658273 0.252154 0.007774 0.010244
0 0.749299 0.504587 0.009346 0.012149
0 0.838509 0.802746 0.008745 0.011603
0 0.639783 0.429746 0.008578 0.011418
0 0.909825 0.794189 0.007974 0.010844
0 0.548505 0.387299 0.009292 0.011959
0 0.849319 0.195219 0.008711 0.011463
0 0.465355 0.297061 0.009137 0.012404
0 0.751588 0.891438 0.008246 0.010997
0 0.959124 0.922165 0.008124 0.011550
0 0.714765 0.484887 0.007883 0.010423
0 0.641274 0.574880 0.008300 0.010275
0 0.830267 0.704049 0.008352 0.010870
0 0.613856 0.671199 0.008594 0.011380
0 0.610636 0.257118 0.009081 0.012161
0 0.488701 0.645231 0.008042 0.010522
0 0.698130 0.616391 0.008242 0.010750
0 0.650469 0.157512 0.008463 0.011622
0 0.772893 0.162064 0.009645 0.012025
0 0.393519 0.702245 0.008143 0.010859
0 0.650835 0.295079 0.008112 0.010865
0 0.855036 0.423156 0.007966 0.010702
0 0.556173 0.611998 0.008455 0.011268
0 0.435837 0.648057 0.008385 0.010648
0 0.763351 0.511374 0.008788 0.011653
0 0.555624 0.625279 0.008359 0.010669
0 0.610878 0.554869 0.008454 0.011405
0 0.581317 0.577542 0.008007 0.010806
0 0.630362 0.279915 0.008605 0.011173
0 0.463137 0.172795 0.007558 0.008705
0 0.890767 0.514974 0.007834 0.010480
0 0.866875 0.630704 0.008956 0.011588
0 0.900805 0.567821 0.007753 0.010123
0 0.564489 0.761121 0.007656 0.010125
0 0.599873 0.400164 0.008193 0.010992
0 0.446369 0.456944 0.008157 0.011423
0 0.533189 0.414716 0.008588 0.012057
0 0.930895 0.268609 0.008493 0.011432
0 0.542020 0.657172 0.008710 0.011305
0 0.528783 0.438735 0.008952 0.011983
0 0.889608 0.691594 0.008633 0.011585
0 0.978487 0.349488 0.009677 0.013125
0 0.676002 0.377371 0.008061 0.009750
0 0.847746 0.227152 0.007381 0.010679
0 0.921425 0.618406 0.008470 0.011811
0 0.656549 0.339627 0.008003 0.011051
0 0.556979 0.205381 0.008318 0.010902
0 0.846774 0.364918 0.008427 0.011145
0 0.589927 0.703442 0.007964 0.010352
0 0.604726 0.691415 0.007849 0.010737
0 0.902963 0.520129 0.008565 0.010865
0 0.846832 0.568948 0.008100 0.011700
0 0.747378 0.386275 0.008268 0.010717
0 0.606775 0.587398 0.007735 0.010083
0 0.879120 0.690615 0.008939 0.011374
0 0.767647 0.334180 0.008549 0.011686
0 0.572678 0.679227 0.007683 0.009679
0 0.792544 0.585902 0.008124 0.010875
0 0.613193 0.543529 0.007961 0.009851
0 0.797862 0.400908 0.006952 0.009716
0 0.638678 0.595566 0.008847 0.011374
0 0.805618 0.403453 0.007523 0.008694
0 0.840778 0.687592 0.009245 0.011936
0 0.587943 0.609500 0.008194 0.010847
0 0.547521 0.569364 0.006738 0.008018
0 0.669365 0.514971 0.007885 0.011138
0 0.420080 0.490469 0.008745 0.011835
0 0.792960 0.186084 0.008696 0.011253
0 0.721853 0.977058 0.008225 0.011115
0 0.874726 0.651935 0.009241 0.013013
0 0.455977 0.560048 0.007844 0.010607
0 0.911408 0.662631 0.007560 0.010210
0 0.799044 0.927685 0.008299 0.011540
0 0.895963 0.734127 0.007675 0.010013
0 0.583599 0.411508 0.007364 0.010626
0 0.714146 0.473300 0.008308 0.010468
0 0.790957 0.984972 0.008217 0.010018
0 0.643989 0.393813 0.008726 0.011839
0 0.663347 0.273490 0.007270 0.009177
0 0.851162 0.747408 0.008415 0.010708
0 0.535092 0.630325 0.008235 0.011108
0 0.969950 0.955980 0.008075 0.010985
0 0.839196 0.230292 0.008206 0.011405
0 0.603296 0.595491 0.006942 0.009399
0 0.723165 0.287063 0.009024 0.011822
0 0.818270 0.824217 0.007560 0.010757
0 0.897859 0.502294 0.007469 0.010480
0 0.928175 0.898728 0.008554 0.010848
0 0.955387 0.986818 0.008970 0.012343
0 0.937995 0.992037 0.007984 0.010291
0 0.725399 0.230568 0.009438 0.011955
0 0.857577 0.616629 0.008147 0.011156
0 0.658501 0.352240 0.008585 0.010973
0 0.418659 0.826686 0.008455 0.012515
0 0.700892 0.439601 0.008248 0.010536
0 0.783983 0.481500 0.008053 0.011167
0 0.690218 0.541810 0.008483 0.011188
0 0.665836 0.345585 0.008533 0.011018
0 0.581843 0.637641 0.007953 0.010371
0 0.688535 0.503191 0.009031 0.011576
0 0.993539 0.766001 0.007849 0.010539
0 0.688823 0.378506 0.008362 0.011037
0 0.498016 0.622556 0.007653 0.009709
0 0.795211 0.091713 0.009686 0.012184
0 0.919091 0.567358 0.007231 0.010870
0 0.710640 0.236684 0.009289 0.012001
0 0.599357 0.609069 0.007625 0.010908
0 0.673488 0.453781 0.008485 0.011166
0 0.846548 0.552745 0.007900 0.009898
0 0.721974 0.470514 0.007227 0.011015
0 0.927438 0.570477 0.007775 0.010399
0 0.924274 0.846953 0.007083 0.010332
0 0.836848 0.125676 0.009221 0.011667
0 0.915486 0.826028 0.007922 0.010359
0 0.475816 0.537735 0.007914 0.010172
0 0.956453 0.527406 0.007933 0.009630
0 0.506018 0.295087 0.007470 0.010067
0 0.843217 0.153430 0.009209 0.012140
0 0.866970 0.443067 0.009989 0.013024
0 0.950800 0.971238 0.008320 0.010693
0 0.536282 0.517495 0.008309 0.010780
0 0.770561 0.546690 0.008025 0.010514
0 0.624645 0.204320 0.009035 0.011598
0 0.658775 0.590409 0.007324 0.010110
0 0.590650 0.739877 0.008607 0.010987
0 0.607459 0.403262 0.007645 0.010687
0 0.575351 0.250635 0.008168 0.010028
0 0.558676 0.129290 0.009636 0.012591
0 0.579475 0.649820 0.007424 0.010702
0 0.979764 0.788750 0.008194 0.010851
0 0.767242 0.846198 0.007634 0.011244
0 0.591569 0.437592 0.008122 0.011238
0 0.941412 0.324237 0.007175 0.009883
0 0.814016 0.146766 0.009987 0.013156
0 0.877831 0.933605 0.008188 0.010839
0 0.803587 0.381826 0.009232 0.012098
0 0.920013 0.649579 0.007982 0.010863
0 0.993375 0.829474 0.008424 0.011595
0 0.711637 0.538907 0.007275 0.009876
0 0.572998 0.650146 0.008006 0.010897
0 0.784941 0.565381 0.007195 0.008747
0 0.950010 0.921244 0.008493 0.010886
0 0.616412 0.357660 0.007582 0.010527
0 0.658541 0.215480 0.008353 0.011500
0 0.831268 0.587039 0.009208 0.011818
0 0.503844 0.671374 0.007967 0.010807
0 0.673585 0.209008 0.008847 0.012167
0 0.875701 0.608095 0.008279 0.010913
0 0.758657 0.855945 0.007990 0.010213
0 0.908229 0.782692 0.008406 0.009702
0 0.710276 0.581167 0.008432 0.011351
0 0.536354 0.567713 0.007332 0.008541
0 0.458515 0.428214 0.008977 0.012026
0 0.884925 0.909939 0.007495 0.009891
0 0.825240 0.179580 0.007747 0.010202
0 0.850967 0.436297 0.008800 0.011348
0 0.996428 0.313676 0.006429 0.011672
0 0.904404 0.941195 0.008381 0.011466
0 0.802507 0.990052 0.007370 0.010569
0 0.951112 0.276363 0.008097 0.010058
0 0.685490 0.554169 0.007360 0.010143
0 0.948781 0.802400 0.007983 0.010867
0 0.839794 0.570621 0.007982 0.010838
0 0.727669 0.469878 0.007461 0.011055
0 0.760978 0.680123 0.008444 0.011048
0 0.753827 0.604610 0.008189 0.011155
0 0.861944 0.665630 0.008545 0.011881
0 0.473921 0.591893 0.008142 0.010666
0 0.801848 0.318349 0.007481 0.010315
0 0.646351 0.642708 0.007845 0.009972
0 0.810613 0.992786 0.008369 0.010026
0 0.763422 0.764207 0.008695 0.010888
0 0.778688 0.489615 0.007949 0.011014
0 0.518338 0.725062 0.008246 0.010107
0 0.693481 0.913726 0.008507 0.010613
0 0.884501 0.503371 0.007928 0.011285
0 0.750630 0.957319 0.009528 0.013718
0 0.880105 0.954779 0.007467 0.008726
0 0.717342 0.519184 0.008914 0.011772
0 0.788077 0.601681 0.008338 0.009856
0 0.807099 0.630783 0.007864 0.010044
0 0.586239 0.413799 0.007836 0.010064
0 0.848076 0.635423 0.008390 0.011007
0 0.577105 0.662014 0.008523 0.010927
0 0.686151 0.457299 0.009495 0.012333
0 0.776824 0.557686 0.008218 0.010502
0 0.902767 0.772805 0.007333 0.010612
0 0.724057 0.405271 0.008170 0.010911
0 0.679059 0.513589 0.007624 0.010439
0 0.686106 0.341703 0.009438 0.011449
0 0.557399 0.527479 0.007785 0.010768
0 0.812903 0.650347 0.008237 0.011756
0 0.546337 0.782049 0.008510 0.011466
0 0.540065 0.560359 0.007843 0.009729
0 0.957856 0.795267 0.007831 0.008389
0 0.969181 0.787627 0.007998 0.011748
0 0.539203 0.547610 0.007758 0.009608
0 0.535492 0.352946 0.007853 0.010378
0 0.861755 0.845362 0.007431 0.011278
0 0.979339 0.674174 0.007508 0.010136
0 0.699244 0.316852 0.008328 0.011293
0 0.908361 0.606135 0.008715 0.010985
0 0.642012 0.608730 0.008603 0.012139
0 0.928801 0.989785 0.008891 0.011372
0 0.558269 0.872390 0.007767 0.010686
0 0.838043 0.509257 0.008275 0.011462
0 0.912569 0.633840 0.008065 0.010482
0 0.929356 0.658652 0.007472 0.010431
0 0.864208 0.796975 0.006429 0.008831
0 0.576702 0.412648 0.007526 0.009458
0 0.698788 0.240693 0.009116 0.011862
0 0.940765 0.721862 0.007330 0.009866
0 0.505686 0.652727 0.008023 0.010826
0 0.883199 0.824040 0.008274 0.011264
0 0.800863 0.618978 0.007752 0.009448
0 0.978556 0.522753 0.008651 0.011509
0 0.869863 0.871964 0.007872 0.009920
0 0.804157 0.411868 0.008560 0.010268
0 0.606058 0.544872 0.007256 0.009869
0 0.876653 0.528104 0.009002 0.011862
0 0.674860 0.633789 0.007283 0.009049
0 0.912796 0.969476 0.008749 0.011557
0 0.914183 0.672201 0.007857 0.009818
0 0.689089 0.210542 0.008852 0.011401
0 0.785413 0.989443 0.008603 0.011523
0 0.853708 0.841283 0.008132 0.010683
0 0.959164 0.538018 0.007786 0.008843
0 0.674072 0.392901 0.008563 0.011541
0 0.986565 0.672909 0.007241 0.010469
0 0.653792 0.612753 0.008900 0.011551
0 0.878655 0.907177 0.007399 0.009898
0 0.627502 0.609396 0.007974 0.009933
0 0.703987 0.275009 0.007110 0.009913
0 0.873794 0.424970 0.008642 0.010871
0 0.740701 0.283577 0.008871 0.009300
0 0.947031 0.398027 0.007891 0.010820
0 0.540021 0.378141 0.007680 0.009600
0 0.837196 0.330709 0.007784 0.010619
0 0.884212 0.734253 0.006737 0.009440
0 0.979192 0.986196 0.009062 0.012261
0 0.950779 0.774786 0.007848 0.010488
0 0.811199 0.664232 0.008573 0.009705
0 0.914356 0.923665 0.008258 0.011974
0 0.642837 0.497170 0.008874 0.012292
0 0.904724 0.743746 0.008113 0.009947
0 0.730701 0.650580 0.007963 0.009994
0 0.994930 0.393208 0.007543 0.010547
0 0.921506 0.775852 0.009636 0.013035
0 0.525023 0.616958 0.008404 0.010527
0 0.688358 0.614856 0.007419 0.011090
0 0.969517 0.747989 0.008061 0.011257
0 0.414288 0.827505 0.008692 0.012127
0 0.968090 0.891060 0.009089 0.011032
0 0.909370 0.869175 0.008208 0.011161
0 0.659348 0.455584 0.008129 0.010041
0 0.916105 0.893800 0.008744 0.011849
0 0.680134 0.360139 0.008062 0.012490
0 0.706714 0.515955 0.008839 0.012646
0 0.905809 0.539167 0.009147 0.012229
0 0.974335 0.924223 0.008001 0.009076
0 0.969026 0.324403 0.008544 0.011171
0 0.884742 0.899574 0.008092 0.010566
0 0.884756 0.577509 0.007339 0.009401
0 0.892188 0.662710 0.007401 0.010653
0 0.666209 0.638126 0.008125 0.010856
0 0.839785 0.603200 0.008366 0.011227
0 0.779269 0.976472 0.008549 0.011319
0 0.611269 0.413980 0.008399 0.010643
0 0.699477 0.516095 0.008078 0.011430
0 0.899328 0.752811 0.008196 0.010628
0 0.972728 0.674420 0.007792 0.009575
0 0.893043 0.649672 0.007317 0.010064
0 0.940269 0.778828 0.008787 0.011168
0 0.869676 0.845381 0.008361 0.011262
0 0.603488 0.715935 0.007928 0.010130
0 0.572563 0.632808 0.007250 0.009266
0 0.542628 0.585475 0.007455 0.009888
0 0.681439 0.541645 0.008408 0.011226
0 0.567500 0.734863 0.007295 0.009568
0 0.774114 0.208677 0.008745 0.011257
0 0.636495 0.320482 0.008244 0.011168
0 0.951060 0.650650 0.008408 0.011069
0 0.587537 0.650981 0.008543 0.011394
0 0.934356 0.297521 0.009331 0.010508
0 0.888833 0.724175 0.008368 0.010307
0 0.686866 0.860749 0.009416 0.011035
0 0.724857 0.059011 0.008975 0.010216
0 0.828824 0.641915 0.007769 0.009852
0 0.987459 0.695355 0.008537 0.010616
0 0.899167 0.716745 0.007221 0.009884
0 0.786060 0.578793 0.007035 0.009862
0 0.828839 0.571616 0.007859 0.011013
0 0.927234 0.976641 0.008515 0.010415
0 0.630977 0.417140 0.007539 0.010393
0 0.692833 0.302838 0.008518 0.011128
0 0.988799 0.152263 0.008364 0.011101
0 0.580448 0.506386 0.007386 0.008578
0 0.933445 0.955476 0.008199 0.009941
0 0.875932 0.785760 0.007092 0.008532
0 0.618985 0.552268 0.008097 0.010580
0 0.797648 0.292673 0.007862 0.010559
0 0.832080 0.695116 0.006898 0.007965
0 0.740609 0.414460 0.009023 0.011548
0 0.695409 0.561457 0.008149 0.010408
0 0.733902 0.451149 0.007666 0.010162
0 0.664033 0.597242 0.008016 0.009862
0 0.861903 0.995851 0.007153 0.007154
0 0.580476 0.515842 0.006940 0.008067
0 0.509121 0.639309 0.008930 0.011778
0 0.552263 0.643022 0.007497 0.010373
0 0.936474 0.659616 0.008047 0.011394
0 0.666773 0.627469 0.007939 0.009653
0 0.905637 0.981055 0.007846 0.010118
0 0.852765 0.664850 0.007160 0.009304
0 0.886775 0.650175 0.007825 0.011170
0 0.903737 0.435435 0.008939 0.012256
0 0.805611 0.302284 0.008736 0.011693
0 0.924463 0.945482 0.009157 0.011318
0 0.973737 0.930816 0.007194 0.010376
0 0.603463 0.622550 0.007264 0.009601
0 0.986479 0.956154 0.007994 0.009815
0 0.492972 0.630211 0.007280 0.009151
0 0.937815 0.944361 0.007976 0.009794
0 0.787093 0.851897 0.009690 0.013060
0 0.831373 0.654350 0.008024 0.010304
0 0.986912 0.900414 0.009031 0.012248
0 0.544422 0.579271 0.007455 0.009641
0 0.980334 0.685160 0.007746 0.009426
0 0.725513 0.205061 0.008345 0.009810
0 0.966947 0.932150 0.006362 0.010004
0 0.855809 0.637457 0.005378 0.010472
0 0.965573 0.683322 0.006204 0.009286
0 0.881194 0.778057 0.007511 0.008891
0 0.594986 0.281771 0.008745 0.011491
0 0.564425 0.672488 0.008040 0.010150
0 0.895521 0.773434 0.007671 0.011269
0 0.708782 0.289529 0.007818 0.009500
0 0.775893 0.744594 0.007293 0.009660
0 0.948465 0.935746 0.008568 0.011668
0 0.583826 0.257358 0.008275 0.011187
0 0.715640 0.317530 0.007327 0.009298
0 0.750452 0.333965 0.008893 0.012002
0 0.942436 0.885302 0.008342 0.010993
0 0.483170 0.534053 0.008588 0.011825
0 0.941271 0.550931 0.008354 0.010985
0 0.714559 0.271650 0.007648 0.010625
0 0.949717 0.766602 0.007770 0.011022
0 0.831632 0.329548 0.007067 0.010054
0 0.889200 0.677893 0.008856 0.010116
0 0.661140 0.434986 0.006200 0.009937
0 0.614010 0.617803 0.006363 0.008543
0 0.738952 0.445125 0.007112 0.009141
0 0.617748 0.632786 0.008010 0.011056
0 0.542602 0.131731 0.007563 0.009787
0 0.979303 0.836454 0.008721 0.011862
0 0.435089 0.432687 0.007772 0.009875
0 0.927461 0.757699 0.008843 0.011465
0 0.895475 0.683003 0.006738 0.009383
0 0.957190 0.767143 0.007879 0.010882
0 0.896808 0.954236 0.008681 0.011279
0 0.685793 0.635675 0.006342 0.010271
0 0.722041 0.340978 0.007665 0.009579
0 0.628520 0.562303 0.008676 0.011655
0 0.572115 0.731507 0.007470 0.010829
0 0.758318 0.363728 0.007891 0.010967
0 0.854989 0.989334 0.008423 0.010776
0 0.826659 0.376087 0.007901 0.011157
0 0.688981 0.581261 0.008061 0.010875
0 0.737850 0.507117 0.007138 0.008133
0 0.778857 0.382022 0.007717 0.008930
0 0.676273 0.532937 0.007154 0.009370
0 0.970975 0.653485 0.007386 0.010088
0 0.958184 0.679652 0.007287 0.008801
0 0.709445 0.449349 0.007032 0.009572
0 0.850534 0.608586 0.008894 0.011251
0 0.538058 0.577101 0.006868 0.007597
0 0.483288 0.568824 0.006785 0.008807
0 0.881874 0.587934 0.007839 0.009178
0 0.974818 0.869125 0.008818 0.010665
0 0.688247 0.950800 0.007537 0.009810
0 0.672270 0.341641 0.007723 0.010671
0 0.596144 0.664481 0.008153 0.009971
0 0.638237 0.633400 0.008110 0.009750
0 0.437811 0.510532 0.008305 0.011588
0 0.725520 0.899137 0.007853 0.010648
0 0.924578 0.711469 0.008256 0.010664
0 0.904744 0.506435 0.008236 0.010495
0 0.912482 0.715169 0.006734 0.007982
0 0.793327 0.518196 0.007979 0.010604
0 0.808037 0.532854 0.008232 0.011160
0 0.697606 0.582469 0.008582 0.011233
0 0.871603 0.989731 0.008091 0.011505
0 0.839520 0.664463 0.007186 0.009392
0 0.913301 0.703716 0.009386 0.013105
0 0.937575 0.931926 0.008146 0.012039
0 0.979707 0.665721 0.007620 0.010671
0 0.855335 0.503120 0.007294 0.009101
0 0.930655 0.878380 0.007399 0.009741
0 0.818429 0.386191 0.007910 0.010606
0 0.486448 0.545106 0.008473 0.011438
0 0.955312 0.936534 0.008816 0.011417
0 0.903880 0.486565 0.008632 0.011623
0 0.946196 0.520302 0.008043 0.011162
0 0.861117 0.583706 0.007130 0.009980
0 0.598494 0.212512 0.006854 0.008980
0 0.530524 0.646299 0.008677 0.011455
0 0.828150 0.987402 0.008168 0.011395
0 0.777516 0.699433 0.007672 0.009621
0 0.867386 0.601909 0.007618 0.010804
0 0.896235 0.762605 0.007909 0.009190
0 0.994960 0.868145 0.006979 0.010898
0 0.913742 0.581435 0.009103 0.011867
0 0.906970 0.642254 0.007308 0.009806
0 0.933691 0.717018 0.008210 0.010136
0 0.842749 0.995780 0.008558 0.007596
0 0.845327 0.987891 0.007750 0.009878
0 0.807261 0.968483 0.008849 0.011619
0 0.957008 0.825798 0.007805 0.010206
0 0.974250 0.712678 0.007355 0.011035
0 0.957033 0.846493 0.007027 0.010381
0 0.745473 0.552686 0.008251 0.011294
0 0.653529 0.435256 0.008430 0.010723
0 0.947752 0.725922 0.008366 0.011203
0 0.515707 0.297862 0.007792 0.009381
0 0.720174 0.347918 0.007782 0.010092
0 0.817759 0.359194 0.008728 0.011373
0 0.674610 0.543401 0.006928 0.010500
0 0.981692 0.693793 0.007259 0.009264
0 0.553085 0.737702 0.008645 0.010796
0 0.555446 0.652928 0.007515 0.009520
0 0.727978 0.211923 0.008282 0.010119
0 0.606667 0.278355 0.008794 0.010918
0 0.778970 0.756789 0.007443 0.009941
0 0.943034 0.742009 0.006086 0.008106
0 0.949136 0.309169 0.008699 0.011825
0 0.480335 0.694083 0.007684 0.009621
0 0.952108 0.753558 0.007888 0.009849
0 0.774293 0.201965 0.008189 0.010243
0 0.738541 0.467084 0.008521 0.011286
0 0.862008 0.866165 0.007635 0.009909
0 0.878204 0.945998 0.008006 0.009996
0 0.994998 0.714053 0.008329 0.010689
0 0.924490 0.694044 0.007222 0.009638
0 0.739242 0.537158 0.007074 0.008683
0 0.580548 0.728108 0.006914 0.009198
0 0.681054 0.236631 0.007914 0.011006
0 0.541965 0.567821 0.007414 0.010042
0 0.793491 0.795212 0.008860 0.011821
0 0.660238 0.634405 0.007643 0.010136
0 0.904526 0.239828 0.007297 0.010227
0 0.504900 0.726003 0.008459 0.010769
0 0.677023 0.569606 0.007682 0.009881
0 0.931508 0.848534 0.007724 0.009380
0 0.849696 0.657192 0.007827 0.009606
0 0.955402 0.691063 0.008138 0.011106
0 0.488878 0.562262 0.007594 0.010538
0 0.933040 0.828901 0.007815 0.010281
0 0.846170 0.539451 0.008070 0.011042
0 0.910644 0.648752 0.007070 0.009964
0 0.664246 0.240587 0.007944 0.010814
0 0.722375 0.069703 0.006973 0.008367
0 0.616684 0.612056 0.007989 0.010135
0 0.837396 0.557439 0.007838 0.010793
0 0.914885 0.686932 0.008280 0.010431
0 0.907664 0.677587 0.007460 0.010272
0 0.710291 0.269513 0.007184 0.010803
0 0.986737 0.683078 0.008150 0.009931
0 0.747152 0.275336 0.005789 0.009105
0 0.931881 0.646002 0.008482 0.010792
0 0.766284 0.304302 0.006776 0.008718
0 0.754736 0.257257 0.006783 0.009865
0 0.777535 0.823089 0.009561 0.013146
0 0.778665 0.574806 0.007790 0.010841
0 0.484836 0.531071 0.008076 0.010885
0 0.846701 0.298459 0.007789 0.009690
0 0.993275 0.163496 0.008126 0.010697
0 0.941564 0.857604 0.007537 0.010005
0 0.823622 0.648499 0.007801 0.010057
0 0.777821 0.726028 0.007465 0.009133
0 0.839945 0.618686 0.009737 0.013288
0 0.931800 0.307292 0.007137 0.008657
0 0.750408 0.635954 0.008867 0.011334
0 0.397145 0.408798 0.005601 0.007240
0 0.395618 0.536036 0.005906 0.007735
0 0.991500 0.852062 0.008993 0.011897
0 0.497809 0.709428 0.006558 0.009420
0 0.830760 0.607902 0.008794 0.011015
0 0.957370 0.703880 0.008139 0.010475
0 0.754705 0.281369 0.007109 0.010624
0 0.858736 0.529250 0.008123 0.010217
0 0.972774 0.664592 0.007549 0.009530
0 0.363880 0.515847 0.006920 0.009059
0 0.997453 0.927602 0.004585 0.010384
0 0.996776 0.855158 0.005804 0.009826
0 0.685598 0.574682 0.007837 0.010396
0 0.881833 0.852088 0.008605 0.012026
0 0.905152 0.605076 0.009428 0.012320
0 0.597842 0.625720 0.007316 0.010496
0 0.576881 0.108825 0.007466 0.009654
0 0.512899 0.297872 0.006606 0.010165
0 0.799305 0.304389 0.008116 0.010582
0 0.664639 0.443301 0.007736 0.009203
0 0.541376 0.860540 0.007583 0.009616
0 0.716902 0.309505 0.008494 0.010237
0 0.664979 0.499063 0.007511 0.010598
0 0.922588 0.874659 0.007743 0.011017
0 0.904959 0.723248 0.007662 0.009685
0 0.775207 0.844604 0.008281 0.011757
0 0.993684 0.876128 0.006792 0.009644
0 0.926038 0.876727 0.008881 0.011887
0 0.815859 0.953695 0.007804 0.009949
0 0.775160 0.286881 0.007439 0.009458
0 0.940806 0.400197 0.006864 0.010292
0 0.770955 0.832317 0.007959 0.010250
0 0.713662 0.444297 0.007663 0.009786
0 0.778101 0.859514 0.007303 0.010628
0 0.541708 0.675209 0.007351 0.009413
0 0.946390 0.481207 0.006543 0.008369
0 0.845022 0.291510 0.007260 0.010137
0 0.920516 0.721745 0.007978 0.009560
0 0.955014 0.790855 0.008964 0.010838
0 0.981037 0.854227 0.007491 0.010571
0 0.983566 0.713651 0.008975 0.011990
0 0.900858 0.704388 0.006871 0.009426
0 0.608703 0.406825 0.009509 0.011647
0 0.749467 0.254786 0.007747 0.010361
0 0.937962 0.918009 0.008218 0.010473
0 0.946635 0.281910 0.007155 0.009990
0 0.962618 0.845551 0.007240 0.010438
0 0.725309 0.600706 0.009485 0.011921
0 0.849785 0.775542 0.007597 0.009466
0 0.988516 0.947523 0.007499 0.010310
0 0.854629 0.591938 0.006324 0.008839
0 0.863315 0.602628 0.008997 0.011572
0 0.683714 0.951558 0.007642 0.010343
0 0.500984 0.701690 0.007254 0.009047
0 0.579547 0.406751 0.007649 0.011417
0 0.813936 0.961335 0.006381 0.008446
0 0.930870 0.694557 0.007074 0.009556
0 0.715699 0.417622 0.008112 0.010947
0 0.858453 0.788293 0.006562 0.008068
0 0.730935 0.403334 0.006100 0.009112
0 0.971070 0.813670 0.008869 0.012338
0 0.856336 0.499772 0.007775 0.010507
0 0.782729 0.736308 0.006806 0.009185
0 0.976443 0.882338 0.008074 0.008966
0 0.739145 0.987120 0.006714 0.008287
0 0.782053 0.767049 0.007874 0.009152
0 0.726785 0.067098 0.008521 0.009549
0 0.344508 0.608819 0.007041 0.008397
0 0.914930 0.739249 0.009574 0.012523
0 0.956370 0.714164 0.008064 0.009841
0 0.782228 0.561429 0.007542 0.010120
0 0.748213 0.852338 0.006285 0.009529
0 0.649823 0.265225 0.008073 0.010571
0 0.572235 0.631791 0.010215 0.013657
0 0.739255 0.992548 0.006905 0.009041
0 0.581513 0.575987 0.012044 0.015217
0 0.723988 0.468896 0.008282 0.010786
0 0.602964 0.668644 0.006358 0.009631
0 0.934604 0.130137 0.007232 0.009893
0 0.480746 0.686708 0.006789 0.009922
0 0.874608 0.783123 0.008301 0.010601
0 0.841326 0.654845 0.006298 0.010022
0 0.852857 0.768384 0.008326 0.010389
0 0.890979 0.525868 0.007325 0.009647
0 0.571477 0.624138 0.006528 0.009186
0 0.536634 0.860129 0.006867 0.008681
0 0.938179 0.306818 0.007163 0.010951
0 0.930975 0.703649 0.007486 0.009286
0 0.671060 0.536514 0.007395 0.008790
0 0.472968 0.693554 0.007544 0.010003
0 0.683975 0.290064 0.008485 0.010798
0 0.823696 0.996585 0.006636 0.005817
0 0.778454 0.710865 0.008772 0.011103
0 0.872780 0.779709 0.007408 0.010036
0 0.993520 0.336094 0.006007 0.007568
0 0.764429 0.786157 0.011032 0.014254
0 0.833749 0.318837 0.006896 0.007497
0 0.741390 0.346572 0.006512 0.008061
0 0.836303 0.584230 0.008002 0.011025
0 0.948423 0.849653 0.008464 0.011124
0 0.808043 0.064922 0.007667 0.010621
0 0.876670 0.580571 0.007142 0.008783
0 0.975608 0.970255 0.009048 0.011137
0 0.766575 0.901997 0.009773 0.011525
0 0.805311 0.624586 0.008053 0.010971
0 0.815344 0.278583 0.007764 0.010419
0 0.950666 0.668529 0.006545 0.009499
0 0.897282 0.923000 0.007955 0.012523
0 0.959676 0.744895 0.008214 0.010369
0 0.940970 0.882488 0.008957 0.010641
0 0.970730 0.696220 0.007448 0.009892
0 0.640559 0.421522 0.008296 0.010448
0 0.891680 0.872334 0.007117 0.008934
0 0.982489 0.888470 0.008094 0.009931
0 0.647392 0.266897 0.008530 0.010441
0 0.786216 0.806715 0.009598 0.012343
0 0.783315 0.776726 0.007845 0.009386
0 0.593881 0.669113 0.008310 0.010869
0 0.889022 0.612087 0.008372 0.010604
0 0.743722 0.858091 0.008566 0.011957
0 0.564760 0.354765 0.010231 0.013712
0 0.980180 0.726572 0.006989 0.008451
0 0.559098 0.277780 0.009120 0.011379
0 0.873987 0.624732 0.008460 0.010831
0 0.620120 0.355029 0.008459 0.012013
0 0.555468 0.779660 0.006435 0.008261
0 0.958796 0.652272 0.006307 0.010930
0 0.409087 0.433341 0.007307 0.009549
0 0.930805 0.858291 0.007320 0.010315
0 0.964246 0.996724 0.005200 0.005260
0 0.857306 0.599727 0.006640 0.009666
0 0.845852 0.549340 0.008493 0.010397
0 0.741662 0.276452 0.008405 0.011605
0 0.887474 0.877586 0.007114 0.008892
0 0.780398 0.764235 0.009295 0.010789
0 0.986131 0.882523 0.007567 0.009512
0 0.936970 0.299921 0.008634 0.011276
0 0.580242 0.096378 0.006958 0.008555
0 0.864129 0.987727 0.007083 0.010931
0 0.916782 0.850334 0.007490 0.009681
0 0.805850 0.409531 0.007992 0.010472
0 0.772060 0.279913 0.006740 0.009633
0 0.956753 0.884297 0.008523 0.011185
0 0.822854 0.372182 0.007922 0.010368
0 0.957386 0.670713 0.006978 0.009671
0 0.891118 0.675311 0.008216 0.011459
0 0.954327 0.886838 0.009160 0.012528
0 0.802974 0.059668 0.007208 0.009497
0 0.771150 0.928635 0.006954 0.009280
0 0.939123 0.874840 0.007255 0.010546
0 0.895691 0.994827 0.008218 0.008779
0 0.710280 0.498083 0.007714 0.009473
0 0.684496 0.948239 0.008362 0.011107
0 0.779688 0.926231 0.006846 0.009669
0 0.772885 0.646719 0.008694 0.011087
0 0.559041 0.668414 0.007852 0.010202
0 0.713052 0.784339 0.005998 0.007392
0 0.973479 0.966591 0.007557 0.009858
0 0.964602 0.656973 0.006451 0.009674
0 0.829622 0.374441 0.009330 0.011093
0 0.929236 0.640559 0.008002 0.011358
0 0.905764 0.663066 0.008013 0.010560
0 0.675562 0.952792 0.006328 0.008330
0 0.897819 0.900018 0.006593 0.008757
0 0.538947 0.860340 0.006274 0.010946
0 0.960982 0.768724 0.007671 0.009422
0 0.760478 0.273462 0.007914 0.010476
0 0.664152 0.436893 0.007809 0.009983
0 0.962716 0.654210 0.007352 0.010374
0 0.930824 0.842664 0.007136 0.010241
0 0.778477 0.570466 0.007887 0.010443
0 0.957700 0.533444 0.009466 0.011058
0 0.989751 0.168171 0.008017 0.012006
0 0.406537 0.423938 0.007323 0.008715
0 0.781355 0.773471 0.009347 0.012245
0 0.827030 0.362430 0.007325 0.011176
0 0.646681 0.278556 0.006689 0.009189
0 0.838042 0.575625 0.008587 0.012934
0 0.831503 0.658687 0.008660 0.010974
0 0.485620 0.706108 0.006716 0.008804
0 0.595289 0.672194 0.007568 0.009669
0 0.536871 0.572574 0.008031 0.010659
0 0.574867 0.728893 0.008026 0.010623
0 0.714207 0.500064 0.008483 0.010879
0 0.925075 0.649319 0.010052 0.012502
0 0.780738 0.380340 0.008615 0.012710
0 0.990399 0.694355 0.007947 0.012020
0 0.783815 0.925169 0.006259 0.009524
0 0.941949 0.396475 0.009955 0.012966
0 0.991735 0.153326 0.009155 0.012378
0 0.884914 0.978845 0.008607 0.011213
0 0.468837 0.689158 0.008846 0.012372
0 0.603907 0.612513 0.008191 0.010670
0 0.538099 0.853495 0.008333 0.010730
0 0.651105 0.277677 0.007227 0.010247
0 0.466601 0.678642 0.011211 0.014427
0 0.937682 0.398374 0.008355 0.011154
0 0.852863 0.284184 0.006000 0.008809
0 0.796054 0.892967 0.007868 0.009520
0 0.985854 0.886641 0.009204 0.010893
0 0.550806 0.780698 0.010294 0.012022
0 0.945939 0.549220 0.007512 0.009516
0 0.878183 0.738379 0.007656 0.010291
0 0.713230 0.437691 0.007206 0.011244
0 0.721086 0.561759 0.007247 0.012690
0 0.571382 0.672094 0.008058 0.010674
0 0.930816 0.634993 0.007396 0.010107
