0 0.433835 0.207047 0.006559 0.007716
0 0.025463 0.289095 0.003858 0.004115
0 0.111497 0.244599 0.003086 0.004630
0 0.463542 0.317130 0.005787 0.007716
0 0.299769 0.102109 0.003086 0.004630
0 0.087963 0.224537 0.003858 0.004630
0 0.112847 0.423611 0.003472 0.004630
0 0.314043 0.121656 0.003086 0.005658
0 0.091049 0.460648 0.003858 0.004630
0 0.486111 0.256944 0.004630 0.007716
0 0.373264 0.521605 0.005787 0.006173
0 0.012731 0.317130 0.003086 0.004630
0 0.353588 0.328189 0.004244 0.005144
0 0.100887 0.092593 0.004244 0.006173
0 0.033372 0.335391 0.003472 0.004115
0 0.082176 0.184156 0.003086 0.005144
0 0.236690 0.175669 0.003472 0.004630
0 0.040702 0.209877 0.003472 0.004115
0 0.166088 0.059414 0.003472 0.003601
0 0.085262 0.135288 0.003086 0.004115
0 0.313850 0.286780 0.003472 0.005658
0 0.104938 0.336677 0.003086 0.004630
0 0.305941 0.535494 0.003858 0.005144
0 0.497106 0.167695 0.005787 0.008230
0 0.300733 0.255401 0.004244 0.004630
0 0.255594 0.216307 0.003472 0.004630
0 0.253665 0.263889 0.003472 0.005144
0 0.176312 0.117798 0.003086 0.004115
0 0.353588 0.158693 0.004244 0.005658
0 0.411458 0.319959 0.004244 0.006173
0 0.005401 0.202932 0.003858 0.004630
0 0.253279 0.142233 0.003472 0.004630
0 0.224730 0.382716 0.005787 0.006173
0 0.245370 0.341821 0.004630 0.008745
0 0.299769 0.223508 0.003086 0.004630
0 0.028164 0.352109 0.003086 0.004630
0 0.378086 0.267747 0.003858 0.004630
0 0.231096 0.274434 0.003858 0.004630
0 0.251350 0.234568 0.003472 0.005144
0 0.276427 0.274434 0.003472 0.004630
0 0.167631 0.109825 0.003472 0.004630
0 0.440779 0.420525 0.004244 0.005658
0 0.023148 0.404321 0.003086 0.004115
0 0.446566 0.195473 0.005787 0.006173
0 0.282215 0.348251 0.004244 0.005144
0 0.197724 0.107253 0.004244 0.005658
0 0.200617 0.118056 0.003858 0.004630
0 0.266975 0.016204 0.003858 0.005658
0 0.278164 0.483539 0.003858 0.005144
0 0.225502 0.221193 0.003472 0.005144
0 0.317708 0.211420 0.003472 0.005144
0 0.194252 0.362912 0.003472 0.005658
0 0.125965 0.245370 0.003472 0.005144
0 0.189815 0.289866 0.003858 0.005658
0 0.090664 0.202675 0.001543 0.003086
0 0.096644 0.284465 0.005787 0.006173
0 0.360918 0.246914 0.003472 0.005144
0 0.066165 0.565844 0.003472 0.005144
0 0.245370 0.251800 0.003858 0.004630
0 0.036844 0.150463 0.002701 0.004630
0 0.090664 0.240998 0.003858 0.005658
0 0.385224 0.064300 0.003472 0.004115
0 0.232639 0.129630 0.003086 0.005144
0 0.201196 0.542438 0.005787 0.005658
0 0.365934 0.324074 0.003472 0.004115
0 0.165509 0.073045 0.003086 0.005144
0 0.149498 0.431584 0.003472 0.005144
0 0.321373 0.518776 0.004630 0.009774
0 0.056713 0.352881 0.004630 0.005144
0 0.167631 0.248971 0.003472 0.004115
0 0.037616 0.094136 0.003472 0.004115
0 0.075617 0.433128 0.003858 0.004115
0 0.216242 0.207305 0.004244 0.005144
0 0.182292 0.095679 0.003472 0.004115
0 0.097222 0.398148 0.003086 0.004115
0 0.387153 0.422068 0.007330 0.009774
0 0.282600 0.224794 0.003472 0.004115
0 0.045525 0.381944 0.003086 0.004630
0 0.183642 0.368827 0.003858 0.004115
0 0.088735 0.015689 0.003858 0.004630
0 0.138503 0.449331 0.003858 0.004630
0 0.191551 0.404835 0.003472 0.005144
0 0.024884 0.441872 0.003472 0.005144
0 0.138696 0.276749 0.003472 0.006173
0 0.198881 0.311728 0.002701 0.005144
0 0.301890 0.210905 0.003472 0.005144
0 0.340471 0.276235 0.005787 0.006173
0 0.060185 0.394805 0.003858 0.004630
0 0.238426 0.557613 0.003858 0.005144
0 0.084105 0.345165 0.003858 0.004115
0 0.115355 0.440844 0.003086 0.004115
0 0.349923 0.129630 0.003858 0.005144
0 0.072145 0.352109 0.003086 0.003601
0 0.310185 0.103395 0.003858 0.005144
0 0.254051 0.252058 0.003472 0.004115
0 0.141397 0.195473 0.003472 0.004115
0 0.184992 0.241770 0.003472 0.004115
0 0.005980 0.223251 0.003472 0.004115
0 0.154321 0.327932 0.003858 0.004630
0 0.174961 0.329218 0.003472 0.005144
0 0.213542 0.126800 0.003472 0.004630
0 0.027778 0.319959 0.003086 0.004115
0 0.016204 0.208848 0.003858 0.005144
0 0.238812 0.210905 0.003086 0.005144
0 0.372878 0.310700 0.004244 0.005144
0 0.034529 0.297582 0.003472 0.004630
0 0.182099 0.193158 0.006173 0.009774
0 0.063465 0.253086 0.003472 0.004115
0 0.270640 0.316872 0.005787 0.008230
0 0.121721 0.266461 0.002701 0.003086
0 0.248071 0.126800 0.003086 0.004630
0 0.103202 0.256173 0.002701 0.004115
0 0.300733 0.120113 0.003472 0.004630
0 0.081404 0.122428 0.003858 0.004115
0 0.244406 0.112912 0.003472 0.004630
0 0.209105 0.490226 0.003858 0.004115
0 0.152585 0.261060 0.002701 0.003601
0 0.295910 0.418981 0.006944 0.009774
0 0.194444 0.388374 0.003858 0.005144
0 0.026813 0.391718 0.003472 0.004630
0 0.340278 0.330504 0.004630 0.005658
0 0.050154 0.040895 0.004630 0.007716
0 0.056134 0.254372 0.002701 0.003601
0 0.023727 0.324074 0.002701 0.005144
0 0.276235 0.605453 0.006173 0.008230
0 0.350309 0.191358 0.003858 0.004115
0 0.350887 0.552726 0.004244 0.005658
0 0.176312 0.606481 0.003858 0.005144
0 0.362076 0.271348 0.002701 0.005658
0 0.260417 0.097994 0.003086 0.003601
0 0.098380 0.177726 0.003858 0.005658
0 0.324267 0.153292 0.002701 0.006173
0 0.118441 0.130658 0.003086 0.005144
0 0.121142 0.068416 0.007716 0.006173
0 0.183063 0.140175 0.003472 0.004630
0 0.258873 0.151749 0.003086 0.005144
0 0.137153 0.237654 0.005787 0.009259
0 0.199846 0.064300 0.003086 0.004115
0 0.157215 0.352623 0.003472 0.004630
0 0.389468 0.203189 0.003472 0.005144
0 0.266590 0.272119 0.003858 0.005144
0 0.191358 0.263632 0.003086 0.004630
0 0.335069 0.298097 0.003472 0.004630
0 0.308835 0.227366 0.003472 0.005144
0 0.273920 0.245885 0.003858 0.006173
0 0.222222 0.084877 0.003086 0.004115
0 0.210262 0.147634 0.003858 0.005144
0 0.201003 0.197274 0.003858 0.004630
0 0.185571 0.539866 0.006173 0.008745
0 0.085455 0.259259 0.003472 0.005144
0 0.066744 0.283179 0.003086 0.004630
0 0.168981 0.281379 0.003858 0.005144
0 0.385995 0.287551 0.003472 0.005144
0 0.021605 0.142490 0.003858 0.006173
0 0.089120 0.238169 0.003858 0.006173
0 0.080440 0.241512 0.003472 0.003601
0 0.254244 0.486111 0.003858 0.005144
0 0.499421 0.351337 0.005787 0.006173
0 0.267940 0.121914 0.003472 0.005144
0 0.052276 0.210391 0.003472 0.003086
0 0.206790 0.114198 0.003858 0.004115
0 0.337191 0.247685 0.006173 0.005658
0 0.026813 0.341821 0.002701 0.003601
0 0.209877 0.302984 0.003086 0.005144
0 0.156250 0.201646 0.003858 0.004115
0 0.228202 0.069959 0.003472 0.005144
0 0.201582 0.168210 0.003472 0.004115
0 0.353974 0.238940 0.003472 0.004630
0 0.040316 0.280607 0.005787 0.005658
0 0.171296 0.433128 0.003858 0.005144
0 0.184414 0.509516 0.006173 0.004630
0 0.254630 0.066101 0.003858 0.004630
0 0.363233 0.093107 0.003472 0.005144
0 0.352816 0.315586 0.003472 0.004630
0 0.182870 0.070730 0.003858 0.003601
0 0.028164 0.131173 0.003086 0.004115
0 0.061728 0.367284 0.003858 0.005144
0 0.170718 0.044753 0.003472 0.004115
0 0.134645 0.299640 0.003858 0.004630
0 0.279900 0.214249 0.003472 0.004630
0 0.129437 0.265947 0.003472 0.004115
0 0.067130 0.086677 0.003086 0.004630
0 0.273148 0.173097 0.003858 0.004630
0 0.093557 0.004630 0.005787 0.006173
0 0.273341 0.173354 0.003472 0.005144
0 0.411265 0.341307 0.003858 0.005658
0 0.195795 0.044239 0.003472 0.005144
0 0.099537 0.090792 0.004630 0.005658
0 0.211613 0.010031 0.003472 0.004630
0 0.142940 0.258745 0.003472 0.004115
0 0.411651 0.031121 0.008488 0.010802
0 0.356867 0.193416 0.003858 0.005144
0 0.083526 0.268519 0.003472 0.004115
0 0.076389 0.043981 0.003086 0.004630
0 0.061921 0.127315 0.003472 0.003601
0 0.348380 0.222222 0.006173 0.006173
0 0.269676 0.074074 0.003858 0.005144
0 0.080633 0.460648 0.003086 0.003601
0 0.081983 0.129115 0.005787 0.005144
0 0.332176 0.361883 0.004630 0.008745
0 0.230324 0.207305 0.003086 0.005144
0 0.069830 0.326132 0.003086 0.004115
0 0.155478 0.160751 0.003858 0.005658
0 0.180941 0.350566 0.003858 0.005658
0 0.102238 0.126800 0.004630 0.007716
0 0.009066 0.122942 0.003472 0.004115
0 0.325039 0.188786 0.003472 0.005144
0 0.210648 0.121142 0.003858 0.004630
0 0.207948 0.168467 0.003086 0.003601
0 0.216821 0.104424 0.003858 0.005144
0 0.051890 0.050412 0.003472 0.004115
0 0.456790 0.076903 0.004630 0.005658
0 0.339313 0.515689 0.005787 0.008745
0 0.144676 0.400977 0.003086 0.004630
0 0.199074 0.311214 0.003858 0.005144
0 0.034144 0.010545 0.003472 0.004630
0 0.247106 0.161008 0.003472 0.004115
0 0.080054 0.448817 0.003472 0.004630
0 0.048225 0.180298 0.003086 0.004630
0 0.302276 0.019547 0.004244 0.005144
0 0.214313 0.174383 0.003472 0.002058
0 0.247685 0.075617 0.003858 0.005144
0 0.631366 0.614969 0.004244 0.005658
0 0.112654 0.309671 0.003858 0.004115
0 0.234761 0.159465 0.003472 0.004115
0 0.177469 0.246142 0.003086 0.004630
0 0.265818 0.190329 0.003858 0.005144
0 0.021798 0.009774 0.002701 0.004115
0 0.070216 0.243056 0.003858 0.004630
0 0.244792 0.113169 0.003472 0.004115
0 0.195023 0.035237 0.005787 0.005658
0 0.059414 0.187243 0.003086 0.005144
0 0.404707 0.391461 0.003086 0.005144
0 0.076196 0.130401 0.004244 0.004630
0 0.293017 0.148663 0.004244 0.005144
0 0.112654 0.039609 0.003086 0.005144
0 0.107446 0.037294 0.003472 0.003601
0 0.191165 0.291924 0.004244 0.005658
0 0.350887 0.211163 0.003472 0.004630
0 0.376350 0.118056 0.006559 0.009774
0 0.073881 0.343364 0.003472 0.004630
0 0.072724 0.289095 0.003472 0.004115
0 0.153742 0.382459 0.003472 0.004630
0 0.131944 0.127829 0.003086 0.004630
0 0.177662 0.321759 0.004244 0.004630
0 0.084105 0.067387 0.003858 0.005144
0 0.330054 0.241255 0.003472 0.004115
0 0.038580 0.157665 0.003086 0.001543
0 0.400849 0.408179 0.004630 0.004630
0 0.060571 0.266461 0.003086 0.004115
0 0.168210 0.399434 0.003086 0.003601
0 0.055363 0.012860 0.003472 0.004115
0 0.184992 0.077418 0.003472 0.004630
0 0.039738 0.183385 0.003086 0.004630
0 0.262731 0.120628 0.003858 0.004630
0 0.178241 0.483025 0.003858 0.005144
0 0.053434 0.112140 0.002701 0.002058
0 0.645640 0.613940 0.005787 0.005658
0 0.305363 0.269290 0.004244 0.005658
0 0.353588 0.239198 0.003472 0.005144
0 0.014275 0.181327 0.003086 0.003601
0 0.168210 0.134516 0.003086 0.004630
0 0.128279 0.464506 0.003472 0.005144
0 0.221451 0.301955 0.003086 0.005144
0 0.368056 0.215535 0.003858 0.005144
0 0.127508 0.231996 0.002701 0.004115
0 0.355710 0.285494 0.006173 0.008230
0 0.245177 0.217335 0.002701 0.003601
0 0.350887 0.553755 0.003472 0.004630
0 0.304784 0.243570 0.003086 0.005658
0 0.081019 0.148663 0.004630 0.005144
0 0.049383 0.166152 0.003086 0.004115
0 0.038387 0.159722 0.003472 0.004630
0 0.379823 0.240998 0.004244 0.004630
0 0.362076 0.221193 0.005787 0.006173
0 0.072145 0.243570 0.003858 0.003601
0 0.043210 0.234568 0.003858 0.004115
0 0.195602 0.615226 0.002315 0.003086
0 0.192323 0.060185 0.003472 0.004115
0 0.172261 0.539609 0.003472 0.005144
0 0.066358 0.530350 0.003858 0.005144
0 0.221065 0.302212 0.003858 0.004630
0 0.184799 0.114712 0.003086 0.004115
0 0.074653 0.202160 0.006559 0.008230
0 0.212963 0.471451 0.003858 0.004630
0 0.267554 0.433128 0.004244 0.005144
0 0.007909 0.157407 0.003472 0.006173
0 0.229167 0.424126 0.006173 0.005658
0 0.369213 0.079990 0.004630 0.005658
0 0.629823 0.614455 0.005787 0.005658
0 0.126543 0.255658 0.003858 0.005144
0 0.026235 0.163066 0.003086 0.003086
0 0.211420 0.182613 0.003086 0.004115
0 0.384452 0.124486 0.004244 0.005144
0 0.276620 0.539352 0.002315 0.003601
0 0.362847 0.093364 0.003472 0.005658
0 0.174576 0.253858 0.002701 0.004630
0 0.227816 0.144033 0.003472 0.004115
0 0.215278 0.424897 0.003858 0.005144
0 0.147184 0.392490 0.003472 0.005144
0 0.068866 0.243570 0.002701 0.003601
0 0.069059 0.212963 0.003086 0.003086
0 0.480131 0.330504 0.007330 0.009774
0 0.379244 0.141461 0.006944 0.008230
0 0.499421 0.192387 0.004244 0.006173
0 0.037230 0.235854 0.005787 0.007716
0 0.223765 0.122171 0.004630 0.003601
0 0.049769 0.166667 0.003858 0.004115
0 0.077546 0.402263 0.006173 0.006173
0 0.101659 0.213220 0.003472 0.003601
0 0.165702 0.464506 0.004244 0.005144
0 0.081597 0.077932 0.004244 0.004630
0 0.329282 0.287809 0.003472 0.005658
0 0.066937 0.269547 0.002701 0.004115
0 0.233218 0.003601 0.004244 0.005144
0 0.269097 0.090792 0.003472 0.004630
0 0.125772 0.298097 0.003086 0.004630
0 0.362654 0.318158 0.003858 0.005658
0 0.233796 0.100823 0.003086 0.005144
0 0.151042 0.216307 0.003472 0.004630
0 0.254823 0.171039 0.005787 0.004630
0 0.261767 0.518519 0.004244 0.005144
0 0.125579 0.494599 0.003472 0.003601
0 0.227431 0.424640 0.006559 0.008745
0 0.449846 0.261574 0.004630 0.005658
0 0.146412 0.214249 0.002701 0.003601
0 0.340085 0.014403 0.003472 0.008230
0 0.360147 0.065844 0.004244 0.004115
0 0.116705 0.215535 0.004244 0.006173
0 0.217785 0.465792 0.002701 0.005658
0 0.131173 0.404835 0.003858 0.005144
0 0.358410 0.550154 0.003858 0.005658
0 0.176505 0.004115 0.003472 0.004115
0 0.101273 0.223765 0.003472 0.004115
0 0.382909 0.249486 0.006559 0.011317
0 0.041088 0.175669 0.003472 0.004630
0 0.118441 0.212449 0.003858 0.005144
0 0.206019 0.302469 0.002315 0.005144
0 0.361111 0.202418 0.004630 0.007716
0 0.082948 0.274177 0.003086 0.005144
0 0.260995 0.320988 0.004244 0.004115
0 0.005980 0.272891 0.003472 0.003601
0 0.163966 0.253858 0.003086 0.003601
0 0.371335 0.409208 0.003472 0.003601
0 0.092207 0.184156 0.002315 0.005144
0 0.361304 0.008488 0.008102 0.010802
0 0.245563 0.217850 0.003472 0.004630
0 0.141204 0.223251 0.003086 0.003086
0 0.018711 0.057870 0.004244 0.008745
0 0.094522 0.021091 0.003858 0.005144
0 0.094136 0.356481 0.003086 0.005144
0 0.230710 0.371399 0.006173 0.006173
0 0.408758 0.387346 0.004244 0.005144
0 0.057292 0.219136 0.003472 0.005144
0 0.484182 0.466821 0.003858 0.005658
0 0.078897 0.403292 0.007330 0.009259
0 0.195023 0.036265 0.005787 0.007716
