0 0.430558 0.325926 0.008653 0.011161
0 0.442951 0.402908 0.008585 0.011135
0 0.412319 0.276177 0.008034 0.010834
0 0.403297 0.535548 0.008408 0.010783
0 0.498442 0.564731 0.008289 0.010510
0 0.583581 0.358990 0.008541 0.011403
0 0.230657 0.418452 0.008270 0.010942
0 0.020176 0.068348 0.008507 0.011464
0 0.439596 0.284270 0.008729 0.011538
0 0.478528 0.387893 0.008719 0.011383
0 0.471224 0.325604 0.007859 0.010323
0 0.770511 0.366289 0.009283 0.012015
0 0.720923 0.669859 0.008397 0.011126
0 0.638241 0.522492 0.009897 0.012628
0 0.536118 0.439012 0.008529 0.011271
0 0.344434 0.380172 0.008883 0.011911
0 0.599062 0.241993 0.007513 0.010311
0 0.988913 0.490803 0.009268 0.012356
0 0.168891 0.199622 0.008916 0.011914
0 0.560841 0.377843 0.008672 0.010981
0 0.230571 0.306615 0.008146 0.010216
0 0.622183 0.494497 0.008562 0.011002
0 0.239138 0.316383 0.008404 0.010745
0 0.027318 0.177742 0.008403 0.011428
0 0.691988 0.463944 0.007168 0.009081
0 0.325243 0.034054 0.008263 0.010682
0 0.313202 0.086984 0.008699 0.011903
0 0.644714 0.460760 0.008062 0.010738
0 0.568990 0.005344 0.008666 0.009619
0 0.115083 0.388829 0.008128 0.010586
0 0.964789 0.251913 0.011008 0.014630
0 0.524210 0.459255 0.008398 0.011139
0 0.181381 0.474889 0.008256 0.010540
0 0.571955 0.502482 0.008572 0.011049
0 0.236581 0.362809 0.007398 0.009797
0 0.723297 0.317858 0.008128 0.010053
0 0.715726 0.463339 0.008528 0.010861
0 0.852072 0.276914 0.009038 0.012746
0 0.479323 0.326031 0.007972 0.010873
0 0.316720 0.303512 0.008233 0.010954
0 0.653595 0.189160 0.009408 0.012796
0 0.403179 0.274567 0.007935 0.010252
0 0.363741 0.087518 0.009074 0.011940
0 0.383459 0.079364 0.008490 0.011156
0 0.696440 0.495576 0.008807 0.011628
0 0.353314 0.192375 0.007115 0.009775
0 0.766022 0.272449 0.008703 0.012081
0 0.528109 0.053013 0.008379 0.010618
0 0.474894 0.212692 0.008348 0.010767
0 0.224983 0.380017 0.009044 0.011028
0 0.794539 0.316700 0.008540 0.011166
0 0.521883 0.315799 0.008131 0.010323
0 0.490337 0.043956 0.008416 0.010802
0 0.465184 0.135816 0.007712 0.010730
0 0.935889 0.356024 0.010005 0.012807
0 0.232299 0.255348 0.008796 0.012046
0 0.576070 0.413589 0.008596 0.010563
0 0.192021 0.438262 0.008384 0.011332
0 0.722944 0.107661 0.008232 0.011175
0 0.669237 0.193608 0.009061 0.011522
0 0.608192 0.074555 0.008978 0.011276
0 0.683183 0.189947 0.008449 0.010878
0 0.959607 0.409466 0.009106 0.011588
0 0.232391 0.141348 0.009086 0.010954
0 0.611354 0.627627 0.008736 0.011419
0 0.238204 0.347668 0.008247 0.010509
0 0.642075 0.594143 0.008921 0.011922
0 0.497890 0.035957 0.008050 0.010933
0 0.327405 0.129577 0.008563 0.010838
0 0.375520 0.088277 0.009098 0.012353
0 0.253148 0.263867 0.008252 0.010621
0 0.716958 0.136557 0.008263 0.011095
0 0.257141 0.378738 0.008555 0.010710
0 0.904846 0.617609 0.008862 0.011665
0 0.740471 0.328363 0.008185 0.010926
0 0.401809 0.202460 0.008511 0.011571
0 0.173400 0.328825 0.008627 0.011367
0 0.802465 0.328848 0.008195 0.010583
0 0.958651 0.454535 0.008240 0.009841
0 0.537850 0.116333 0.007400 0.010151
0 0.637130 0.286227 0.008504 0.011108
0 0.064671 0.024721 0.008972 0.011739
0 0.500532 0.183025 0.008858 0.011866
0 0.430780 0.223551 0.008377 0.011464
0 0.274465 0.212444 0.008667 0.011225
0 0.197104 0.263413 0.008631 0.011010
0 0.825361 0.549042 0.008596 0.011089
0 0.574315 0.350188 0.008791 0.011647
0 0.822399 0.671258 0.008486 0.011561
0 0.775561 0.285762 0.008876 0.011982
0 0.077487 0.004093 0.007383 0.007368
0 0.530723 0.325842 0.008126 0.010520
0 0.799633 0.192192 0.008008 0.010770
0 0.248054 0.369223 0.008113 0.010508
0 0.521459 0.016933 0.007431 0.010393
0 0.455584 0.137572 0.008822 0.011711
0 0.369966 0.058097 0.008085 0.010084
0 0.912406 0.338885 0.008944 0.011257
0 0.071499 0.310153 0.008043 0.010450
0 0.489240 0.147936 0.007391 0.010324
0 0.300068 0.284855 0.007974 0.010650
0 0.589017 0.245056 0.008553 0.010916
0 0.759068 0.536118 0.007403 0.010646
0 0.355219 0.066744 0.007855 0.011115
0 0.780138 0.339492 0.009463 0.012015
0 0.423049 0.086306 0.007812 0.011161
0 0.391706 0.382299 0.007951 0.010573
0 0.902347 0.396286 0.009956 0.012249
0 0.718859 0.172572 0.008253 0.011336
0 0.452476 0.342377 0.008463 0.010905
0 0.139587 0.328645 0.008909 0.011107
0 0.686483 0.471294 0.009320 0.011385
0 0.411362 0.203096 0.008235 0.011251
0 0.324927 0.435041 0.008419 0.010637
0 0.039926 0.046835 0.008579 0.010862
0 0.855025 0.335309 0.009254 0.012424
0 0.707046 0.264439 0.008748 0.011504
0 0.795206 0.283699 0.008364 0.011100
0 0.379404 0.006988 0.008382 0.010677
0 0.474026 0.086148 0.008476 0.010986
0 0.407704 0.240918 0.009009 0.010977
0 0.770586 0.261038 0.008495 0.010356
0 0.434150 0.079361 0.005959 0.008674
0 0.549999 0.278140 0.007438 0.010683
0 0.309467 0.154111 0.007839 0.010063
0 0.730823 0.432389 0.008751 0.011624
0 0.513044 0.010845 0.007414 0.010245
0 0.443202 0.032785 0.008286 0.010751
0 0.076391 0.057893 0.008610 0.010806
0 0.285451 0.277331 0.007656 0.010793
0 0.467005 0.112836 0.009179 0.011379
0 0.314878 0.359051 0.008458 0.011420
0 0.783833 0.622549 0.008449 0.011240
0 0.165699 0.407567 0.009404 0.012171
0 0.800920 0.551462 0.009300 0.012344
0 0.650451 0.286728 0.008366 0.010493
0 0.724295 0.077043 0.008201 0.010034
0 0.774906 0.188437 0.008026 0.010729
0 0.927570 0.223283 0.009266 0.012057
0 0.414977 0.063049 0.007622 0.010755
0 0.751293 0.260893 0.008952 0.011788
0 0.394573 0.081467 0.009058 0.012078
0 0.388896 0.110012 0.008298 0.010504
0 0.877894 0.201103 0.008402 0.011400
0 0.574276 0.451475 0.007894 0.011120
0 0.799598 0.140312 0.009046 0.011933
0 0.852702 0.602033 0.008724 0.011659
0 0.919945 0.589593 0.010235 0.013047
0 0.381344 0.065772 0.009147 0.010483
0 0.736346 0.178204 0.008379 0.011247
0 0.548340 0.110478 0.008874 0.011344
0 0.357017 0.109271 0.008654 0.011416
0 0.220055 0.229656 0.008433 0.011476
0 0.589299 0.221455 0.008299 0.010054
0 0.395988 0.060169 0.008147 0.010013
0 0.425505 0.254621 0.007702 0.010523
0 0.388355 0.022894 0.007964 0.010738
0 0.795584 0.085183 0.009477 0.011866
0 0.884921 0.365625 0.008958 0.011549
0 0.251774 0.010843 0.008156 0.010889
0 0.370009 0.046434 0.007623 0.009778
0 0.705974 0.224275 0.009267 0.012467
0 0.556324 0.011774 0.008198 0.010881
0 0.260034 0.273747 0.008292 0.011050
0 0.454107 0.120287 0.009086 0.012541
0 0.356158 0.137336 0.008948 0.011487
0 0.845323 0.006032 0.008042 0.010444
0 0.266656 0.269133 0.007343 0.010193
0 0.508273 0.308807 0.007802 0.010207
0 0.810320 0.217323 0.008542 0.011406
0 0.225213 0.242174 0.010055 0.012608
0 0.652797 0.317955 0.008350 0.010998
0 0.614714 0.345385 0.007177 0.009674
0 0.448729 0.254107 0.008126 0.011175
0 0.626975 0.510960 0.008929 0.011288
0 0.626999 0.523269 0.008282 0.011490
0 0.797633 0.225299 0.007851 0.010007
0 0.593230 0.443186 0.009041 0.011436
0 0.098175 0.460032 0.007959 0.010751
0 0.543990 0.066169 0.007665 0.010424
0 0.278009 0.403411 0.008569 0.010631
0 0.357951 0.183978 0.008546 0.009816
0 0.377356 0.048361 0.007491 0.010521
0 0.607126 0.455671 0.009396 0.011838
0 0.612788 0.313853 0.007145 0.010101
0 0.641547 0.077444 0.007631 0.011506
0 0.983801 0.275446 0.011311 0.014384
0 0.747092 0.607554 0.008866 0.011107
0 0.752471 0.127729 0.008011 0.010426
0 0.675946 0.129491 0.007714 0.011456
0 0.939653 0.271905 0.009589 0.013070
0 0.787502 0.240625 0.009085 0.011085
0 0.727253 0.180863 0.008114 0.012143
0 0.637643 0.104451 0.008359 0.011258
0 0.525453 0.068941 0.007760 0.011613
0 0.325830 0.335972 0.007715 0.010341
0 0.053526 0.015645 0.008257 0.010669
0 0.032787 0.158472 0.008482 0.010759
0 0.537389 0.024284 0.008198 0.011846
0 0.344218 0.130500 0.008139 0.010668
0 0.720346 0.198444 0.008320 0.011194
0 0.567120 0.036822 0.007644 0.010631
0 0.582506 0.396397 0.008584 0.011589
0 0.424477 0.067528 0.008342 0.010028
0 0.544712 0.200011 0.008515 0.010860
0 0.560159 0.287222 0.007674 0.010172
0 0.431277 0.089152 0.008049 0.009401
0 0.590284 0.271200 0.008302 0.010850
0 0.376201 0.057701 0.007614 0.010063
0 0.426225 0.036450 0.007448 0.010217
0 0.411261 0.214014 0.007447 0.009911
0 0.560125 0.183301 0.008514 0.011443
0 0.530760 0.126814 0.008103 0.010010
0 0.799881 0.031214 0.008765 0.011758
0 0.476462 0.098593 0.008530 0.011085
0 0.232279 0.400966 0.008483 0.011036
0 0.795039 0.048507 0.007266 0.008978
0 0.701835 0.445293 0.008735 0.011311
0 0.829692 0.279425 0.008393 0.010930
0 0.660775 0.306410 0.008931 0.011524
0 0.788417 0.274828 0.007864 0.010608
0 0.363173 0.205192 0.008380 0.010879
0 0.807472 0.131158 0.008074 0.009894
0 0.388942 0.307480 0.009276 0.012366
0 0.604552 0.315384 0.007360 0.009863
0 0.880054 0.431711 0.008833 0.011585
0 0.476851 0.032055 0.008897 0.011138
0 0.032870 0.460829 0.009049 0.012042
0 0.653054 0.399229 0.008202 0.010420
0 0.063305 0.394722 0.008461 0.011585
0 0.415192 0.006335 0.007339 0.010203
0 0.717750 0.604449 0.008828 0.011688
0 0.854316 0.085294 0.008863 0.011854
0 0.384612 0.329733 0.008429 0.011246
0 0.879517 0.168921 0.008026 0.010341
0 0.574203 0.400868 0.007950 0.009986
0 0.336721 0.131190 0.007877 0.012260
0 0.530148 0.027068 0.007655 0.010557
0 0.879736 0.190537 0.008730 0.009743
0 0.649967 0.240144 0.008933 0.011994
0 0.793900 0.023000 0.007426 0.011033
0 0.448925 0.153854 0.007732 0.009944
0 0.550449 0.344623 0.008535 0.011566
0 0.729194 0.067172 0.008086 0.010538
0 0.854559 0.309210 0.008502 0.011011
0 0.539943 0.265821 0.008003 0.012417
0 0.785034 0.224121 0.009134 0.012500
0 0.784513 0.043414 0.008114 0.010189
0 0.306095 0.045074 0.007935 0.010762
0 0.609986 0.328365 0.008687 0.011827
0 0.749667 0.054183 0.009052 0.011978
0 0.372680 0.003490 0.006908 0.006282
0 0.588503 0.211285 0.008547 0.010756
0 0.433616 0.026782 0.007877 0.010566
0 0.739165 0.468780 0.009398 0.012877
0 0.915157 0.160612 0.010129 0.013932
0 0.261811 0.346641 0.008308 0.010584
0 0.805128 0.201188 0.008114 0.011556
0 0.876358 0.255661 0.009227 0.012251
0 0.402175 0.550174 0.008348 0.010893
0 0.536547 0.359653 0.007924 0.010059
0 0.188403 0.358413 0.007889 0.009364
0 0.717908 0.345381 0.009480 0.012329
0 0.494957 0.275974 0.007686 0.009790
0 0.256272 0.313179 0.008865 0.011370
0 0.317059 0.385018 0.008833 0.011602
0 0.428091 0.075758 0.007092 0.010098
0 0.395283 0.005152 0.007536 0.009273
0 0.744149 0.397984 0.008422 0.011349
0 0.793789 0.408011 0.009132 0.012692
0 0.488613 0.589425 0.006810 0.010157
0 0.555820 0.044272 0.008682 0.011004
0 0.399379 0.229529 0.008422 0.011876
0 0.784196 0.194145 0.008230 0.010484
0 0.194750 0.312548 0.008620 0.011750
0 0.404351 0.128145 0.007754 0.010757
0 0.885929 0.146849 0.009434 0.012617
0 0.373398 0.209854 0.007212 0.010129
0 0.612762 0.188412 0.008648 0.011256
0 0.647581 0.083446 0.008285 0.011626
0 0.242059 0.131170 0.008999 0.012494
0 0.879579 0.307273 0.008268 0.010552
0 0.877997 0.354566 0.009269 0.012098
0 0.542642 0.005859 0.008249 0.010299
0 0.208827 0.375524 0.007581 0.011044
0 0.543382 0.279971 0.007541 0.009949
0 0.816532 0.255736 0.009203 0.011711
0 0.747341 0.108443 0.007928 0.010186
0 0.764563 0.191640 0.008365 0.010438
0 0.230787 0.366541 0.007488 0.010180
0 0.808371 0.237034 0.007889 0.011158
0 0.938257 0.132105 0.008711 0.011635
0 0.580043 0.191228 0.007846 0.011022
0 0.712313 0.318746 0.007359 0.010119
0 0.277975 0.274383 0.008159 0.010703
0 0.922583 0.377473 0.009687 0.012842
0 0.719070 0.497269 0.008291 0.011258
0 0.826152 0.339107 0.009210 0.011296
0 0.501006 0.282664 0.007705 0.010529
0 0.735475 0.304793 0.008341 0.011074
0 0.261284 0.137995 0.011656 0.015279
0 0.375965 0.383362 0.007420 0.009574
0 0.557137 0.340039 0.007441 0.009525
0 0.832652 0.290131 0.008197 0.010397
0 0.545178 0.120320 0.007491 0.009705
0 0.003740 0.018058 0.006731 0.010560
0 0.693043 0.035415 0.007510 0.011702
0 0.403033 0.182713 0.008495 0.011023
0 0.819429 0.382691 0.011279 0.014293
0 0.685037 0.046919 0.008080 0.010488
0 0.635486 0.462733 0.007513 0.010725
0 0.759450 0.367522 0.007285 0.011277
0 0.948933 0.476575 0.009399 0.012524
0 0.378852 0.225628 0.008535 0.011517
0 0.672852 0.006986 0.010708 0.012574
0 0.642327 0.418619 0.009208 0.012245
0 0.967156 0.097932 0.008866 0.012490
0 0.453917 0.072231 0.007753 0.010814
0 0.333716 0.130299 0.010722 0.013434
0 0.282421 0.252588 0.008039 0.010718
0 0.508482 0.266576 0.007020 0.009359
0 0.609045 0.428512 0.009840 0.012187
0 0.630199 0.302988 0.007946 0.010726
0 0.334405 0.215744 0.008732 0.010792
0 0.792401 0.186066 0.007831 0.009874
0 0.751210 0.182696 0.007723 0.010046
0 0.371348 0.377974 0.007395 0.009357
0 0.778621 0.209319 0.008103 0.011203
0 0.663643 0.016836 0.009419 0.011935
0 0.732350 0.315283 0.007326 0.010620
0 0.675791 0.367418 0.007407 0.010385
0 0.618703 0.387932 0.008627 0.011363
0 0.620962 0.054562 0.007814 0.010287
0 0.780240 0.134153 0.009130 0.012200
0 0.747463 0.170059 0.008290 0.010598
0 0.731216 0.548074 0.007213 0.010140
0 0.541652 0.339528 0.007462 0.009726
0 0.729780 0.371885 0.007611 0.010923
0 0.913609 0.132367 0.009503 0.012414
0 0.454167 0.269080 0.007998 0.010584
0 0.861232 0.168972 0.007268 0.009815
0 0.685533 0.512645 0.009624 0.012307
0 0.822023 0.138810 0.009071 0.011886
0 0.443979 0.240509 0.008310 0.010701
0 0.391267 0.178180 0.009077 0.012228
0 0.336437 0.150374 0.007845 0.011190
0 0.952598 0.461260 0.007364 0.009270
0 0.673487 0.564043 0.007390 0.010220
0 0.722968 0.392660 0.007267 0.009188
0 0.379615 0.028609 0.008346 0.010802
0 0.350692 0.350825 0.008886 0.011302
0 0.650574 0.275412 0.008578 0.010266
0 0.317242 0.284260 0.008651 0.010811
0 0.792232 0.040025 0.007051 0.010184
0 0.324144 0.247380 0.007561 0.010431
0 0.627762 0.105888 0.008248 0.011176
0 0.916609 0.077554 0.009370 0.013071
0 0.806055 0.281745 0.010042 0.012786
0 0.830891 0.065684 0.008752 0.011702
0 0.621426 0.351122 0.008285 0.011683
0 0.348553 0.068485 0.007349 0.010912
0 0.942920 0.214322 0.009730 0.012715
0 0.803905 0.316513 0.008637 0.011950
0 0.256341 0.210885 0.006965 0.009481
0 0.690027 0.287071 0.007759 0.009744
0 0.329545 0.273430 0.007720 0.010811
0 0.699870 0.034777 0.007252 0.010864
0 0.425084 0.059243 0.007641 0.008928
0 0.311497 0.345602 0.008600 0.010544
0 0.338489 0.411200 0.009513 0.013317
0 0.251535 0.107423 0.010208 0.012813
0 0.936672 0.192227 0.009127 0.011965
0 0.411947 0.161631 0.007196 0.010658
0 0.701321 0.058195 0.008533 0.010625
0 0.801442 0.300083 0.008262 0.011703
0 0.761954 0.184463 0.007526 0.010136
0 0.643073 0.246706 0.007367 0.010133
0 0.574302 0.203228 0.007658 0.011557
0 0.487250 0.065808 0.006846 0.008369
0 0.570862 0.465640 0.008088 0.010626
0 0.312073 0.406421 0.009112 0.012003
0 0.547375 0.262820 0.007504 0.012235
0 0.370449 0.018716 0.007495 0.010427
0 0.426374 0.221628 0.008181 0.012212
0 0.865445 0.188764 0.008267 0.011571
0 0.497131 0.090411 0.007377 0.009707
0 0.421214 0.220260 0.007958 0.011437
0 0.747578 0.376563 0.008418 0.010572
0 0.684205 0.362206 0.008116 0.010547
0 0.556537 0.262640 0.007379 0.010396
0 0.566762 0.020572 0.007818 0.011131
0 0.360104 0.194302 0.007474 0.008953
0 0.674912 0.306774 0.007549 0.010960
0 0.801341 0.126393 0.008420 0.010432
0 0.697990 0.334396 0.008176 0.010680
0 0.506597 0.048857 0.008699 0.011013
0 0.700157 0.458894 0.007953 0.012505
0 0.848938 0.289620 0.008192 0.010764
0 0.362926 0.008656 0.008268 0.010516
0 0.442782 0.070743 0.008556 0.011234
0 0.401181 0.042096 0.008488 0.011433
0 0.976158 0.149081 0.009944 0.012543
0 0.546628 0.475307 0.008448 0.011682
0 0.007048 0.484743 0.010390 0.014482
0 0.850292 0.321135 0.009710 0.012886
0 0.741562 0.451976 0.008852 0.011357
0 0.385300 0.274352 0.006513 0.008247
0 0.468963 0.241238 0.007578 0.010246
0 0.481363 0.148038 0.007171 0.009616
0 0.858364 0.292928 0.009758 0.011974
0 0.684939 0.431773 0.007091 0.010354
0 0.403632 0.161730 0.007820 0.011908
0 0.786481 0.525967 0.005792 0.007307
0 0.603003 0.263867 0.007577 0.012088
0 0.752570 0.366880 0.007195 0.009817
0 0.388669 0.208928 0.008618 0.011727
0 0.785617 0.165292 0.008718 0.011482
0 0.511020 0.508490 0.008016 0.010765
0 0.510087 0.088884 0.007354 0.009816
0 0.230621 0.226525 0.007618 0.010606
0 0.767987 0.168293 0.008576 0.011406
0 0.904625 0.225460 0.008776 0.011360
0 0.623669 0.022816 0.009036 0.011567
0 0.252526 0.288183 0.008159 0.011226
0 0.620056 0.414962 0.008402 0.010288
0 0.559553 0.317144 0.006861 0.008819
0 0.738528 0.125599 0.007465 0.010177
0 0.765056 0.529812 0.008189 0.010676
0 0.901679 0.195977 0.008784 0.012016
0 0.922034 0.145926 0.012632 0.016218
0 0.633101 0.184141 0.007779 0.010598
0 0.345158 0.156769 0.009137 0.011747
0 0.207258 0.185790 0.007531 0.010459
0 0.718296 0.122497 0.008437 0.010525
0 0.449757 0.165428 0.007686 0.009595
0 0.604825 0.293660 0.007710 0.010381
0 0.093038 0.371638 0.008862 0.010851
0 0.780625 0.271813 0.008110 0.010853
0 0.283420 0.306280 0.008273 0.010549
0 0.497827 0.242635 0.008221 0.009747
0 0.995169 0.263253 0.008695 0.013737
0 0.354928 0.240361 0.008160 0.010497
0 0.564843 0.241740 0.008024 0.010729
0 0.462569 0.231413 0.007275 0.009583
0 0.434508 0.052937 0.007318 0.010807
0 0.270078 0.330716 0.008534 0.011427
0 0.672692 0.496201 0.007168 0.009576
0 0.780696 0.054107 0.008040 0.010067
0 0.510473 0.322761 0.008836 0.011856
0 0.548530 0.252036 0.007676 0.009853
0 0.215147 0.275634 0.008311 0.010744
0 0.496534 0.264464 0.006563 0.010461
0 0.677425 0.466585 0.007854 0.010703
0 0.433708 0.205873 0.008804 0.011824
0 0.097765 0.453168 0.007842 0.008913
0 0.388374 0.430634 0.008139 0.011103
0 0.252461 0.006673 0.008948 0.011241
0 0.838807 0.045223 0.008773 0.012657
0 0.425084 0.137448 0.007188 0.009574
0 0.886402 0.296874 0.007772 0.012205
0 0.613070 0.047457 0.007754 0.009857
0 0.476497 0.252579 0.007620 0.010593
0 0.487219 0.007487 0.008314 0.010979
0 0.612956 0.023115 0.008047 0.010680
0 0.401388 0.265655 0.008169 0.009469
0 0.928089 0.336240 0.009003 0.012114
0 0.625897 0.192821 0.007201 0.009516
0 0.874749 0.224860 0.008800 0.011342
0 0.886682 0.317645 0.008275 0.011433
0 0.668232 0.336846 0.007047 0.009123
0 0.734960 0.058971 0.007825 0.011023
0 0.593246 0.046149 0.007897 0.011837
0 0.752280 0.231448 0.009082 0.011252
0 0.478642 0.137009 0.008596 0.010480
0 0.355560 0.394631 0.008871 0.011233
0 0.856232 0.189216 0.007467 0.011230
0 0.238363 0.072079 0.010409 0.014944
0 0.546105 0.214246 0.008464 0.010049
0 0.456421 0.172917 0.006944 0.008632
0 0.886757 0.580559 0.008144 0.010678
0 0.903592 0.306107 0.007363 0.010375
0 0.728095 0.403373 0.007619 0.010659
0 0.819718 0.081632 0.009701 0.012638
0 0.691306 0.258418 0.007751 0.010309
0 0.785483 0.068999 0.008780 0.011093
0 0.854449 0.006250 0.007514 0.009898
0 0.432094 0.033753 0.007640 0.011674
0 0.633671 0.237984 0.007739 0.009863
0 0.896130 0.621538 0.007666 0.009627
0 0.774837 0.182472 0.009601 0.013462
0 0.388702 0.004216 0.007603 0.007590
0 0.225997 0.175958 0.008718 0.011130
0 0.668355 0.130581 0.008337 0.011977
0 0.634222 0.319969 0.008109 0.010488
0 0.635766 0.196492 0.009397 0.012434
0 0.667801 0.380444 0.008316 0.010737
0 0.352860 0.217854 0.008842 0.011217
0 0.881217 0.427074 0.010178 0.014157
0 0.292995 0.108765 0.008490 0.011029
0 0.301743 0.272016 0.008627 0.010821
0 0.599846 0.227004 0.007966 0.011311
0 0.378506 0.205226 0.007798 0.010832
0 0.612091 0.591535 0.008190 0.011061
0 0.736616 0.140220 0.007893 0.010105
0 0.511323 0.120118 0.008209 0.010617
0 0.466239 0.204887 0.008687 0.010992
0 0.238084 0.177084 0.008457 0.010965
0 0.160870 0.146998 0.008249 0.011326
0 0.338785 0.371343 0.006228 0.007369
0 0.543437 0.055394 0.007482 0.009793
0 0.575448 0.230282 0.006639 0.009475
0 0.820368 0.186777 0.008109 0.011194
0 0.448790 0.208196 0.008259 0.010543
0 0.396655 0.159677 0.008264 0.011043
0 0.676013 0.293898 0.007963 0.010375
0 0.336732 0.282325 0.008628 0.011180
0 0.996661 0.330343 0.005957 0.009963
0 0.548318 0.010546 0.007206 0.011516
0 0.565683 0.142126 0.008456 0.011124
0 0.245323 0.117095 0.007965 0.009350
0 0.500580 0.079772 0.007137 0.009089
0 0.312827 0.044327 0.007205 0.009660
0 0.027183 0.025070 0.008284 0.010330
0 0.522416 0.211292 0.007888 0.009887
0 0.701506 0.279613 0.009313 0.010771
0 0.824339 0.238460 0.008714 0.011644
0 0.901983 0.357090 0.007249 0.009525
0 0.824270 0.310329 0.008180 0.010332
0 0.674387 0.361359 0.007169 0.010140
0 0.839835 0.025787 0.008395 0.011813
0 0.632028 0.406779 0.009367 0.012435
0 0.428801 0.270115 0.008592 0.011599
0 0.628487 0.043601 0.008017 0.010832
0 0.491232 0.265030 0.007854 0.009959
0 0.611804 0.336608 0.008286 0.010212
0 0.959061 0.096800 0.008513 0.012209
0 0.502526 0.233792 0.007631 0.009849
0 0.919085 0.476535 0.007707 0.009651
0 0.743752 0.033937 0.008626 0.011097
0 0.916164 0.392484 0.007438 0.010797
0 0.411189 0.228401 0.007851 0.010397
0 0.606773 0.414228 0.006734 0.010819
0 0.485378 0.101230 0.007034 0.009711
0 0.901285 0.382697 0.008822 0.011998
0 0.713364 0.527935 0.007318 0.010791
0 0.028344 0.065897 0.006314 0.010948
0 0.891638 0.343954 0.009111 0.011761
0 0.911040 0.314035 0.007754 0.010587
0 0.675512 0.527587 0.009027 0.012151
0 0.460621 0.239819 0.007843 0.011026
0 0.784159 0.024099 0.008967 0.012224
0 0.289866 0.244445 0.007829 0.009766
0 0.896784 0.288982 0.008766 0.010796
0 0.590466 0.235799 0.007802 0.009330
0 0.267584 0.079361 0.010536 0.013505
0 0.651680 0.063685 0.008944 0.011865
0 0.142690 0.376426 0.009521 0.012847
0 0.646026 0.143216 0.008883 0.011784
0 0.493521 0.099837 0.006724 0.009439
0 0.761118 0.210823 0.008189 0.010757
0 0.822161 0.607244 0.007971 0.010388
0 0.684944 0.564102 0.007792 0.011011
0 0.672613 0.556704 0.008180 0.009632
0 0.611948 0.260694 0.010319 0.012488
0 0.415597 0.026386 0.006563 0.009519
0 0.146353 0.371260 0.007750 0.010498
0 0.007185 0.486340 0.006886 0.010099
0 0.761973 0.248159 0.009035 0.011378
0 0.602878 0.101060 0.008164 0.010249
0 0.668485 0.275488 0.007772 0.011386
0 0.690039 0.020995 0.008933 0.011719
0 0.493105 0.112543 0.007831 0.009876
0 0.732406 0.202867 0.008431 0.010304
0 0.726231 0.045038 0.009152 0.011302
0 0.660846 0.091020 0.007423 0.009205
0 0.339529 0.273494 0.008406 0.009861
0 0.473615 0.137418 0.008081 0.011473
0 0.596102 0.293674 0.006872 0.010775
0 0.612448 0.207725 0.008050 0.010877
0 0.482819 0.588929 0.007486 0.010260
0 0.810566 0.069767 0.008462 0.010813
0 0.597306 0.047970 0.007365 0.011026
0 0.813762 0.330530 0.007670 0.009877
0 0.480443 0.107734 0.006571 0.008426
0 0.679889 0.430505 0.008676 0.011955
0 0.379983 0.264032 0.008250 0.010884
0 0.237897 0.048998 0.008388 0.011127
0 0.256108 0.227771 0.008548 0.010908
0 0.750510 0.173087 0.008788 0.011435
0 0.603155 0.132285 0.008797 0.011833
0 0.831685 0.413604 0.007412 0.010567
0 0.761746 0.488806 0.007169 0.009710
0 0.446893 0.220135 0.008140 0.010404
0 0.661181 0.105131 0.007222 0.012070
0 0.566375 0.270538 0.008939 0.011405
0 0.423490 0.205361 0.006897 0.010871
0 0.891638 0.396947 0.007953 0.012873
0 0.518546 0.183347 0.006821 0.008591
0 0.433129 0.131510 0.008590 0.010733
0 0.637167 0.130374 0.006895 0.009799
0 0.565596 0.203022 0.008487 0.011266
0 0.571168 0.022140 0.007644 0.010750
0 0.387297 0.253222 0.008861 0.011631
0 0.893871 0.079319 0.008479 0.011439
0 0.407945 0.114465 0.008902 0.011406
0 0.619145 0.147964 0.007826 0.010151
0 0.730523 0.197670 0.007540 0.010663
0 0.501659 0.214721 0.007580 0.010476
0 0.909519 0.070064 0.009457 0.012293
0 0.508479 0.021552 0.007866 0.011369
0 0.933681 0.206759 0.006730 0.010510
0 0.688384 0.340023 0.009003 0.012604
0 0.236729 0.373176 0.008692 0.009971
0 0.357742 0.018093 0.007499 0.008878
0 0.570954 0.386472 0.008172 0.011566
0 0.771934 0.487641 0.007600 0.009717
0 0.629855 0.139297 0.006595 0.009083
0 0.667301 0.362534 0.006796 0.009309
0 0.667097 0.371360 0.006953 0.008301
0 0.377092 0.322241 0.007335 0.010053
0 0.814651 0.578580 0.006511 0.008246
0 0.744637 0.124531 0.007792 0.011261
0 0.346833 0.274147 0.007078 0.009469
0 0.822947 0.349987 0.007104 0.008602
0 0.617467 0.329793 0.007533 0.009766
0 0.241556 0.195723 0.009109 0.011928
0 0.358349 0.334579 0.009477 0.011589
0 0.628063 0.263040 0.008104 0.010316
0 0.668694 0.147550 0.008161 0.010648
0 0.503555 0.098260 0.006539 0.009501
0 0.756067 0.276156 0.006378 0.009464
0 0.622093 0.304509 0.006876 0.010777
0 0.244024 0.297664 0.007801 0.009247
0 0.746455 0.097948 0.008291 0.009797
0 0.590051 0.102462 0.008446 0.011529
0 0.692406 0.322084 0.008896 0.011599
0 0.642215 0.061907 0.007608 0.010740
0 0.768269 0.496857 0.008373 0.010766
0 0.826334 0.602350 0.008164 0.010364
0 0.767639 0.231899 0.008838 0.011979
0 0.690776 0.566928 0.007510 0.010141
0 0.815281 0.185501 0.008611 0.012035
0 0.652211 0.102954 0.008851 0.010908
0 0.845454 0.489926 0.009176 0.011329
0 0.850825 0.167752 0.008678 0.011236
0 0.867603 0.586852 0.011310 0.015111
0 0.842299 0.014244 0.009263 0.009844
0 0.701843 0.322731 0.008912 0.011377
0 0.459235 0.183878 0.008424 0.010095
0 0.354434 0.024126 0.007577 0.009766
0 0.835964 0.047538 0.009986 0.012351
0 0.404382 0.141143 0.007835 0.010099
0 0.918545 0.283778 0.008124 0.010694
0 0.906861 0.351495 0.007300 0.010156
0 0.129798 0.400999 0.006848 0.009122
0 0.186802 0.348495 0.007907 0.008171
0 0.441838 0.215691 0.006469 0.009311
0 0.728006 0.384802 0.008214 0.010507
0 0.416432 0.168912 0.008173 0.010440
0 0.422298 0.009171 0.008249 0.011890
0 0.166477 0.148244 0.007650 0.011770
0 0.550542 0.090847 0.008459 0.011319
0 0.511691 0.212857 0.006831 0.009546
0 0.765699 0.073797 0.008159 0.011435
0 0.672428 0.506636 0.008096 0.009042
0 0.759001 0.075458 0.007089 0.010331
0 0.666106 0.101659 0.007333 0.010001
0 0.317568 0.329810 0.007663 0.009722
0 0.318186 0.258880 0.007901 0.010231
0 0.485109 0.142153 0.006802 0.008208
0 0.932561 0.492937 0.007256 0.009810
0 0.291166 0.378120 0.008411 0.009723
0 0.633212 0.246635 0.007146 0.009877
0 0.431541 0.109691 0.008506 0.011507
0 0.604056 0.112567 0.008107 0.010100
0 0.246866 0.340898 0.007801 0.010213
0 0.293199 0.328885 0.008930 0.011853
0 0.260579 0.092462 0.010617 0.014704
0 0.437688 0.132423 0.007770 0.009978
0 0.779644 0.486462 0.007489 0.009498
0 0.629329 0.129374 0.007032 0.010310
0 0.644845 0.067188 0.006524 0.009849
0 0.888216 0.342961 0.009847 0.012742
0 0.621051 0.404244 0.008952 0.011865
0 0.816789 0.496835 0.006752 0.009219
0 0.704952 0.528161 0.010033 0.014432
0 0.526768 0.194545 0.007032 0.009970
0 0.333397 0.074552 0.006085 0.008195
0 0.431842 0.051619 0.008083 0.011169
0 0.811582 0.500821 0.006864 0.010054
0 0.901119 0.277292 0.008433 0.011051
0 0.841517 0.482642 0.008177 0.010411
0 0.574239 0.070634 0.008159 0.010070
0 0.661232 0.503533 0.008417 0.010401
0 0.582678 0.089865 0.007570 0.009852
0 0.403569 0.442207 0.006066 0.007786
0 0.511360 0.188072 0.008108 0.010702
0 0.467297 0.049351 0.008612 0.009989
0 0.631643 0.336644 0.007983 0.010448
0 0.867042 0.278449 0.010571 0.013923
0 0.329118 0.053403 0.008212 0.010489
0 0.728343 0.606515 0.007101 0.010023
0 0.524846 0.106356 0.008163 0.010995
0 0.321243 0.273095 0.007398 0.011197
0 0.741379 0.426675 0.009628 0.012505
0 0.795800 0.235873 0.007517 0.010681
0 0.498528 0.307138 0.009022 0.011605
0 0.929171 0.308258 0.008602 0.010682
0 0.619073 0.240570 0.008402 0.010557
0 0.674756 0.320103 0.005734 0.008643
0 0.685760 0.300292 0.010052 0.012762
0 0.862856 0.353291 0.008656 0.011335
0 0.044250 0.018432 0.009200 0.011972
0 0.480324 0.248182 0.007904 0.010256
0 0.702146 0.390974 0.009120 0.011185
0 0.578974 0.220934 0.007395 0.010248
0 0.604450 0.276996 0.009231 0.011890
0 0.773692 0.148459 0.008558 0.011406
0 0.516487 0.175871 0.006523 0.008851
0 0.730968 0.574778 0.008345 0.011170
0 0.558501 0.028474 0.008002 0.010509
0 0.054238 0.007787 0.007818 0.010598
0 0.630515 0.237451 0.008079 0.010106
0 0.835462 0.441940 0.008463 0.011533
0 0.331491 0.332143 0.006615 0.009991
0 0.694094 0.456264 0.008042 0.010719
0 0.935550 0.488066 0.009439 0.011122
0 0.725046 0.132598 0.007285 0.011023
0 0.527762 0.183767 0.006390 0.009275
0 0.705375 0.417310 0.008843 0.011806
0 0.665596 0.277177 0.008143 0.012008
0 0.416161 0.141859 0.007883 0.010403
0 0.808177 0.392219 0.007168 0.009223
0 0.885925 0.584426 0.009704 0.013472
0 0.493543 0.314163 0.006328 0.009359
0 0.637471 0.299956 0.007656 0.010675
0 0.424720 0.050420 0.008437 0.010621
0 0.484013 0.318176 0.008032 0.010361
0 0.804082 0.206855 0.009415 0.010390
0 0.659664 0.102119 0.006993 0.010578
0 0.502450 0.254129 0.009850 0.013441
0 0.607502 0.222547 0.007457 0.011507
0 0.659079 0.371203 0.006808 0.008725
0 0.691745 0.048210 0.006908 0.010712
0 0.500902 0.023225 0.007645 0.011030
0 0.441909 0.174324 0.007705 0.010065
0 0.909780 0.387495 0.008275 0.011054
0 0.578870 0.217397 0.006838 0.009412
0 0.130011 0.409553 0.006099 0.009510
0 0.864947 0.162183 0.007782 0.009532
0 0.962273 0.387089 0.008169 0.011710
0 0.469462 0.151946 0.007217 0.009603
0 0.734903 0.204760 0.007933 0.009867
0 0.253621 0.408031 0.006529 0.008742
0 0.671801 0.146623 0.009850 0.012693
0 0.609792 0.248079 0.007336 0.009894
0 0.575832 0.382130 0.007804 0.011633
0 0.041907 0.021913 0.007887 0.010465
0 0.669578 0.321854 0.007017 0.009691
0 0.734439 0.602122 0.007945 0.010513
0 0.885806 0.045010 0.009495 0.012697
0 0.706366 0.003687 0.007716 0.006636
0 0.589502 0.154538 0.007492 0.009853
0 0.583726 0.455686 0.007146 0.010411
0 0.733682 0.159901 0.008768 0.011770
0 0.507447 0.005605 0.008819 0.009468
0 0.627467 0.351412 0.008265 0.010909
0 0.622303 0.251266 0.006822 0.009204
0 0.902457 0.615405 0.009546 0.012649
0 0.427011 0.170323 0.006971 0.010646
0 0.797490 0.177946 0.009296 0.012291
0 0.515856 0.078504 0.006993 0.008037
0 0.882229 0.297329 0.008669 0.011718
0 0.680524 0.324453 0.007388 0.010524
0 0.927276 0.181956 0.009536 0.011201
0 0.554152 0.026408 0.008175 0.011571
0 0.635066 0.150108 0.007148 0.010185
0 0.574975 0.192162 0.008573 0.011457
0 0.391436 0.430797 0.009346 0.011930
0 0.451024 0.004048 0.005781 0.006496
0 0.533001 0.184109 0.006531 0.008650
0 0.643351 0.328232 0.005779 0.008689
0 0.659717 0.485911 0.008329 0.011303
0 0.538680 0.056843 0.007119 0.008739
0 0.554863 0.476926 0.007557 0.008618
0 0.363390 0.162632 0.007808 0.010311
0 0.605820 0.216396 0.006905 0.009285
0 0.360917 0.014003 0.008093 0.011112
0 0.253021 0.046758 0.006752 0.008221
0 0.800814 0.393680 0.008010 0.010673
0 0.348929 0.268683 0.007905 0.009792
0 0.478409 0.021655 0.009445 0.012362
0 0.601151 0.414210 0.007517 0.010204
0 0.587244 0.070647 0.008594 0.011450
0 0.730413 0.308218 0.008451 0.011369
0 0.380262 0.325697 0.007752 0.010587
0 0.804489 0.587883 0.008115 0.010164
0 0.633171 0.210584 0.007901 0.010620
0 0.813388 0.571802 0.006304 0.009037
0 0.723014 0.546110 0.007523 0.009931
0 0.369308 0.344122 0.008226 0.010371
0 0.783116 0.438975 0.008696 0.012448
0 0.798187 0.396143 0.008664 0.011400
0 0.525760 0.090719 0.009540 0.012068
0 0.533161 0.190834 0.007260 0.009168
0 0.336636 0.300715 0.008713 0.011210
0 0.339256 0.333398 0.008382 0.011327
0 0.885156 0.398866 0.007418 0.011255
0 0.622674 0.463770 0.007322 0.009665
0 0.214992 0.147354 0.008796 0.011995
0 0.809590 0.385664 0.007832 0.011736
0 0.172857 0.222011 0.006207 0.007250
0 0.739941 0.679414 0.007221 0.009388
0 0.927548 0.209253 0.008925 0.010228
0 0.640343 0.264140 0.007325 0.010591
0 0.682434 0.340928 0.007673 0.010901
0 0.677373 0.329519 0.006792 0.008737
0 0.371641 0.237413 0.008054 0.010366
0 0.539150 0.487393 0.006762 0.009508
0 0.525254 0.202260 0.007679 0.008806
0 0.765633 0.240783 0.008999 0.011508
0 0.591647 0.328412 0.006134 0.006932
0 0.689390 0.562332 0.007135 0.010738
0 0.501195 0.122627 0.007479 0.010789
0 0.354222 0.231720 0.010547 0.013822
0 0.290219 0.393224 0.008985 0.012390
0 0.163749 0.023456 0.006953 0.008326
0 0.250356 0.131976 0.008356 0.013088
0 0.581224 0.020602 0.007826 0.011768
0 0.542769 0.160329 0.007452 0.010378
0 0.390225 0.129735 0.007970 0.010378
0 0.472877 0.186144 0.008298 0.010722
0 0.827495 0.442865 0.007671 0.010457
0 0.258071 0.140313 0.011675 0.015347
0 0.774374 0.494871 0.007399 0.008927
0 0.787302 0.417466 0.007271 0.009320
0 0.130904 0.406880 0.006899 0.009068
0 0.761796 0.232658 0.006616 0.010268
0 0.890857 0.037924 0.007364 0.009258
0 0.016878 0.143209 0.007726 0.010543
0 0.738125 0.351695 0.007174 0.009512
0 0.218960 0.144135 0.008894 0.011731
0 0.888809 0.395281 0.009095 0.012030
0 0.318224 0.333809 0.007220 0.010741
0 0.589744 0.303405 0.006540 0.010012
0 0.910351 0.286949 0.007809 0.011330
0 0.877859 0.101986 0.009024 0.011851
0 0.733664 0.136240 0.008385 0.011025
0 0.771951 0.449488 0.009311 0.012251
0 0.521442 0.192459 0.006976 0.009890
0 0.641042 0.303446 0.008440 0.011445
0 0.844960 0.016774 0.009582 0.012966
0 0.845042 0.021813 0.010003 0.013471
0 0.850859 0.185730 0.007956 0.009872
0 0.509349 0.097347 0.007533 0.010721
0 0.255979 0.059572 0.009243 0.011752
0 0.634133 0.140967 0.007254 0.009465
0 0.580644 0.161604 0.007530 0.010084
0 0.871491 0.167615 0.007548 0.010733
0 0.723262 0.367709 0.007492 0.010680
0 0.618829 0.276659 0.007610 0.009240
0 0.842937 0.215156 0.007896 0.009721
0 0.258076 0.062231 0.009154 0.012177
0 0.547588 0.223386 0.007962 0.009515
0 0.845472 0.213550 0.007954 0.011165
0 0.243605 0.333144 0.006818 0.009861
0 0.020107 0.005791 0.006680 0.008483
0 0.486375 0.110199 0.006872 0.008740
0 0.882978 0.581653 0.008862 0.013809
0 0.291650 0.367894 0.007856 0.009268
0 0.775265 0.034049 0.008352 0.011306
0 0.459120 0.162488 0.007550 0.010088
0 0.392060 0.136362 0.007963 0.010325
0 0.773913 0.445227 0.007517 0.009551
0 0.762921 0.496553 0.007747 0.009125
0 0.716647 0.311720 0.006230 0.010484
0 0.241561 0.290784 0.008508 0.010953
0 0.628908 0.471802 0.006595 0.009120
0 0.244195 0.297941 0.010842 0.014170
0 0.509802 0.207719 0.007495 0.010482
0 0.920703 0.590339 0.014182 0.019311
0 0.965123 0.101647 0.014998 0.019312
0 0.568895 0.122047 0.008228 0.010305
0 0.578072 0.380936 0.007721 0.009361
0 0.589896 0.299808 0.006042 0.008354
0 0.624138 0.136457 0.007048 0.009618
0 0.610733 0.173216 0.007135 0.009484
0 0.627876 0.465990 0.007093 0.009786
0 0.443447 0.096979 0.009446 0.011886
0 0.673818 0.335598 0.007192 0.010276
0 0.811959 0.163713 0.008458 0.010259
0 0.422670 0.132317 0.007210 0.010050
0 0.704658 0.548334 0.005219 0.005220
0 0.724180 0.412491 0.006939 0.009094
0 0.536865 0.150109 0.007725 0.009583
0 0.321639 0.256017 0.008981 0.011510
0 0.800452 0.236274 0.006658 0.009781
0 0.755217 0.555897 0.007593 0.009631
0 0.870070 0.164280 0.007146 0.009639
0 0.318466 0.003156 0.006536 0.005681
0 0.644817 0.371513 0.005847 0.009110
0 0.357486 0.294465 0.008193 0.009986
0 0.734212 0.257127 0.008553 0.012627
0 0.476760 0.327238 0.007667 0.012016
0 0.806313 0.331090 0.011298 0.012889
0 0.739773 0.359630 0.007146 0.008208
0 0.626722 0.214806 0.007712 0.010364
0 0.692731 0.275924 0.008032 0.010942
0 0.588819 0.340990 0.010616 0.013080
0 0.493702 0.121419 0.007140 0.009386
0 0.319131 0.276156 0.009903 0.012700
0 0.558319 0.216720 0.006817 0.009219
0 0.383797 0.153533 0.007752 0.010387
0 0.859082 0.307641 0.009500 0.011019
0 0.899679 0.465650 0.006876 0.009252
0 0.587663 0.021689 0.008311 0.011423
0 0.773206 0.029767 0.009566 0.013102
0 0.516044 0.003920 0.007247 0.007055
0 0.367608 0.326915 0.007611 0.010348
0 0.853423 0.331715 0.010992 0.013049
0 0.903411 0.007385 0.009019 0.011336
0 0.476334 0.018761 0.008564 0.011399
0 0.162579 0.236365 0.008156 0.009821
0 0.599566 0.234004 0.008398 0.012668
0 0.539397 0.055278 0.010296 0.013591
0 0.837884 0.160264 0.007972 0.010357
0 0.583108 0.047767 0.007379 0.011664
0 0.505091 0.020929 0.008002 0.012612
0 0.955480 0.391200 0.007381 0.010625
0 0.456738 0.005070 0.007488 0.008364
0 0.997514 0.471302 0.004474 0.008302
0 0.729240 0.415518 0.008536 0.010814
0 0.633288 0.330107 0.007454 0.008260
0 0.810157 0.571686 0.007890 0.010385
0 0.359749 0.262709 0.008398 0.010900
0 0.621669 0.265014 0.007867 0.011274
0 0.375638 0.352884 0.007066 0.008611
0 0.240294 0.343296 0.008707 0.012064
0 0.606092 0.281241 0.009466 0.012509
0 0.579700 0.023978 0.006567 0.010479
0 0.778706 0.434065 0.007921 0.010917
0 0.620323 0.047739 0.007725 0.009560
0 0.351746 0.023116 0.008284 0.010225
0 0.430977 0.168386 0.007880 0.010390
0 0.705531 0.045569 0.009285 0.011755
0 0.284766 0.277532 0.011638 0.015040
0 0.558674 0.222506 0.006451 0.008478
0 0.878262 0.109121 0.009058 0.010819
0 0.606112 0.179048 0.006522 0.009095
0 0.555430 0.332629 0.007599 0.011005
0 0.180455 0.472712 0.005744 0.009528
0 0.013211 0.146622 0.008154 0.011042
0 0.584136 0.099701 0.006386 0.007649
0 0.520197 0.017720 0.010732 0.016447
0 0.650312 0.326136 0.007210 0.009380
0 0.125144 0.406925 0.008234 0.010934
0 0.728351 0.132553 0.007849 0.010051
0 0.634396 0.363710 0.006799 0.010301
0 0.520782 0.519716 0.007341 0.009402
0 0.270637 0.179719 0.008723 0.011461
0 0.821718 0.156592 0.008045 0.011048
0 0.571424 0.114798 0.007497 0.011089
0 0.575546 0.157311 0.007348 0.009548
0 0.815933 0.339992 0.008099 0.009494
0 0.245452 0.214673 0.007985 0.010481
0 0.552101 0.244587 0.008383 0.011611
0 0.554632 0.283145 0.008751 0.012392
0 0.911647 0.073668 0.011115 0.013659
0 0.816833 0.154218 0.009018 0.012206
0 0.822825 0.314354 0.008209 0.011045
0 0.709418 0.397109 0.006448 0.009681
0 0.885950 0.007016 0.009714 0.012145
0 0.365777 0.152974 0.006870 0.009429
0 0.412487 0.490306 0.006399 0.009876
0 0.400898 0.381299 0.006380 0.008702
0 0.390152 0.583847 0.006847 0.009279
0 0.753953 0.364492 0.007872 0.010447
0 0.901246 0.292762 0.008440 0.011296
0 0.422555 0.217491 0.008342 0.009867
0 0.468381 0.155176 0.008519 0.010668
0 0.657562 0.379314 0.006739 0.010146
0 0.257533 0.230714 0.009327 0.011519
0 0.645842 0.349535 0.007287 0.008981
0 0.339039 0.087596 0.006551 0.009111
0 0.634258 0.224433 0.007492 0.009417
0 0.711930 0.765806 0.006087 0.007079
0 0.933519 0.319205 0.009001 0.011832
0 0.371028 0.274112 0.007681 0.009834
0 0.325083 0.263188 0.007495 0.011613
0 0.928931 0.188785 0.009191 0.012528
0 0.602775 0.143444 0.008171 0.009278
0 0.461928 0.160126 0.008296 0.011938
0 0.642393 0.379938 0.007340 0.009432
0 0.756115 0.366573 0.009104 0.013439
0 0.632033 0.240753 0.008219 0.011604
0 0.507233 0.108751 0.007684 0.010378
0 0.691885 0.464003 0.010104 0.013679
0 0.169029 0.388481 0.007175 0.010012
0 0.575350 0.225365 0.007730 0.009974
0 0.255921 0.145906 0.011379 0.015470
0 0.572263 0.122144 0.008359 0.011008
0 0.802865 0.320317 0.010413 0.013940
