0 0.542824 0.654064 0.003858 0.004630
0 0.504051 0.743570 0.004244 0.005658
0 0.058063 0.976595 0.004244 0.005658
0 0.368827 0.888374 0.003858 0.005144
0 0.483410 0.564815 0.003858 0.005144
0 0.482639 0.611368 0.003858 0.004630
0 0.133873 0.908436 0.003858 0.005144
0 0.517361 0.702160 0.003858 0.005144
0 0.527392 0.983796 0.003858 0.005658
0 0.478395 0.590535 0.006173 0.009259
0 0.568866 0.692644 0.003472 0.004630
0 0.383102 0.916409 0.004630 0.005658
0 0.476466 0.991512 0.003858 0.005658
0 0.526235 0.603395 0.003858 0.005144
0 0.495949 0.559671 0.004244 0.005144
0 0.487076 0.985082 0.003472 0.005144
0 0.065394 0.955247 0.004244 0.005144
0 0.448495 0.555298 0.004244 0.005658
0 0.449460 0.568930 0.003858 0.005144
0 0.525463 0.638374 0.003858 0.005144
0 0.011188 0.847222 0.003858 0.006173
0 0.024498 0.890689 0.004244 0.005658
0 0.506366 0.617284 0.003472 0.005144
0 0.182485 0.979938 0.004630 0.006173
0 0.525077 0.681327 0.003858 0.004630
0 0.484375 0.659465 0.005787 0.009259
0 0.483410 0.679527 0.003858 0.005144
0 0.450810 0.596451 0.004244 0.005658
0 0.455247 0.636574 0.004630 0.005658
0 0.504437 0.702160 0.004244 0.005144
0 0.274691 0.992284 0.003858 0.005144
0 0.593750 0.880401 0.003858 0.005658
0 0.466435 0.555298 0.003858 0.005658
0 0.332755 0.967078 0.003472 0.005144
0 0.153935 0.929527 0.003858 0.005144
0 0.487269 0.711934 0.003858 0.005144
0 0.142168 0.978395 0.004244 0.005144
0 0.165509 0.935185 0.003858 0.005144
0 0.014275 0.968621 0.003858 0.005144
0 0.719329 0.732253 0.004244 0.005658
0 0.043210 0.598508 0.003858 0.005658
0 0.699460 0.748457 0.003858 0.005144
0 0.141590 0.886060 0.003858 0.005658
0 0.010802 0.797840 0.003858 0.005144
0 0.557099 0.597737 0.003858 0.005144
0 0.517747 0.612397 0.003858 0.004630
0 0.658179 0.938272 0.003858 0.005144
0 0.026235 0.819959 0.003858 0.005144
0 0.072724 0.894805 0.004244 0.005658
0 0.658951 0.969136 0.003858 0.005144
0 0.538194 0.756687 0.003858 0.005144
0 0.323495 0.325360 0.003472 0.004630
0 0.494792 0.583591 0.003472 0.004630
0 0.424190 0.540123 0.004244 0.005144
0 0.545910 0.850823 0.003858 0.005144
0 0.590278 0.622942 0.003858 0.005144
0 0.588927 0.864455 0.008102 0.006687
0 0.554398 0.841049 0.003858 0.005144
0 0.524306 0.751800 0.003858 0.005658
0 0.513310 0.673611 0.004244 0.005658
0 0.119792 0.855195 0.011188 0.010802
0 0.607832 0.603652 0.004244 0.005658
0 0.172647 0.943930 0.004244 0.005144
0 0.320216 0.749486 0.004630 0.006173
0 0.152006 0.351080 0.003858 0.005658
0 0.085648 0.829475 0.003858 0.006687
0 0.367284 0.438529 0.004630 0.006687
0 0.567130 0.849280 0.003858 0.005144
0 0.128086 0.929784 0.003858 0.005658
0 0.038002 0.956019 0.004244 0.005658
0 0.229745 0.356481 0.004244 0.005144
0 0.655093 0.980195 0.006944 0.006687
0 0.495756 0.800412 0.003858 0.005144
0 0.538387 0.778549 0.004244 0.005658
0 0.567515 0.912037 0.004630 0.005144
0 0.581597 0.696502 0.003472 0.007202
0 0.484182 0.789866 0.003858 0.004630
0 0.496721 0.625257 0.003472 0.004630
0 0.524498 0.715792 0.005015 0.005658
0 0.502508 0.819959 0.005015 0.005144
0 0.531636 0.918724 0.003858 0.005144
0 0.081983 0.971965 0.004244 0.005658
0 0.213542 0.931584 0.004244 0.005144
0 0.549383 0.964506 0.003858 0.005144
0 0.029128 0.916924 0.006559 0.007716
0 0.508488 0.683128 0.003858 0.005144
0 0.153164 0.907922 0.003858 0.005144
0 0.341435 0.682099 0.003858 0.005144
0 0.103588 0.978909 0.004244 0.005144
0 0.145640 0.334362 0.004244 0.005144
0 0.165509 0.963220 0.003858 0.005658
0 0.112076 0.541667 0.004244 0.005144
0 0.493441 0.655093 0.003858 0.004630
0 0.466435 0.997685 0.003858 0.002572
0 0.340664 0.705247 0.003858 0.005144
0 0.080633 0.894033 0.003858 0.005144
0 0.491898 0.774691 0.003858 0.005144
0 0.060378 0.568416 0.004244 0.005144
0 0.559606 0.666409 0.004244 0.005658
0 0.288194 0.886831 0.003858 0.005144
0 0.159336 0.811214 0.003858 0.005144
0 0.333526 0.612140 0.004244 0.005144
0 0.360340 0.784465 0.003858 0.005144
0 0.381366 0.874743 0.009645 0.009774
0 0.560378 0.624743 0.003472 0.004630
0 0.544367 0.625257 0.003858 0.005658
0 0.080826 0.997171 0.004244 0.004630
0 0.537616 0.604424 0.003472 0.005144
0 0.543210 0.742284 0.003858 0.005144
0 0.162230 0.950617 0.006559 0.007202
0 0.613812 0.856996 0.003858 0.005144
0 0.541667 0.614198 0.003858 0.005144
0 0.151427 0.288066 0.008873 0.009259
0 0.027392 0.965278 0.003858 0.005658
0 0.716049 0.742541 0.005401 0.007716
0 0.743441 0.804784 0.003858 0.004630
0 0.621335 0.917181 0.003472 0.005144
0 0.073302 0.945730 0.004630 0.006687
0 0.313657 0.965278 0.003858 0.005658
0 0.455054 0.804012 0.007330 0.007202
0 0.467400 0.709619 0.003472 0.004630
0 0.382523 0.688786 0.004244 0.007202
0 0.643519 0.904578 0.007716 0.005658
0 0.129630 0.690072 0.006173 0.006687
0 0.124228 0.911265 0.003858 0.005658
0 0.615355 0.671039 0.003858 0.006687
0 0.044560 0.906379 0.007330 0.008230
0 0.320602 0.961420 0.003858 0.005144
0 0.550926 0.667181 0.003858 0.005144
0 0.554012 0.628086 0.003858 0.005144
0 0.502701 0.607253 0.003858 0.005658
0 0.351466 0.592593 0.004630 0.004115
0 0.588156 0.869856 0.003472 0.004115
0 0.618634 0.548868 0.004244 0.007202
0 0.240934 0.702675 0.004244 0.006173
0 0.394676 0.371142 0.006173 0.008745
0 0.554012 0.628086 0.003858 0.005144
0 0.067323 0.662037 0.004244 0.005144
0 0.432099 0.749486 0.003858 0.008230
0 0.148341 0.798354 0.004244 0.005144
0 0.054784 0.754630 0.003858 0.005144
0 0.360532 0.569187 0.005015 0.006687
0 0.681713 0.954733 0.007716 0.009259
0 0.344907 0.418467 0.003858 0.007716
0 0.044560 0.906636 0.006559 0.008745
0 0.420525 0.858539 0.007716 0.007202
0 0.221065 0.929784 0.003858 0.004630
0 0.505980 0.936471 0.003472 0.004630
0 0.376157 0.911265 0.003858 0.004630
0 0.510417 0.858025 0.003858 0.006173
0 0.485725 0.659465 0.008488 0.009259
0 0.208719 0.956790 0.003086 0.004115
0 0.106289 0.951903 0.007330 0.010802
0 0.054012 0.862140 0.010031 0.009259
0 0.531057 0.997428 0.003472 0.004115
0 0.071181 0.764403 0.008102 0.010288
0 0.545139 0.735082 0.004630 0.005144
0 0.542824 0.521605 0.003858 0.007202
0 0.322917 0.920267 0.006944 0.008230
0 0.226080 0.564043 0.004630 0.007716
0 0.553434 0.752058 0.002701 0.005144
0 0.681134 0.954990 0.006559 0.010802
0 0.372106 0.757202 0.004244 0.003086
0 0.345293 0.424383 0.004630 0.006173
0 0.642554 0.904578 0.005787 0.005658
0 0.542631 0.702160 0.006559 0.008230
0 0.173225 0.443930 0.003858 0.005144
0 0.298611 0.801698 0.005401 0.010802
0 0.108989 0.908693 0.006559 0.007716
0 0.002701 0.821502 0.004630 0.007202
0 0.203897 0.395062 0.008102 0.010288
0 0.697338 0.970679 0.005787 0.007202
0 0.380594 0.842593 0.008102 0.006173
0 0.101659 0.949846 0.005015 0.004630
0 0.041860 0.921811 0.006559 0.011317
0 0.517747 0.612654 0.003858 0.005144
0 0.263117 0.561214 0.003858 0.005144
0 0.538387 0.568416 0.004244 0.004115
0 0.400849 0.368570 0.006944 0.008745
0 0.340278 0.845165 0.003858 0.005144
0 0.354552 0.980967 0.009259 0.009259
0 0.594715 0.872685 0.009645 0.008745
0 0.335648 0.986111 0.006173 0.008230
0 0.034915 0.507202 0.005015 0.008230
0 0.203704 0.395062 0.008488 0.010288
0 0.158372 0.993056 0.004244 0.005658
0 0.326582 0.359825 0.010417 0.010802
0 0.289352 0.962963 0.005401 0.008230
0 0.057099 0.647119 0.006944 0.012346
0 0.176890 0.914095 0.001929 0.003086
0 0.386767 0.791409 0.005787 0.009774
0 0.543596 0.677469 0.003086 0.007202
0 0.342207 0.373714 0.004630 0.010802
0 0.032022 0.918724 0.003858 0.008230
0 0.423611 0.484825 0.006944 0.007716
0 0.310185 0.357767 0.011574 0.009774
