0 0.870590 0.393429 0.007982 0.010741
0 0.963687 0.721415 0.008618 0.010947
0 0.824762 0.401657 0.008227 0.010737
0 0.918626 0.828565 0.008810 0.011469
0 0.958615 0.420551 0.008105 0.010551
0 0.790654 0.508377 0.008686 0.011602
0 0.551163 0.917633 0.008330 0.011349
0 0.992391 0.617414 0.008420 0.011718
0 0.862514 0.462050 0.008559 0.010748
0 0.902799 0.305090 0.008436 0.010950
0 0.933176 0.511145 0.008747 0.011668
0 0.371787 0.557692 0.008421 0.010970
0 0.981405 0.183068 0.008754 0.011763
0 0.894787 0.318189 0.008587 0.011654
0 0.982096 0.409670 0.008756 0.011218
0 0.943056 0.407802 0.008179 0.011030
0 0.720475 0.273844 0.008308 0.010581
0 0.936018 0.795510 0.009156 0.011707
0 0.661967 0.826492 0.008134 0.010563
0 0.884061 0.438732 0.008967 0.011668
0 0.760313 0.136469 0.009305 0.012280
0 0.439068 0.347747 0.008777 0.011797
0 0.923732 0.740512 0.008742 0.011666
0 0.966974 0.620368 0.008760 0.011307
0 0.433262 0.609625 0.008801 0.011734
0 0.943035 0.192867 0.009469 0.013016
0 0.930886 0.578892 0.008906 0.011855
0 0.454356 0.692242 0.009275 0.012515
0 0.857568 0.764271 0.008666 0.010723
0 0.669887 0.233464 0.008662 0.010932
0 0.957862 0.380460 0.008217 0.010584
0 0.762981 0.198950 0.009102 0.012139
0 0.719599 0.816972 0.008801 0.011822
0 0.872231 0.854967 0.008302 0.011062
0 0.749285 0.951960 0.008421 0.010657
0 0.488867 0.542577 0.008863 0.011932
0 0.873560 0.469968 0.008264 0.010897
0 0.811414 0.253699 0.008798 0.011065
0 0.481298 0.920903 0.008712 0.011441
0 0.571194 0.265577 0.009240 0.012353
0 0.677675 0.189707 0.008631 0.011244
0 0.807953 0.396403 0.008681 0.011572
0 0.970457 0.277427 0.008459 0.011989
0 0.878090 0.205698 0.007799 0.010592
0 0.837978 0.010867 0.008638 0.011900
0 0.849152 0.261639 0.007775 0.010533
0 0.517467 0.126940 0.009016 0.011614
0 0.993906 0.375681 0.008703 0.011833
0 0.861098 0.689911 0.008435 0.010620
0 0.952273 0.721023 0.009673 0.012452
0 0.840375 0.857498 0.007848 0.010115
0 0.896131 0.297648 0.008740 0.011818
0 0.892580 0.219726 0.009215 0.011959
0 0.673496 0.785496 0.008845 0.011945
0 0.863630 0.387988 0.008501 0.010903
0 0.528742 0.220420 0.008581 0.011669
0 0.980709 0.369734 0.009202 0.012060
0 0.764075 0.337395 0.008970 0.011376
0 0.697094 0.766365 0.008160 0.010536
0 0.548376 0.793531 0.009679 0.012129
0 0.977487 0.528366 0.008090 0.010841
0 0.873349 0.121245 0.008909 0.011030
0 0.689692 0.043748 0.008748 0.011595
0 0.654209 0.223486 0.010443 0.013610
0 0.809833 0.971062 0.008286 0.010629
0 0.720822 0.089919 0.008298 0.011181
0 0.916150 0.126850 0.008672 0.011314
0 0.455716 0.557560 0.009045 0.012415
0 0.623244 0.266384 0.008424 0.010602
0 0.386832 0.712910 0.008547 0.011112
0 0.865234 0.680263 0.008227 0.010956
0 0.470349 0.401950 0.008751 0.011358
0 0.796097 0.549846 0.008754 0.010901
0 0.855495 0.638166 0.008452 0.011120
0 0.623370 0.772499 0.008087 0.010416
0 0.959150 0.351482 0.007529 0.010876
0 0.337061 0.119454 0.010586 0.014389
0 0.560194 0.667961 0.008651 0.011059
0 0.927689 0.231526 0.008042 0.010418
0 0.871631 0.649780 0.008188 0.010726
0 0.901449 0.672724 0.008801 0.011564
0 0.439397 0.227254 0.009325 0.012593
0 0.814453 0.847544 0.008539 0.011450
0 0.966472 0.789290 0.008488 0.010967
0 0.993737 0.347407 0.007573 0.010322
0 0.768173 0.323774 0.008293 0.011193
0 0.539618 0.786404 0.007767 0.010286
0 0.975130 0.401380 0.008725 0.011005
0 0.470636 0.188383 0.008854 0.011969
0 0.733642 0.016686 0.009169 0.012199
0 0.789944 0.896764 0.009652 0.012063
0 0.326150 0.514102 0.009030 0.011558
0 0.521651 0.797272 0.008806 0.011304
0 0.631129 0.200928 0.008417 0.010782
0 0.836687 0.126004 0.009033 0.011876
0 0.884926 0.576473 0.008725 0.011604
0 0.787365 0.684053 0.009396 0.011640
0 0.486559 0.482824 0.007985 0.010350
0 0.964206 0.314944 0.008521 0.011160
0 0.901671 0.511016 0.007655 0.010654
0 0.478409 0.994034 0.007789 0.009185
0 0.995352 0.901262 0.008367 0.013184
0 0.424266 0.855270 0.009116 0.012219
0 0.990667 0.277770 0.009665 0.011672
0 0.513307 0.819452 0.007598 0.010887
0 0.996418 0.299693 0.006448 0.010500
0 0.392879 0.699468 0.009710 0.013690
0 0.725997 0.773593 0.008550 0.011104
0 0.947821 0.231162 0.008681 0.011087
0 0.521853 0.821228 0.008735 0.011402
0 0.793193 0.665287 0.009122 0.012772
0 0.822604 0.348343 0.008675 0.011310
0 0.528363 0.734044 0.008720 0.011622
0 0.395556 0.984564 0.008748 0.011483
0 0.680332 0.223252 0.008891 0.011364
0 0.433954 0.434016 0.008915 0.011853
0 0.330184 0.399720 0.009609 0.013168
0 0.836771 0.215291 0.008370 0.011377
0 0.860813 0.177263 0.008894 0.011478
0 0.886201 0.281769 0.008785 0.012096
0 0.353748 0.328850 0.009842 0.012984
0 0.504806 0.815680 0.008234 0.010804
0 0.377149 0.491586 0.008825 0.011903
0 0.756416 0.088577 0.009229 0.011099
0 0.526539 0.861736 0.008746 0.011971
0 0.750724 0.123953 0.008268 0.011353
0 0.542431 0.771716 0.008632 0.012005
0 0.341173 0.318835 0.009220 0.011767
0 0.787596 0.191250 0.008956 0.011966
0 0.408200 0.306664 0.009921 0.014024
0 0.303246 0.442885 0.009227 0.011929
0 0.463971 0.146015 0.009702 0.012668
0 0.809130 0.202064 0.006917 0.009960
0 0.735753 0.334700 0.008912 0.011962
0 0.382195 0.389856 0.007490 0.010353
0 0.389057 0.189291 0.010978 0.014115
0 0.973718 0.194522 0.007732 0.010166
0 0.815618 0.203381 0.008759 0.012647
0 0.897353 0.634038 0.009538 0.011493
0 0.842294 0.886659 0.009104 0.011613
0 0.314010 0.616613 0.009305 0.012283
0 0.994990 0.926340 0.008177 0.011638
0 0.391874 0.825494 0.009745 0.012565
0 0.922832 0.209477 0.009094 0.012261
0 0.347773 0.526802 0.008175 0.010692
0 0.563523 0.245968 0.008335 0.011088
0 0.797792 0.586094 0.008372 0.010279
0 0.872561 0.216559 0.008639 0.012239
0 0.956657 0.487962 0.008287 0.010927
0 0.851420 0.028403 0.009312 0.012403
0 0.329757 0.777720 0.009663 0.013137
0 0.399839 0.485363 0.008998 0.012358
0 0.794721 0.182522 0.009512 0.011248
0 0.646229 0.205783 0.008781 0.010872
0 0.495903 0.275331 0.008427 0.011148
0 0.613437 0.058715 0.009234 0.011858
0 0.630095 0.104529 0.008637 0.011954
0 0.735967 0.356718 0.007789 0.010352
0 0.888025 0.730330 0.010070 0.012861
0 0.899731 0.748611 0.009471 0.012086
0 0.951087 0.349653 0.008386 0.011141
0 0.813451 0.337184 0.008941 0.010999
0 0.744879 0.440864 0.008302 0.011007
0 0.481441 0.475668 0.008259 0.010555
0 0.746399 0.460401 0.007983 0.010689
0 0.863640 0.206555 0.007900 0.010254
0 0.977207 0.486266 0.008400 0.011251
0 0.878637 0.952684 0.006668 0.009812
0 0.990133 0.038887 0.009575 0.012195
0 0.997370 0.393986 0.004734 0.009660
0 0.799636 0.470597 0.007984 0.011055
0 0.413102 0.866649 0.010389 0.013264
0 0.572625 0.611697 0.008602 0.011359
0 0.638804 0.143150 0.009018 0.011736
0 0.911092 0.220021 0.008953 0.011463
0 0.971482 0.292131 0.009072 0.012349
0 0.935616 0.821294 0.008170 0.010641
0 0.842393 0.347152 0.008221 0.010097
0 0.788640 0.215087 0.009282 0.011779
0 0.882633 0.237685 0.008728 0.011542
0 0.592299 0.737767 0.009222 0.011520
0 0.805228 0.192650 0.008583 0.010748
0 0.902772 0.903633 0.009189 0.012230
0 0.478784 0.255407 0.008437 0.011513
0 0.381225 0.459015 0.008651 0.011872
0 0.797989 0.194383 0.008863 0.011716
0 0.963178 0.237323 0.008355 0.010843
0 0.828990 0.041179 0.009163 0.012187
0 0.389074 0.389008 0.007995 0.011810
0 0.905881 0.423673 0.008844 0.011367
0 0.901580 0.974105 0.009043 0.012007
0 0.819134 0.948115 0.008237 0.010824
0 0.884206 0.260967 0.009139 0.011867
0 0.854884 0.594367 0.007901 0.011664
0 0.518527 0.559485 0.007861 0.010635
0 0.880939 0.482667 0.007409 0.009943
0 0.989949 0.951874 0.010011 0.012432
0 0.439008 0.297931 0.008136 0.010731
0 0.928438 0.257191 0.007773 0.009882
0 0.978278 0.219208 0.008632 0.011203
0 0.909553 0.201248 0.008326 0.010492
0 0.364841 0.652665 0.009030 0.011793
0 0.657952 0.167324 0.009145 0.012145
0 0.533080 0.104382 0.009800 0.013536
0 0.595803 0.042109 0.009420 0.012910
0 0.718406 0.045331 0.008409 0.011088
0 0.730287 0.892272 0.007062 0.008636
0 0.305404 0.547457 0.009709 0.012926
0 0.417113 0.784603 0.009284 0.012522
0 0.680700 0.554706 0.008392 0.010907
0 0.906099 0.903299 0.008730 0.011882
0 0.608227 0.761585 0.006513 0.009574
0 0.771295 0.080688 0.010742 0.013511
0 0.512140 0.651241 0.008189 0.010812
0 0.933583 0.190516 0.008186 0.010905
0 0.874926 0.949746 0.008083 0.010138
0 0.802652 0.355168 0.007334 0.009684
0 0.594922 0.715893 0.008345 0.011503
0 0.932281 0.361263 0.008645 0.011388
0 0.722549 0.110824 0.007774 0.009795
0 0.863018 0.215208 0.008195 0.009184
0 0.962850 0.277676 0.008609 0.012419
0 0.859577 0.745699 0.008200 0.012137
0 0.620958 0.151383 0.008665 0.011158
0 0.337294 0.621110 0.008671 0.011528
0 0.898874 0.549887 0.007810 0.010557
0 0.745654 0.877115 0.008098 0.011015
0 0.866078 0.758588 0.008065 0.010886
0 0.465008 0.466150 0.007256 0.009350
0 0.907095 0.571105 0.008302 0.011086
0 0.645700 0.169520 0.008576 0.011227
0 0.944503 0.271108 0.009298 0.012349
0 0.376693 0.672203 0.009883 0.013794
0 0.316828 0.130014 0.008777 0.011388
0 0.979795 0.256417 0.007963 0.010482
0 0.934126 0.250183 0.007972 0.010629
0 0.715412 0.402140 0.007681 0.009325
0 0.642171 0.876427 0.007199 0.008815
0 0.666998 0.008475 0.008738 0.011675
0 0.704624 0.330671 0.008067 0.010743
0 0.286707 0.622360 0.008742 0.011161
0 0.489082 0.629146 0.009116 0.012072
0 0.628367 0.889612 0.010068 0.013168
0 0.397045 0.935286 0.009279 0.011670
0 0.810624 0.928562 0.008830 0.011272
0 0.726937 0.103088 0.007667 0.010208
0 0.495348 0.689279 0.007193 0.009295
0 0.886507 0.486898 0.007343 0.010652
0 0.987136 0.342933 0.007816 0.010387
0 0.466632 0.941927 0.008534 0.011335
0 0.636697 0.748598 0.008032 0.010768
0 0.993122 0.461981 0.007129 0.009634
0 0.737296 0.289036 0.008371 0.011073
0 0.530353 0.255474 0.008951 0.011638
0 0.481191 0.789149 0.007662 0.010178
0 0.790000 0.144451 0.008670 0.011914
0 0.904779 0.357235 0.007891 0.011170
0 0.628775 0.759339 0.007517 0.009934
0 0.835754 0.106422 0.011724 0.014054
0 0.902941 0.381962 0.009203 0.011649
0 0.689952 0.570237 0.008844 0.011804
0 0.749506 0.507052 0.009140 0.011442
0 0.897603 0.354953 0.008077 0.010663
0 0.845669 0.063936 0.009598 0.013018
0 0.531031 0.732210 0.011032 0.015386
0 0.303073 0.844146 0.009072 0.012477
0 0.807572 0.346836 0.007578 0.009703
0 0.372787 0.813501 0.008954 0.011946
0 0.606011 0.797735 0.008085 0.010789
0 0.783147 0.368436 0.008371 0.011019
0 0.399840 0.590951 0.007763 0.010329
0 0.539247 0.674936 0.008035 0.010302
0 0.937874 0.228107 0.007647 0.011241
0 0.788282 0.169438 0.009809 0.011786
0 0.851078 0.533618 0.009803 0.012868
0 0.908044 0.612769 0.007404 0.010217
0 0.872561 0.516477 0.006259 0.008089
0 0.724651 0.029496 0.009021 0.011441
0 0.564982 0.685392 0.009191 0.012206
0 0.993960 0.886848 0.007571 0.010152
0 0.613925 0.751938 0.005715 0.008716
0 0.790970 0.635980 0.008800 0.012656
0 0.827182 0.190484 0.006873 0.009366
0 0.899800 0.888736 0.007539 0.009383
0 0.630265 0.155603 0.007346 0.011027
0 0.983670 0.885512 0.009487 0.012200
0 0.437294 0.004728 0.007677 0.008402
0 0.489236 0.682248 0.007764 0.010560
0 0.800294 0.007044 0.008035 0.010438
0 0.319650 0.130512 0.009866 0.013543
0 0.778446 0.137816 0.009445 0.011924
0 0.896776 0.341184 0.008085 0.010396
0 0.731470 0.362703 0.007400 0.009605
0 0.589680 0.319431 0.008114 0.010619
0 0.501144 0.707186 0.007767 0.010328
0 0.784390 0.072766 0.008819 0.011845
0 0.983817 0.021476 0.007306 0.009911
0 0.794002 0.840400 0.007275 0.010070
0 0.939333 0.147329 0.009701 0.012549
0 0.995457 0.881508 0.007029 0.010406
0 0.485575 0.808424 0.010093 0.013643
0 0.869335 0.264106 0.008762 0.010937
0 0.806950 0.010430 0.006618 0.010711
0 0.316291 0.847233 0.009833 0.012443
0 0.691419 0.004447 0.007761 0.008004
0 0.941012 0.304209 0.007217 0.010454
0 0.865775 0.153591 0.007938 0.009954
0 0.652138 0.249344 0.008712 0.011285
0 0.832122 0.827803 0.008775 0.011262
0 0.943422 0.589671 0.007019 0.009431
0 0.509444 0.253551 0.008934 0.011965
0 0.974959 0.199748 0.008236 0.010581
0 0.222437 0.910547 0.009456 0.012136
0 0.973853 0.249718 0.008025 0.010425
0 0.299330 0.458495 0.010062 0.014217
0 0.716464 0.393897 0.008154 0.010209
0 0.997079 0.614503 0.005068 0.011450
0 0.861944 0.761959 0.010468 0.014971
0 0.729561 0.789117 0.008273 0.010937
0 0.285946 0.775922 0.007994 0.011377
0 0.900772 0.485457 0.008295 0.011129
0 0.609277 0.799291 0.008418 0.011362
0 0.723677 0.154161 0.007964 0.010602
0 0.576106 0.736625 0.008546 0.010215
0 0.834440 0.090042 0.009173 0.010517
0 0.420253 0.736697 0.008663 0.010709
0 0.789246 0.064899 0.010254 0.013542
0 0.934401 0.300123 0.007626 0.010299
0 0.710970 0.773943 0.008320 0.011059
0 0.449605 0.862009 0.007575 0.009564
0 0.925083 0.040503 0.009747 0.012932
0 0.446088 0.010708 0.008724 0.012042
0 0.979529 0.850806 0.007902 0.010704
0 0.901258 0.346494 0.008676 0.011577
0 0.669897 0.756000 0.007846 0.009637
0 0.471737 0.607291 0.009746 0.012917
0 0.294904 0.775796 0.010539 0.014548
0 0.984132 0.163931 0.008930 0.011493
0 0.876695 0.308237 0.008170 0.011645
0 0.485519 0.393472 0.007279 0.009849
0 0.808824 0.308557 0.008493 0.011302
0 0.763676 0.446552 0.008978 0.011650
0 0.896504 0.887294 0.007693 0.009143
0 0.900654 0.612615 0.007236 0.011012
0 0.831523 0.195704 0.007416 0.009792
0 0.716292 0.768122 0.006762 0.009118
0 0.444418 0.275922 0.006288 0.007677
0 0.402859 0.636245 0.008629 0.011923
0 0.531783 0.602441 0.007067 0.009445
0 0.403334 0.467099 0.007670 0.010557
0 0.648453 0.866346 0.008491 0.011094
0 0.766926 0.449008 0.009234 0.011927
0 0.303138 0.372498 0.008224 0.010365
0 0.785782 0.837807 0.007999 0.010025
0 0.849960 0.591866 0.008335 0.011261
0 0.968077 0.198224 0.007008 0.009786
0 0.973424 0.842802 0.008594 0.011100
0 0.349189 0.703530 0.008786 0.012532
0 0.493189 0.685980 0.007863 0.009922
0 0.469259 0.941529 0.010243 0.014014
0 0.812469 0.925997 0.008420 0.011183
0 0.939943 0.301062 0.007262 0.010785
0 0.349085 0.602468 0.008947 0.011969
0 0.478180 0.035913 0.008288 0.010980
0 0.839480 0.103104 0.010727 0.014658
0 0.703729 0.059562 0.007694 0.010444
0 0.752820 0.476016 0.007393 0.010100
0 0.857906 0.749621 0.010175 0.011785
0 0.869274 0.305947 0.007550 0.010706
0 0.937553 0.594694 0.007912 0.010456
0 0.901964 0.342829 0.007116 0.010499
0 0.729808 0.131704 0.008920 0.012103
0 0.730835 0.901209 0.006406 0.008696
0 0.726284 0.897447 0.007878 0.010018
0 0.871601 0.634688 0.007814 0.010691
0 0.875925 0.210394 0.009901 0.013089
0 0.464052 0.475745 0.007724 0.010024
0 0.441947 0.783816 0.006261 0.008196
0 0.729985 0.140929 0.009170 0.011711
0 0.837114 0.086792 0.010788 0.014283
0 0.719491 0.107937 0.009704 0.012450
0 0.875469 0.263450 0.007629 0.012188
0 0.392532 0.805646 0.008264 0.010936
0 0.671793 0.757830 0.008330 0.010651
0 0.912695 0.798957 0.006842 0.010159
0 0.828578 0.280940 0.008145 0.011114
0 0.939704 0.861125 0.008989 0.012073
0 0.525148 0.862098 0.013932 0.017978
0 0.408221 0.308154 0.015234 0.020360
0 0.475640 0.272600 0.006661 0.008469
0 0.797210 0.580855 0.008311 0.009956
0 0.972060 0.848162 0.008219 0.009763
0 0.832114 0.895279 0.007840 0.010105
0 0.795104 0.571207 0.007481 0.008760
0 0.856651 0.713144 0.007568 0.009609
0 0.897881 0.615150 0.008779 0.011007
0 0.387319 0.386401 0.009458 0.012594
0 0.387171 0.712253 0.012009 0.016692
0 0.403791 0.471738 0.007285 0.009638
0 0.439600 0.016706 0.008138 0.010662
0 0.725685 0.790181 0.008532 0.010639
0 0.342782 0.701719 0.010454 0.013965
0 0.497428 0.704778 0.007986 0.010064
0 0.460312 0.350836 0.006824 0.008169
0 0.806474 0.466885 0.005624 0.008096
0 0.485709 0.700045 0.008864 0.012151
0 0.811055 0.602304 0.008317 0.010532
0 0.830069 0.285582 0.008042 0.010118
0 0.905777 0.795363 0.006952 0.008439
0 0.460759 0.473952 0.008026 0.010265
0 0.723797 0.114219 0.008031 0.011080
0 0.579743 0.254252 0.008031 0.010279
0 0.984146 0.961154 0.007701 0.009304
0 0.988022 0.019966 0.006043 0.009584
0 0.267723 0.466018 0.008255 0.011446
0 0.714641 0.040043 0.007171 0.009092
0 0.847296 0.088942 0.007064 0.009574
0 0.958383 0.349287 0.010987 0.016262
0 0.370457 0.887425 0.009039 0.012177
0 0.852776 0.284339 0.005518 0.007749
0 0.481288 0.555562 0.004050 0.005526
0 0.807619 0.073444 0.014141 0.018464
0 0.924572 0.351335 0.008409 0.010592
0 0.898897 0.300178 0.009738 0.012650
0 0.726786 0.129279 0.008746 0.011295
0 0.556656 0.181476 0.005981 0.007524
0 0.571739 0.613026 0.012084 0.016674
0 0.527203 0.604862 0.007669 0.010857
0 0.484217 0.477992 0.009351 0.011733
0 0.992877 0.344153 0.007561 0.012113
0 0.660521 0.886566 0.008340 0.011304
0 0.747196 0.483393 0.006210 0.008816
0 0.491205 0.626158 0.010438 0.012969
0 0.728495 0.146612 0.009857 0.012332
0 0.516786 0.126671 0.012709 0.016700
0 0.915817 0.153702 0.008696 0.011040
0 0.905809 0.598212 0.008180 0.009442
0 0.783241 0.653348 0.005129 0.006443
0 0.963601 0.526069 0.005588 0.007629
0 0.525876 0.597588 0.006904 0.008109
0 0.342214 0.696165 0.011403 0.013475
0 0.860636 0.280835 0.006925 0.010497
0 0.484932 0.695779 0.008483 0.011898
0 0.926263 0.354593 0.008773 0.010304
0 0.370260 0.878590 0.008417 0.009659
0 0.339337 0.591135 0.009050 0.011750
0 0.563151 0.109372 0.006645 0.007783
0 0.603519 0.136224 0.007486 0.010172
0 0.395297 0.620420 0.008489 0.010841
0 0.842757 0.195428 0.006350 0.008696
0 0.573137 0.247536 0.006737 0.012045
0 0.208418 0.602872 0.010103 0.012926
0 0.910893 0.625850 0.005298 0.008956
