0 0.562114 0.848765 0.003858 0.005144
0 0.351659 0.200360 0.003472 0.005658
0 0.513310 0.691358 0.003472 0.005144
0 0.413002 0.153549 0.003472 0.004630
0 0.628086 0.905093 0.004630 0.008745
0 0.665895 0.936728 0.003858 0.005144
0 0.217785 0.161523 0.004244 0.005144
0 0.590278 0.727881 0.003858 0.006173
0 0.509259 0.088220 0.003858 0.005658
0 0.664931 0.978909 0.004244 0.005144
0 0.591435 0.744342 0.003858 0.005144
0 0.656057 0.956276 0.004244 0.007202
0 0.883681 0.963220 0.004244 0.005658
0 0.070602 0.743313 0.003858 0.005144
0 0.086806 0.160494 0.003858 0.005144
0 0.694059 0.596451 0.003858 0.005658
0 0.489583 0.742027 0.003858 0.005658
0 0.673804 0.251800 0.004244 0.005658
0 0.279321 0.252572 0.003858 0.005144
0 0.409722 0.172840 0.003858 0.005144
0 0.744020 0.522119 0.005015 0.006173
0 0.758873 0.509774 0.003858 0.005144
0 0.507137 0.373200 0.003472 0.005658
0 0.962963 0.791924 0.003858 0.005658
0 0.511767 0.381173 0.003472 0.005144
0 0.408951 0.518004 0.003858 0.005144
0 0.915509 0.187243 0.004630 0.006173
0 0.676505 0.525206 0.003472 0.005144
0 0.223380 0.175669 0.003858 0.005658
0 0.325231 0.308642 0.003858 0.005144
0 0.640818 0.992541 0.003858 0.004630
0 0.509452 0.714506 0.004244 0.005144
0 0.332562 0.295525 0.003858 0.005658
0 0.901620 0.479681 0.003858 0.005658
0 0.432099 0.157150 0.003858 0.005658
0 0.705247 0.321245 0.003858 0.005658
0 0.685185 0.202418 0.003858 0.005658
0 0.600887 0.830761 0.004244 0.005144
0 0.674383 0.895576 0.003858 0.005144
0 0.710455 0.439300 0.005015 0.007202
0 0.866319 0.941872 0.006559 0.008230
0 0.876929 0.546039 0.003858 0.005658
0 0.388503 0.370113 0.003858 0.004630
0 0.467207 0.531636 0.003858 0.005658
0 0.602623 0.816101 0.003858 0.005658
0 0.690779 0.520062 0.004244 0.005144
0 0.524691 0.681584 0.003858 0.005144
0 0.618056 0.992027 0.003858 0.005658
0 0.554784 0.828704 0.003858 0.005144
0 0.315008 0.428755 0.004244 0.005658
0 0.228395 0.541924 0.004630 0.005658
0 0.866319 0.662551 0.003472 0.005144
0 0.658179 0.824074 0.003858 0.005144
0 0.424769 0.605967 0.003858 0.005144
0 0.627508 0.927469 0.003472 0.005144
0 0.357446 0.221708 0.003472 0.005144
0 0.628472 0.951903 0.003858 0.005658
0 0.510031 0.671296 0.003858 0.005144
0 0.267361 0.887088 0.003858 0.004630
0 0.684414 0.180813 0.003858 0.005658
0 0.693673 0.309928 0.003858 0.005658
0 0.057870 0.766718 0.003858 0.005658
0 0.165895 0.327675 0.003858 0.005144
0 0.411265 0.359053 0.003858 0.005144
0 0.706019 0.531379 0.003858 0.005144
0 0.340856 0.209619 0.004244 0.005658
0 0.176698 0.433385 0.003858 0.005658
0 0.059028 0.097737 0.003858 0.005144
0 0.634838 0.969136 0.003472 0.005144
0 0.745370 0.464249 0.003858 0.005658
0 0.063079 0.753344 0.003472 0.004630
0 0.082176 0.243313 0.003858 0.005144
0 0.612654 0.931070 0.003858 0.005144
0 0.672454 0.159208 0.003858 0.005658
0 0.703897 0.217078 0.004244 0.005144
0 0.392361 0.227623 0.003858 0.005658
0 0.660687 0.998457 0.003472 0.002058
0 0.737654 0.546553 0.003858 0.005658
0 0.294753 0.453189 0.003858 0.005144
0 0.394483 0.304784 0.003472 0.004630
0 0.522184 0.114455 0.005787 0.006687
0 0.321759 0.210391 0.003858 0.005144
0 0.023920 0.035494 0.003858 0.005144
0 0.888889 0.943416 0.003858 0.005144
0 0.644676 0.933128 0.003858 0.005144
0 0.150849 0.266975 0.003858 0.005144
0 0.527006 0.701903 0.003858 0.004630
0 0.802276 0.342078 0.004244 0.005144
0 0.482832 0.584105 0.004244 0.005658
0 0.178048 0.452932 0.004244 0.004630
0 0.494792 0.298868 0.005015 0.005144
0 0.616705 0.783951 0.003472 0.005144
0 0.328125 0.332305 0.004244 0.005144
0 0.500386 0.646091 0.003858 0.005144
0 0.665123 0.181327 0.003858 0.005658
0 0.589313 0.250257 0.004244 0.005658
0 0.715856 0.467078 0.004244 0.005144
0 0.871142 0.649177 0.003858 0.005144
0 0.947531 0.660237 0.003858 0.005658
0 0.896605 0.891718 0.003858 0.005658
0 0.505015 0.070988 0.003858 0.005144
0 0.514660 0.397377 0.003858 0.005658
0 0.612461 0.271091 0.004244 0.005144
0 0.566358 0.840021 0.003858 0.005144
0 0.874614 0.899691 0.003858 0.005144
0 0.353009 0.818158 0.003858 0.005658
0 0.577739 0.323302 0.004244 0.005658
0 0.696759 0.208333 0.003858 0.005144
0 0.493441 0.521605 0.003858 0.005144
0 0.707562 0.462706 0.003858 0.005658
0 0.881173 0.846708 0.003858 0.005144
0 0.722608 0.490998 0.003858 0.005658
0 0.181906 0.499743 0.004244 0.005658
0 0.676312 0.276492 0.003858 0.005658
0 0.747299 0.783951 0.003858 0.005144
0 0.292824 0.738683 0.003858 0.008230
0 0.260802 0.187500 0.003858 0.005658
0 0.544560 0.556842 0.003472 0.004630
0 0.026235 0.731996 0.003858 0.005144
0 0.900849 0.159208 0.003858 0.005658
0 0.513117 0.724280 0.003858 0.005144
0 0.926890 0.819444 0.003472 0.005144
0 0.623457 0.857510 0.003858 0.005144
0 0.399884 0.609053 0.004244 0.005144
0 0.495177 0.117027 0.003472 0.004630
0 0.619599 0.923097 0.003858 0.004630
0 0.464892 0.093364 0.003858 0.005658
0 0.946373 0.752058 0.003858 0.005144
0 0.690201 0.266461 0.003858 0.006173
0 0.339313 0.191872 0.003472 0.005144
0 0.253279 0.339249 0.004244 0.005658
0 0.663387 0.545010 0.004244 0.005658
0 0.027585 0.710905 0.005015 0.006173
0 0.443673 0.143776 0.003858 0.004630
0 0.663194 0.279064 0.003858 0.005658
0 0.476659 0.558899 0.004244 0.005658
0 0.600694 0.853909 0.003858 0.005144
0 0.508488 0.117541 0.004630 0.005658
0 0.935185 0.566872 0.003858 0.006173
0 0.179398 0.116770 0.003858 0.005144
0 0.738040 0.859311 0.003858 0.005658
0 0.339313 0.561471 0.003472 0.004630
0 0.189429 0.129115 0.003858 0.005144
0 0.753858 0.739712 0.003858 0.005144
0 0.613812 0.810185 0.004630 0.006173
0 0.490355 0.659465 0.003858 0.005144
0 0.508873 0.288580 0.003858 0.005144
0 0.613426 0.245628 0.003858 0.005658
0 0.185185 0.080761 0.003858 0.005144
0 0.945988 0.794496 0.003858 0.005658
0 0.275463 0.848251 0.003858 0.005144
0 0.358989 0.247171 0.003472 0.004630
0 0.712577 0.334362 0.003858 0.005144
0 0.513117 0.183385 0.003858 0.005658
0 0.810185 0.940072 0.006944 0.008745
0 0.821373 0.347222 0.003858 0.005144
0 0.333526 0.477366 0.005787 0.008230
0 0.406057 0.390432 0.004244 0.005144
0 0.433256 0.600823 0.003858 0.005144
0 0.428819 0.289095 0.004244 0.005144
0 0.109182 0.216564 0.003858 0.005144
0 0.396991 0.711163 0.003858 0.004630
0 0.806713 0.264146 0.003858 0.005658
0 0.699653 0.585905 0.003472 0.005144
0 0.585262 0.824588 0.003858 0.005144
0 0.542438 0.721965 0.003858 0.005658
0 0.239390 0.387860 0.003472 0.005144
0 0.952353 0.651492 0.004244 0.005658
0 0.644676 0.695473 0.003858 0.005144
0 0.446759 0.187243 0.003858 0.005144
0 0.294367 0.679784 0.003858 0.005658
0 0.499807 0.257716 0.004244 0.006173
0 0.502315 0.722737 0.003858 0.005144
0 0.918981 0.715535 0.003858 0.005144
0 0.874614 0.434156 0.003858 0.005144
0 0.589313 0.456533 0.004244 0.005658
0 0.672840 0.307356 0.003858 0.005658
0 0.465278 0.383745 0.003858 0.005144
0 0.628279 0.907407 0.005015 0.008230
0 0.061343 0.194959 0.003858 0.005144
0 0.555170 0.164866 0.003858 0.005658
0 0.389468 0.409979 0.003472 0.005144
0 0.408372 0.245628 0.003472 0.005658
0 0.507909 0.235340 0.003472 0.005658
0 0.212191 0.360082 0.007716 0.014403
0 0.742284 0.495113 0.003858 0.005658
0 0.693480 0.622171 0.004244 0.005658
0 0.412809 0.398148 0.003858 0.005144
0 0.754630 0.670782 0.003858 0.005144
0 0.594907 0.593107 0.003858 0.005144
0 0.420139 0.267490 0.003858 0.005144
0 0.556713 0.093621 0.003858 0.005144
0 0.689236 0.338992 0.003472 0.005144
0 0.646605 0.738169 0.003858 0.005144
0 0.541088 0.071502 0.003472 0.005144
0 0.858410 0.701132 0.003858 0.006173
0 0.752701 0.895576 0.003858 0.005144
0 0.696373 0.236111 0.003858 0.006173
0 0.457755 0.168724 0.004244 0.005144
0 0.944252 0.809414 0.004244 0.005658
0 0.232253 0.462449 0.003858 0.005144
0 0.668981 0.600051 0.003858 0.005658
0 0.863812 0.924640 0.003858 0.004630
0 0.530093 0.725566 0.003858 0.005658
0 0.536651 0.370885 0.003858 0.005144
0 0.464313 0.557099 0.003472 0.005144
0 0.743441 0.636831 0.003858 0.005144
0 0.769483 0.379115 0.004244 0.005144
0 0.902392 0.936728 0.003858 0.005144
0 0.407793 0.475309 0.003858 0.005144
0 0.893133 0.504630 0.003858 0.005144
0 0.306713 0.845165 0.003858 0.005144
0 0.819830 0.158179 0.003858 0.005658
0 0.476852 0.720679 0.003858 0.005144
0 0.784144 0.685185 0.006559 0.013374
0 0.737654 0.692387 0.004630 0.005144
0 0.629437 0.799897 0.005787 0.007202
0 0.407407 0.208076 0.003858 0.004630
0 0.316358 0.271605 0.003858 0.005144
0 0.734954 0.667181 0.003858 0.005144
0 0.043017 0.753858 0.003472 0.006687
0 0.503472 0.760545 0.006173 0.006687
0 0.597222 0.320730 0.003858 0.005658
0 0.537423 0.772634 0.003858 0.005144
0 0.541667 0.120885 0.003858 0.006173
0 0.596836 0.228909 0.003858 0.005144
0 0.685957 0.535494 0.003858 0.005144
0 0.517168 0.056070 0.004244 0.005144
0 0.424576 0.364712 0.004244 0.005144
0 0.363040 0.568158 0.004630 0.006687
0 0.256752 0.032922 0.003472 0.005144
0 0.588542 0.438272 0.003472 0.005144
0 0.317515 0.567387 0.003858 0.005144
0 0.589699 0.467593 0.004244 0.005144
0 0.118056 0.037037 0.003858 0.005144
0 0.307099 0.197274 0.003858 0.005658
0 0.195216 0.329475 0.003858 0.005658
0 0.430363 0.190072 0.004244 0.005658
0 0.577739 0.813272 0.003472 0.005144
0 0.370370 0.785494 0.003858 0.005144
0 0.679012 0.070730 0.003858 0.005658
0 0.363619 0.181070 0.003472 0.005144
0 0.823688 0.420267 0.003858 0.005144
0 0.654514 0.904321 0.003472 0.005144
0 0.833333 0.565844 0.003858 0.005144
0 0.514660 0.370628 0.003858 0.005658
0 0.528549 0.081790 0.003858 0.005144
0 0.655478 0.184414 0.003858 0.005658
0 0.602238 0.608539 0.003858 0.005144
0 0.041474 0.052469 0.004244 0.006173
0 0.596065 0.972222 0.003858 0.005144
0 0.573302 0.956276 0.003858 0.005144
0 0.771605 0.567644 0.003858 0.005658
0 0.445023 0.205247 0.003472 0.005144
0 0.067515 0.138374 0.009259 0.007202
0 0.521412 0.170010 0.003472 0.004630
0 0.964120 0.820988 0.003858 0.005144
0 0.198688 0.316358 0.003858 0.005144
0 0.224344 0.888117 0.004244 0.005658
0 0.944830 0.557356 0.003858 0.005658
0 0.678627 0.474023 0.003858 0.005658
0 0.058256 0.147377 0.009259 0.009774
0 0.461034 0.061728 0.003858 0.005144
0 0.217785 0.183385 0.005015 0.007716
0 0.333333 0.738940 0.003858 0.005658
0 0.293403 0.202932 0.004244 0.009774
0 0.295525 0.379115 0.004630 0.005144
0 0.075810 0.200103 0.003472 0.005144
0 0.374228 0.397119 0.003858 0.005144
0 0.512153 0.258488 0.004244 0.005658
0 0.474537 0.518519 0.003858 0.005144
0 0.740548 0.618570 0.004244 0.006687
0 0.772569 0.734053 0.003472 0.005144
0 0.356289 0.340535 0.006559 0.010288
0 0.326389 0.288323 0.003858 0.005658
0 0.649306 0.969136 0.003858 0.005144
0 0.881944 0.675412 0.003858 0.005144
0 0.457176 0.742798 0.003858 0.005144
0 0.279514 0.019547 0.004244 0.005144
0 0.245563 0.961420 0.004244 0.005144
0 0.433256 0.531379 0.003858 0.005144
0 0.607446 0.413323 0.004244 0.005658
0 0.313465 0.251800 0.004244 0.005658
0 0.099923 0.226852 0.003858 0.005144
0 0.487461 0.130916 0.003472 0.005658
0 0.218750 0.137088 0.003858 0.005658
0 0.603588 0.168210 0.004244 0.005144
0 0.626929 0.960905 0.003858 0.005144
0 0.560185 0.191872 0.006944 0.010288
0 0.235918 0.343364 0.007330 0.010802
0 0.756944 0.981996 0.003858 0.005144
0 0.726466 0.858796 0.003858 0.005658
0 0.206790 0.993570 0.006944 0.010802
0 0.690008 0.083848 0.004244 0.005144
0 0.496914 0.132459 0.005401 0.007716
0 0.605324 0.754115 0.003858 0.005144
0 0.211420 0.063786 0.006173 0.013374
0 0.448688 0.575617 0.007716 0.009259
0 0.475694 0.493313 0.003858 0.005144
0 0.668981 0.994342 0.003858 0.005144
0 0.330440 0.540895 0.003472 0.004630
0 0.369599 0.811214 0.003858 0.005144
0 0.932677 0.780093 0.004244 0.005658
0 0.921103 0.789095 0.003472 0.005144
0 0.498071 0.587963 0.003858 0.005144
0 0.362654 0.351080 0.003858 0.004630
0 0.257523 0.181584 0.003472 0.005144
0 0.606867 0.891461 0.003858 0.005144
0 0.113233 0.548097 0.003472 0.005658
0 0.719907 0.392233 0.003858 0.005658
0 0.600309 0.494342 0.003858 0.005144
0 0.676698 0.924383 0.003858 0.005144
0 0.518519 0.194959 0.003858 0.005144
0 0.507716 0.745370 0.003858 0.005144
0 0.382716 0.339506 0.004630 0.006173
0 0.580247 0.798097 0.003858 0.005658
0 0.401427 0.281121 0.003472 0.004630
0 0.676698 0.569702 0.003858 0.005658
0 0.680363 0.325103 0.004244 0.005144
0 0.249035 0.838992 0.004244 0.005144
0 0.693287 0.223765 0.006173 0.007202
0 0.704090 0.501286 0.003858 0.005658
0 0.337191 0.414095 0.003858 0.005144
0 0.244406 0.195730 0.004244 0.007716
0 0.668403 0.909208 0.004244 0.006687
0 0.192708 0.190844 0.004244 0.005144
0 0.970679 0.912037 0.003858 0.005144
0 0.292824 0.754372 0.004630 0.005658
0 0.157986 0.125000 0.005015 0.008230
0 0.050154 0.144290 0.010031 0.008745
0 0.473573 0.148663 0.006559 0.009259
0 0.610532 0.732253 0.004244 0.005658
0 0.149498 0.083591 0.004244 0.005658
0 0.631366 0.691872 0.004244 0.005144
0 0.226080 0.657665 0.005401 0.006687
0 0.344907 0.117541 0.003858 0.004630
0 0.957176 0.772377 0.003858 0.005658
0 0.549383 0.883745 0.003858 0.005144
0 0.229938 0.576903 0.004630 0.005658
0 0.545525 0.242798 0.003858 0.005144
0 0.589120 0.308385 0.003858 0.005658
0 0.220486 0.675669 0.004244 0.005658
0 0.478009 0.632459 0.003858 0.005658
0 0.933449 0.893776 0.003472 0.005658
0 0.496335 0.156636 0.003472 0.004630
0 0.217014 0.206533 0.007330 0.014918
0 0.877315 0.461677 0.003858 0.005658
0 0.770640 0.750772 0.004244 0.005658
0 0.239583 0.300669 0.004630 0.005658
0 0.476466 0.332562 0.003858 0.005658
0 0.584877 0.027521 0.003858 0.005658
0 0.418596 0.333848 0.006173 0.007202
0 0.400270 0.779064 0.004244 0.005658
0 0.956019 0.952675 0.003858 0.005144
0 0.687307 0.825103 0.004244 0.005144
0 0.107253 0.183128 0.003858 0.005144
0 0.582176 0.397634 0.003858 0.005144
0 0.097415 0.819959 0.004244 0.005144
0 0.892168 0.054784 0.004244 0.005658
0 0.520255 0.134002 0.005015 0.006687
0 0.916281 0.868313 0.010802 0.008230
0 0.893904 0.662037 0.003858 0.005144
0 0.781443 0.847994 0.007330 0.013889
0 0.041088 0.792181 0.005787 0.006173
0 0.920910 0.471965 0.003858 0.005658
0 0.075424 0.163323 0.003472 0.006687
0 0.528549 0.102623 0.007716 0.008745
0 0.733410 0.404835 0.003858 0.005144
0 0.161844 0.783436 0.007330 0.007202
0 0.332562 0.604424 0.004630 0.007202
0 0.737269 0.530350 0.003858 0.005144
0 0.767940 0.955761 0.003472 0.005144
0 0.716821 0.551698 0.003858 0.005658
0 0.851273 0.436214 0.003472 0.005144
0 0.772955 0.652263 0.005015 0.007202
0 0.487654 0.168467 0.003858 0.005658
0 0.460841 0.129372 0.004244 0.005658
0 0.199653 0.073302 0.006559 0.007716
0 0.604552 0.219136 0.004630 0.007202
0 0.730710 0.466821 0.003858 0.005658
0 0.222608 0.500514 0.004630 0.006173
0 0.160687 0.766461 0.003472 0.005144
0 0.167631 0.281379 0.004244 0.005144
0 0.947531 0.692130 0.003858 0.005658
0 0.636188 0.907407 0.003858 0.005144
0 0.649691 0.755144 0.003858 0.005144
0 0.525077 0.066615 0.006944 0.010802
0 0.541860 0.387860 0.003472 0.005144
0 0.648920 0.552469 0.003858 0.005144
0 0.423611 0.450874 0.003086 0.006687
0 0.973380 0.625772 0.005401 0.006687
0 0.161458 0.009516 0.003472 0.004630
0 0.581404 0.877829 0.009259 0.009774
0 0.769869 0.807099 0.006559 0.007202
0 0.165895 0.349794 0.003858 0.005144
0 0.782215 0.813014 0.007330 0.014918
0 0.482639 0.570988 0.003858 0.005144
0 0.461420 0.490741 0.003858 0.005144
0 0.371528 0.182613 0.006173 0.007202
0 0.644483 0.600309 0.004244 0.005144
0 0.593750 0.877058 0.006173 0.008230
0 0.366898 0.218621 0.003858 0.005144
0 0.818673 0.592850 0.003858 0.005658
0 0.244213 0.328961 0.003858 0.004630
0 0.438465 0.386574 0.003472 0.004630
0 0.435764 0.489455 0.005015 0.005658
0 0.756944 0.586677 0.003858 0.005658
0 0.858796 0.536008 0.003858 0.005144
0 0.135031 0.323817 0.003858 0.004630
0 0.241898 0.245370 0.003858 0.005144
0 0.905864 0.278549 0.003086 0.004630
0 0.864390 0.595679 0.003472 0.005144
0 0.450810 0.168210 0.004244 0.007202
0 0.339892 0.602881 0.003858 0.005144
0 0.131559 0.759259 0.003858 0.005144
0 0.906829 0.550669 0.006559 0.007716
0 0.304591 0.640175 0.003472 0.004630
0 0.690201 0.791152 0.003858 0.005144
0 0.673611 0.436214 0.003858 0.005144
0 0.721065 0.301955 0.006173 0.010288
0 0.870756 0.845165 0.003858 0.005144
0 0.662037 0.748714 0.003086 0.004630
0 0.552469 0.287809 0.003858 0.005658
0 0.804205 0.738426 0.007330 0.006687
0 0.458333 0.290638 0.003858 0.005144
0 0.509645 0.470422 0.003858 0.005658
0 0.305170 0.460391 0.003858 0.005144
0 0.298611 0.672068 0.004630 0.005658
0 0.630401 0.847479 0.003858 0.004630
0 0.722029 0.802726 0.003472 0.004630
0 0.435764 0.298868 0.003472 0.005144
0 0.695602 0.223765 0.007716 0.007202
0 0.892747 0.579990 0.003858 0.005658
0 0.153935 0.809671 0.003858 0.005144
0 0.569637 0.662809 0.003472 0.004630
0 0.680748 0.790123 0.004244 0.005144
0 0.475309 0.068416 0.006173 0.006173
0 0.597415 0.899691 0.008873 0.010288
0 0.967785 0.318416 0.003472 0.005144
0 0.254244 0.938786 0.003858 0.005144
0 0.255787 0.393519 0.003858 0.005144
0 0.299190 0.749743 0.004244 0.005658
0 0.681713 0.626800 0.004630 0.007716
0 0.759645 0.706790 0.005401 0.007202
0 0.392747 0.267233 0.003858 0.005658
0 0.950039 0.854424 0.004244 0.006173
0 0.430748 0.382716 0.003472 0.005144
0 0.714120 0.252829 0.004630 0.006687
0 0.403549 0.240226 0.003858 0.005144
0 0.578704 0.505144 0.003858 0.005144
0 0.690972 0.272891 0.003858 0.005658
0 0.882909 0.623200 0.004244 0.005658
0 0.524498 0.067130 0.005787 0.009774
0 0.982639 0.834105 0.003858 0.005658
0 0.321373 0.720679 0.005401 0.006173
0 0.104745 0.752058 0.004244 0.007202
0 0.913194 0.145319 0.010031 0.009774
0 0.708333 0.425412 0.003858 0.007202
0 0.388117 0.478138 0.003858 0.005658
0 0.986690 0.911523 0.005015 0.006173
0 0.659336 0.202932 0.003858 0.005658
0 0.908565 0.182099 0.003858 0.005144
0 0.991898 0.688014 0.005401 0.004630
0 0.302469 0.253858 0.008488 0.007716
0 0.746914 0.602623 0.003858 0.005658
0 0.831019 0.642490 0.003858 0.005144
0 0.531636 0.569959 0.003858 0.005144
0 0.274113 0.054784 0.005015 0.007716
0 0.559992 0.661265 0.004244 0.004630
0 0.290123 0.272377 0.003086 0.004630
0 0.265625 0.209105 0.010417 0.010802
0 0.752508 0.202160 0.004244 0.005144
0 0.533179 0.095422 0.004630 0.006687
0 0.874614 0.921553 0.003858 0.005658
0 0.637153 0.356996 0.003472 0.005144
0 0.294753 0.142747 0.009259 0.009774
0 0.234182 0.185185 0.003858 0.005144
0 0.434414 0.460905 0.003858 0.005144
0 0.484568 0.297325 0.003858 0.005144
0 0.751543 0.501800 0.003858 0.005658
0 0.509645 0.305041 0.003858 0.005144
0 0.302083 0.112654 0.003858 0.005144
0 0.288966 0.629115 0.003858 0.005144
0 0.635031 0.252058 0.003858 0.005144
0 0.650656 0.126286 0.005015 0.006687
0 0.611497 0.575874 0.003858 0.005658
0 0.706404 0.561214 0.006944 0.009259
0 0.185185 0.944187 0.003858 0.005658
0 0.933835 0.583591 0.004244 0.005658
0 0.472608 0.251029 0.003086 0.004115
0 0.550154 0.527778 0.004630 0.007202
0 0.962963 0.867027 0.008488 0.007716
0 0.417824 0.028807 0.003858 0.005144
0 0.569444 0.230195 0.003858 0.005658
0 0.692515 0.353395 0.003858 0.005144
0 0.616127 0.102366 0.003858 0.007202
0 0.558642 0.239198 0.003858 0.005144
0 0.634645 0.723508 0.005401 0.005658
0 0.522955 0.117027 0.007330 0.009774
0 0.149113 0.100051 0.003472 0.005658
0 0.898534 0.431070 0.003858 0.005144
0 0.852816 0.233025 0.003472 0.005144
0 0.707562 0.479938 0.003858 0.005144
0 0.163194 0.355453 0.003858 0.005144
0 0.922454 0.851337 0.003858 0.005144
0 0.530478 0.221451 0.003858 0.005658
0 0.524884 0.891975 0.004244 0.005144
0 0.146605 0.037551 0.003858 0.006173
0 0.556520 0.721965 0.005015 0.005658
0 0.364969 0.290123 0.003858 0.005144
0 0.585455 0.924897 0.004244 0.005144
0 0.330247 0.625000 0.003858 0.005144
0 0.484375 0.031379 0.003472 0.007202
0 0.107639 0.779064 0.003858 0.005658
0 0.233989 0.185442 0.003472 0.004630
0 0.337384 0.963992 0.005015 0.005144
0 0.584491 0.500000 0.003858 0.005144
0 0.783372 0.322531 0.009645 0.016461
0 0.780093 0.649691 0.003858 0.005144
0 0.312307 0.228138 0.003472 0.004630
0 0.948688 0.412551 0.003858 0.005144
0 0.449074 0.793210 0.003858 0.006173
0 0.207755 0.129887 0.005015 0.008745
0 0.432485 0.177726 0.003858 0.006687
0 0.386188 0.710648 0.004630 0.006687
0 0.122492 0.563272 0.003472 0.005144
0 0.374228 0.260288 0.003858 0.005144
0 0.153356 0.146605 0.004244 0.005144
0 0.949460 0.776235 0.003858 0.005144
0 0.334877 0.662809 0.003858 0.005658
0 0.902585 0.698045 0.005015 0.005144
0 0.840278 0.397634 0.003858 0.005144
0 0.301505 0.384259 0.004244 0.005144
0 0.585262 0.134516 0.003858 0.005658
0 0.215664 0.058128 0.006944 0.011317
0 0.363426 0.240741 0.003858 0.005144
0 0.315201 0.474537 0.006944 0.008745
0 0.712384 0.654064 0.005787 0.006687
0 0.259066 0.274177 0.006559 0.009259
0 0.083912 0.217335 0.005015 0.006687
0 0.424383 0.941101 0.005401 0.007716
0 0.930170 0.872171 0.010802 0.009774
0 0.625193 0.291924 0.003472 0.004630
0 0.559414 0.908693 0.004630 0.007716
0 0.432099 0.889146 0.004630 0.006687
0 0.450424 0.575360 0.008102 0.008745
0 0.397184 0.187500 0.002701 0.003601
0 0.450617 0.169753 0.005401 0.011317
0 0.828511 0.481996 0.005787 0.006173
0 0.157793 0.139660 0.006944 0.008745
0 0.776235 0.986626 0.005401 0.008230
0 0.611497 0.167695 0.003858 0.005144
0 0.399306 0.266718 0.003858 0.004630
0 0.570602 0.962191 0.003858 0.003601
0 0.536073 0.533179 0.003472 0.003601
0 0.865162 0.238683 0.003472 0.005144
0 0.239390 0.192901 0.004244 0.005144
0 0.869985 0.996914 0.003858 0.005144
0 0.567901 0.759002 0.003858 0.004630
0 0.047647 0.746142 0.001929 0.002572
0 0.302276 0.208076 0.004244 0.007716
0 0.521026 0.607253 0.005015 0.005658
0 0.522762 0.220679 0.004630 0.009259
0 0.575617 0.179784 0.006944 0.007716
0 0.364969 0.500772 0.003858 0.005658
0 0.919560 0.430556 0.007330 0.007202
0 0.290316 0.704733 0.004244 0.005144
0 0.649691 0.288323 0.004630 0.008745
0 0.988426 0.419496 0.003858 0.005658
0 0.333719 0.372171 0.006173 0.006687
0 0.553434 0.799640 0.006559 0.006687
0 0.376929 0.221708 0.003858 0.005144
0 0.745177 0.203961 0.004244 0.005658
0 0.992670 0.731224 0.003858 0.005658
0 0.530864 0.622942 0.003858 0.005144
0 0.276620 0.875772 0.010031 0.009774
0 0.597222 0.789866 0.003858 0.004630
0 0.289738 0.167953 0.003858 0.004630
0 0.224344 0.626800 0.004244 0.006687
0 0.632716 0.810700 0.003858 0.005144
0 0.828318 0.661780 0.003858 0.005658
0 0.711034 0.977881 0.003858 0.005144
0 0.912616 0.112912 0.008102 0.006687
0 0.805556 0.992541 0.006173 0.009774
0 0.333719 0.500772 0.003858 0.004630
0 0.883102 0.996656 0.003858 0.005658
0 0.182485 0.471708 0.007716 0.010288
0 0.480131 0.159979 0.005015 0.013374
0 0.418403 0.873457 0.004244 0.005144
0 0.082369 0.860854 0.008102 0.006687
0 0.152971 0.022634 0.003472 0.005144
0 0.845872 0.236626 0.004244 0.006173
0 0.526427 0.064558 0.004244 0.006687
0 0.443866 0.489969 0.004244 0.005658
0 0.762731 0.522891 0.002315 0.003601
0 0.685378 0.323560 0.003472 0.005144
0 0.227045 0.830761 0.006559 0.009259
0 0.910687 0.552984 0.006559 0.008230
0 0.146219 0.390689 0.006173 0.009774
0 0.054205 0.260031 0.004244 0.004630
0 0.247106 0.918724 0.005787 0.007202
0 0.569444 0.864712 0.010802 0.010288
0 0.754244 0.388117 0.003858 0.007716
0 0.676119 0.498200 0.008102 0.005658
0 0.010802 0.731996 0.003858 0.005144
0 0.148148 0.764403 0.006944 0.010288
0 0.302083 0.297068 0.006173 0.007716
0 0.180748 0.870370 0.004244 0.005144
0 0.560571 0.596451 0.007716 0.005658
0 0.326389 0.288323 0.003858 0.005658
0 0.984761 0.651749 0.004244 0.005144
0 0.630401 0.646091 0.003858 0.005144
0 0.403164 0.186214 0.004630 0.008230
0 0.655478 0.283436 0.003858 0.005144
0 0.942130 0.686471 0.002315 0.004630
0 0.851659 0.841821 0.005015 0.005658
0 0.703125 0.608282 0.004244 0.005658
0 0.235918 0.342078 0.007330 0.009259
0 0.864390 0.556584 0.005787 0.010288
0 0.430748 0.915123 0.005015 0.006173
0 0.182485 0.470679 0.007716 0.008230
0 0.527392 0.823302 0.003858 0.005658
0 0.639082 0.309671 0.002701 0.005144
0 0.566358 0.750000 0.003858 0.005144
0 0.658372 0.752829 0.003472 0.004630
0 0.473573 0.584362 0.001929 0.004115
0 0.851466 0.019805 0.004630 0.006687
0 0.671875 0.446502 0.004244 0.005144
0 0.264660 0.117027 0.003858 0.005658
0 0.600309 0.844136 0.003858 0.004115
0 0.740162 0.229424 0.002701 0.004115
0 0.860918 0.730453 0.005015 0.007202
0 0.573688 0.193673 0.004630 0.007716
0 0.673611 0.436214 0.003858 0.005144
0 0.600309 0.844650 0.003858 0.005144
0 0.639082 0.181842 0.005015 0.007716
0 0.020255 0.314043 0.004244 0.005658
0 0.428048 0.874743 0.003472 0.004630
0 0.632523 0.223251 0.004244 0.005144
0 0.373264 0.581276 0.007330 0.009259
0 0.527585 0.101080 0.005015 0.011831
0 0.824074 0.944444 0.003858 0.005144
0 0.329090 0.344907 0.004630 0.005658
0 0.357639 0.730195 0.004630 0.004630
0 0.937886 0.770319 0.003858 0.005658
0 0.154707 0.096965 0.003858 0.005658
0 0.131752 0.052726 0.005015 0.004630
0 0.369985 0.292695 0.003858 0.005144
0 0.293596 0.199846 0.003858 0.006687
0 0.005787 0.606739 0.004630 0.005658
0 0.819059 0.917695 0.006173 0.007202
0 0.737269 0.610854 0.006944 0.006687
0 0.855131 0.191358 0.007330 0.008230
0 0.427855 0.874743 0.003858 0.004630
0 0.162037 0.783436 0.006944 0.007202
0 0.532022 0.881687 0.003086 0.005144
0 0.311343 0.324331 0.002315 0.002572
0 0.521605 0.219393 0.006944 0.006687
0 0.953125 0.128601 0.009645 0.009259
0 0.521219 0.224537 0.006173 0.012860
0 0.454282 0.627572 0.004244 0.007202
0 0.885802 0.251800 0.009259 0.009774
0 0.031636 0.130916 0.006173 0.006687
0 0.273148 0.336420 0.009259 0.009259
0 0.422068 0.334877 0.005401 0.007202
0 0.821759 0.285494 0.006944 0.013374
0 0.631559 0.871914 0.003858 0.005144
0 0.332755 0.334362 0.004244 0.005144
0 0.987654 0.073045 0.006944 0.007202
0 0.561728 0.737912 0.003858 0.005658
0 0.728009 0.501286 0.002315 0.002572
0 0.595293 0.899949 0.005401 0.010802
0 0.335455 0.347737 0.004244 0.005144
0 0.675540 0.841564 0.005401 0.009259
0 0.285301 0.584877 0.006559 0.007202
0 0.413002 0.011060 0.005787 0.004630
0 0.463927 0.161265 0.006559 0.007716
0 0.388696 0.341564 0.003472 0.005144
0 0.675926 0.757459 0.006944 0.004630
0 0.449267 0.251800 0.005015 0.007716
0 0.196952 0.439815 0.006559 0.006173
0 0.158372 0.128344 0.005015 0.007716
0 0.964313 0.018261 0.004244 0.008745
0 0.479938 0.156893 0.004630 0.008230
0 0.805170 0.285237 0.003086 0.003601
0 0.913194 0.288323 0.006944 0.007716
0 0.267554 0.817387 0.004244 0.007202
0 0.330247 0.345165 0.005401 0.006173
0 0.871914 0.115998 0.003858 0.005658
0 0.373650 0.581276 0.006559 0.009259
0 0.737847 0.692387 0.004244 0.005144
0 0.827160 0.251286 0.003858 0.005658
0 0.305363 0.628858 0.005015 0.008745
0 0.821373 0.234053 0.005401 0.010288
0 0.903742 0.027006 0.004244 0.003601
0 0.511767 0.381173 0.003472 0.005144
0 0.369985 0.292953 0.003858 0.005658
0 0.525656 0.613426 0.004244 0.005658
0 0.996335 0.568673 0.004244 0.005658
0 0.572724 0.200874 0.008102 0.009774
0 0.621721 0.683899 0.001929 0.002572
0 0.829861 0.072788 0.005401 0.010802
0 0.655478 0.184414 0.003858 0.005658
0 0.568480 0.927212 0.002701 0.007716
0 0.304398 0.507973 0.002315 0.003601
0 0.148534 0.764403 0.007716 0.010288
0 0.409529 0.835391 0.008873 0.009259
0 0.489583 0.132973 0.005401 0.009774
0 0.570795 0.200103 0.005787 0.011317
0 0.292824 0.738426 0.003858 0.007716
0 0.357639 0.340278 0.006173 0.009774
0 0.338927 0.893261 0.007330 0.005658
0 0.232832 0.462706 0.002701 0.005658
0 0.554977 0.667438 0.005015 0.006687
0 0.634259 0.480710 0.006944 0.007716
0 0.707562 0.462706 0.003858 0.005658
0 0.561728 0.737654 0.003858 0.005144
0 0.164352 0.888632 0.005401 0.010802
0 0.441744 0.299126 0.005401 0.006687
0 0.265818 0.002315 0.003858 0.004630
0 0.373650 0.851852 0.005015 0.006173
0 0.560764 0.596451 0.007330 0.005658
0 0.228009 0.566872 0.004630 0.010288
0 0.509259 0.714249 0.003858 0.005658
0 0.304398 0.297325 0.006944 0.009259
0 0.520255 0.784722 0.006559 0.007716
0 0.562693 0.192387 0.004244 0.008230
0 0.283565 0.524177 0.003858 0.007202
0 0.679784 0.851595 0.006173 0.007716
0 0.076968 0.869856 0.005015 0.004115
