0 0.473290 0.441890 0.008293 0.010833
0 0.552616 0.396665 0.008363 0.011016
0 0.536268 0.941693 0.008294 0.010834
0 0.264098 0.014997 0.009284 0.011647
0 0.704453 0.557853 0.008306 0.010950
0 0.227401 0.585265 0.009036 0.011757
0 0.493307 0.231439 0.008968 0.011522
0 0.286637 0.838619 0.008748 0.011844
0 0.511383 0.179351 0.009725 0.012309
0 0.326825 0.183180 0.008862 0.011321
0 0.737134 0.803485 0.008398 0.011460
0 0.470748 0.284614 0.008512 0.011207
0 0.489766 0.117949 0.008927 0.011124
0 0.474546 0.264886 0.008877 0.012012
0 0.458650 0.702942 0.008078 0.010353
0 0.020523 0.564418 0.008757 0.011522
0 0.537184 0.857467 0.007528 0.010694
0 0.341109 0.578308 0.008383 0.011691
0 0.706001 0.504632 0.009767 0.012989
0 0.160518 0.730788 0.008241 0.010805
0 0.357560 0.407749 0.008269 0.010806
0 0.528320 0.284431 0.008153 0.010635
0 0.146318 0.537597 0.008957 0.011642
0 0.635688 0.387501 0.008134 0.010936
0 0.449793 0.203460 0.008603 0.011313
0 0.323919 0.294854 0.006622 0.008676
0 0.052540 0.589165 0.008101 0.010172
0 0.306710 0.929129 0.008709 0.011512
0 0.310147 0.473854 0.008303 0.011067
0 0.165447 0.577836 0.009350 0.012812
0 0.688489 0.073597 0.009364 0.012155
0 0.377288 0.314160 0.008088 0.010849
0 0.498613 0.107540 0.009371 0.011897
0 0.427856 0.056112 0.009076 0.011256
0 0.180765 0.371557 0.008479 0.011268
0 0.271801 0.588686 0.008398 0.010602
0 0.072569 0.534261 0.008663 0.011319
0 0.185861 0.839623 0.009221 0.011530
0 0.435434 0.297747 0.008216 0.010947
0 0.279190 0.641700 0.009305 0.011836
0 0.250838 0.390763 0.008850 0.011796
0 0.151659 0.221341 0.006579 0.008354
0 0.644343 0.016498 0.008850 0.011773
0 0.325559 0.709333 0.008581 0.011288
0 0.419149 0.284585 0.008277 0.010703
0 0.113682 0.491275 0.008247 0.010727
0 0.657567 0.618325 0.008730 0.011625
0 0.301166 0.573592 0.008597 0.011490
0 0.271892 0.931889 0.008408 0.011083
0 0.276071 0.837040 0.009076 0.011844
0 0.283454 0.109492 0.007712 0.009653
0 0.231762 0.152295 0.008969 0.011721
0 0.368815 0.786078 0.009183 0.012525
0 0.387762 0.828459 0.008561 0.011042
0 0.213013 0.335027 0.009075 0.011852
0 0.066762 0.272718 0.007560 0.010667
0 0.126435 0.244501 0.009883 0.013761
0 0.017568 0.919375 0.009015 0.010791
0 0.364894 0.122689 0.007920 0.010164
0 0.409565 0.264955 0.008790 0.011533
0 0.237983 0.244089 0.008899 0.012005
0 0.153782 0.512586 0.008958 0.011133
0 0.260506 0.429323 0.008074 0.010797
0 0.276385 0.231830 0.008315 0.011183
0 0.231993 0.340278 0.008483 0.010988
0 0.511266 0.795077 0.008103 0.009463
0 0.122928 0.326037 0.008552 0.011583
0 0.709643 0.766490 0.008417 0.010243
0 0.279679 0.913105 0.009409 0.012067
0 0.430474 0.284887 0.008138 0.011016
0 0.516729 0.302550 0.009180 0.012067
0 0.454853 0.123689 0.008530 0.011991
0 0.349495 0.803039 0.008470 0.011225
0 0.527766 0.858728 0.008658 0.011778
0 0.031786 0.950833 0.007775 0.010732
0 0.256449 0.230183 0.008286 0.010949
0 0.233358 0.413072 0.009048 0.011275
0 0.036102 0.281682 0.008056 0.010606
0 0.478862 0.982174 0.008379 0.011196
0 0.103329 0.075308 0.009702 0.012621
0 0.021695 0.994163 0.009575 0.010507
0 0.132020 0.847904 0.008931 0.011038
0 0.603209 0.236447 0.007966 0.010767
0 0.082591 0.913451 0.008744 0.011867
0 0.036665 0.835920 0.008796 0.011852
0 0.553035 0.941243 0.008627 0.010773
0 0.083734 0.297695 0.009374 0.012236
0 0.021077 0.797357 0.009973 0.012419
0 0.353434 0.552592 0.008795 0.011858
0 0.469592 0.017884 0.008274 0.011195
0 0.487789 0.882889 0.007362 0.009749
0 0.089975 0.617492 0.009288 0.011497
0 0.482199 0.045195 0.008526 0.010997
0 0.084901 0.242252 0.009269 0.011495
0 0.094957 0.525723 0.009358 0.012445
0 0.161657 0.661738 0.008148 0.010432
0 0.073538 0.982860 0.008553 0.012096
0 0.111913 0.598318 0.009462 0.012825
0 0.083855 0.425172 0.008455 0.010610
0 0.481432 0.764694 0.008236 0.012703
0 0.456342 0.662018 0.008770 0.011519
0 0.440492 0.066507 0.008790 0.011610
0 0.153749 0.774298 0.008592 0.011029
0 0.488021 0.768218 0.007692 0.010905
0 0.016118 0.157831 0.008016 0.011863
0 0.065250 0.742234 0.007552 0.009903
0 0.399199 0.726256 0.008023 0.010699
0 0.177452 0.741860 0.008500 0.011001
0 0.024843 0.156797 0.008891 0.011773
0 0.074591 0.897933 0.008593 0.011363
0 0.099709 0.328770 0.008591 0.012025
0 0.010751 0.596886 0.009299 0.011628
0 0.537174 0.148722 0.007994 0.010396
0 0.324460 0.108633 0.010329 0.013658
0 0.114992 0.522301 0.008574 0.011219
0 0.410923 0.491532 0.008843 0.011459
0 0.231734 0.223882 0.008265 0.011045
0 0.338207 0.887106 0.008136 0.010942
0 0.288071 0.955445 0.009362 0.011442
0 0.633499 0.974496 0.008925 0.012005
0 0.590845 0.172131 0.008000 0.011623
0 0.446074 0.677675 0.009098 0.012339
0 0.237841 0.475090 0.009398 0.012035
0 0.597571 0.248478 0.008754 0.011765
0 0.192914 0.315659 0.008748 0.011019
0 0.583371 0.356583 0.009122 0.012000
0 0.013020 0.879648 0.009362 0.011346
0 0.105999 0.213955 0.011300 0.012542
0 0.132032 0.482437 0.008105 0.009901
0 0.142820 0.657783 0.008537 0.011251
0 0.532200 0.785456 0.008274 0.010584
0 0.006937 0.818101 0.009649 0.012041
0 0.332481 0.812982 0.008268 0.011183
0 0.279456 0.891730 0.009280 0.012076
0 0.512026 0.785807 0.008646 0.010170
0 0.047323 0.242067 0.009105 0.011682
0 0.470922 0.351414 0.008623 0.011344
0 0.037316 0.860197 0.008652 0.011596
0 0.369352 0.815270 0.008680 0.011017
0 0.403655 0.564678 0.008538 0.011227
0 0.058041 0.542329 0.008597 0.011723
0 0.060567 0.944109 0.009843 0.012183
0 0.286529 0.455303 0.008699 0.011371
0 0.447278 0.086050 0.009087 0.012178
0 0.187924 0.803975 0.009150 0.011841
0 0.449196 0.009414 0.009622 0.013035
0 0.367904 0.859714 0.009385 0.011844
0 0.513039 0.465972 0.008748 0.011241
0 0.289707 0.668393 0.007682 0.009923
0 0.056247 0.744434 0.009100 0.012157
0 0.045044 0.981250 0.008907 0.011036
0 0.320957 0.859660 0.008838 0.011549
0 0.301931 0.883615 0.008784 0.011248
0 0.540647 0.823078 0.009489 0.012426
0 0.155188 0.455432 0.009760 0.012188
0 0.165466 0.194141 0.008058 0.011188
0 0.500497 0.729933 0.009389 0.012088
0 0.144125 0.848867 0.008330 0.010611
0 0.457185 0.638496 0.006328 0.009044
0 0.235841 0.653702 0.008804 0.011852
0 0.391916 0.646956 0.009155 0.012038
0 0.543304 0.339283 0.006415 0.008837
0 0.470621 0.250943 0.008703 0.012212
0 0.102812 0.586767 0.008893 0.011315
0 0.143704 0.396606 0.009065 0.012386
0 0.126190 0.457709 0.009136 0.012703
0 0.283789 0.428153 0.007926 0.010839
0 0.431237 0.251760 0.009104 0.012158
0 0.084673 0.149593 0.009263 0.011632
0 0.116932 0.452737 0.009333 0.012259
0 0.160340 0.492998 0.007834 0.009666
0 0.012756 0.742506 0.009020 0.010698
0 0.094371 0.814151 0.008655 0.011434
0 0.534573 0.130317 0.007195 0.010324
0 0.238092 0.257186 0.008554 0.009929
0 0.305572 0.049495 0.008066 0.010980
0 0.009082 0.803737 0.010064 0.011487
0 0.353500 0.654344 0.007329 0.010017
0 0.040117 0.799509 0.008015 0.010374
0 0.168305 0.501346 0.008189 0.011163
0 0.189019 0.640949 0.007731 0.010874
0 0.354402 0.685744 0.007743 0.010616
0 0.040558 0.957437 0.009015 0.011946
0 0.241674 0.558386 0.008913 0.011016
0 0.048244 0.346496 0.009043 0.012004
0 0.238751 0.634443 0.008206 0.010787
0 0.446258 0.567998 0.008141 0.010759
0 0.145717 0.521427 0.009073 0.010717
0 0.181088 0.559469 0.008769 0.011533
0 0.530301 0.721657 0.007939 0.010151
0 0.330048 0.466201 0.008129 0.010765
0 0.017830 0.402727 0.008825 0.011761
0 0.575284 0.580669 0.008489 0.011080
0 0.074932 0.269330 0.008756 0.011550
0 0.096920 0.192729 0.008803 0.011380
0 0.282968 0.244522 0.009120 0.011109
0 0.751831 0.685145 0.008560 0.011319
0 0.482517 0.022611 0.009024 0.011688
0 0.088204 0.464218 0.008610 0.011752
0 0.405550 0.851999 0.008645 0.010930
0 0.313741 0.544859 0.007540 0.010734
0 0.029056 0.846278 0.009315 0.011714
0 0.107869 0.575252 0.008462 0.010570
0 0.360467 0.945514 0.007856 0.010620
0 0.077424 0.589533 0.009425 0.011526
0 0.063917 0.116283 0.009068 0.012883
0 0.108682 0.198619 0.008561 0.011386
0 0.415400 0.533056 0.007578 0.010114
0 0.511670 0.116195 0.008954 0.011712
0 0.086599 0.559228 0.008743 0.011482
0 0.504930 0.701700 0.008237 0.010714
0 0.199668 0.285763 0.008824 0.011650
0 0.009570 0.482783 0.009002 0.011497
0 0.285588 0.538802 0.008470 0.011196
0 0.033583 0.940514 0.008643 0.011737
0 0.558601 0.123771 0.008431 0.011368
0 0.081411 0.436019 0.008336 0.010318
0 0.024458 0.260637 0.009851 0.012885
0 0.326470 0.783045 0.008199 0.010371
0 0.529611 0.377535 0.007684 0.010095
0 0.321502 0.547421 0.007379 0.010436
0 0.430638 0.371742 0.008336 0.010751
0 0.158027 0.885997 0.009208 0.012348
0 0.151184 0.627538 0.008558 0.011300
0 0.419823 0.258253 0.008930 0.011236
0 0.525135 0.391713 0.008717 0.012280
0 0.504349 0.778690 0.009116 0.011754
0 0.540296 0.140926 0.008103 0.009745
0 0.128090 0.793021 0.008316 0.011359
0 0.217197 0.256745 0.008247 0.011293
0 0.130388 0.382679 0.008726 0.011132
0 0.309479 0.691404 0.008677 0.011240
0 0.052456 0.684120 0.008934 0.011723
0 0.024044 0.771947 0.008837 0.011629
0 0.551085 0.665384 0.008931 0.011465
0 0.325839 0.142228 0.009657 0.012399
0 0.536391 0.884180 0.008705 0.011129
0 0.180341 0.724939 0.007700 0.010234
0 0.360348 0.645220 0.008211 0.011422
0 0.136558 0.491790 0.005836 0.008060
0 0.080211 0.883928 0.007973 0.011036
0 0.452667 0.648069 0.008064 0.010117
0 0.363610 0.765775 0.007996 0.011095
0 0.042509 0.213243 0.007742 0.010113
0 0.126319 0.542328 0.009150 0.011917
0 0.038603 0.681077 0.009192 0.011382
0 0.004688 0.580683 0.008096 0.010878
0 0.165236 0.379548 0.008931 0.012112
0 0.279422 0.255205 0.010152 0.011616
0 0.109851 0.213301 0.008313 0.011777
0 0.029297 0.091144 0.009035 0.011758
0 0.472228 0.765105 0.008818 0.011912
0 0.342808 0.560494 0.008573 0.010977
0 0.006271 0.832210 0.008687 0.011054
0 0.622557 0.224584 0.007973 0.011831
0 0.267719 0.723174 0.008902 0.012108
0 0.565382 0.184734 0.008258 0.011030
0 0.064124 0.987924 0.007357 0.010248
0 0.068923 0.996151 0.007222 0.006928
0 0.475029 0.185133 0.008430 0.010448
0 0.312196 0.154526 0.008881 0.011802
0 0.115424 0.965400 0.008135 0.009590
0 0.320160 0.177730 0.008583 0.010999
0 0.231822 0.279376 0.008984 0.011295
0 0.267622 0.528456 0.008157 0.011042
0 0.301367 0.655108 0.008754 0.011673
0 0.274306 0.656192 0.009204 0.012132
0 0.077568 0.171909 0.009714 0.012882
0 0.032811 0.916095 0.008857 0.011974
0 0.071665 0.924682 0.008523 0.011099
0 0.160955 0.972573 0.008272 0.010335
0 0.102701 0.611397 0.008074 0.010606
0 0.380136 0.621030 0.009012 0.012047
0 0.477585 0.742999 0.009026 0.011496
0 0.436278 0.040465 0.008917 0.011734
0 0.086884 0.779238 0.008071 0.011521
0 0.071694 0.193827 0.009283 0.012109
0 0.157679 0.195019 0.007959 0.011913
0 0.151171 0.485862 0.008805 0.011483
0 0.627473 0.223763 0.009096 0.012504
0 0.745477 0.554974 0.007057 0.009092
0 0.628352 0.597855 0.008151 0.012027
0 0.401230 0.069087 0.009250 0.012553
0 0.009015 0.309907 0.009115 0.011860
0 0.059822 0.892708 0.008357 0.010471
0 0.352016 0.787322 0.007919 0.012335
0 0.024361 0.911578 0.008096 0.011485
0 0.424109 0.538672 0.007736 0.010592
0 0.268263 0.916681 0.008753 0.011116
0 0.335591 0.866009 0.008020 0.011199
0 0.256916 0.833807 0.009390 0.012296
0 0.344515 0.762610 0.007322 0.010239
0 0.602634 0.205656 0.008198 0.011161
0 0.012629 0.110653 0.010887 0.014146
0 0.529328 0.336033 0.008034 0.010907
0 0.354689 0.847681 0.009361 0.011624
0 0.376958 0.016132 0.008836 0.012560
0 0.473222 0.701166 0.007839 0.009796
0 0.287354 0.988545 0.008890 0.011593
0 0.038449 0.635519 0.008455 0.011681
0 0.103257 0.343793 0.009907 0.011859
0 0.535880 0.645354 0.008890 0.011357
0 0.102845 0.264744 0.007975 0.009808
0 0.033724 0.787236 0.007756 0.010568
0 0.102479 0.255439 0.008062 0.009060
0 0.090457 0.315168 0.007801 0.010869
0 0.396525 0.682511 0.007564 0.009520
0 0.096715 0.313636 0.007476 0.010677
0 0.213747 0.931733 0.008586 0.010747
0 0.499371 0.757948 0.009062 0.011521
0 0.121085 0.644021 0.009130 0.012254
0 0.006339 0.842139 0.008365 0.010715
0 0.041930 0.896427 0.008238 0.011011
0 0.396878 0.414497 0.008515 0.010813
0 0.049727 0.921922 0.008129 0.010906
0 0.064224 0.813173 0.008959 0.011760
0 0.003389 0.959835 0.006100 0.010685
0 0.189840 0.678339 0.008271 0.011225
0 0.022490 0.979042 0.010553 0.012651
0 0.008544 0.218334 0.009991 0.012085
0 0.348647 0.679286 0.006596 0.008502
0 0.085376 0.514826 0.008645 0.010701
0 0.301855 0.498001 0.008290 0.010625
0 0.092117 0.062164 0.009560 0.012638
0 0.002641 0.296648 0.004754 0.009347
0 0.105040 0.299520 0.008051 0.010355
0 0.087722 0.266791 0.008914 0.011971
0 0.150518 0.688856 0.007696 0.010039
0 0.031930 0.897958 0.007817 0.011486
0 0.323636 0.283630 0.009224 0.012052
0 0.274273 0.988264 0.009183 0.012504
0 0.599035 0.872377 0.008517 0.010333
0 0.338271 0.773901 0.008424 0.011013
0 0.423992 0.476483 0.008146 0.010881
0 0.006009 0.890705 0.007562 0.009693
0 0.099501 0.510453 0.008715 0.011272
0 0.108013 0.227868 0.008657 0.010335
0 0.097165 0.780148 0.008027 0.011491
0 0.534714 0.337387 0.008206 0.011320
0 0.134020 0.288840 0.007129 0.008497
0 0.327578 0.844091 0.008633 0.011476
0 0.533841 0.818167 0.009774 0.012765
0 0.288463 0.234661 0.009846 0.012468
0 0.530693 0.135948 0.007841 0.010105
0 0.474002 0.695655 0.008344 0.010742
0 0.096267 0.171185 0.008023 0.010693
0 0.431918 0.934534 0.008163 0.011116
0 0.004551 0.777002 0.006819 0.009659
0 0.682601 0.578441 0.007838 0.010288
0 0.489325 0.008328 0.008198 0.010662
0 0.524786 0.630110 0.007532 0.009604
0 0.579889 0.627273 0.009024 0.012026
0 0.271977 0.546356 0.009712 0.011222
0 0.353099 0.745935 0.008435 0.011481
0 0.040590 0.473052 0.007334 0.009846
0 0.107923 0.357504 0.006059 0.008644
0 0.315985 0.022570 0.007005 0.009314
0 0.264539 0.226980 0.007123 0.008912
0 0.293468 0.935568 0.008350 0.010786
0 0.067920 0.174194 0.007822 0.011109
0 0.215952 0.278349 0.006930 0.008888
0 0.278379 0.250600 0.011250 0.013556
0 0.208365 0.731541 0.006890 0.009928
0 0.584779 0.172076 0.007961 0.011511
0 0.375277 0.905182 0.008128 0.011194
0 0.391805 0.904135 0.008130 0.010832
0 0.417233 0.375302 0.008895 0.011308
0 0.398453 0.071410 0.010345 0.013177
0 0.623305 0.599415 0.008244 0.011829
0 0.140166 0.457276 0.008629 0.011839
0 0.230796 0.248973 0.006562 0.009040
0 0.068918 0.736897 0.008271 0.010278
0 0.003050 0.239394 0.005392 0.010680
0 0.226145 0.257091 0.009611 0.012078
0 0.141976 0.599150 0.007225 0.009102
0 0.173198 0.945502 0.008041 0.011010
0 0.180857 0.642963 0.009241 0.012674
0 0.117696 0.470991 0.008477 0.010957
0 0.209191 0.984583 0.009470 0.012136
0 0.285077 0.117219 0.006211 0.007826
0 0.025173 0.235219 0.008957 0.012241
0 0.130659 0.295288 0.007818 0.009826
0 0.117783 0.206794 0.007680 0.010152
0 0.016866 0.207041 0.008358 0.012690
0 0.175618 0.797597 0.009864 0.011704
0 0.116222 0.312677 0.008851 0.011432
0 0.266245 0.693159 0.008605 0.011769
0 0.265589 0.185879 0.011948 0.014552
0 0.069362 0.966844 0.009717 0.012249
0 0.498415 0.019186 0.007195 0.009899
0 0.655496 0.990942 0.006249 0.008508
0 0.492836 0.776940 0.007916 0.011090
0 0.053842 0.957288 0.008554 0.011041
0 0.234363 0.227197 0.008868 0.011460
0 0.459191 0.840964 0.007894 0.010000
0 0.297604 0.248329 0.007680 0.009998
0 0.067975 0.132529 0.005393 0.007593
0 0.331198 0.424776 0.007362 0.010535
0 0.080387 0.829738 0.007558 0.010172
0 0.134108 0.297343 0.007852 0.009338
0 0.002706 0.865917 0.004870 0.009329
0 0.113041 0.203346 0.008015 0.010896
0 0.113437 0.547336 0.007036 0.008411
0 0.059584 0.276636 0.007526 0.010393
0 0.115136 0.972490 0.007252 0.008847
0 0.243113 0.062038 0.007987 0.010769
0 0.229736 0.260006 0.008335 0.011248
0 0.243876 0.069596 0.008731 0.011130
0 0.659563 0.008375 0.009142 0.013308
0 0.661114 0.273261 0.006831 0.008934
0 0.307665 0.424563 0.007992 0.010606
0 0.033632 0.890338 0.007822 0.009986
0 0.175025 0.991930 0.006772 0.009784
0 0.761676 0.736454 0.007390 0.010087
0 0.118281 0.556155 0.007172 0.009440
0 0.050458 0.299350 0.007628 0.010119
0 0.518013 0.003827 0.007143 0.006889
0 0.149175 0.609361 0.008549 0.011630
0 0.486831 0.009960 0.008708 0.011676
0 0.599348 0.876683 0.008465 0.012238
0 0.596168 0.338805 0.008986 0.012228
0 0.665958 0.003256 0.007835 0.005861
0 0.627664 0.219274 0.008975 0.012620
0 0.527221 0.805177 0.011311 0.014741
0 0.421563 0.834256 0.007328 0.008942
0 0.640844 0.239012 0.010442 0.012881
0 0.347000 0.694299 0.008003 0.011409
0 0.661148 0.011856 0.009342 0.013602
0 0.019558 0.157008 0.011277 0.013908
0 0.331215 0.055305 0.009262 0.012972
0 0.601825 0.245627 0.009264 0.012238
0 0.316325 0.273642 0.007555 0.008709
0 0.432169 0.810753 0.009274 0.012186
0 0.611482 0.480439 0.008958 0.012474
0 0.054916 0.726581 0.008050 0.010745
0 0.649866 0.652825 0.007408 0.009150
0 0.213372 0.730420 0.007921 0.011509
0 0.515561 0.004097 0.007735 0.006746
0 0.060510 0.281961 0.008025 0.010640
0 0.428080 0.507939 0.008634 0.010886
0 0.050699 0.171708 0.008481 0.010643
0 0.399263 0.682499 0.008745 0.010540
0 0.050863 0.215308 0.008311 0.011056
0 0.325364 0.423723 0.007071 0.010145
0 0.143930 0.681616 0.007217 0.009063
0 0.046142 0.467331 0.007861 0.010550
0 0.354739 0.770621 0.008654 0.011228
0 0.088413 0.487552 0.008134 0.011332
0 0.156495 0.593647 0.009560 0.012359
0 0.050012 0.219031 0.007516 0.010868
0 0.012806 0.121137 0.009954 0.011142
0 0.118169 0.413381 0.007009 0.009384
0 0.322432 0.534438 0.005786 0.007215
0 0.328525 0.057126 0.008935 0.012615
0 0.222367 0.908057 0.008180 0.010862
0 0.088037 0.841665 0.008402 0.011223
0 0.059411 0.171407 0.007023 0.011878
0 0.122694 0.856269 0.005572 0.007923
0 0.031726 0.944977 0.010134 0.012343
0 0.703751 0.553479 0.008733 0.013163
0 0.102764 0.075586 0.005874 0.008471
0 0.039244 0.788844 0.007928 0.009060
0 0.181290 0.991795 0.007448 0.010048
0 0.490800 0.773373 0.010790 0.013575
0 0.176092 0.972621 0.007601 0.009930
0 0.539340 0.887007 0.009801 0.012237
0 0.112991 0.556461 0.006807 0.008765
0 0.017526 0.721120 0.008493 0.010989
0 0.470302 0.352495 0.012085 0.016609
0 0.431933 0.815795 0.009226 0.011838
0 0.532127 0.333839 0.008480 0.012284
0 0.225274 0.232991 0.008481 0.009775
0 0.385501 0.071054 0.008304 0.012052
0 0.120781 0.430881 0.008737 0.011901
0 0.229069 0.935215 0.008761 0.011525
0 0.377452 0.065398 0.008264 0.010695
0 0.342139 0.689182 0.007712 0.009019
0 0.329015 0.467060 0.011470 0.015955
0 0.366864 0.866406 0.010100 0.012175
0 0.181923 0.976184 0.007959 0.011159
0 0.002911 0.885079 0.005124 0.010455
0 0.174368 0.983629 0.007311 0.009987
0 0.086517 0.832886 0.007165 0.010655
0 0.081671 0.839673 0.006078 0.007659
0 0.152463 0.221328 0.009828 0.011249
0 0.082854 0.487535 0.007551 0.010520
0 0.006151 0.108934 0.009680 0.013888
0 0.478356 0.906442 0.006991 0.009967
0 0.230534 0.233502 0.008439 0.010201
0 0.147209 0.213664 0.005871 0.006296
0 0.133464 0.844592 0.008394 0.013106
0 0.520851 0.632762 0.006777 0.009276
0 0.017595 0.029025 0.008518 0.012088
0 0.533525 0.137682 0.008827 0.010855
0 0.119990 0.177921 0.006201 0.008702
0 0.246340 0.230279 0.007914 0.011712
0 0.002351 0.444261 0.004232 0.006598
0 0.587516 0.172687 0.007927 0.011498
0 0.610813 0.718802 0.007141 0.010515
0 0.211205 0.981295 0.011080 0.015290
0 0.168096 0.695567 0.008354 0.010560
0 0.036670 0.787304 0.009573 0.014679
0 0.289665 0.616408 0.009175 0.013140
0 0.252760 0.005552 0.005442 0.006608
